timestamp,asset_id,close,arithmetic_return,sigma_t
2007-04-27T00:00:00,AAPL,99.92,,
2007-04-30T00:00:00,AAPL,99.8,-0.0012009607686149374,
2007-05-01T00:00:00,AAPL,99.47,-0.0033066132264528889,
2007-05-02T00:00:00,AAPL,100.39,0.0092490198049663391,
2007-05-03T00:00:00,AAPL,100.4,9.9611515091195492e-05,
2007-05-04T00:00:00,AAPL,100.81,0.0040836653386453845,
2007-05-07T00:00:00,AAPL,103.92,0.030850114075984519,
2007-05-08T00:00:00,AAPL,105.06,0.010969976905311783,
2007-05-09T00:00:00,AAPL,106.88,0.01732343422806009,
2007-05-10T00:00:00,AAPL,107.34,0.004303892215568937,
2007-05-11T00:00:00,AAPL,108.74,0.013042668157257234,
2007-05-14T00:00:00,AAPL,109.36,0.0057016737171234561,
2007-05-15T00:00:00,AAPL,107.52,-0.016825164594001494,
2007-05-16T00:00:00,AAPL,107.34,-0.0016741071428570742,
2007-05-17T00:00:00,AAPL,109.44,0.019564002235885915,
2007-05-18T00:00:00,AAPL,110.02,0.0052997076023391662,
2007-05-21T00:00:00,AAPL,111.98,0.017814942737684129,
2007-05-22T00:00:00,AAPL,113.54,0.01393105911769961,
2007-05-23T00:00:00,AAPL,112.89,-0.0057248546767659468,
2007-05-24T00:00:00,AAPL,110.69,-0.019487997165382256,
2007-05-25T00:00:00,AAPL,113.62,0.026470322522359806,
2007-05-29T00:00:00,AAPL,114.35,0.006424925189227158,
2007-05-30T00:00:00,AAPL,118.77,0.038653257542632283,
2007-05-31T00:00:00,AAPL,121.19,0.020375515702618523,
2007-06-04T00:00:00,AAPL,121.33,0.0011552108259757453,
2007-06-05T00:00:00,AAPL,122.67,0.011044259457677437,
2007-06-06T00:00:00,AAPL,123.64,0.0079073938208200772,
2007-06-07T00:00:00,AAPL,124.07,0.0034778388870914962,
2007-06-08T00:00:00,AAPL,124.49,0.0033851857822197284,
2007-06-11T00:00:00,AAPL,120.19,-0.034540926982086891,
2007-06-12T00:00:00,AAPL,120.38,0.0015808303519427385,
2007-06-13T00:00:00,AAPL,117.5,-0.023924239906961253,
2007-06-14T00:00:00,AAPL,118.75,0.010638297872340425,
2007-06-15T00:00:00,AAPL,120.5,0.014736842105263158,
2007-06-18T00:00:00,AAPL,125.09,0.038091286307053968,
2007-06-19T00:00:00,AAPL,123.66,-0.011431769126229169,
2007-06-20T00:00:00,AAPL,121.55,-0.017062914442827103,
2007-06-21T00:00:00,AAPL,123.9,0.019333607568901758,
2007-06-22T00:00:00,AAPL,123,-0.0072639225181598517,
2007-06-25T00:00:00,AAPL,122.34,-0.005365853658536558,
2007-06-26T00:00:00,AAPL,119.65,-0.021987902566617604,
2007-06-27T00:00:00,AAPL,121.89,0.01872127037191805,
2007-06-28T00:00:00,AAPL,120.56,-0.010911477561735978,
2007-06-29T00:00:00,AAPL,122.04,0.012276045122760483,
2007-07-02T00:00:00,AAPL,121.26,-0.0063913470993117102,
2007-07-03T00:00:00,AAPL,127.17,0.048738248391885175,
2007-07-05T00:00:00,AAPL,132.75,0.043878273177636221,
2007-07-06T00:00:00,AAPL,132.3,-0.0033898305084744907,
2007-07-09T00:00:00,AAPL,130.33,-0.01489040060468631,
2007-07-10T00:00:00,AAPL,132.35,0.015499117624491535,
2007-07-11T00:00:00,AAPL,132.39,0.00030222893842079369,
2007-07-12T00:00:00,AAPL,134.07,0.012689780194878821,
2007-07-13T00:00:00,AAPL,137.73,0.027299172074289526,
2007-07-16T00:00:00,AAPL,138.1,0.0026864154505191647,
2007-07-17T00:00:00,AAPL,138.91,0.0058653149891383224,
2007-07-18T00:00:00,AAPL,138.12,-0.0056871355553955224,
2007-07-19T00:00:00,AAPL,140,0.013611352447147375,
2007-07-20T00:00:00,AAPL,143.75,0.026785714285714284,
2007-07-23T00:00:00,AAPL,143.7,-0.0003478260869566008,
2007-07-24T00:00:00,AAPL,134.89,-0.061308281141266546,
2007-07-25T00:00:00,AAPL,137.26,0.017569871747349728,0.020082982837764808
2007-07-26T00:00:00,AAPL,146,0.063674777793967727,0.022508638316928807
2007-07-27T00:00:00,AAPL,143.85,-0.014726027397260312,0.022437841120926789
2007-07-30T00:00:00,AAPL,141.43,-0.016823079596802137,0.022414154920872464
2007-07-31T00:00:00,AAPL,131.76,-0.068373046736901755,0.025680272095164321
2007-08-01T00:00:00,AAPL,135,0.024590163934426302,0.025567519628198539
2007-08-02T00:00:00,AAPL,136.49,0.011037037037037104,0.025176511091939958
2007-08-03T00:00:00,AAPL,131.85,-0.033995164480914455,0.025643865305289754
2007-08-06T00:00:00,AAPL,135.25,0.025786879029199891,0.025575312140442973
2007-08-07T00:00:00,AAPL,135.03,-0.0016266173752310451,0.025155367398396512
2007-08-08T00:00:00,AAPL,134,-0.0076279345330667343,0.024799362244437198
2007-08-09T00:00:00,AAPL,126.39,-0.056791044776119397,0.026606440294015703
2007-08-10T00:00:00,AAPL,125,-0.010997705514676798,0.026237961771245908
2007-08-13T00:00:00,AAPL,127.79,0.022320000000000052,0.026110775412764731
2007-08-14T00:00:00,AAPL,124.03,-0.029423272556538108,0.02623920562359857
2007-08-15T00:00:00,AAPL,119.9,-0.033298395549463802,0.026474925625962598
2007-08-16T00:00:00,AAPL,117.05,-0.023769808173477968,0.02634145128907335
2007-08-17T00:00:00,AAPL,122.06,0.042802221272960315,0.027135917659419053
2007-08-20T00:00:00,AAPL,122.22,0.0013108307389808011,0.026684263860883579
2007-08-21T00:00:00,AAPL,127.57,0.043773523154966409,0.027427676184556243
2007-08-22T00:00:00,AAPL,132.51,0.038723837892921519,0.0278177568915489
2007-08-23T00:00:00,AAPL,131.07,-0.010867104369481533,0.027452794995312432
2007-08-24T00:00:00,AAPL,135.3,0.032272831311513074,0.027550781050738202
2007-08-27T00:00:00,AAPL,132.25,-0.022542498152254332,0.027469003811573831
2007-08-28T00:00:00,AAPL,126.82,-0.041058601134215555,0.028093152811234468
2007-08-29T00:00:00,AAPL,134.08,0.057246491089733634,0.02945484714820271
2007-08-30T00:00:00,AAPL,136.25,0.016184367541766016,0.029071864412164951
2007-08-31T00:00:00,AAPL,138.48,0.016366972477064146,0.028692643102283043
2007-09-04T00:00:00,AAPL,144.16,0.04101675332177937,0.029023222074021051
2007-09-05T00:00:00,AAPL,136.76,-0.051331853496115465,0.030252217164090739
2007-09-06T00:00:00,AAPL,135.01,-0.012796139221994737,0.029878291450276699
2007-09-07T00:00:00,AAPL,131.77,-0.023998222353899569,0.029754648488283211
2007-09-10T00:00:00,AAPL,136.71,0.037489565151400145,0.029976784378316735
2007-09-11T00:00:00,AAPL,135.49,-0.0089239997074098375,0.029549837574898027
2007-09-12T00:00:00,AAPL,136.85,0.010037641154328623,0.029094589927174005
2007-09-13T00:00:00,AAPL,137.2,0.0025575447570332067,0.028611807407765939
2007-09-14T00:00:00,AAPL,138.81,0.011734693877551121,0.028187735254118496
2007-09-17T00:00:00,AAPL,138.41,-0.0028816367696852222,0.027738020467697508
2007-09-18T00:00:00,AAPL,140.92,0.018134527852033747,0.027422969529314872
2007-09-19T00:00:00,AAPL,140.77,-0.0010644337212601283,0.026978114427621741
2007-09-20T00:00:00,AAPL,140.31,-0.0032677417063295298,0.026553680873266636
2007-09-21T00:00:00,AAPL,144.15,0.027367970921530919,0.026488698655052056
2007-09-24T00:00:00,AAPL,148.21,0.028165105792577191,0.026425339949836372
2007-09-25T00:00:00,AAPL,153.6,0.03636731664530049,0.026619825814690991
2007-09-26T00:00:00,AAPL,152.59,-0.0065755208333332744,0.026265983442567628
2007-09-27T00:00:00,AAPL,154.2,0.010551150140900354,0.025850662765485633
2007-09-28T00:00:00,AAPL,153.49,-0.0046044098573280127,0.025482459936128757
2007-09-29T00:00:00,AAPL,153.35,-0.00091211153821105456,0.025081477034517973
2007-10-01T00:00:00,AAPL,156.36,0.019628301271601041,0.024813328019778338
2007-10-02T00:00:00,AAPL,158.34,0.012663085188027562,0.024440307643093913
2007-10-03T00:00:00,AAPL,157.98,-0.0022735884804851183,0.024074715754111988
2007-10-04T00:00:00,AAPL,155.61,-0.01500189897455359,0.023950029665083222
2007-10-05T00:00:00,AAPL,163,0.047490521174731612,0.024790658632910564
2007-10-06T00:00:00,AAPL,163.4,0.0024539877300613845,0.024388029038424054
2007-10-08T00:00:00,AAPL,167.64,0.025948592411260591,0.024257570970086014
2007-10-09T00:00:00,AAPL,167.86,0.0013123359580054122,0.023873703178488206
2007-10-10T00:00:00,AAPL,166.35,-0.0089955915643990178,0.02363757624699836
2007-10-11T00:00:00,AAPL,162.2,-0.024947400060114252,0.023890944644958698
2007-10-12T00:00:00,AAPL,167.5,0.032675709001233115,0.024025846516918276
2007-10-13T00:00:00,AAPL,167.9,0.0023880597014925712,0.023635637136726503
2007-10-15T00:00:00,AAPL,166.98,-0.0054794520547946151,0.023328772395232494
2007-10-16T00:00:00,AAPL,171.42,0.026590010779734087,0.02326294290371311
2007-10-17T00:00:00,AAPL,172.07,0.003791856259479674,0.022881235234386121
2007-10-18T00:00:00,AAPL,173.23,0.0067414424362177991,0.022503397483970556
2007-10-19T00:00:00,AAPL,170.91,-0.013392599434278089,0.022399248358743875
2007-10-20T00:00:00,AAPL,171.3,0.0022819027558364916,0.022035079698595403
2007-10-22T00:00:00,AAPL,184.3,0.075890251021599534,0.025123521281576331
2007-10-23T00:00:00,AAPL,184.65,0.0018990775908843966,0.024728046638109732
2007-10-24T00:00:00,AAPL,186.39,0.0094232331437854346,0.024322230847884877
2007-10-25T00:00:00,AAPL,184.64,-0.0093889157143623586,0.024107668871464913
2007-10-26T00:00:00,AAPL,184.42,-0.0011915077989601325,0.023752185453948985
2007-10-27T00:00:00,AAPL,184.53,0.00059646459169294898,0.023383610192608567
2007-10-29T00:00:00,AAPL,185,0.0025470113260716355,0.023006946345363124
2007-10-30T00:00:00,AAPL,186.9,0.010270270270270301,0.022638332758583467
2007-10-31T00:00:00,AAPL,189.84,0.015730337078651672,0.022327892584996869
2007-11-01T00:00:00,AAPL,187.5,-0.012326169405815442,0.022221341985546431
2007-11-02T00:00:00,AAPL,187.87,0.0019733333333333577,0.021866002772124023
2007-11-03T00:00:00,AAPL,187.8,-0.00037259807313564259,0.021533827191088144
2007-11-05T00:00:00,AAPL,186.1,-0.0090521831735890148,0.021342444911205651
2007-11-06T00:00:00,AAPL,192.14,0.032455668995163847,0.021552856345277708
2007-11-07T00:00:00,AAPL,184.7,-0.038721765379410834,0.02267295934734441
2007-11-08T00:00:00,AAPL,175.5,-0.049810503519220298,0.024346804986216282
2007-11-09T00:00:00,AAPL,165.33,-0.057948717948717879,0.026315387075004127
2007-11-10T00:00:00,AAPL,164.62,-0.0042944414201899709,0.025896774201266345
2007-11-12T00:00:00,AAPL,153.44,-0.067913983720082657,0.028291045470737092
2007-11-13T00:00:00,AAPL,169.88,0.10714285714285712,0.033990014313769856
2007-11-14T00:00:00,AAPL,166.99,-0.017012008476571618,0.033601848506931105
2007-11-15T00:00:00,AAPL,164.15,-0.017007006407569334,0.033210703065647156
2007-11-16T00:00:00,AAPL,166.75,0.015839171489491283,0.032773642976888472
2007-11-17T00:00:00,AAPL,166.75,0,0.032232629751775127
2007-11-19T00:00:00,AAPL,164.8,-0.011694152923538162,0.031784481768048045
2007-11-20T00:00:00,AAPL,168.9,0.024878640776698994,0.031556810248703618
2007-11-21T00:00:00,AAPL,168.67,-0.0013617525162819312,0.031039641105331327
2007-11-22T00:00:00,AAPL,169.68,0.0059880239520959232,0.030537203934209632
2007-11-23T00:00:00,AAPL,171.6,0.011315417256011241,0.030082644981942335
2007-11-26T00:00:00,AAPL,172.54,0.0054778554778554646,0.029592110529905475
2007-11-27T00:00:00,AAPL,174.23,0.0097948301843050756,0.02913597069683637
2007-11-28T00:00:00,AAPL,180.28,0.034724215117947606,0.029239169893458872
2007-11-29T00:00:00,AAPL,183.84,0.01974706012868872,0.028905556256265917
2007-11-30T00:00:00,AAPL,182.57,-0.0069081810269800382,0.028494164676131323
2007-12-01T00:00:00,AAPL,182.4,-0.00093114969600694255,0.028034766232260901
2007-12-03T00:00:00,AAPL,179.04,-0.018421052631579022,0.027848889281056326
2007-12-04T00:00:00,AAPL,179.8,0.0042448614834674899,0.027389925036168127
2007-12-05T00:00:00,AAPL,185.73,0.032981090100111111,0.027478676096805078
2007-12-06T00:00:00,AAPL,189.7,0.021375114413395783,0.027209278050772629
2007-12-07T00:00:00,AAPL,194.22,0.023827095413811335,0.026987762809438966
2007-12-08T00:00:00,AAPL,194.12,-0.00051488003295229281,0.026559854636913745
2007-12-10T00:00:00,AAPL,194.45,0.0016999793941890793,0.026126668786661002
2007-12-11T00:00:00,AAPL,188.1,-0.032656209822576471,0.026555240161848133
2007-12-12T00:00:00,AAPL,191.25,0.01674641148325362,0.026225083475828172
2007-12-13T00:00:00,AAPL,191.8,0.0028758169934641115,0.025792216373803339
2007-12-14T00:00:00,AAPL,190.39,-0.0073514077163713502,0.02544562916360394
2007-12-15T00:00:00,AAPL,190.39,0,0.025032857024987976
2007-12-17T00:00:00,AAPL,184.05,-0.033300068280896974,0.025484922015942116
2007-12-18T00:00:00,AAPL,182.98,-0.0058136375984787917,0.025104668811177403
2007-12-19T00:00:00,AAPL,183.39,0.0022406820417531785,0.024689749395089756
2007-12-20T00:00:00,AAPL,189.21,0.031735645345984088,0.024864815686380045
2007-12-21T00:00:00,AAPL,193.5,0.02267322023148878,0.024710230832391968
2007-12-22T00:00:00,AAPL,193.5,0,0.0243101205221226
2007-12-24T00:00:00,AAPL,198.75,0.027131782945736434,0.024284102982876695
2007-12-26T00:00:00,AAPL,198.8,0.00025157232704408234,0.023893256797791796
2007-12-27T00:00:00,AAPL,198.64,-0.0008048289738431841,0.023514664621073125
2007-12-28T00:00:00,AAPL,199.81,0.0058900523560210232,0.023128666951004455
2007-12-29T00:00:00,AAPL,200,0.00095090335819026934,0.02275286784941459
2007-12-31T00:00:00,AAPL,198.45,-0.0077500000000000572,0.022474099380689012
2008-01-01T00:00:00,AAPL,198.5,0.00025195263290507118,0.022110310220248855
2008-01-02T00:00:00,AAPL,195.2,-0.0166246851385391,0.022040081660053751
2008-01-03T00:00:00,AAPL,195.15,-0.00025614754098351918,0.021682434401472758
2008-01-04T00:00:00,AAPL,179.86,-0.078349987189341483,0.025812071202723896
2008-01-05T00:00:00,AAPL,180.04,0.0010007783831868029,0.025386045815204674
2008-01-07T00:00:00,AAPL,178,-0.01133081537436121,0.025049486653555525
2008-01-08T00:00:00,AAPL,171.39,-0.037134831460674235,0.025505614832484494
2008-01-09T00:00:00,AAPL,180.4,0.05257016161969788,0.02690155576053492
2008-01-10T00:00:00,AAPL,177.19,-0.017793791574279422,0.026653834447372717
2008-01-11T00:00:00,AAPL,172.75,-0.025057847508324384,0.026585403990638266
2008-01-12T00:00:00,AAPL,173.5,0.0043415340086830683,0.026164760215656266
2008-01-14T00:00:00,AAPL,178.8,0.030547550432276721,0.026348608202514806
2008-01-15T00:00:00,AAPL,163.8,-0.083892617449664419,0.02997720707715389
2008-01-16T00:00:00,AAPL,159.5,-0.026251526251526318,0.029783018439797353
2008-01-17T00:00:00,AAPL,162.19,0.01686520376175547,0.02951793147073694
2008-01-18T00:00:00,AAPL,161.24,-0.0058573278253899047,0.029035108824942327
2008-01-19T00:00:00,AAPL,161.27,0.00018605805011164187,0.028560612384644711
2008-01-22T00:00:00,AAPL,139.12,-0.13734730576052584,0.037048527223900708
2008-01-23T00:00:00,AAPL,138.6,-0.0037377803335250878,0.036441512665822559
2008-01-24T00:00:00,AAPL,137.9,-0.0050505050505049685,0.0358410519037895
2008-01-25T00:00:00,AAPL,129.95,-0.057650471356055236,0.036401063534964695
2008-01-26T00:00:00,AAPL,129.7,-0.0019238168526356293,0.035820077050970706
2008-01-28T00:00:00,AAPL,129.4,-0.0023130300693907707,0.035245404678793953
2008-01-29T00:00:00,AAPL,130.91,0.011669242658423421,0.034847500060420186
2008-01-30T00:00:00,AAPL,131.4,0.003743029562294776,0.034332263743783398
2008-01-31T00:00:00,AAPL,133.8,0.018264840182648446,0.034074381706298125
2008-02-01T00:00:00,AAPL,133.68,-0.00089686098654711915,0.03352580257562391
2008-02-02T00:00:00,AAPL,133.73,0.00037402752842596458,0.032992995876346534
2008-02-04T00:00:00,AAPL,131.64,-0.015628505197038838,0.032493448606262638
2008-02-05T00:00:00,AAPL,129.59,-0.015572774232755873,0.031999342886010029
2008-02-06T00:00:00,AAPL,120,-0.074002623659232991,0.033715368509884013
2008-02-07T00:00:00,AAPL,121.4,0.011666666666666714,0.03336208717364799
2008-02-08T00:00:00,AAPL,125.3,0.032125205930807178,0.033599318107157251
2008-02-09T00:00:00,AAPL,125.75,0.0035913806863527762,0.03309712003342586
2008-02-11T00:00:00,AAPL,129.38,0.028866799204771337,0.033164269389310275
2008-02-12T00:00:00,AAPL,125.18,-0.032462513526047218,0.032977422439777949
2008-02-13T00:00:00,AAPL,130.34,0.041220642275123794,0.033533545875248864
2008-02-14T00:00:00,AAPL,127.5,-0.021789166794537389,0.033121970510203678
2008-02-15T00:00:00,AAPL,124.48,-0.02368627450980389,0.032742364918866375
2008-02-16T00:00:00,AAPL,124.4,-0.00064267352185088604,0.032214706923824478
2008-02-19T00:00:00,AAPL,122.18,-0.017845659163987129,0.031757441149183628
2008-02-20T00:00:00,AAPL,123.66,0.012113275495170975,0.03140287588971117
2008-02-21T00:00:00,AAPL,121.5,-0.017467248908296915,0.030958695166861439
2008-02-22T00:00:00,AAPL,119.6,-0.015637860082304573,0.030497384717284044
2008-02-23T00:00:00,AAPL,119.34,-0.002173913043478185,0.030001951439439258
2008-02-25T00:00:00,AAPL,119.5,0.0013407072230601357,0.029535957500100515
2008-02-26T00:00:00,AAPL,119.14,-0.0030125523012552256,0.029052101712845772
2008-02-27T00:00:00,AAPL,126.05,0.057998992781601449,0.030778587832554462
2008-02-28T00:00:00,AAPL,129.55,0.027766759222530857,0.030790738459259861
2008-02-29T00:00:00,AAPL,125.28,-0.03296024700887696,0.030768380354257822
2008-03-01T00:00:00,AAPL,125,-0.0022349936143039682,0.030260775872458821
2008-03-03T00:00:00,AAPL,121.82,-0.025440000000000053,0.030018843741005757
2008-03-04T00:00:00,AAPL,124.52,0.022163848300771654,0.029902029371011059
2008-03-05T00:00:00,AAPL,124.24,-0.0022486347574686891,0.029408486071176767
2008-03-06T00:00:00,AAPL,122,-0.018029620090148059,0.029041899116602789
2008-03-07T00:00:00,AAPL,121.9,-0.00081967213114749436,0.028567026275202308
2008-03-08T00:00:00,AAPL,121.9,0,0.028102893712816681
2008-03-10T00:00:00,AAPL,119.1,-0.022969647251845866,0.027855710622119154
2008-03-11T00:00:00,AAPL,127.7,0.072208228379513087,0.030644643682037995
2008-03-12T00:00:00,AAPL,126,-0.013312451057165253,0.030209446773073505
2008-03-13T00:00:00,AAPL,128.1,0.016666666666666621,0.029901336200172605
2008-03-14T00:00:00,AAPL,126.83,-0.0099141295862607039,0.029445684230302211
2008-03-15T00:00:00,AAPL,126.72,-0.0008673026886383303,0.028959423603868925
2008-03-17T00:00:00,AAPL,127.34,0.0048926767676768035,0.028505798192386841
2008-03-18T00:00:00,AAPL,132.65,0.041699387466624799,0.029090364114836717
2008-03-19T00:00:00,AAPL,129.87,-0.020957406709385607,0.028852998522447111
2008-03-20T00:00:00,AAPL,133.27,0.026180026180026222,0.028787051294657306
2008-03-21T00:00:00,AAPL,133.08,-0.0014256771966684003,0.028312480692513679
2008-03-24T00:00:00,AAPL,139.45,0.047865945296062334,0.029139760330807094
2008-03-25T00:00:00,AAPL,140.8,0.0096808892076014549,0.028694854993040128
2008-03-26T00:00:00,AAPL,143.7,0.020596590909090745,0.028420435382276722
2008-03-27T00:00:00,AAPL,140.32,-0.023521224773834348,0.028337776000913431
2008-03-28T00:00:00,AAPL,143.26,0.020952109464082082,0.028084733716596207
2008-03-29T00:00:00,AAPL,143.35,0.00062822839592351954,0.027622035438668997
2008-03-31T00:00:00,AAPL,143.7,0.002441576560864976,0.027165475656019025
2008-04-01T00:00:00,AAPL,149.7,0.041753653444676415,0.027644131929708413
2008-04-02T00:00:00,AAPL,148.85,-0.0056780227120908112,0.027237149437700729
2008-04-03T00:00:00,AAPL,151.76,0.019549882431978478,0.026947262353767428
2008-04-04T00:00:00,AAPL,152.88,0.0073800738007380375,0.026509880662642499
2008-04-05T00:00:00,AAPL,153.29,0.0026818419675562312,0.026072528872876317
2008-04-07T00:00:00,AAPL,155.75,0.016048013569052177,0.025735386002732417
2008-04-08T00:00:00,AAPL,153.01,-0.017592295345104394,0.025611354437353854
2008-04-09T00:00:00,AAPL,151.79,-0.0079733350761388069,0.025272228284337749
2008-04-10T00:00:00,AAPL,154.68,0.019039462415178964,0.025018137232362011
2008-04-11T00:00:00,AAPL,147.24,-0.048099301784328918,0.026301258378931353
2008-04-12T00:00:00,AAPL,146.83,-0.0027845694104862576,0.025880498350761005
2008-04-14T00:00:00,AAPL,147.8,0.0066062793707008021,0.025467322763537373
2008-04-15T00:00:00,AAPL,150.9,0.020974289580514168,0.025278094721746778
2008-04-16T00:00:00,AAPL,155.68,0.031676607024519556,0.025403399311355743
2008-04-17T00:00:00,AAPL,157.36,0.010791366906474864,0.025017440984006087
2008-04-18T00:00:00,AAPL,161.25,0.024720386375190556,0.024889815717805852
2008-04-19T00:00:00,AAPL,161.58,0.0020465116279070545,0.024482221200297603
2008-04-21T00:00:00,AAPL,167.4,0.036019309320460408,0.024738823042651709
2008-04-22T00:00:00,AAPL,160.85,-0.039127837514934358,0.025611260724789087
2008-04-23T00:00:00,AAPL,158,-0.017718371153248334,0.025486909387381289
2008-04-24T00:00:00,AAPL,168.32,0.065316455696202494,0.027432290297141445
2008-04-25T00:00:00,AAPL,169.91,0.0094462927756654193,0.026989196478278216
2008-04-26T00:00:00,AAPL,169.9,-5.8854687775827822e-05,0.026561281448687787
2008-04-28T00:00:00,AAPL,172.2,0.013537374926427209,0.026164697641820504
2008-04-29T00:00:00,AAPL,175,0.016260162601626084,0.025804498580332978
2008-04-30T00:00:00,AAPL,174.15,-0.0048571428571428247,0.025450866377733278
2008-05-01T00:00:00,AAPL,180.3,0.035314384151593485,0.025595952495060484
2008-05-02T00:00:00,AAPL,180.76,0.002551303383250025,0.025182779474789557
2008-05-03T00:00:00,AAPL,181.08,0.001770303164417026,0.024780216507745152
2008-05-05T00:00:00,AAPL,184.48,0.018776231499889426,0.024474866627151221
2008-05-06T00:00:00,AAPL,186.56,0.011274934952298421,0.024084798356423711
2008-05-07T00:00:00,AAPL,182.45,-0.022030445969125286,0.024244909801846744
2008-05-08T00:00:00,AAPL,184.67,0.0121677171827898,0.023871291343622536
2008-05-09T00:00:00,AAPL,183.48,-0.0064439270049276966,0.023583451676517722
2008-05-10T00:00:00,AAPL,183.53,0.00027250926531508266,0.02321354783967081
2008-05-12T00:00:00,AAPL,188.01,0.024410178172505802,0.023082269647848468
2008-05-13T00:00:00,AAPL,189.65,0.0087229402691346991,0.022705701593822115
2008-05-14T00:00:00,AAPL,186.36,-0.017347745847613984,0.022725943915487452
2008-05-15T00:00:00,AAPL,189.52,0.016956428418115455,0.022446590242824735
2008-05-16T00:00:00,AAPL,187.75,-0.0093393837062052034,0.022241660924648712
2008-05-17T00:00:00,AAPL,187.83,0.00042609853528635157,0.021891322950887502
2008-05-19T00:00:00,AAPL,183.54,-0.022839801948570625,0.022107004224690002
2008-05-20T00:00:00,AAPL,185.89,0.012803748501688975,0.02179642434608603
2008-05-21T00:00:00,AAPL,178.55,-0.039485717359728743,0.022843970649946747
2008-05-22T00:00:00,AAPL,177.35,-0.0067208064967797087,0.022534622592217824
2008-05-23T00:00:00,AAPL,181.13,0.021313786298280245,0.022412280679710305
2008-05-24T00:00:00,AAPL,181.45,0.0017666869099541389,0.022043589273945719
2008-05-27T00:00:00,AAPL,186.43,0.027445577294020494,0.022109379406771421
2008-05-28T00:00:00,AAPL,186.85,0.0022528562999516574,0.021746358401563748
2008-05-29T00:00:00,AAPL,187.1,0.0013379716350013381,0.021392273614242705
2008-05-30T00:00:00,AAPL,188.75,0.0088188134687333282,0.021057022273069961
2008-05-31T00:00:00,AAPL,188.87,0.0006357615894039976,0.020718200725637403
2008-06-02T00:00:00,AAPL,186.12,-0.014560279557367502,0.020645679949707396
2008-06-03T00:00:00,AAPL,185.38,-0.0039759295078444501,0.020347129825828505
2008-06-04T00:00:00,AAPL,185.27,-0.00059337576869125696,0.020021911202269121
2008-06-05T00:00:00,AAPL,189.44,0.022507691477303325,0.020000139673261585
2008-06-06T00:00:00,AAPL,185.98,-0.018264358108108149,0.020059006499877075
2008-06-07T00:00:00,AAPL,186.35,0.0019894612323906042,0.019728140161635956
2008-06-09T00:00:00,AAPL,182.92,-0.018406224845720454,0.019775400412320024
2008-06-10T00:00:00,AAPL,185.7,0.015197900721626948,0.019588236089538268
2008-06-11T00:00:00,AAPL,180.6,-0.027463651050080747,0.020007593017735935
2008-06-12T00:00:00,AAPL,172.8,-0.043189368770764028,0.021259569972720476
2008-06-13T00:00:00,AAPL,172.37,-0.0024884259259259651,0.020913570291417351
2008-06-14T00:00:00,AAPL,172.35,-0.00011602947148581673,0.020567896661309058
2008-06-16T00:00:00,AAPL,176.79,0.025761531766753686,0.020747397141206915
2008-06-17T00:00:00,AAPL,181.59,0.027150856948922514,0.020941429933631944
2008-06-18T00:00:00,AAPL,178.3,-0.018117737760889874,0.020902723065906823
2008-06-19T00:00:00,AAPL,180.96,0.014918676388109908,0.020705998142715523
2008-06-20T00:00:00,AAPL,175.03,-0.03276967285587979,0.021277143200888856
2008-06-21T00:00:00,AAPL,175.01,-0.00011426612580706298,0.020925673378030477
2008-06-23T00:00:00,AAPL,173.16,-0.010570824524312865,0.020674348979755709
2008-06-24T00:00:00,AAPL,173.5,0.0019635019635019834,0.020335450029291265
2008-06-25T00:00:00,AAPL,175,0.0086455331412103754,0.020057683006566244
2008-06-26T00:00:00,AAPL,168.1,-0.039428571428571459,0.020983366533604133
2008-06-27T00:00:00,AAPL,170.01,0.011362284354550842,0.020753607419622299
2008-06-28T00:00:00,AAPL,170.3,0.0017057820128228956,0.020414374803933138
2008-06-30T00:00:00,AAPL,167.77,-0.014856136230182037,0.020243545062344066
2008-07-01T00:00:00,AAPL,174.5,0.040114442391369076,0.021227432668571571
2008-07-02T00:00:00,AAPL,168.19,-0.036160458452722075,0.02188724216440863
2008-07-03T00:00:00,AAPL,170,0.010761638622985922,0.021624515070663021
2008-07-07T00:00:00,AAPL,175.1,0.029999999999999968,0.021955430503270857
2008-07-08T00:00:00,AAPL,179.69,0.02621359223300973,0.022076185231425616
2008-07-09T00:00:00,AAPL,174.62,-0.028215259613779249,0.022355757977091405
2008-07-10T00:00:00,AAPL,176.85,0.012770587561562191,0.0220965854581033
2008-07-11T00:00:00,AAPL,172.49,-0.024653661294882587,0.022210209621761332
2008-07-12T00:00:00,AAPL,172.83,0.0019711287610876191,0.021845789403566247
2008-07-14T00:00:00,AAPL,173.39,0.0032401782098013874,0.021492002012612737
2008-07-15T00:00:00,AAPL,171.25,-0.012342118922659823,0.021256751233644049
2008-07-16T00:00:00,AAPL,172.3,0.0061313868613139351,0.020936209294212613
2008-07-17T00:00:00,AAPL,167.7,-0.026697620429483589,0.021141512991055107
2008-07-18T00:00:00,AAPL,165.05,-0.015802027429934272,0.020964429206880169
2008-07-19T00:00:00,AAPL,165.52,0.002847621932747645,0.020631673085520486
2008-07-21T00:00:00,AAPL,156.35,-0.055401159980667081,0.022503368052634712
2008-07-22T00:00:00,AAPL,162.05,0.036456667732651216,0.023237500127218466
2008-07-23T00:00:00,AAPL,166.26,0.025979635914840971,0.023387617784585542
2008-07-24T00:00:00,AAPL,159.08,-0.043185372308432446,0.024228312118900714
2008-07-25T00:00:00,AAPL,162.12,0.019109881820467637,0.024132593823251551
2008-07-26T00:00:00,AAPL,161.04,-0.0066617320503331639,0.023751902233325121
2008-07-28T00:00:00,AAPL,154.59,-0.04005216095380023,0.02435591833723157
2008-07-29T00:00:00,AAPL,157.15,0.016559932725273317,0.024207173241400232
2008-07-30T00:00:00,AAPL,159.67,0.016035634743875163,0.0240329775254229
2008-07-31T00:00:00,AAPL,159.15,-0.0032567169787685968,0.023637423810485184
2008-08-01T00:00:00,AAPL,156.83,-0.014577442664153272,0.023361009203898827
2008-08-02T00:00:00,AAPL,156.75,-0.00051010648472876686,0.022976727225902712
2008-08-04T00:00:00,AAPL,153.29,-0.022073365231260019,0.022880050279817338
2008-08-05T00:00:00,AAPL,161,0.050296823015200005,0.024435043015061299
2008-08-06T00:00:00,AAPL,164.36,0.020869565217391389,0.024350164071280697
2008-08-07T00:00:00,AAPL,163.57,-0.0048065222681918981,0.023961382128318692
2008-08-08T00:00:00,AAPL,169.13,0.033991563245093857,0.024362943146807332
2008-08-09T00:00:00,AAPL,169.51,0.0022467924082066782,0.023961852647377317
2008-08-11T00:00:00,AAPL,173.34,0.022594537195445772,0.023890297943448633
2008-08-12T00:00:00,AAPL,176.8,0.019960770739586985,0.023729186532824419
2008-08-13T00:00:00,AAPL,179.24,0.013800904977375551,0.023431923569770492
2008-08-14T00:00:00,AAPL,179.21,-0.00016737335416202375,0.023049382513865235
2008-08-15T00:00:00,AAPL,175.65,-0.019864962892695733,0.023017160573697824
2008-08-16T00:00:00,AAPL,175.61,-0.00022772559066320546,0.022639155897667795
2008-08-18T00:00:00,AAPL,175.68,0.00039861055748529798,0.022265928975662725
2008-08-19T00:00:00,AAPL,173.94,-0.0099043715846995044,0.021994020756609538
2008-08-20T00:00:00,AAPL,175.84,0.010923306887432481,0.021701401244192148
2008-08-21T00:00:00,AAPL,174.5,-0.0076205641492265892,0.021405157354228748
2008-08-22T00:00:00,AAPL,177,0.014326647564469915,0.021183266913169439
2008-08-23T00:00:00,AAPL,177.18,0.0010169491525424115,0.020833380845351558
2008-08-25T00:00:00,AAPL,172.6,-0.025849418670278883,0.021073351158265707
2008-08-26T00:00:00,AAPL,173.63,0.0059675550405562062,0.020746638290756923
2008-08-27T00:00:00,AAPL,173.99,0.002073374416863524,0.020404846418808915
2008-08-28T00:00:00,AAPL,173.26,-0.0041956434277833103,0.020088454328268765
2008-08-29T00:00:00,AAPL,169.4,-0.022278656354611483,0.02018416634960862
2008-08-30T00:00:00,AAPL,169.45,0.00029515938606837629,0.019850599448387886
2008-09-02T00:00:00,AAPL,166.33,-0.018412511065210836,0.019800329187042193
2008-09-03T00:00:00,AAPL,166.96,0.0037876510551313378,0.019489030981802796
2008-09-04T00:00:00,AAPL,161.29,-0.033960229995208528,0.020088563027947644
2008-09-05T00:00:00,AAPL,161.44,0.00093000186000375535,0.019761571167909678
2008-09-06T00:00:00,AAPL,161.69,0.0015485629335976214,0.019442527696264696
2008-09-08T00:00:00,AAPL,157.37,-0.026717793308182282,0.019654988886839583
2008-09-09T00:00:00,AAPL,151.95,-0.034441126008769245,0.020177919676410389
2008-09-10T00:00:00,AAPL,151.85,-0.00065811122079627716,0.019849918123199264
2008-09-11T00:00:00,AAPL,153.22,0.009022061244649356,0.019644473425998
2008-09-12T00:00:00,AAPL,149.15,-0.026563111865291693,0.019786064329114117
2008-09-13T00:00:00,AAPL,149.9,0.0050284948038887027,0.019520075429100951
2008-09-15T00:00:00,AAPL,140.7,-0.061374249499666557,0.02184888599883943
2008-09-16T00:00:00,AAPL,138.9,-0.01279317697228133,0.021531100030679744
2008-09-17T00:00:00,AAPL,127.83,-0.079697624190064847,0.025024752056839576
2008-09-18T00:00:00,AAPL,134.42,0.051552843620433303,0.026825047639633341
2008-09-19T00:00:00,AAPL,141.01,0.049025442642463946,0.028166636879748273
2008-09-20T00:00:00,AAPL,140.65,-0.0025530104247924634,0.027702471190506384
2008-09-22T00:00:00,AAPL,131.47,-0.065268396729470365,0.029377709806569875
2008-09-23T00:00:00,AAPL,127.25,-0.032098577622271231,0.029267589845586667
2008-09-24T00:00:00,AAPL,127.52,0.0021218074656188294,0.028829648885447284
2008-09-25T00:00:00,AAPL,127.45,-0.00054893350062729909,0.028374131720139958
2008-09-26T00:00:00,AAPL,128.55,0.0086308356218125423,0.028035919546162934
2008-09-27T00:00:00,AAPL,128.82,0.0021003500583429155,0.027610254873671507
2008-09-29T00:00:00,AAPL,105,-0.18490917559385184,0.042110992299124191
2008-09-30T00:00:00,AAPL,110.68,0.054095238095238161,0.043060118597129528
2008-10-01T00:00:00,AAPL,109.55,-0.010209613299602543,0.042348581939204703
2008-10-02T00:00:00,AAPL,100.7,-0.080785029666818761,0.043575444505432083
2008-10-03T00:00:00,AAPL,97.25,-0.034260178748758717,0.043045106389936909
2008-10-04T00:00:00,AAPL,97.95,0.0071979434447301061,0.042481150837602406
2008-10-06T00:00:00,AAPL,97.24,-0.0072485962225626128,0.041787131643834276
2008-10-07T00:00:00,AAPL,89.32,-0.081447963800904993,0.042962440572242688
2008-10-08T00:00:00,AAPL,89.4,0.00089565606807000123,0.042336778717837732
2008-10-09T00:00:00,AAPL,88.25,-0.012863534675615275,0.041637108243602595
2008-10-10T00:00:00,AAPL,97.4,0.10368271954674227,0.046038312884639387
2008-10-11T00:00:00,AAPL,97.15,-0.0025667351129363448,0.045295121555152022
2008-10-13T00:00:00,AAPL,110.6,0.13844570252187327,0.051859390461729639
2008-10-14T00:00:00,AAPL,106.2,-0.039783001808318189,0.051392844551221166
2008-10-15T00:00:00,AAPL,98,-0.077212806026365377,0.052148573015267694
2008-10-16T00:00:00,AAPL,103,0.051020408163265307,0.052372530505415592
2008-10-17T00:00:00,AAPL,97.2,-0.056310679611650455,0.052289361809362715
2008-10-18T00:00:00,AAPL,97.2,0,0.05144394057919377
2008-10-20T00:00:00,AAPL,98.07,0.0089506172839505169,0.050679902164371425
2008-10-21T00:00:00,AAPL,93.32,-0.048434791475476704,0.050395185124406244
2008-10-22T00:00:00,AAPL,96.3,0.031933133304757867,0.050086906881143284
2008-10-23T00:00:00,AAPL,98.55,0.02336448598130841,0.049560141073086435
2008-10-24T00:00:00,AAPL,95.76,-0.028310502283104944,0.048905035613769576
2008-10-25T00:00:00,AAPL,96,0.0025062656641603475,0.048125341920119122
2008-10-27T00:00:00,AAPL,92.01,-0.041562499999999947,0.047748114138842751
2008-10-28T00:00:00,AAPL,100.1,0.087925225518965214,0.049993913228202042
2008-10-29T00:00:00,AAPL,104.75,0.046453546453546511,0.050010572145174306
2008-10-30T00:00:00,AAPL,111.26,0.062147971360381908,0.050547727453403871
2008-10-31T00:00:00,AAPL,107.88,-0.030379291749056351,0.049997715904015104
2008-11-01T00:00:00,AAPL,108.1,0.0020393029291805604,0.049175690768186536
2008-11-03T00:00:00,AAPL,106.67,-0.0132284921369102,0.048408499828069315
2008-11-04T00:00:00,AAPL,110.73,0.038061310584044272,0.048146231174654046
2008-11-05T00:00:00,AAPL,102.2,-0.077034227399981947,0.049300072663017801
2008-11-06T00:00:00,AAPL,99,-0.031311154598825858,0.048749108851802662
2008-11-07T00:00:00,AAPL,98.51,-0.0049494949494948981,0.047943570631067009
2008-11-08T00:00:00,AAPL,98.71,0.0020302507359657761,0.04716372210952785
2008-11-10T00:00:00,AAPL,95.88,-0.028669840948232179,0.046597668117789447
2008-11-11T00:00:00,AAPL,94.7,-0.012307050479766298,0.045847928132620279
2008-11-12T00:00:00,AAPL,90.1,-0.048574445617740318,0.045766504424635458
2008-11-13T00:00:00,AAPL,96.25,0.068257491675915716,0.046961806269073113
2008-11-14T00:00:00,AAPL,89.88,-0.066181818181818231,0.047520315506709161
2008-11-15T00:00:00,AAPL,90.23,0.0038940809968848302,0.046768200832798916
2008-11-17T00:00:00,AAPL,88.48,-0.019394879751745538,0.046061554898040931
2008-11-18T00:00:00,AAPL,89.92,0.016274864376130172,0.045477616475596255
2008-11-19T00:00:00,AAPL,86.37,-0.039479537366548009,0.045144042999762379
2008-11-20T00:00:00,AAPL,80.87,-0.063679518351279371,0.045571325254166073
2008-11-21T00:00:00,AAPL,82.42,0.01916656362062566,0.045089377849723417
2008-11-22T00:00:00,AAPL,82.26,-0.0019412763892258746,0.044355024848856131
2008-11-24T00:00:00,AAPL,92.42,0.12351081935327007,0.049541159987022007
2008-11-25T00:00:00,AAPL,90.5,-0.020774724085695754,0.048827061598645187
2008-11-26T00:00:00,AAPL,94.9,0.048618784530386802,0.048925374029050776
2008-11-27T00:00:00,AAPL,94.91,0.00010537407797672187,0.048117904916842542
2008-11-28T00:00:00,AAPL,92.4,-0.026446106838057013,0.047529408623108588
2008-12-01T00:00:00,AAPL,89.17,-0.034956709956709998,0.047103812979926586
2008-12-02T00:00:00,AAPL,92.15,0.033419311427610225,0.046800991668346038
2008-12-03T00:00:00,AAPL,95.9,0.040694519804666304,0.04667441489888554
2008-12-04T00:00:00,AAPL,91.23,-0.048696558915537036,0.046694576909714611
2008-12-05T00:00:00,AAPL,94,0.030362819248054323,0.046302240513721712
2008-12-06T00:00:00,AAPL,93.8,-0.0021276595744681155,0.045537000250443611
2008-12-08T00:00:00,AAPL,99,0.055437100213219646,0.045937563392215316
2008-12-09T00:00:00,AAPL,99.88,0.0088888888888888438,0.04520425722448064
2008-12-10T00:00:00,AAPL,98.15,-0.017320784941930213,0.044573689096767871
2008-12-11T00:00:00,AAPL,94.75,-0.034640855832908872,0.044277013971317621
2008-12-12T00:00:00,AAPL,98.4,0.038522427440633306,0.044122627196995147
2008-12-13T00:00:00,AAPL,98.67,0.0027439024390243497,0.043395683684787606
2008-12-15T00:00:00,AAPL,94.86,-0.038613560352690812,0.043246178400607287
2008-12-16T00:00:00,AAPL,92.43,-0.025616698292220037,0.042760577233790897
2008-12-17T00:00:00,AAPL,89.09,-0.036135453856972879,0.042503372131012164
2008-12-18T00:00:00,AAPL,89.7,0.0068470086429453297,0.041837614816478769
2008-12-19T00:00:00,AAPL,89.99,0.0032329988851727094,0.041159392484048728
2008-12-20T00:00:00,AAPL,89.99,0,0.040481346299263775
2008-12-22T00:00:00,AAPL,85.9,-0.045449494388265246,0.040558079488118751
2008-12-23T00:00:00,AAPL,86.16,0.0030267753201395913,0.039906204073549813
2008-12-24T00:00:00,AAPL,85.09,-0.012418755803156838,0.039279027407227773
2008-12-26T00:00:00,AAPL,85.87,0.0091667646021859339,0.038700055040001596
2008-12-27T00:00:00,AAPL,86,0.0015139163852334395,0.038070536464607459
2008-12-29T00:00:00,AAPL,86.77,0.008953488372092977,0.037505113895963053
2008-12-30T00:00:00,AAPL,86.2,-0.006569090699550458,0.036891257525009116
2008-12-31T00:00:00,AAPL,85.4,-0.0092807424593967184,0.036299226274008549
2009-01-01T00:00:00,AAPL,85.49,0.0010538641686181403,0.035707223765057305
2009-01-02T00:00:00,AAPL,90.45,0.058018481693765452,0.036788145140979264
2009-01-03T00:00:00,AAPL,90.45,0,0.036180500364453881
2009-01-05T00:00:00,AAPL,94.66,0.046545052515201697,0.036592014569922865
2009-01-06T00:00:00,AAPL,92.83,-0.019332347348404801,0.036164189636261834
2009-01-07T00:00:00,AAPL,91.1,-0.018636216740277971,0.035722117402017514
2009-01-08T00:00:00,AAPL,92.96,0.020417124039517009,0.035335536074867245
2009-01-09T00:00:00,AAPL,90.46,-0.026893287435456111,0.035085447493499976
2009-01-10T00:00:00,AAPL,90.62,0.0017687375635641257,0.034508762910637432
2009-01-12T00:00:00,AAPL,88.8,-0.020083866696093657,0.034114666626774169
2009-01-13T00:00:00,AAPL,87.59,-0.013626126126126056,0.033622204413612328
2009-01-14T00:00:00,AAPL,85.6,-0.022719488526087555,0.033278616374213262
2009-01-15T00:00:00,AAPL,83.42,-0.025467289719626085,0.03298712825407691
2009-01-16T00:00:00,AAPL,82.06,-0.016303044833373286,0.03252624367240714
2009-01-17T00:00:00,AAPL,82.3,0.0029246892517669374,0.032010640428568653
2009-01-20T00:00:00,AAPL,78.64,-0.044471445929526086,0.032330914366019439
2009-01-21T00:00:00,AAPL,89.88,0.14292980671414032,0.041412660774325538
2009-01-22T00:00:00,AAPL,88.55,-0.014797507788161976,0.040815004308626605
2009-01-23T00:00:00,AAPL,88.16,-0.0044042913608131062,0.040146577155768387
2009-01-24T00:00:00,AAPL,88.2,0.00045372050816704009,0.039483396377168502
2009-01-26T00:00:00,AAPL,89.65,0.016439909297052187,0.038950494064790633
2009-01-27T00:00:00,AAPL,90.88,0.013720022308979249,0.038385776044053625
2009-01-28T00:00:00,AAPL,94.02,0.034551056338028178,0.038244692352322196
2009-01-29T00:00:00,AAPL,93.19,-0.0088279089555413567,0.037658821839634572
2009-01-30T00:00:00,AAPL,90.85,-0.025109990342311445,0.037337125464547656
2009-01-31T00:00:00,AAPL,90.33,-0.0057237204182718337,0.03673621624546048
2009-02-02T00:00:00,AAPL,91.5,0.012952507472600483,0.036201867250781256
2009-02-03T00:00:00,AAPL,92.76,0.013770491803278745,0.035682105245946179
2009-02-04T00:00:00,AAPL,93.5,0.0079775765416127079,0.035114533442121024
2009-02-05T00:00:00,AAPL,96.58,0.032941176470588217,0.035000031392468434
2009-02-06T00:00:00,AAPL,99.71,0.032408366121350132,0.034843981953602929
2009-02-07T00:00:00,AAPL,100.2,0.0049142513288537668,0.03426927767423233
2009-02-09T00:00:00,AAPL,102.38,0.02175648702594803,0.033864933583314952
2009-02-10T00:00:00,AAPL,97.8,-0.04473529986325453,0.034432684247599391
2009-02-11T00:00:00,AAPL,96.8,-0.010224948875255624,0.033938538063289753
2009-02-12T00:00:00,AAPL,99.24,0.025206611570247912,0.033638418613551213
2009-02-13T00:00:00,AAPL,99.2,-0.00040306328093502665,0.033087024667725215
2009-02-14T00:00:00,AAPL,99.15,-0.00050403225806448749,0.032544821827717202
2009-02-17T00:00:00,AAPL,94.6,-0.045890065557236626,0.03316478153048228
2009-02-18T00:00:00,AAPL,93.65,-0.010042283298097133,0.0326756789342314
2009-02-19T00:00:00,AAPL,90.55,-0.033101975440469923,0.032698476939044763
2009-02-20T00:00:00,AAPL,91.14,0.0065157371617891044,0.032183092223525861
2009-02-21T00:00:00,AAPL,91.11,-0.00032916392363398217,0.031651103648985185
2009-02-23T00:00:00,AAPL,86.95,-0.045659093403578058,0.03217460194840005
2009-02-24T00:00:00,AAPL,90.2,0.037377803335250141,0.032416183056209448
2009-02-25T00:00:00,AAPL,91.1,0.0099778270509976886,0.031936169475472814
2009-02-26T00:00:00,AAPL,89.19,-0.020965971459934101,0.031629123356764599
2009-02-27T00:00:00,AAPL,89.25,0.00067272115708041566,0.031107524819253288
2009-02-28T00:00:00,AAPL,89.45,0.0022408963585434493,0.030598249732910004
2009-03-02T00:00:00,AAPL,88.14,-0.014645053102291809,0.030196203464110678
2009-03-03T00:00:00,AAPL,87.88,-0.0029498525073746893,0.029698768235867371
2009-03-04T00:00:00,AAPL,91.12,0.036868456986800288,0.029998606023449129
2009-03-05T00:00:00,AAPL,89.08,-0.022388059701492605,0.029775795521065639
2009-03-06T00:00:00,AAPL,85.75,-0.037382128423888619,0.030014647079512662
2009-03-07T00:00:00,AAPL,85.66,-0.0010495626822157832,0.029518917668779097
2009-03-09T00:00:00,AAPL,83.09,-0.030002334812047553,0.029466589064086279
2009-03-10T00:00:00,AAPL,88.65,0.066915392947406449,0.031569189615462415
2009-03-11T00:00:00,AAPL,93.18,0.051099830795262279,0.03240208885094311
2009-03-12T00:00:00,AAPL,96.35,0.034020176003434079,0.0324080930886586
2009-03-13T00:00:00,AAPL,95.97,-0.0039439543331603061,0.031891740291934492
2009-03-14T00:00:00,AAPL,95.91,-0.0006251953735542594,0.031368217832309801
2009-03-16T00:00:00,AAPL,95.58,-0.0034407256803252874,0.030864896281367998
2009-03-17T00:00:00,AAPL,99.6,0.042059008160703036,0.031204829289232922
2009-03-18T00:00:00,AAPL,101.45,0.018574297188755105,0.030814633359645755
2009-03-19T00:00:00,AAPL,101.62,0.0016757023164120425,0.030307242868576584
2009-03-20T00:00:00,AAPL,101.6,-0.00019681165124985466,0.029813816653288236
2009-03-21T00:00:00,AAPL,101.39,-0.0020669291338582061,0.029337530907050942
2009-03-23T00:00:00,AAPL,107.67,0.061939047243317891,0.030718022625543507
2009-03-24T00:00:00,AAPL,106.66,-0.0093805145351537576,0.030322930399126292
2009-03-25T00:00:00,AAPL,106.39,-0.002531408213013276,0.029849841010961331
2009-03-26T00:00:00,AAPL,109.36,0.02791615753360277,0.029657364293849849
2009-03-27T00:00:00,AAPL,107.05,-0.021122896854425772,0.029548234734850985
2009-03-28T00:00:00,AAPL,106.85,-0.00186828584773473,0.029081281887025259
2009-03-30T00:00:00,AAPL,104.49,-0.022087037903603179,0.028986095656917482
2009-03-31T00:00:00,AAPL,105.12,0.0060292850990526338,0.028511195888178152
2009-04-01T00:00:00,AAPL,108.69,0.033961187214611804,0.028572633558399434
2009-04-02T00:00:00,AAPL,115.31,0.060907167172693025,0.029877490433029653
2009-04-03T00:00:00,AAPL,116.07,0.0065909288006243249,0.029383682620804021
2009-04-04T00:00:00,AAPL,116.1,0.00025846471956578909,0.028917978458408301
2009-04-06T00:00:00,AAPL,118.44,0.020155038759689953,0.02855251569711393
2009-04-07T00:00:00,AAPL,115.18,-0.027524484971293405,0.028738152201427402
2009-04-08T00:00:00,AAPL,116.45,0.011026219829831534,0.028281175692629924
2009-04-09T00:00:00,AAPL,119.47,0.025933877200515206,0.028052775027665657
2009-04-10T00:00:00,AAPL,119.71,0.0020088725202979398,0.027599570257769507
2009-04-13T00:00:00,AAPL,120.22,0.0042602957146437651,0.027145381518103799
2009-04-14T00:00:00,AAPL,117.78,-0.020296123773082663,0.027112670844574711
2009-04-15T00:00:00,AAPL,117.68,-0.00084904058413987364,0.026686514183521661
2009-04-16T00:00:00,AAPL,121.26,0.030421481985044171,0.026639830618302652
2009-04-17T00:00:00,AAPL,123.61,0.019379844961240261,0.026312356650872594
2009-04-18T00:00:00,AAPL,123.78,0.0013752932610630346,0.02589231614491011
2009-04-20T00:00:00,AAPL,120.44,-0.026983357569882075,0.026148462263077637
2009-04-21T00:00:00,AAPL,121.85,0.01170707406177347,0.025744237871633342
2009-04-22T00:00:00,AAPL,125.5,0.029954862535904851,0.025704736313258324
2009-04-23T00:00:00,AAPL,125.5,0,0.025303178649212155
2009-04-24T00:00:00,AAPL,123.77,-0.013784860557768955,0.025133548826108434
2009-04-25T00:00:00,AAPL,123.8,0.00024238506907975387,0.024734173978353723
2009-04-27T00:00:00,AAPL,124.49,0.0055735056542810801,0.024325501044135962
2009-04-28T00:00:00,AAPL,123.9,-0.0047393364928909089,0.023988076831003569
2009-04-29T00:00:00,AAPL,125.35,0.011702986279257373,0.023624650303151237
2009-04-30T00:00:00,AAPL,125.7,0.0027921818907060913,0.023237424716381815
2009-05-01T00:00:00,AAPL,127.3,0.012728719172633208,0.022896526972238939
2009-05-02T00:00:00,AAPL,126.78,-0.0040848389630793094,0.022579102446401572
2009-05-04T00:00:00,AAPL,132.15,0.042356838618078596,0.023204786352035652
2009-05-05T00:00:00,AAPL,132.71,0.0042376087779039144,0.022823613270225359
2009-05-06T00:00:00,AAPL,132.55,-0.0012056363499359248,0.022483828089744879
2009-05-07T00:00:00,AAPL,128.93,-0.027310448887212405,0.022896947397242601
2009-05-08T00:00:00,AAPL,129.17,0.0018614752191109956,0.022524226172753858
2009-05-09T00:00:00,AAPL,129.21,0.00030966942788589045,0.022165334275891117
2009-05-11T00:00:00,AAPL,129.5,0.0022444083275287674,0.021802588979138234
2009-05-12T00:00:00,AAPL,125,-0.034749034749034749,0.022564932961723346
2009-05-13T00:00:00,AAPL,119.4,-0.044799999999999958,0.023801351711013097
2009-05-14T00:00:00,AAPL,122.95,0.02973199329983247,0.023949204299539794
2009-05-15T00:00:00,AAPL,122.34,-0.0049613664091093896,0.023591028372722558
2009-05-16T00:00:00,AAPL,122.3,-0.00032695765898321279,0.023205573655797465
2009-05-18T00:00:00,AAPL,126.51,0.034423548650858608,0.023547023741051509
2009-05-19T00:00:00,AAPL,127.26,0.0059283851078966087,0.02316299285287645
2009-05-20T00:00:00,AAPL,125.86,-0.011001100110011045,0.02292410330129285
2009-05-21T00:00:00,AAPL,124.3,-0.012394724296837774,0.022710039348332028
2009-05-22T00:00:00,AAPL,122.51,-0.014400643604183364,0.022535516013760061
2009-05-23T00:00:00,AAPL,122.48,-0.00024487796914538515,0.022165953322036192
2009-05-26T00:00:00,AAPL,130.86,0.068419333768778651,0.024874973559489245
2009-05-27T00:00:00,AAPL,133.11,0.017193947730398899,0.02458016513581119
2009-05-28T00:00:00,AAPL,135.24,0.016001803020058561,0.024264605195868497
2009-05-29T00:00:00,AAPL,135.82,0.0042886719905352267,0.023863629357203653
2009-05-30T00:00:00,AAPL,135.7,-0.0008835223089383342,0.023490538593981966
2009-06-01T00:00:00,AAPL,139.3,0.026529108327192505,0.023438117816414417
2009-06-02T00:00:00,AAPL,139.47,0.0012203876525483668,0.02306195359205248
2009-06-03T00:00:00,AAPL,141.11,0.011758801175880223,0.022712210955923958
2009-06-04T00:00:00,AAPL,143.8,0.019063142229466357,0.022472685652753871
2009-06-05T00:00:00,AAPL,144.63,0.0057719054242001671,0.022101210717688335
2009-06-06T00:00:00,AAPL,144.4,-0.0015902648136623782,0.021776046825906736
2009-06-08T00:00:00,AAPL,143.88,-0.0036011080332410679,0.021478777543027235
2009-06-09T00:00:00,AAPL,141.5,-0.016541562413122015,0.021482543669466617
2009-06-10T00:00:00,AAPL,140.17,-0.0093992932862191694,0.021274731180505088
2009-06-11T00:00:00,AAPL,140.46,0.0020689163159022649,0.020926116157934768
2009-06-12T00:00:00,AAPL,136.8,-0.026057240495514711,0.021276079817507128
2009-06-13T00:00:00,AAPL,136.62,-0.0013157894736842604,0.020938801434416624
2009-06-15T00:00:00,AAPL,135.96,-0.0048309178743961099,0.020639046848916359
2009-06-16T00:00:00,AAPL,136.43,0.0034568990879670406,0.020298443886696389
2009-06-17T00:00:00,AAPL,135.66,-0.0056439199589533844,0.020018308749137279
2009-06-18T00:00:00,AAPL,135.8,0.0010319917440661565,0.019688874989432403
2009-06-19T00:00:00,AAPL,139.87,0.029970544918998473,0.019989603314756067
2009-06-20T00:00:00,AAPL,139.83,-0.00028597983842133437,0.019669334954262645
2009-06-22T00:00:00,AAPL,137.3,-0.018093399127511987,0.019715700982807782
2009-06-23T00:00:00,AAPL,134.02,-0.023889293517844142,0.019957260320537309
2009-06-24T00:00:00,AAPL,136.36,0.017460080584987339,0.019833959190624757
2009-06-25T00:00:00,AAPL,139.82,0.025374009973599142,0.019949538766083259
2009-06-26T00:00:00,AAPL,142.31,0.017808611071377552,0.019802925505257935
2009-06-27T00:00:00,AAPL,142.6,0.0020378047923546626,0.019476977475143448
2009-06-29T00:00:00,AAPL,141.87,-0.005119214586255188,0.019214507819443886
2009-06-30T00:00:00,AAPL,142.43,0.0039472756749136693,0.018897628033186807
2009-07-01T00:00:00,AAPL,142.85,0.0029488169627184405,0.018585257602761137
2009-07-02T00:00:00,AAPL,140.05,-0.01960098004900233,0.01872499827093355
2009-07-03T00:00:00,AAPL,139.8,-0.0017850767583006068,0.018430096712535007
2009-07-06T00:00:00,AAPL,139.1,-0.0050071530758227251,0.01817119406421186
2009-07-07T00:00:00,AAPL,135.7,-0.024442846872753457,0.018487889734202075
2009-07-08T00:00:00,AAPL,137.64,0.014296241709653632,0.01833680193967183
2009-07-09T00:00:00,AAPL,136.31,-0.0096628886951466448,0.018144812216715066
2009-07-10T00:00:00,AAPL,138.52,0.016213043797226968,0.01804911234495709
2009-07-11T00:00:00,AAPL,138.33,-0.0013716430840311703,0.017758943962308819
2009-07-13T00:00:00,AAPL,142.09,0.027181377864526787,0.018062570107285257
2009-07-14T00:00:00,AAPL,144.21,0.01492012105003874,0.017906328948619182
2009-07-15T00:00:00,AAPL,146.5,0.015879619998613079,0.017766663097919182
2009-07-16T00:00:00,AAPL,147.02,0.0035494880546075784,0.017473083106867158
2009-07-17T00:00:00,AAPL,151.75,0.032172493538294038,0.017953350163145494
2009-07-18T00:00:00,AAPL,149.95,-0.011861614497528905,0.017889863480370825
2009-07-20T00:00:00,AAPL,153,0.020340113371123784,0.017847671898375557
2009-07-21T00:00:00,AAPL,157.15,0.027124183006535983,0.018029145290049654
2009-07-22T00:00:00,AAPL,156.61,-0.0034362074451160804,0.017794919540593937
2009-07-23T00:00:00,AAPL,156.17,-0.0028095268501374506,0.017552267471901702
2009-07-24T00:00:00,AAPL,159.92,0.024012294294678879,0.017616796399225278
2009-07-25T00:00:00,AAPL,160.03,0.00068784392196106581,0.017343444854537496
2009-07-27T00:00:00,AAPL,160.1,0.00043741798412793339,0.017075787275639898
2009-07-28T00:00:00,AAPL,159.93,-0.0010618363522797471,0.016826239797109302
2009-07-29T00:00:00,AAPL,160.01,0.00050021884574491385,0.01656436559703019
2009-07-30T00:00:00,AAPL,162.3,0.014311605524654838,0.016386479916312088
2009-07-31T00:00:00,AAPL,163.4,0.0067775723967960213,0.016119618304691396
2009-08-01T00:00:00,AAPL,163.35,-0.00030599755201965342,0.015880089249670114
2009-08-03T00:00:00,AAPL,166.45,0.018977655341291672,0.01582745140123152
2009-08-04T00:00:00,AAPL,165.55,-0.0054070291378791064,0.015680673840863042
2009-08-05T00:00:00,AAPL,164.72,-0.0050135910601027634,0.015521761668955287
2009-08-06T00:00:00,AAPL,164,-0.0043710539096648788,0.01534761075854015
2009-08-07T00:00:00,AAPL,165.55,0.0094512195121951911,0.015123518748943941
2009-08-08T00:00:00,AAPL,165.68,0.00078526125037750192,0.014887350524676265
2009-08-10T00:00:00,AAPL,164.72,-0.005794302269435103,0.014751732572301404
2009-08-11T00:00:00,AAPL,162.9,-0.011049052938319532,0.014754532176973513
2009-08-12T00:00:00,AAPL,165.44,0.015592387968078526,0.014674350713429285
2009-08-13T00:00:00,AAPL,168.5,0.018496131528046435,0.01467047859461546
2009-08-14T00:00:00,AAPL,166.8,-0.010089020771513286,0.014657564127316046
2009-08-15T00:00:00,AAPL,166.52,-0.0016786570743405342,0.014449164659232055
2009-08-17T00:00:00,AAPL,159.9,-0.039754984386259934,0.016207598153508137
2009-08-18T00:00:00,AAPL,163.7,0.02376485303314561,0.016402308971970158
2009-08-19T00:00:00,AAPL,164.65,0.0058032987171656517,0.016139419407627375
2009-08-20T00:00:00,AAPL,166.33,0.010203461888855188,0.015924886432930625
2009-08-21T00:00:00,AAPL,169.6,0.019659712619491263,0.015936110004419864
2009-08-22T00:00:00,AAPL,169,-0.0035377358490565705,0.015727962932642465
2009-08-24T00:00:00,AAPL,168.65,-0.0020710059171597296,0.015500976169099933
2009-08-25T00:00:00,AAPL,169.37,0.0042691965609249856,0.015245592441181231
2009-08-26T00:00:00,AAPL,167.71,-0.0098010273366003226,0.015179921409223236
2009-08-27T00:00:00,AAPL,169.54,0.010911692803052793,0.014996963081402864
2009-08-28T00:00:00,AAPL,169.7,0.00094373009319332658,0.014754777821397466
2009-08-29T00:00:00,AAPL,170.19,0.0028874484384207961,0.014510960203353103
2009-08-31T00:00:00,AAPL,168.2,-0.011692813913861032,0.014517772876844076
2009-09-01T00:00:00,AAPL,165.19,-0.017895362663495784,0.014747258560060213
2009-09-02T00:00:00,AAPL,165.38,0.0011501906895090364,0.014504262375203554
2009-09-03T00:00:00,AAPL,166.65,0.0076792840730439613,0.01430145012307381
2009-09-04T00:00:00,AAPL,170.33,0.022082208220822123,0.014513535911821729
2009-09-05T00:00:00,AAPL,170.6,0.0015851582222743015,0.014275293225191972
2009-09-08T00:00:00,AAPL,172.74,0.012543962485345925,0.014148836794490451
2009-09-09T00:00:00,AAPL,171.1,-0.0094940372814635559,0.014097005211931829
2009-09-10T00:00:00,AAPL,172.53,0.0083576855639977028,0.013901573129007855
2009-09-11T00:00:00,AAPL,172.19,-0.0019706717672289074,0.013699218383603521
2009-09-12T00:00:00,AAPL,172.04,-0.00087113072768456757,0.013487997646597708
2009-09-14T00:00:00,AAPL,173.7,0.0096489188560799615,0.013325644995360904
2009-09-15T00:00:00,AAPL,175,0.0074841681059298303,0.013132205588456151
2009-09-16T00:00:00,AAPL,181.72,0.038399999999999997,0.014397722718867934
2009-09-17T00:00:00,AAPL,184.5,0.015298261060972932,0.0143011442990257
2009-09-18T00:00:00,AAPL,185,0.0027100271002710027,0.014068389505517595
2009-09-19T00:00:00,AAPL,185.08,0.00043243243243250003,0.013854491914999366
2009-09-21T00:00:00,AAPL,184.14,-0.0050788848065702729,0.013729252458927987
2009-09-22T00:00:00,AAPL,184.47,0.0017921146953405699,0.013508104624838627
2009-09-23T00:00:00,AAPL,185.88,0.0076435192714262301,0.013301601477874155
2009-09-24T00:00:00,AAPL,181.84,-0.02173445233483964,0.013876762249215044
2009-09-25T00:00:00,AAPL,182.8,0.0052793664760229213,0.013652485303728663
2009-09-26T00:00:00,AAPL,182.36,-0.002407002188183795,0.013465434792637584
2009-09-28T00:00:00,AAPL,186.08,0.020399210353147613,0.013603084991460658
2009-09-29T00:00:00,AAPL,185.35,-0.0039230438521067187,0.013447172915086913
2009-09-30T00:00:00,AAPL,185.44,0.00048556784461830814,0.01323525493983271
2009-10-01T00:00:00,AAPL,180.8,-0.025021570319240651,0.013975243323613992
2009-10-02T00:00:00,AAPL,185.2,0.024336283185840579,0.014298755023272441
2009-10-03T00:00:00,AAPL,185.19,-5.3995680345523246e-05,0.014073778208564399
2009-10-05T00:00:00,AAPL,186.15,0.0051838652195043359,0.013846723357008687
2009-10-06T00:00:00,AAPL,190.1,0.021219446682782639,0.014002621805825706
2009-10-07T00:00:00,AAPL,190.45,0.0018411362440820323,0.013775034912836248
2009-10-08T00:00:00,AAPL,189.48,-0.0050932003150433126,0.013637012471592175
2009-10-09T00:00:00,AAPL,190.42,0.0049609457462528907,0.013414843590042056
2009-10-10T00:00:00,AAPL,190.54,0.00063018590484195224,0.01320226800095292
2009-10-12T00:00:00,AAPL,190.81,0.0014170252965257178,0.012988344739141339
2009-10-13T00:00:00,AAPL,191.14,0.0017294691053927158,0.012776447976629688
2009-10-14T00:00:00,AAPL,191.38,0.0012556241498378629,0.012569956599835964
2009-10-15T00:00:00,AAPL,190.46,-0.0048071898840003529,0.012443616796797162
2009-10-16T00:00:00,AAPL,187.85,-0.01370366481150905,0.012593723138421374
2009-10-17T00:00:00,AAPL,187.2,-0.0034602076124567779,0.012428751350460154
2009-10-19T00:00:00,AAPL,203.14,0.085149572649572638,0.019280892339977804
2009-10-20T00:00:00,AAPL,198.4,-0.023333661514226549,0.019625497423044185
2009-10-21T00:00:00,AAPL,205.29,0.034727822580645093,0.020078601936269543
2009-10-22T00:00:00,AAPL,205.57,0.0013639242047834826,0.019757056027343522
2009-10-23T00:00:00,AAPL,203.8,-0.0086102057693242303,0.019579329850274756
2009-10-24T00:00:00,AAPL,203.8,0,0.019271657439865537
2009-10-26T00:00:00,AAPL,202.48,-0.0064769381746811652,0.019050293678453203
2009-10-27T00:00:00,AAPL,197.5,-0.02459502173054124,0.019420439637785562
2009-10-28T00:00:00,AAPL,192.3,-0.026329113924050577,0.019809524960347345
2009-10-29T00:00:00,AAPL,196.53,0.021996879875194952,0.019810877485566737
2009-10-30T00:00:00,AAPL,188.48,-0.040960667582557425,0.020997691527462777
2009-10-31T00:00:00,AAPL,191.8,0.017614601018675836,0.020859716785044183
2009-11-02T00:00:00,AAPL,189.35,-0.012773722627737315,0.020679949170738409
2009-11-03T00:00:00,AAPL,188.9,-0.0023765513599154405,0.020348648404164164
2009-11-04T00:00:00,AAPL,191.07,0.01148755955532021,0.020098196863034341
2009-11-05T00:00:00,AAPL,194.05,0.015596378290678904,0.019927656758579323
2009-11-06T00:00:00,AAPL,194.42,0.0019067250708579031,0.019598252996005844
2009-11-07T00:00:00,AAPL,194.63,0.0010801357884991666,0.019274926283602986
2009-11-09T00:00:00,AAPL,201.3,0.034270153624826674,0.019826440568318032
2009-11-10T00:00:00,AAPL,202.9,0.0079483358171882467,0.01951908995331338
2009-11-11T00:00:00,AAPL,203.25,0.00172498767865941,0.019198132628287078
2009-11-12T00:00:00,AAPL,202.1,-0.005658056580565834,0.018946161438607279
2009-11-13T00:00:00,AAPL,204.6,0.012370113805047007,0.018711878317292003
2009-11-14T00:00:00,AAPL,204.58,-9.7751710654847557e-05,0.018411668301342471
2009-11-16T00:00:00,AAPL,206.6,0.0098738879655879443,0.018149113862479475
2009-11-17T00:00:00,AAPL,206.88,0.0013552758954501508,0.017852330596190451
2009-11-18T00:00:00,AAPL,206,-0.0042536736272234896,0.01760793783557188
2009-11-19T00:00:00,AAPL,200.34,-0.027475728155339791,0.018157795399384981
2009-11-20T00:00:00,AAPL,200,-0.0016971149046620916,0.017869594662876912
2009-11-21T00:00:00,AAPL,199.9,-0.0004999999999999716,0.017579155041718968
2009-11-23T00:00:00,AAPL,205.61,0.028564282141070575,0.017946850864384835
2009-11-24T00:00:00,AAPL,204.44,-0.0056903847089150132,0.017713246298581498
2009-11-25T00:00:00,AAPL,203.97,-0.0022989630209352321,0.017440460015358105
2009-11-26T00:00:00,AAPL,204.15,0.00088248271804680504,0.017153799731799937
2009-11-27T00:00:00,AAPL,200.85,-0.016164584864070592,0.017188088896817107
2009-11-30T00:00:00,AAPL,199.91,-0.0046801095344784554,0.016941024873561181
2009-12-01T00:00:00,AAPL,197.85,-0.010304637086689022,0.016791967843557267
2009-12-02T00:00:00,AAPL,196.3,-0.0078342178417992563,0.016589897893711958
2009-12-03T00:00:00,AAPL,195.7,-0.0030565461029038346,0.016329463996891114
2009-12-04T00:00:00,AAPL,193.62,-0.010628513030148105,0.016184700163704352
2009-12-05T00:00:00,AAPL,193.63,5.1647557070503586e-05,0.015917185832178181
2009-12-07T00:00:00,AAPL,189.3,-0.022362237256623375,0.016169342031950584
2009-12-08T00:00:00,AAPL,189.78,0.0025356576862123072,0.015911728734135974
2009-12-09T00:00:00,AAPL,197.8,0.042259458320160238,0.017427316939953121
2009-12-10T00:00:00,AAPL,196.42,-0.0069767441860466321,0.017198241983517527
2009-12-11T00:00:00,AAPL,194.67,-0.0089094796863863155,0.017001563998235932
2009-12-12T00:00:00,AAPL,194.9,0.0011814866183799157,0.016721154950672223
2009-12-14T00:00:00,AAPL,196.94,0.010466906105695187,0.016543804781693629
2009-12-15T00:00:00,AAPL,194.25,-0.013658982431197307,0.016474276203126224
2009-12-16T00:00:00,AAPL,195.06,0.0041698841698841818,0.0162171683283884
2009-12-17T00:00:00,AAPL,193,-0.010560853070850007,0.016069826083252151
2009-12-18T00:00:00,AAPL,195.09,0.010829015544041469,0.015922762631026599
2009-12-19T00:00:00,AAPL,195.24,0.00076887590342921569,0.015659711964540319
2009-12-21T00:00:00,AAPL,198.23,0.015314484736734177,0.01563216273123472
2009-12-22T00:00:00,AAPL,200.59,0.011905362457751166,0.015500632051566704
2009-12-23T00:00:00,AAPL,202.25,0.0082755870182960097,0.015296588092000142
2009-12-24T00:00:00,AAPL,209.1,0.033868974042027163,0.016129253847861406
2009-12-28T00:00:00,AAPL,211.61,0.01200382592061224,0.015953452166102243
2009-12-29T00:00:00,AAPL,209.04,-0.012144983696422765,0.015919105948532464
2009-12-30T00:00:00,AAPL,211.95,0.013920780711825472,0.015793084444287071
2009-12-31T00:00:00,AAPL,210.7,-0.0058976173625855154,0.015609219349831584
2010-01-01T00:00:00,AAPL,210.28,-0.0019933554817275156,0.015371951423471475
2010-01-04T00:00:00,AAPL,214.69,0.020972037283621823,0.015484966649224989
2010-01-05T00:00:00,AAPL,214.41,-0.0013042060645582056,0.015247874666559125
2010-01-06T00:00:00,AAPL,211.1,-0.015437712793246594,0.015348578932356719
2010-01-07T00:00:00,AAPL,210.73,-0.0017527238275698938,0.015111407794200019
2010-01-08T00:00:00,AAPL,211.8,0.0050775874341575551,0.014871528094389342
2010-01-09T00:00:00,AAPL,211.9,0.00047214353163358975,0.01462881738271214
2010-01-11T00:00:00,AAPL,209.6,-0.010854176498348331,0.014573822947657977
2010-01-12T00:00:00,AAPL,207.84,-0.0083969465648854533,0.014446563850775912
2010-01-13T00:00:00,AAPL,210.72,0.013856812933025382,0.014384370946584695
2010-01-14T00:00:00,AAPL,210,-0.0034168564920273293,0.014177038229429326
2010-01-15T00:00:00,AAPL,206.1,-0.0185714285714286,0.014404862731718563
2010-01-16T00:00:00,AAPL,206,-0.00048520135856377643,0.014169007846764177
2010-01-19T00:00:00,AAPL,214.38,0.040679611650485413,0.015661059217432525
2010-01-20T00:00:00,AAPL,211.84,-0.011848120160462694,0.01560690665360798
2010-01-21T00:00:00,AAPL,206.89,-0.023366691842900383,0.015996531398398215
2010-01-22T00:00:00,AAPL,199.35,-0.036444487408767906,0.017101864870940748
2010-01-23T00:00:00,AAPL,204.78,0.027238525206922534,0.017532409946722418
2010-01-25T00:00:00,AAPL,207.2,0.011817560308623827,0.017360312910929761
2010-01-26T00:00:00,AAPL,206.29,-0.0043918918918918757,0.01710024934299156
2010-01-27T00:00:00,AAPL,207.68,0.0067380871588541124,0.016851669652498093
2010-01-28T00:00:00,AAPL,199.93,-0.037317026194144835,0.017942612074794206
2010-01-29T00:00:00,AAPL,191.45,-0.042414845195818625,0.019199378288452255
2010-01-30T00:00:00,AAPL,191.4,-0.00026116479498554688,0.018883702574202455
2010-02-01T00:00:00,AAPL,194.73,0.017398119122256969,0.018883053832067141
2010-02-02T00:00:00,AAPL,195.75,0.0052380218764443605,0.018604658355130949
2010-02-03T00:00:00,AAPL,199.54,0.019361430395913114,0.01865170285129748
2010-02-04T00:00:00,AAPL,192.04,-0.037586448832314323,0.01953758341813876
2010-02-05T00:00:00,AAPL,195.38,0.01739220995625913,0.019507533008410245
2010-02-06T00:00:00,AAPL,193.51,-0.0095710922305251543,0.019250412315621961
2010-02-08T00:00:00,AAPL,194.18,0.0034623533667511547,0.018949427003819224
2010-02-09T00:00:00,AAPL,196.1,0.0098877330312080926,0.01873639674621503
2010-02-10T00:00:00,AAPL,195.16,-0.0047934727180010085,0.018442544989759814
2010-02-11T00:00:00,AAPL,198.7,0.018138962902234025,0.018449674240454614
2010-02-12T00:00:00,AAPL,200.57,0.0094111726220433047,0.018224205528934116
2010-02-13T00:00:00,AAPL,200.55,-9.9715809941575563e-05,0.017923069947857081
2010-02-16T00:00:00,AAPL,203.33,0.013861879830466222,0.017795706923707282
2010-02-17T00:00:00,AAPL,202.61,-0.003541041656420591,0.017518010319027326
2010-02-18T00:00:00,AAPL,201.63,-0.0048368787325404382,0.017255564795628259
2010-02-19T00:00:00,AAPL,201.5,-0.00064474532559636688,0.016971312298294895
2010-02-20T00:00:00,AAPL,202.63,0.0056079404466501011,0.016717573092004209
2010-02-22T00:00:00,AAPL,200.45,-0.010758525391106978,0.01656533793634047
2010-02-23T00:00:00,AAPL,197.5,-0.014716887004240403,0.016508600853804577
2010-02-24T00:00:00,AAPL,200.73,0.016354430379746782,0.016510349343161639
2010-02-25T00:00:00,AAPL,201.9,0.0058287251531909329,0.016268834733792131
2010-02-26T00:00:00,AAPL,204.66,0.013670133729569049,0.016176747224672126
2010-02-27T00:00:00,AAPL,204.7,0.00019544610573630431,0.015909743230190537
2010-03-01T00:00:00,AAPL,208.82,0.020127015144113358,0.01602699516242399
2010-03-02T00:00:00,AAPL,208.68,-0.00067043386648781901,0.015766604965832608
2010-03-03T00:00:00,AAPL,209.2,0.0024918535556832555,0.015507298601347466
2010-03-04T00:00:00,AAPL,210.75,0.0074091778202677412,0.015289048824627394
2010-03-05T00:00:00,AAPL,219.13,0.039762752075919311,0.016524459770955277
2010-03-06T00:00:00,AAPL,218.98,-0.00068452516770869205,0.016263711701523225
2010-03-08T00:00:00,AAPL,218.93,-0.0002283313544615168,0.016003725844956806
2010-03-09T00:00:00,AAPL,223.1,0.019047184031425513,0.016012646706934662
2010-03-10T00:00:00,AAPL,225.1,0.0089645898700134469,0.015782222716398241
2010-03-11T00:00:00,AAPL,225.55,0.0019991115059974102,0.015523283252421971
2010-03-12T00:00:00,AAPL,226.57,0.0045222788738638071,0.015268205326756228
2010-03-13T00:00:00,AAPL,226.81,0.0010592752791632127,0.015021508155638538
2010-03-15T00:00:00,AAPL,223.91,-0.012786032361888831,0.015052480822985263
2010-03-16T00:00:00,AAPL,224.45,0.0024116832655977495,0.014803793315477473
2010-03-17T00:00:00,AAPL,223.95,-0.0022276676319893073,0.014586469162150402
2010-03-18T00:00:00,AAPL,225,0.0046885465505693748,0.014350331703250696
2010-03-19T00:00:00,AAPL,222.25,-0.012222222222222223,0.014363704634315062
2010-03-20T00:00:00,AAPL,221.8,-0.0020247469066366191,0.014146297210634146
2010-03-22T00:00:00,AAPL,224.71,0.013119927862939569,0.014054332010930959
2010-03-23T00:00:00,AAPL,228.24,0.015709136220016916,0.01402739234305367
2010-03-24T00:00:00,AAPL,229.52,0.0056081317910970955,0.013804548538893364
2010-03-25T00:00:00,AAPL,226.86,-0.011589403973509918,0.013824113771885442
2010-03-26T00:00:00,AAPL,231.13,0.018822181080842729,0.013910120783668156
2010-03-27T00:00:00,AAPL,226.51,-0.019988750919396031,0.014288528017708125
2010-03-29T00:00:00,AAPL,232.3,0.025561785351640196,0.014663818134848825
2010-03-30T00:00:00,AAPL,235.94,0.015669393026259089,0.014599999585736136
2010-03-31T00:00:00,AAPL,235.32,-0.00262778672543869,0.014399517232669556
2010-04-01T00:00:00,AAPL,235.9,0.0024647288798232726,0.014162125269930189
2010-04-02T00:00:00,AAPL,236,0.00042390843577784786,0.013936853304118415
2010-04-05T00:00:00,AAPL,238.75,0.011652542372881356,0.013792352243152041
2010-04-06T00:00:00,AAPL,239.58,0.0034764397905759684,0.013564375793357741
2010-04-07T00:00:00,AAPL,240.56,0.0040904916937974361,0.013340767333294772
2010-04-08T00:00:00,AAPL,240.03,-0.0022031925507150032,0.013158806743922207
2010-04-09T00:00:00,AAPL,242,0.0082073074199058398,0.012972261442745225
2010-04-10T00:00:00,AAPL,242.1,0.00041322314049584429,0.012768965976379764
2010-04-12T00:00:00,AAPL,242.27,0.00070218917802567502,0.01256645643392936
2010-04-13T00:00:00,AAPL,242.85,0.0023940231972591902,0.012359580152370677
2010-04-14T00:00:00,AAPL,245.7,0.011735639283508315,0.012252132730419403
2010-04-15T00:00:00,AAPL,248.14,0.0099308099308099227,0.012105600754861022
2010-04-16T00:00:00,AAPL,247.55,-0.0023776900137018418,0.01195487701011164
2010-04-17T00:00:00,AAPL,247.39,-0.00064633407392456074,0.011780462863674349
2010-04-19T00:00:00,AAPL,246.65,-0.0029912284247543583,0.011641276607598103
2010-04-20T00:00:00,AAPL,261.5,0.060206770727751852,0.015367174705973688
2010-04-21T00:00:00,AAPL,258.2,-0.012619502868068877,0.015440749674526348
2010-04-22T00:00:00,AAPL,265.51,0.028311386522075922,0.015779965306870945
2010-04-23T00:00:00,AAPL,270.8,0.019923920003013147,0.015742655533436282
2010-04-24T00:00:00,AAPL,270.97,0.00062776957163964515,0.01550905485307745
2010-04-26T00:00:00,AAPL,269.3,-0.0061630438793963014,0.015396318814759074
2010-04-27T00:00:00,AAPL,262.33,-0.025881916078722714,0.016133961483335933
2010-04-28T00:00:00,AAPL,260.4,-0.0073571455799946893,0.016000574485820398
2010-04-29T00:00:00,AAPL,268.87,0.032526881720430216,0.016563259032907365
2010-04-30T00:00:00,AAPL,261.35,-0.027968906906683459,0.017312977074588631
2010-05-01T00:00:00,AAPL,261.42,0.00026784006122055931,0.017037411489869925
2010-05-03T00:00:00,AAPL,265.75,0.01656338459184448,0.016919031532252722
2010-05-04T00:00:00,AAPL,258.66,-0.026679209783631138,0.01752409220803966
2010-05-05T00:00:00,AAPL,255.4,-0.0126034176138561,0.017458751339373028
2010-05-06T00:00:00,AAPL,244.26,-0.043617854346123787,0.019057090817510763
2010-05-07T00:00:00,AAPL,235.72,-0.034962744616392337,0.01981846975415829
2010-05-08T00:00:00,AAPL,235.27,-0.0019090446292210615,0.019493108899895296
2010-05-10T00:00:00,AAPL,253.91,0.079228120882390382,0.023907769722259543
2010-05-11T00:00:00,AAPL,255.78,0.0073648143042810621,0.023530224375801153
2010-05-12T00:00:00,AAPL,261.77,0.023418562827429747,0.023445435603186456
2010-05-13T00:00:00,AAPL,258.48,-0.012568285135806104,0.023229886153651572
2010-05-14T00:00:00,AAPL,254.51,-0.015359021974620964,0.023073139590668545
2010-05-15T00:00:00,AAPL,251.95,-0.010058543868610281,0.022795501697882914
2010-05-17T00:00:00,AAPL,254.26,0.0091684858106767311,0.022459391862278792
2010-05-18T00:00:00,AAPL,252.18,-0.0081806025328403364,0.022162038903176851
2010-05-19T00:00:00,AAPL,248.4,-0.014989293361884372,0.021997363842767077
2010-05-20T00:00:00,AAPL,237.25,-0.044887278582930776,0.023151106148334422
2010-05-21T00:00:00,AAPL,241.72,0.018840885142255001,0.023031499229768684
2010-05-22T00:00:00,AAPL,242.72,0.0041370180373986433,0.022662127361579777
2010-05-24T00:00:00,AAPL,246.49,0.015532300593276245,0.022455280819082532
2010-05-25T00:00:00,AAPL,245.46,-0.0041786685058217412,0.022102013149323238
2010-05-26T00:00:00,AAPL,243.5,-0.0079850077405687597,0.021791447456444062
2010-05-27T00:00:00,AAPL,253.75,0.042094455852156057,0.02270559666290619
2010-05-28T00:00:00,AAPL,257.1,0.013201970443349843,0.022425578436066403
2010-05-29T00:00:00,AAPL,256.93,-0.00066122131466361692,0.022060368520405105
2010-06-01T00:00:00,AAPL,261.19,0.016580391546335543,0.021853385663028666
2010-06-02T00:00:00,AAPL,263.65,0.0094184310272214852,0.02152837263465953
2010-06-03T00:00:00,AAPL,262.97,-0.0025791769391236489,0.021193680248782647
2010-06-04T00:00:00,AAPL,256.4,-0.024983838460661101,0.021420642401768379
2010-06-05T00:00:00,AAPL,255.2,-0.0046801872074882555,0.021096917868952146
2010-06-07T00:00:00,AAPL,251.19,-0.015713166144200593,0.020974905233746989
2010-06-08T00:00:00,AAPL,249.3,-0.0075241848799712822,0.020682958959402208
2010-06-09T00:00:00,AAPL,243.4,-0.023666265543521883,0.020801772486369181
2010-06-10T00:00:00,AAPL,250.95,0.031018898931799436,0.021213028711593057
2010-06-11T00:00:00,AAPL,253.61,0.010599721059972205,0.020936370316920326
2010-06-12T00:00:00,AAPL,253.52,-0.00035487559638816844,0.020592012046679639
2010-06-14T00:00:00,AAPL,254.43,0.0035894603976017537,0.020256641836854796
2010-06-15T00:00:00,AAPL,259.6,0.020319930825767465,0.020216704857884973
2010-06-16T00:00:00,AAPL,267.49,0.030392912172573134,0.020535324859041401
2010-06-17T00:00:00,AAPL,271.95,0.016673520505439379,0.020350570055727685
2010-06-18T00:00:00,AAPL,274.12,0.0079794079794080382,0.020032687465287757
2010-06-19T00:00:00,AAPL,274.15,0.0001094411206769762,0.019710095410395159
2010-06-21T00:00:00,AAPL,270.82,-0.012146635053802606,0.019580128459544075
2010-06-22T00:00:00,AAPL,273.85,0.011188243113507235,0.019316260240500625
2010-06-23T00:00:00,AAPL,270.5,-0.012232974255979632,0.019193134733212748
2010-06-24T00:00:00,AAPL,269.62,-0.0032532347504620903,0.018904214074813443
2010-06-25T00:00:00,AAPL,266.04,-0.013277946739856035,0.01880155706115318
2010-06-26T00:00:00,AAPL,266.55,0.0019170049616598665,0.018490776345183393
2010-06-28T00:00:00,AAPL,268.2,0.0061902082160944557,0.018202109545467676
2010-06-29T00:00:00,AAPL,256.06,-0.045264727815063334,0.019808153170452279
2010-06-30T00:00:00,AAPL,251.46,-0.017964539561040358,0.019758134216386523
2010-07-01T00:00:00,AAPL,248.01,-0.013719875924600401,0.019582740316399831
2010-07-02T00:00:00,AAPL,246.75,-0.0050804403048263815,0.019275551010656828
2010-07-03T00:00:00,AAPL,246.2,-0.0022289766970618493,0.018958701149792114
2010-07-06T00:00:00,AAPL,248.9,0.010966693744922897,0.018765301150554772
2010-07-07T00:00:00,AAPL,258.95,0.040377661711530663,0.019857816391232165
2010-07-08T00:00:00,AAPL,258.18,-0.0029735470167985396,0.019541911551206291
2010-07-09T00:00:00,AAPL,259.64,0.0056549694011928863,0.019238916183616304
2010-07-10T00:00:00,AAPL,259.87,0.00088584193498697505,0.018920897140104812
2010-07-12T00:00:00,AAPL,257.89,-0.0076191942124909304,0.018671302512068558
2010-07-13T00:00:00,AAPL,253.6,-0.016634999418356635,0.018623052407428703
2010-07-14T00:00:00,AAPL,252.48,-0.004416403785488977,0.018332997726904155
2010-07-15T00:00:00,AAPL,251.8,-0.0026932826362483305,0.018036114468729905
2010-07-16T00:00:00,AAPL,249.95,-0.0073471008737093831,0.017784946988210232
2010-07-17T00:00:00,AAPL,251.69,0.0069613922784557275,0.017540711300245305
2010-07-19T00:00:00,AAPL,243.26,-0.03349358337637573,0.018260496612067915
2010-07-20T00:00:00,AAPL,259.14,0.065279947381402595,0.021569031021804869
2010-07-21T00:00:00,AAPL,254.16,-0.019217411437832795,0.021519107193620688
2010-07-22T00:00:00,AAPL,258.15,0.015698772426817678,0.021343810143011486
2010-07-23T00:00:00,AAPL,259.99,0.0071276389695914466,0.021021889656804731
2010-07-24T00:00:00,AAPL,259.93,-0.00023077810685027221,0.02067556177052304
2010-07-26T00:00:00,AAPL,259.06,-0.003347054976339801,0.020348440807869701
2010-07-27T00:00:00,AAPL,264.08,0.019377750328109247,0.020287952434607751
2010-07-28T00:00:00,AAPL,260.33,-0.014200242350802788,0.020148791664100694
2010-07-29T00:00:00,AAPL,257.75,-0.0099104982138054944,0.019910728212566647
2010-07-30T00:00:00,AAPL,257.2,-0.0021338506304559124,0.019587544291927564
2010-07-31T00:00:00,AAPL,257,-0.00077760497667180657,0.019265052189855424
2010-08-02T00:00:00,AAPL,261.73,0.01840466926070046,0.019219790160949421
2010-08-03T00:00:00,AAPL,262.03,0.0011462193863903812,0.018902100877293271
2010-08-04T00:00:00,AAPL,263.02,0.0037781933366408779,0.018596257026507811
2010-08-05T00:00:00,AAPL,261.62,-0.0053227891415100655,0.018325286329766648
2010-08-06T00:00:00,AAPL,259.98,-0.006268633896491042,0.018068253152290825
2010-08-07T00:00:00,AAPL,259.9,-0.00030771597815232294,0.017770437638430583
2010-08-09T00:00:00,AAPL,261.77,0.0071950750288572712,0.017516405625212422
2010-08-10T00:00:00,AAPL,259.15,-0.01000878633915271,0.017336790613818188
2010-08-11T00:00:00,AAPL,248.03,-0.042909511865714747,0.018747044824815692
2010-08-12T00:00:00,AAPL,251.85,0.015401362738378395,0.018669045261555293
2010-08-13T00:00:00,AAPL,248.93,-0.011594202898550674,0.018470216883447362
2010-08-14T00:00:00,AAPL,248.8,-0.000522235166512656,0.018164955160406348
2010-08-16T00:00:00,AAPL,247.8,-0.0040192926045016075,0.017874292685267933
2010-08-17T00:00:00,AAPL,251.85,0.016343825665859495,0.017848366402003584
2010-08-18T00:00:00,AAPL,252.3,0.0017867778439548028,0.017557329437566577
2010-08-19T00:00:00,AAPL,249.97,-0.0092350376535870488,0.017342648366687877
2010-08-20T00:00:00,AAPL,249.82,-0.00060007200864105965,0.017055978426912109
2010-08-21T00:00:00,AAPL,250.28,0.001841325754543303,0.016779440654453432
2010-08-23T00:00:00,AAPL,245.85,-0.017700175803100553,0.016790289132110583
2010-08-24T00:00:00,AAPL,240.12,-0.023306894447834004,0.016991002994350843
2010-08-25T00:00:00,AAPL,243.07,0.012285523904714261,0.016899094915847811
2010-08-26T00:00:00,AAPL,240.45,-0.010778788003455813,0.016706928679886428
2010-08-27T00:00:00,AAPL,241.85,0.0058224163027656714,0.016484717119218534
2010-08-28T00:00:00,AAPL,240.65,-0.0049617531527806026,0.016225155857888231
2010-08-30T00:00:00,AAPL,242.68,0.0084354872221067984,0.016055864716947296
2010-08-31T00:00:00,AAPL,243.95,0.0052332289434645698,0.015831994430996161
2010-09-01T00:00:00,AAPL,250.25,0.02582496413199431,0.016295244577341751
2010-09-02T00:00:00,AAPL,252.15,0.007592407592407615,0.016084722768213298
2010-09-03T00:00:00,AAPL,258.7,0.025976601229426861,0.016482757220754513
2010-09-04T00:00:00,AAPL,255.98,-0.010514109006571314,0.016342427862379102
2010-09-07T00:00:00,AAPL,257.86,0.0073443237752950381,0.016117103161734321
2010-09-08T00:00:00,AAPL,262.91,0.019584270534398554,0.016202850131751521
2010-09-09T00:00:00,AAPL,262.9,-3.8035829751807645e-05,0.015937374552172031
2010-09-10T00:00:00,AAPL,263.22,0.0012171928489922025,0.015673979190386628
2010-09-11T00:00:00,AAPL,263.32,0.00037991034115935675,0.015416043820910741
2010-09-13T00:00:00,AAPL,267.2,0.014734923287255034,0.015349257068455777
2010-09-14T00:00:00,AAPL,267.81,0.0022829341317365782,0.015095747913351935
2010-09-15T00:00:00,AAPL,270.3,0.0092976363840036186,0.0149063532202331
2010-09-16T00:00:00,AAPL,278.07,0.028745837957824569,0.015421509955221411
2010-09-17T00:00:00,AAPL,275.51,-0.0092063149566655959,0.015323333306502328
2010-09-18T00:00:00,AAPL,274.9,-0.0022140757141302083,0.015094485471329947
2010-09-20T00:00:00,AAPL,283.04,0.02961076755183719,0.015627923437806009
2010-09-21T00:00:00,AAPL,283.95,0.0032150932730355005,0.015369600951734608
2010-09-22T00:00:00,AAPL,287.9,0.013910899806303887,0.015235174448400097
2010-09-23T00:00:00,AAPL,289,0.0038207711010768419,0.014983368188130987
2010-09-24T00:00:00,AAPL,292.93,0.013598615916955041,0.01484352381944418
2010-09-25T00:00:00,AAPL,292.7,-0.00078517051855398281,0.014623215668048138
2010-09-27T00:00:00,AAPL,290.7,-0.0068329347454731812,0.014508257149652225
2010-09-28T00:00:00,AAPL,287.11,-0.012349501203990282,0.014548642034346141
2010-09-29T00:00:00,AAPL,287.37,0.00090557625997001465,0.014312885770345896
2010-09-30T00:00:00,AAPL,284.06,-0.011518251731217602,0.014312061374230281
2010-10-01T00:00:00,AAPL,282.55,-0.0053157783566851755,0.014143794737596851
2010-10-02T00:00:00,AAPL,282.62,0.00024774376216596416,0.013914245002843845
2010-10-04T00:00:00,AAPL,278.64,-0.014082513622532086,0.013989394470876297
2010-10-05T00:00:00,AAPL,289.1,0.037539477461958216,0.015199132136186986
2010-10-06T00:00:00,AAPL,289.44,0.0011760636457972154,0.014950555636829812
2010-10-07T00:00:00,AAPL,289.48,0.00013819789939199995,0.014710598942416355
2010-10-08T00:00:00,AAPL,294.2,0.016305098797844308,0.014674898735938481
2010-10-09T00:00:00,AAPL,293.83,-0.0012576478585996076,0.014453151635189737
2010-10-11T00:00:00,AAPL,296.27,0.0083041214307592748,0.014247085610651033
2010-10-12T00:00:00,AAPL,298.86,0.0087420258547947216,0.014048209186499109
2010-10-13T00:00:00,AAPL,301.11,0.0075286087131098169,0.013837025094991295
2010-10-14T00:00:00,AAPL,305.24,0.013715917770914268,0.013733308110766508
2010-10-15T00:00:00,AAPL,315.9,0.034923339011924938,0.014619921585807889
2010-10-16T00:00:00,AAPL,316.4,0.0015827793605571385,0.014389714938603599
2010-10-18T00:00:00,AAPL,297.85,-0.058628318584070659,0.018152416438128829
2010-10-19T00:00:00,AAPL,308.7,0.036427732079905878,0.018857629746856962
2010-10-20T00:00:00,AAPL,311.09,0.0077421444768383104,0.018560048781700558
2010-10-21T00:00:00,AAPL,308.3,-0.0089684657173164165,0.018397633897950353
2010-10-22T00:00:00,AAPL,307.47,-0.0026921829386960237,0.018126797003434097
2010-10-23T00:00:00,AAPL,307.55,0.00026018798581970299,0.017835086583462421
2010-10-25T00:00:00,AAPL,308.72,0.003804259470004929,0.017540697129318588
2010-10-26T00:00:00,AAPL,307.4,-0.0042757190982121336,0.017302159413124921
2010-10-27T00:00:00,AAPL,306.36,-0.0033832140533505651,0.017053555875907376
2010-10-28T00:00:00,AAPL,305.59,-0.0025133829481656829,0.016797736683469604
2010-10-29T00:00:00,AAPL,300.35,-0.017147157956739267,0.016893610053352829
2010-10-30T00:00:00,AAPL,300.84,0.0016314299983351164,0.016614417959157642
2010-11-01T00:00:00,AAPL,304.14,0.010969285999202272,0.016421237157438942
2010-11-02T00:00:00,AAPL,309.9,0.018938646675872924,0.016428115341693115
2010-11-03T00:00:00,AAPL,313.29,0.010939012584704883,0.016223825661835688
2010-11-04T00:00:00,AAPL,316.9,0.011522870184174269,0.016029055268941668
2010-11-05T00:00:00,AAPL,317.38,0.0015146733985484954,0.015767244847772158
2010-11-06T00:00:00,AAPL,317.93,0.001732938433423692,0.015508886940978746
2010-11-08T00:00:00,AAPL,318.53,0.0018872078759474282,0.015254246886851747
2010-11-09T00:00:00,AAPL,315.7,-0.0088845634634099908,0.015156245223397447
2010-11-10T00:00:00,AAPL,317.05,0.0042762115932848364,0.014908303235840708
2010-11-11T00:00:00,AAPL,316.79,-0.00082005992745620845,0.014676107185324182
2010-11-12T00:00:00,AAPL,308.08,-0.027494554752359721,0.015415983793137269
2010-11-13T00:00:00,AAPL,307.45,-0.0020449233965203696,0.01517584577233399
2010-11-15T00:00:00,AAPL,307.19,-0.00084566596194500217,0.014931189765161666
2010-11-16T00:00:00,AAPL,301.1,-0.019824864090627867,0.0151742446473028
2010-11-17T00:00:00,AAPL,300.51,-0.0019594818997012015,0.014931482572493035
2010-11-18T00:00:00,AAPL,309.26,0.029117167481947356,0.01554706232560904
2010-11-19T00:00:00,AAPL,306.81,-0.0079221367134449609,0.015385716886580749
2010-11-20T00:00:00,AAPL,307,0.00061927577327987261,0.015131888947844032
2010-11-22T00:00:00,AAPL,313.64,0.021628664495113963,0.015323795601745738
2010-11-23T00:00:00,AAPL,308.62,-0.016005611529141633,0.015411522722526317
2010-11-24T00:00:00,AAPL,314.68,0.019635798068822506,0.015508049257257173
2010-11-25T00:00:00,AAPL,315,0.0010169060633023808,0.01525263814220325
2010-11-26T00:00:00,AAPL,314.75,-0.00079365079365079365,0.015008471031569966
2010-11-29T00:00:00,AAPL,316.55,0.0057188244638602427,0.014776817883556203
2010-11-30T00:00:00,AAPL,310.68,-0.018543673985152439,0.014992020351401562
2010-12-01T00:00:00,AAPL,316.21,0.017799665250418348,0.015039214327593942
2010-12-02T00:00:00,AAPL,317.97,0.0055659213813606398,0.014805785497805164
2010-12-03T00:00:00,AAPL,317.26,-0.0022329150548795053,0.014580472454165669
2010-12-04T00:00:00,AAPL,317.36,0.00031519889049997713,0.01434200112915297
2010-12-06T00:00:00,AAPL,320.08,0.0085707083438365597,0.01415769609696536
2010-12-07T00:00:00,AAPL,318.75,-0.0041552111972006506,0.01396737943864659
2010-12-08T00:00:00,AAPL,320.95,0.0069019607843136899,0.013767119058124336
2010-12-09T00:00:00,AAPL,319.5,-0.0045178376694188773,0.013589418169417626
2010-12-10T00:00:00,AAPL,320.15,0.0020344287949921043,0.013364883991887689
2010-12-11T00:00:00,AAPL,320.38,0.00071841324379202942,0.013145282987669375
2010-12-13T00:00:00,AAPL,322.22,0.0057431799737812346,0.012948140577870533
2010-12-14T00:00:00,AAPL,320.02,-0.0068276332940228578,0.012829192940942022
2010-12-15T00:00:00,AAPL,320.89,0.0027185800887444679,0.012618813070166717
2010-12-16T00:00:00,AAPL,321.58,0.0021502695627785154,0.012410606587682137
2010-12-17T00:00:00,AAPL,320.36,-0.0037937682691708764,0.012244187654389321
2010-12-18T00:00:00,AAPL,320.37,3.1214883256308231e-05,0.012044475229621576
2010-12-20T00:00:00,AAPL,321.85,0.0046196585198364955,0.01185947470609967
2010-12-21T00:00:00,AAPL,324.01,0.0067112008699703836,0.011700829144786248
2010-12-22T00:00:00,AAPL,324.99,0.0030245980062344317,0.011509958012457638
2010-12-23T00:00:00,AAPL,323.6,-0.0042770546786054537,0.011370833745528009
2010-12-24T00:00:00,AAPL,323.41,-0.00058714462299134032,0.011189301073256072
2010-12-27T00:00:00,AAPL,324.7,0.0039887449367674577,0.011013741976081112
2010-12-28T00:00:00,AAPL,325.41,0.0021866338158301091,0.010832309703001718
2010-12-29T00:00:00,AAPL,325.34,-0.00021511324175670698,0.010658017213953661
2010-12-30T00:00:00,AAPL,325.62,0.00086063810167833518,0.010482471163789574
2010-12-31T00:00:00,AAPL,323.1,-0.0077390823659479815,0.010441297013786318
2011-01-01T00:00:00,AAPL,323.38,0.00086660476632613025,0.010268854111578024
2011-01-03T00:00:00,AAPL,329.46,0.018801410105757883,0.010583932212228012
2011-01-04T00:00:00,AAPL,331.19,0.0052510168153949441,0.010427992003855302
2011-01-05T00:00:00,AAPL,334.07,0.0086959147317249783,0.010328806289949465
2011-01-06T00:00:00,AAPL,333.63,-0.0013170892327955151,0.010176427498571972
2011-01-07T00:00:00,AAPL,336.85,0.0096514102448821363,0.010102740593756928
2011-01-08T00:00:00,AAPL,338.1,0.0037108505269407748,0.0099393226193827035
2011-01-10T00:00:00,AAPL,342.5,0.013013901212658909,0.0099634806237284771
2011-01-11T00:00:00,AAPL,341.77,-0.0021313868613139215,0.0098359588987116282
2011-01-12T00:00:00,AAPL,344.29,0.0073733797583171107,0.0097133629734921512
2011-01-13T00:00:00,AAPL,346.28,0.0057800110372068668,0.0095695251928638054
2011-01-14T00:00:00,AAPL,348.38,0.0060644565091833857,0.0094303236845347249
2011-01-15T00:00:00,AAPL,348.4,5.7408576841327888e-05,0.0092879240738115917
2011-01-18T00:00:00,AAPL,346.88,-0.0043628013777266992,0.0092233198031518113
2011-01-19T00:00:00,AAPL,338.29,-0.024763607011070037,0.010309437429977161
2011-01-20T00:00:00,AAPL,333.05,-0.015489668627508968,0.01059458012010194
2011-01-21T00:00:00,AAPL,326.62,-0.01930641044888157,0.011042906644293003
2011-01-22T00:00:00,AAPL,326.42,-0.0006123323740125792,0.010861873919980072
2011-01-24T00:00:00,AAPL,337.15,0.032871760308804489,0.012173558689704088
2011-01-25T00:00:00,AAPL,341.48,0.012842948242622101,0.01214655157962968
2011-01-26T00:00:00,AAPL,344.05,0.0075260630197961607,0.011989908067626618
2011-01-27T00:00:00,AAPL,342.71,-0.0038947827350676698,0.011838975823484631
2011-01-28T00:00:00,AAPL,335.95,-0.019725132035832021,0.012268006883765009
2011-01-29T00:00:00,AAPL,335.1,-0.0025301384134542816,0.012082731954234774
2011-01-31T00:00:00,AAPL,339,0.011638316920322224,0.012036374990589929
2011-02-01T00:00:00,AAPL,344.52,0.016283185840707912,0.012138475379072288
2011-02-02T00:00:00,AAPL,344.12,-0.0011610356437941987,0.011949765844486256
2011-02-03T00:00:00,AAPL,343.37,-0.0021794722771126349,0.011773031107488265
2011-02-04T00:00:00,AAPL,346.43,0.008911669627515514,0.011652885311444178
2011-02-05T00:00:00,AAPL,346.48,0.00014432930173487101,0.011464249368719565
2011-02-07T00:00:00,AAPL,351.81,0.015383283306395705,0.011536640010065699
2011-02-08T00:00:00,AAPL,355.28,0.0098632784741763176,0.011428686498744577
2011-02-09T00:00:00,AAPL,357.95,0.0075151992794416124,0.01127623406876352
2011-02-10T00:00:00,AAPL,353.69,-0.011901103506076243,0.011392922519407782
2011-02-11T00:00:00,AAPL,356.65,0.0083689106279509727,0.011259968015982186
2011-02-12T00:00:00,AAPL,356.9,0.00070096733492219267,0.011077856647474342
2011-02-14T00:00:00,AAPL,358.7,0.0050434295320818476,0.010905811752958001
2011-02-15T00:00:00,AAPL,360.18,0.0041260105938110353,0.010730030239739827
2011-02-16T00:00:00,AAPL,362.88,0.0074962518740629364,0.010591441245497319
2011-02-17T00:00:00,AAPL,358.7,-0.011518959435626121,0.010721330065696411
2011-02-18T00:00:00,AAPL,350.11,-0.023947588514078549,0.011539162974210711
2011-02-19T00:00:00,AAPL,349.17,-0.0026848704692810765,0.011370957999680988
2011-02-22T00:00:00,AAPL,338.28,-0.031188246412922196,0.012602564060669636
2011-02-23T00:00:00,AAPL,342.8,0.013361712191084424,0.012620695910357268
2011-02-24T00:00:00,AAPL,341.9,-0.0026254375729289209,0.01242510854567906
2011-02-25T00:00:00,AAPL,348.13,0.018221702252120556,0.012630110004413622
2011-02-26T00:00:00,AAPL,349,0.0024990664406974537,0.012424165379044051
2011-02-28T00:00:00,AAPL,353.36,0.012492836676217804,0.01238977542252901
2011-03-01T00:00:00,AAPL,348.28,-0.014376273488793414,0.012511830078900789
2011-03-02T00:00:00,AAPL,352.15,0.01111174916733664,0.012440215730636466
2011-03-03T00:00:00,AAPL,359.5,0.020871787590515473,0.01273139998403486
2011-03-04T00:00:00,AAPL,359.99,0.0013630041724617778,0.012521324858369764
2011-03-05T00:00:00,AAPL,360.01,5.5557098808249699e-05,0.012318730370433724
2011-03-07T00:00:00,AAPL,355,-0.013916280103330438,0.012440544104092491
2011-03-08T00:00:00,AAPL,355.57,0.0016056338028168822,0.012235016822516378
2011-03-09T00:00:00,AAPL,352.2,-0.0094777399668138605,0.012187982244362501
2011-03-10T00:00:00,AAPL,347.15,-0.014338444065871696,0.012297529396938584
2011-03-11T00:00:00,AAPL,352.74,0.016102549330260788,0.012416064314525393
2011-03-12T00:00:00,AAPL,353.4,0.0018710665079094181,0.012211883723336254
2011-03-14T00:00:00,AAPL,353.27,-0.00036785512167514277,0.012012552165640004
2011-03-15T00:00:00,AAPL,344.9,-0.023692926090525673,0.012616296074808334
2011-03-16T00:00:00,AAPL,331.11,-0.039982603653232716,0.014349191021432795
2011-03-17T00:00:00,AAPL,334.02,0.0087886200960404937,0.014224725755394159
2011-03-18T00:00:00,AAPL,330.05,-0.01188551583737492,0.014129576893414117
2011-03-19T00:00:00,AAPL,330.17,0.0003635812755643222,0.013898849732750415
2011-03-21T00:00:00,AAPL,339.49,0.028227882605930257,0.014651778235158416
2011-03-22T00:00:00,AAPL,341.4,0.0056260861881055942,0.014447326248507109
2011-03-23T00:00:00,AAPL,339.18,-0.0065026362038663466,0.01425649381510985
2011-03-24T00:00:00,AAPL,344.9,0.016864201898696769,0.01435211984027511
2011-03-25T00:00:00,AAPL,351.65,0.019570890113076254,0.014530730148098435
2011-03-26T00:00:00,AAPL,352.3,0.0018484288354899308,0.014291383792933654
2011-03-28T00:00:00,AAPL,350.35,-0.0055350553505534731,0.014104208315938532
2011-03-29T00:00:00,AAPL,351.18,0.0023690595119166091,0.013873942736774324
2011-03-30T00:00:00,AAPL,348.7,-0.0070619055754884055,0.013718329318504001
2011-03-31T00:00:00,AAPL,348.85,0.00043016919988538601,0.013491594163249085
2011-04-01T00:00:00,AAPL,344.3,-0.013042855095313204,0.013492308675151681
2011-04-02T00:00:00,AAPL,344.7,0.0011617775196049295,0.013270558725715911
2011-04-04T00:00:00,AAPL,341.48,-0.0093414563388452866,0.013162483246143551
2011-04-05T00:00:00,AAPL,338.59,-0.0084631603607826025,0.013030865628011385
2011-04-06T00:00:00,AAPL,337.75,-0.002480876576390251,0.012820832861599081
2011-04-07T00:00:00,AAPL,337.85,0.00029607698001487116,0.012609679503431968
2011-04-08T00:00:00,AAPL,335.02,-0.0083764984460560632,0.012482518012298729
2011-04-09T00:00:00,AAPL,335.07,0.00014924482120473815,0.01227716661981045
2011-04-11T00:00:00,AAPL,330.79,-0.012773450323812854,0.012267712113420958
2011-04-12T00:00:00,AAPL,332.46,0.0050485202091960424,0.012115096808368845
2011-04-13T00:00:00,AAPL,335.95,0.010497503459062772,0.012088860868816402
2011-04-14T00:00:00,AAPL,331.36,-0.013662747432653595,0.012121369613426016
2011-04-15T00:00:00,AAPL,327.66,-0.01116610333172377,0.012061574479441544
2011-04-16T00:00:00,AAPL,328.4,0.0022584386254042368,0.011879174143968095
2011-04-18T00:00:00,AAPL,331.29,0.0088002436053594493,0.011818971434245039
2011-04-19T00:00:00,AAPL,339.17,0.023785806996890927,0.012436090398823478
2011-04-20T00:00:00,AAPL,350.9,0.034584426688681079,0.013719305443380294
2011-04-21T00:00:00,AAPL,350.9,0,0.013493990418012606
2011-04-22T00:00:00,AAPL,350.95,0.00014249073810205577,0.013271981973403292
2011-04-25T00:00:00,AAPL,353.05,0.0059837583701382617,0.013082743683435982
2011-04-26T00:00:00,AAPL,350.03,-0.0085540291743380209,0.012985241344388476
2011-04-27T00:00:00,AAPL,350.16,0.00037139673742265605,0.012770924924364283
2011-04-28T00:00:00,AAPL,346.77,-0.0096812885538040978,0.01270184360848768
2011-04-29T00:00:00,AAPL,348.24,0.0042391210312311542,0.012509719221924667
2011-04-30T00:00:00,AAPL,349.7,0.0041925109120146435,0.01231944084421485
2011-05-02T00:00:00,AAPL,346.43,-0.0093508721761509355,0.012251065689490971
2011-05-03T00:00:00,AAPL,349.05,0.0075628554109055347,0.012116505676810831
2011-05-04T00:00:00,AAPL,349.36,0.00088812491047128572,0.011916288738591591
2011-05-05T00:00:00,AAPL,347.09,-0.0064975956033891643,0.011789759770659389
2011-05-06T00:00:00,AAPL,346.39,-0.0020167679852487502,0.011603221906555508
2011-05-07T00:00:00,AAPL,346.87,0.0013857212968042328,0.011412925817246362
2011-05-09T00:00:00,AAPL,347.4,0.0015279499524316681,0.011226138742113371
2011-05-10T00:00:00,AAPL,349.2,0.0051813471502591005,0.011073566815439456
2011-05-11T00:00:00,AAPL,347.06,-0.0061282932416952644,0.010956957966824853
2011-05-12T00:00:00,AAPL,346.5,-0.001613553852359829,0.010781668919822931
2011-05-13T00:00:00,AAPL,340.5,-0.017316017316017316,0.011065087423657983
2011-05-14T00:00:00,AAPL,340.5,0,0.010882298296858913
2011-05-16T00:00:00,AAPL,332.68,-0.022966226138032286,0.01145209531329216
2011-05-17T00:00:00,AAPL,336.92,0.012744980161115815,0.011530729466365309
2011-05-18T00:00:00,AAPL,340.14,0.0095571649056154888,0.011484894665812781
2011-05-19T00:00:00,AAPL,340.62,0.0014111836302699425,0.011298908766920482
2011-05-20T00:00:00,AAPL,334.99,-0.016528682989842038,0.011493468234747155
2011-05-21T00:00:00,AAPL,334.95,-0.00011940654944929837,0.011303987258884996
2011-05-23T00:00:00,AAPL,334.65,-0.0008956560680698952,0.011117189494662377
2011-05-24T00:00:00,AAPL,331.91,-0.0081876587479454734,0.011015742589985111
2011-05-25T00:00:00,AAPL,336.69,0.014401494381006815,0.011178822274703976
2011-05-26T00:00:00,AAPL,335,-0.0050194540972407784,0.011024689163978592
2011-05-27T00:00:00,AAPL,337.75,0.0082089552238805968,0.010957104899996494
2011-05-28T00:00:00,AAPL,337.45,-0.00088823094004444522,0.01077649054653896
2011-05-31T00:00:00,AAPL,347.83,0.030760112609275435,0.011978619353930603
2011-06-01T00:00:00,AAPL,345.52,-0.0066411752867780302,0.011854030985107221
2011-06-02T00:00:00,AAPL,346.3,0.0022574670062515327,0.011662582739127771
2011-06-03T00:00:00,AAPL,343.49,-0.0081143517181634477,0.011573959190537574
2011-06-04T00:00:00,AAPL,343.45,-0.00011645171620722718,0.01138281084605928
2011-06-06T00:00:00,AAPL,337.44,-0.017498908138011329,0.011638023738824995
2011-06-07T00:00:00,AAPL,332.63,-0.014254385964912287,0.011714375497226223
2011-06-08T00:00:00,AAPL,332,-0.0018939963322610572,0.011522356976033614
2011-06-09T00:00:00,AAPL,331.33,-0.0020180722891566744,0.01133382265449079
2011-06-10T00:00:00,AAPL,325.52,-0.017535387679956545,0.011540267980931848
2011-06-11T00:00:00,AAPL,325.58,0.00018432047186041497,0.011353240719446675
2011-06-13T00:00:00,AAPL,326.68,0.0033785859082253911,0.011198277404877614
2011-06-14T00:00:00,AAPL,332.6,0.01812170931798707,0.011548336075156615
2011-06-15T00:00:00,AAPL,326.98,-0.016897173782321119,0.011728763299048746
2011-06-16T00:00:00,AAPL,325.8,-0.0036087834118294902,0.011543487019316912
2011-06-17T00:00:00,AAPL,320,-0.017802332719459826,0.011737225765402799
2011-06-18T00:00:00,AAPL,320.1,0.00031250000000007108,0.01154916805217172
2011-06-20T00:00:00,AAPL,315.2,-0.01530771633864428,0.011618709433993806
2011-06-21T00:00:00,AAPL,325.3,0.032043147208121903,0.012970506476634244
2011-06-22T00:00:00,AAPL,322.49,-0.008638180141407938,0.012829416560890461
2011-06-23T00:00:00,AAPL,330.45,0.024682935904989239,0.013450101317897659
2011-06-24T00:00:00,AAPL,325.76,-0.01419276743834165,0.013457311320953196
2011-06-25T00:00:00,AAPL,325.96,0.00061394891944986684,0.013237518158102759
2011-06-27T00:00:00,AAPL,332.3,0.019450239293164903,0.013517768940729664
2011-06-28T00:00:00,AAPL,335.6,0.0099307854348480631,0.013417012441804876
2011-06-29T00:00:00,AAPL,334.18,-0.004231227651966674,0.013218990906599283
2011-06-30T00:00:00,AAPL,335.5,0.003949967083607616,0.013019468658977667
2011-07-01T00:00:00,AAPL,342.45,0.020715350223546911,0.013325523226210462
2011-07-02T00:00:00,AAPL,343.05,0.0017520805957074691,0.013106279585143075
2011-07-05T00:00:00,AAPL,349.4,0.018510421221396199,0.013273299571239848
2011-07-06T00:00:00,AAPL,351.86,0.0070406410990270082,0.01309249195016945
2011-07-07T00:00:00,AAPL,357.42,0.01580173932814188,0.013125179620704211
2011-07-08T00:00:00,AAPL,360,0.0072183985227463037,0.012940975150320463
2011-07-09T00:00:00,AAPL,360.2,0.000555555555555524,0.012730750703718634
2011-07-11T00:00:00,AAPL,354.08,-0.016990560799555816,0.01298625912918938
2011-07-12T00:00:00,AAPL,353.82,-0.00073429733393580801,0.012778338667151843
2011-07-13T00:00:00,AAPL,358.49,0.013198801650556825,0.012741469643590535
2011-07-14T00:00:00,AAPL,359.85,0.0037936902005635126,0.012535540333468129
2011-07-15T00:00:00,AAPL,365.05,0.014450465471724298,0.012531124912503407
2011-07-16T00:00:00,AAPL,365.5,0.001232707848239936,0.012325639339507753
2011-07-18T00:00:00,AAPL,374.46,0.024514363885088864,0.012760306501150712
2011-07-19T00:00:00,AAPL,397.3,0.060994498744859349,0.016302555603914876
2011-07-20T00:00:00,AAPL,386.15,-0.028064434935816847,0.017094020085199012
2011-07-21T00:00:00,AAPL,387.73,0.0040916742198628536,0.016811503843903702
2011-07-22T00:00:00,AAPL,393.16,0.014004590823511224,0.016633416867915966
2011-07-23T00:00:00,AAPL,391.54,-0.0041204598636687467,0.016426649813174835
2011-07-25T00:00:00,AAPL,398.59,0.018005823159830295,0.016351613650144592
2011-07-26T00:00:00,AAPL,403,0.011064000602122545,0.016125871881384261
2011-07-27T00:00:00,AAPL,392.22,-0.02674937965260539,0.016829644546789948
2011-07-28T00:00:00,AAPL,391.18,-0.0026515730967314782,0.016589287582634341
2011-07-29T00:00:00,AAPL,390.25,-0.0023774221585970826,0.01634779023531923
2011-07-30T00:00:00,AAPL,391.75,0.0038436899423446511,0.016077987566626661
2011-08-01T00:00:00,AAPL,397.3,0.014167198468411005,0.015934128370975496
2011-08-02T00:00:00,AAPL,388.9,-0.021142713314875494,0.016287100861552346
2011-08-03T00:00:00,AAPL,392.19,0.0084597582926202643,0.016050530924080677
2011-08-04T00:00:00,AAPL,377.92,-0.036385425431550988,0.01729354560744838
2011-08-05T00:00:00,AAPL,373.12,-0.012701100762066075,0.017202062025675476
2011-08-06T00:00:00,AAPL,374.1,0.0026265008576329819,0.01691968408146953
2011-08-08T00:00:00,AAPL,351.5,-0.060411654637797435,0.019986156958466662
2011-08-09T00:00:00,AAPL,373.26,0.061906116642958725,0.022651740859013871
2011-08-10T00:00:00,AAPL,365.68,-0.020307560413652639,0.022611769617553627
2011-08-11T00:00:00,AAPL,373.1,0.020290964777947975,0.022518467732641771
2011-08-12T00:00:00,AAPL,377.01,0.010479764138300637,0.022208732524929536
2011-08-13T00:00:00,AAPL,377.5,0.0012997002732023264,0.021841654180057502
2011-08-15T00:00:00,AAPL,383.27,0.015284768211920482,0.021622667254341039
2011-08-16T00:00:00,AAPL,380.3,-0.0077491063740965128,0.021336562938524106
2011-08-17T00:00:00,AAPL,379.51,-0.0020773073889035509,0.020994478573127341
2011-08-18T00:00:00,AAPL,366.7,-0.033754051276646206,0.021597151263743737
2011-08-19T00:00:00,AAPL,355.85,-0.029588219252795107,0.021910494293144307
2011-08-20T00:00:00,AAPL,357,0.0032316987494730286,0.021559417810509258
2011-08-22T00:00:00,AAPL,359.7,0.0075630252100840015,0.02125235991574766
2011-08-23T00:00:00,AAPL,373.47,0.038281901584653985,0.022015608675279963
2011-08-24T00:00:00,AAPL,375.22,0.0046857846681125654,0.021661628936361865
2011-08-25T00:00:00,AAPL,373.7,-0.0040509567720271806,0.021324039701759837
2011-08-26T00:00:00,AAPL,383.19,0.02539470163232542,0.021424918679239135
2011-08-27T00:00:00,AAPL,383.16,-7.8290143270890985e-05,0.021073410733778355
2011-08-29T00:00:00,AAPL,390,0.017851550266207262,0.020926532538764475
2011-08-30T00:00:00,AAPL,388.14,-0.0047692307692308042,0.020619177344359713
2011-08-31T00:00:00,AAPL,385,-0.0080898644818879432,0.020359444100179012
2011-09-01T00:00:00,AAPL,380.95,-0.010519480519480548,0.020142553928298116
2011-09-02T00:00:00,AAPL,374.6,-0.01666885418033854,0.020070341748483361
2011-09-03T00:00:00,AAPL,374.59,-2.6695141484377329e-05,0.019739007963634585
2011-09-06T00:00:00,AAPL,380.23,0.015056461731493215,0.019583756952241113
2011-09-07T00:00:00,AAPL,383.89,0.0096257528338110302,0.019320132298143323
2011-09-08T00:00:00,AAPL,382.48,-0.0036729271405870644,0.019022809413579828
2011-09-09T00:00:00,AAPL,377.56,-0.012863417695042919,0.018879444524186356
2011-09-10T00:00:00,AAPL,377,-0.0014832079669456571,0.018571871523141818
2011-09-12T00:00:00,AAPL,380.65,0.0096816976127320348,0.018335642475520296
2011-09-13T00:00:00,AAPL,383.68,0.0079600683042165502,0.018075647590706692
2011-09-14T00:00:00,AAPL,389.3,0.014647623019182664,0.017939135441448439
2011-09-15T00:00:00,AAPL,393,0.0095042383765733072,0.017698448360086026
2011-09-16T00:00:00,AAPL,400.08,0.018015267175572478,0.017643732489467105
2011-09-17T00:00:00,AAPL,400.3,0.0005498900219956691,0.017355487295718099
2011-09-19T00:00:00,AAPL,411.58,0.028178865850611971,0.017685170017796646
2011-09-20T00:00:00,AAPL,414.98,0.0082608484377278638,0.017416122558774522
2011-09-21T00:00:00,AAPL,411.93,-0.0073497517952672686,0.017236906903820709
2011-09-22T00:00:00,AAPL,403,-0.021678440511737448,0.017524375941401129
2011-09-23T00:00:00,AAPL,404.21,0.0030024813895781128,0.017235230050537332
2011-09-24T00:00:00,AAPL,404.1,-0.00027213577101001165,0.016956488419845584
2011-09-26T00:00:00,AAPL,402.85,-0.0030932937391734716,0.016703153670813868
2011-09-27T00:00:00,AAPL,400.8,-0.0050887427082040738,0.016476519334879772
2011-09-28T00:00:00,AAPL,397.01,-0.0094560878243513478,0.016329370492183883
2011-09-29T00:00:00,AAPL,391.16,-0.014735145210448015,0.016319208273299048
2011-09-30T00:00:00,AAPL,381.4,-0.024951426526229795,0.016706636188837824
2011-10-01T00:00:00,AAPL,380.4,-0.0026219192448872575,0.016437414977664575
2011-10-03T00:00:00,AAPL,374.4,-0.01577287066246057,0.016410448539373266
2011-10-04T00:00:00,AAPL,371.85,-0.0068108974358973146,0.016178111982456785
2011-10-05T00:00:00,AAPL,378.5,0.01788355519698797,0.016259490782975113
2011-10-06T00:00:00,AAPL,376.98,-0.0040158520475560948,0.016005719460712206
2011-10-07T00:00:00,AAPL,369.95,-0.018648204148761286,0.016082870275050482
2011-10-08T00:00:00,AAPL,370.23,0.00075685903500481027,0.015819773212691755
2011-10-10T00:00:00,AAPL,390.01,0.05342624854819969,0.018357661241321366
2011-10-11T00:00:00,AAPL,398.41,0.021537909284377411,0.0184290228187215
2011-10-12T00:00:00,AAPL,402.02,0.0090610175447402332,0.018173566424342889
2011-10-13T00:00:00,AAPL,411.73,0.024153027212576582,0.018315827629420637
2011-10-14T00:00:00,AAPL,421.7,0.024214898112840867,0.018426699621817377
2011-10-15T00:00:00,AAPL,422,0.00071140621294762008,0.018128088249974979
2011-10-17T00:00:00,AAPL,418.5,-0.0082938388625592423,0.017947923373887436
2011-10-18T00:00:00,AAPL,394.96,-0.056248506571087264,0.020595437963933812
2011-10-19T00:00:00,AAPL,398.65,0.0093427182499493562,0.020311594679075208
2011-10-20T00:00:00,AAPL,395.34,-0.008303022701617967,0.020048324366404465
2011-10-21T00:00:00,AAPL,392.64,-0.006829564425557719,0.01976535368351217
2011-10-22T00:00:00,AAPL,394.5,0.0047371638141809639,0.019452700559638644
2011-10-24T00:00:00,AAPL,404.67,0.025779467680608407,0.019651950646490168
2011-10-25T00:00:00,AAPL,396.96,-0.019052561346282245,0.019678848585719583
2011-10-26T00:00:00,AAPL,400.56,0.0090689238210399613,0.019409110217966992
2011-10-27T00:00:00,AAPL,405.15,0.011458957459556558,0.019177576201445407
2011-10-28T00:00:00,AAPL,405,-0.00037023324694551962,0.018863568707004352
2011-10-29T00:00:00,AAPL,404.2,-0.0019753086419753369,0.018561896432995634
2011-10-31T00:00:00,AAPL,404.5,0.00074220682830284854,0.018255371601193487
2011-11-01T00:00:00,AAPL,397.5,-0.0173053152039555,0.018262190050483715
2011-11-02T00:00:00,AAPL,398.89,0.0034968553459119155,0.017967337625663084
2011-11-03T00:00:00,AAPL,402.59,0.0092757401789966883,0.017735901208654044
2011-11-04T00:00:00,AAPL,399.98,-0.0064830224297671504,0.017495378556230394
2011-11-05T00:00:00,AAPL,401.5,0.0038001900095004293,0.017214488869273587
2011-11-07T00:00:00,AAPL,399.59,-0.0047571606475716689,0.016960597993712381
2011-11-08T00:00:00,AAPL,406.69,0.017768212417728229,0.016958434076019952
2011-11-09T00:00:00,AAPL,395.3,-0.028006589785831926,0.017488355073217565
2011-11-10T00:00:00,AAPL,385.22,-0.02549962054136095,0.017813846782264501
2011-11-11T00:00:00,AAPL,384.2,-0.0026478375992940099,0.017523567212873549
2011-11-12T00:00:00,AAPL,384.11,-0.00023425299323262622,0.017234016888797925
2011-11-14T00:00:00,AAPL,379.71,-0.011455051938246944,0.017061406268665518
2011-11-15T00:00:00,AAPL,389.1,0.024729398751679028,0.017400626934406898
2011-11-16T00:00:00,AAPL,384.02,-0.013055769725006529,0.017270685819600836
2011-11-17T00:00:00,AAPL,378,-0.015676266861100938,0.017202050224139766
2011-11-18T00:00:00,AAPL,375.04,-0.0078306878306877766,0.016961962053931228
2011-11-19T00:00:00,AAPL,375,-0.00010665529010244364,0.016682810666363356
2011-11-21T00:00:00,AAPL,368.5,-0.017333333333333333,0.016660942237570892
2011-11-22T00:00:00,AAPL,376.05,0.020488466757123503,0.016864221636583448
2011-11-23T00:00:00,AAPL,367.2,-0.023534104507379399,0.017072049267707216
2011-11-24T00:00:00,AAPL,368.19,0.0026960784313725737,0.016808715773403839
2011-11-25T00:00:00,AAPL,365.21,-0.0080936473016649507,0.016572044553690449
2011-11-28T00:00:00,AAPL,376.13,0.029900605131294368,0.01726406008057698
2011-11-29T00:00:00,AAPL,372.43,-0.0098370244330417377,0.017056651607553347
2011-11-30T00:00:00,AAPL,382.1,0.025964610799344885,0.017462793567940414
2011-12-01T00:00:00,AAPL,387.7,0.014655849254121868,0.017379478439174794
2011-12-02T00:00:00,AAPL,389.93,0.0057518700025793613,0.017120117858557105
2011-12-03T00:00:00,AAPL,389.84,-0.00023081065832337042,0.016837615515609576
2011-12-05T00:00:00,AAPL,392.66,0.0072337369177099585,0.016603854327109258
2011-12-06T00:00:00,AAPL,391.32,-0.0034126216064789684,0.016345971468047456
2011-12-07T00:00:00,AAPL,389.75,-0.004012061739752615,0.016096648756127912
2011-12-08T00:00:00,AAPL,389.35,-0.0010262989095573502,0.015832647967284588
2011-12-09T00:00:00,AAPL,393.99,0.011917298060870647,0.01570876003707811
2011-12-10T00:00:00,AAPL,394.12,0.0003299576131373777,0.015449263842758212
2011-12-12T00:00:00,AAPL,392.27,-0.0046940018268548231,0.015224973472555395
2011-12-13T00:00:00,AAPL,388.9,-0.00859102149030006,0.015062890825973459
2011-12-14T00:00:00,AAPL,380.05,-0.022756492671637867,0.015378955567051919
2011-12-15T00:00:00,AAPL,379.22,-0.0021839231680041682,0.015127726947954469
2011-12-16T00:00:00,AAPL,381.02,0.0047465850957226791,0.01490821114120011
2011-12-17T00:00:00,AAPL,381.84,0.0021521179990551501,0.014668887707439147
2011-12-19T00:00:00,AAPL,382.97,0.0029593547035408874,0.014438333704627777
2011-12-20T00:00:00,AAPL,395.2,0.031934616288482022,0.015327528532777687
2011-12-21T00:00:00,AAPL,396.16,0.0024291497975709423,0.01507681986614842
2011-12-22T00:00:00,AAPL,398.65,0.0062853392568657917,0.014859047262339982
2011-12-23T00:00:00,AAPL,403.62,0.012467076382791991,0.014755775140409188
2011-12-24T00:00:00,AAPL,403.05,-0.0014122194143005628,0.014520990508542752
2011-12-27T00:00:00,AAPL,406.5,0.0085597320431707938,0.014339356583612448
2011-12-28T00:00:00,AAPL,403.06,-0.0084624846248462435,0.014217552459090673
2011-12-29T00:00:00,AAPL,405.1,0.0050612811988290096,0.013999129062003027
2011-12-30T00:00:00,AAPL,404.96,-0.00034559368057280471,0.013771255185648656
2011-12-31T00:00:00,AAPL,404.98,4.9387593836523744e-05,0.013545580978487067
2012-01-03T00:00:00,AAPL,411.37,0.015778556965776052,0.013573306015757514
2012-01-04T00:00:00,AAPL,413.56,0.0053236745508909201,0.013364208774024914
2012-01-05T00:00:00,AAPL,418,0.010736047973691841,0.013239087393023334
2012-01-06T00:00:00,AAPL,422.4,0.01052631578947363,0.013106354418080036
2012-01-07T00:00:00,AAPL,422.28,-0.00028409090909091986,0.012899038722935094
2012-01-09T00:00:00,AAPL,421.99,-0.00068674812920328603,0.012697596914263136
2012-01-10T00:00:00,AAPL,423.24,0.002962155501315197,0.012488344271541387
2012-01-11T00:00:00,AAPL,422.76,-0.0011341083073433942,0.012297218197288457
2012-01-12T00:00:00,AAPL,421.6,-0.0027438735925820043,0.01212608906575809
2012-01-13T00:00:00,AAPL,419.97,-0.0038662239089183952,0.011972216119195427
2012-01-14T00:00:00,AAPL,419.89,-0.00019048979689035152,0.011779825809836332
2012-01-17T00:00:00,AAPL,424.9,0.011931696396675299,0.011728504785684964
2012-01-18T00:00:00,AAPL,429.42,0.010637797128736266,0.011636469330881583
2012-01-19T00:00:00,AAPL,426.5,-0.0067998695915421166,0.01156184268493279
2012-01-20T00:00:00,AAPL,420.95,-0.01301289566236814,0.011688623948181435
2012-01-21T00:00:00,AAPL,422,0.002494357999762469,0.011496609936364605
2012-01-23T00:00:00,AAPL,427.42,0.012843601895734635,0.011485450056375052
2012-01-24T00:00:00,AAPL,453.51,0.061040662580131896,0.015495980074608166
2012-01-25T00:00:00,AAPL,446.55,-0.015346960375735881,0.015627080467507076
2012-01-26T00:00:00,AAPL,444.51,-0.0045683574067854,0.015433157692726442
2012-01-27T00:00:00,AAPL,447.75,0.0072889248835796925,0.015197422343215401
2012-01-28T00:00:00,AAPL,447.64,-0.00024567280848690931,0.014958693898497608
2012-01-30T00:00:00,AAPL,453.12,0.012241980162630726,0.014803836755277897
2012-01-31T00:00:00,AAPL,455.8,0.0059145480225988849,0.014566427928882884
2012-02-01T00:00:00,AAPL,456.43,0.0013821851689337329,0.014330368645964799
2012-02-02T00:00:00,AAPL,455.18,-0.0027386455754442084,0.014136031897358226
2012-02-03T00:00:00,AAPL,459.1,0.0086119776791599278,0.013936746293696969
2012-02-04T00:00:00,AAPL,459.01,-0.00019603572206497894,0.013721093624530561
2012-02-06T00:00:00,AAPL,464.03,0.010936580902376815,0.013565130134644877
2012-02-07T00:00:00,AAPL,468.7,0.010064004482468841,0.013393201181354871
2012-02-08T00:00:00,AAPL,477.6,0.018988692127160305,0.013455090560149393
2012-02-09T00:00:00,AAPL,493.7,0.033710217755443812,0.014254637534619563
2012-02-10T00:00:00,AAPL,494.46,0.0015393963945715839,0.014034112578911871
2012-02-11T00:00:00,AAPL,494.62,0.00032358532540554348,0.013828150755564445
2012-02-13T00:00:00,AAPL,503.55,0.018054263879341729,0.013803498127004505
2012-02-14T00:00:00,AAPL,511,0.014794955813722546,0.013681494859695843
2012-02-15T00:00:00,AAPL,498,-0.025440313111545987,0.014566541346698955
2012-02-16T00:00:00,AAPL,496,-0.0040160642570281121,0.014409341898127238
2012-02-17T00:00:00,AAPL,503.44,0.014999999999999996,0.01430008627073576
2012-02-18T00:00:00,AAPL,503.3,-0.00027808676307005076,0.01409187137172071
2012-02-21T00:00:00,AAPL,516.14,0.025511623286310302,0.014362555534624896
2012-02-22T00:00:00,AAPL,513.72,-0.0046886503661796395,0.014236478774496101
2012-02-23T00:00:00,AAPL,516.88,0.0061512107762983102,0.014003003602868226
2012-02-24T00:00:00,AAPL,521.8,0.0095186503637207064,0.013796231830136193
2012-02-25T00:00:00,AAPL,522.01,0.00040245304714456954,0.013594094082470896
2012-02-27T00:00:00,AAPL,525.8,0.0072603973103962834,0.013375980706383812
2012-02-28T00:00:00,AAPL,536.25,0.019874476987447785,0.013423409640531288
2012-02-29T00:00:00,AAPL,542.59,0.011822843822843883,0.013250481435389108
2012-03-01T00:00:00,AAPL,544.79,0.0040546268821761025,0.013034772896129709
2012-03-02T00:00:00,AAPL,545.2,0.00075258356430933366,0.012849314443519437
2012-03-03T00:00:00,AAPL,544.55,-0.0011922230374176283,0.012693584041367823
2012-03-05T00:00:00,AAPL,534.1,-0.019190157010375415,0.013233456987934595
2012-03-06T00:00:00,AAPL,529.75,-0.0081445422205579897,0.013210050773885174
2012-03-07T00:00:00,AAPL,531.4,0.0031146767343085933,0.012992763871813525
2012-03-08T00:00:00,AAPL,541.8,0.019570944674444819,0.013079783897385894
2012-03-09T00:00:00,AAPL,544.97,0.0058508674787745903,0.012865776573797536
2012-03-10T00:00:00,AAPL,544.87,-0.0001834963392480737,0.01268185225045026
2012-03-12T00:00:00,AAPL,552.5,0.014003340246297274,0.012590569065154843
2012-03-13T00:00:00,AAPL,568.29,0.028579185520361924,0.013102362168890633
2012-03-14T00:00:00,AAPL,590.56,0.039187738654560142,0.014234517561129794
2012-03-15T00:00:00,AAPL,585,-0.0094147927390950039,0.014292073770807608
2012-03-16T00:00:00,AAPL,585.04,6.8376068376006189e-05,0.014097334583196175
2012-03-17T00:00:00,AAPL,585,-6.8371393408935501e-05,0.013905544101710245
2012-03-19T00:00:00,AAPL,604.3,0.03299145299145291,0.014527649915416873
2012-03-20T00:00:00,AAPL,605.25,0.0015720668542115598,0.014315899764968424
2012-03-21T00:00:00,AAPL,603.04,-0.0036513837257332281,0.014195083073670291
2012-03-22T00:00:00,AAPL,599.4,-0.0060360838418678474,0.014129403398116894
2012-03-23T00:00:00,AAPL,596,-0.0056723390056723014,0.014045054191641267
2012-03-24T00:00:00,AAPL,595.88,-0.00020134228187920227,0.013848492591908112
2012-03-26T00:00:00,AAPL,606.07,0.017100758541988413,0.013787806928423581
2012-03-27T00:00:00,AAPL,614.25,0.01349679079974252,0.013635052221280409
2012-03-28T00:00:00,AAPL,617.61,0.0054700854700854926,0.013409792221924262
2012-03-29T00:00:00,AAPL,610.92,-0.010832078496138427,0.013521565187340871
2012-03-30T00:00:00,AAPL,599.75,-0.018283899692267333,0.013952990005426217
2012-03-31T00:00:00,AAPL,601.3,0.0025844101709044678,0.013726522733390562
2012-04-02T00:00:00,AAPL,618.44,0.028504906036920175,0.014176238370894604
2012-04-03T00:00:00,AAPL,628.67,0.016541620852467343,0.014089940095758135
2012-04-04T00:00:00,AAPL,624.28,-0.0069829958483783013,0.014039200017895843
2012-04-05T00:00:00,AAPL,633.7,0.015089382969180613,0.013921832844617468
2012-04-06T00:00:00,AAPL,634.34,0.0010099416127504913,0.013715258375452472
2012-04-09T00:00:00,AAPL,635.5,0.0018286723208373555,0.01350325299452107
2012-04-10T00:00:00,AAPL,631.5,-0.0062942564909520063,0.013440120034993945
2012-04-11T00:00:00,AAPL,626.11,-0.0085352335708630024,0.013434570679007055
2012-04-12T00:00:00,AAPL,622.77,-0.0053345258820335596,0.013327784105203317
2012-04-13T00:00:00,AAPL,604.95,-0.028614095091285607,0.014362849822469119
2012-04-14T00:00:00,AAPL,604.5,-0.00074386312918430517,0.014141546400959921
2012-04-16T00:00:00,AAPL,581,-0.038875103391232423,0.015801371661498826
2012-04-17T00:00:00,AAPL,608,0.046471600688468159,0.017511600339301388
2012-04-18T00:00:00,AAPL,604.9,-0.0050986842105263533,0.01728336691517279
2012-04-19T00:00:00,AAPL,588.5,-0.027111919325508313,0.01782247839267135
2012-04-20T00:00:00,AAPL,575.09,-0.022786745964316003,0.018073322766678151
2012-04-21T00:00:00,AAPL,573.2,-0.0032864421221026033,0.017790822843667984
2012-04-23T00:00:00,AAPL,572.6,-0.0010467550593161595,0.017499911101208084
2012-04-24T00:00:00,AAPL,602.34,0.05193852602165562,0.019511938173428681
2012-04-25T00:00:00,AAPL,610.5,0.013547166052395603,0.019293051481259711
2012-04-26T00:00:00,AAPL,608.01,-0.0040786240786240937,0.01901419465417354
2012-04-27T00:00:00,AAPL,603.1,-0.0080755250736007107,0.018797272346143985
2012-04-28T00:00:00,AAPL,602.87,-0.00038136295805010474,0.01849243821410405
2012-04-30T00:00:00,AAPL,584.5,-0.03047091412742383,0.019105923890640052
2012-05-01T00:00:00,AAPL,581.91,-0.004431137724550953,0.018815982462858562
2012-05-02T00:00:00,AAPL,586.5,0.0078878177037686788,0.018547667880656833
2012-05-03T00:00:00,AAPL,580.92,-0.0095140664961637523,0.018340615408996532
2012-05-04T00:00:00,AAPL,565.4,-0.026716243200440651,0.01870032880143126
2012-05-05T00:00:00,AAPL,565,-0.0007074637424831575,0.018391496137235681
2012-05-07T00:00:00,AAPL,569.65,0.0082300884955751816,0.018150070802678695
2012-05-08T00:00:00,AAPL,568.18,-0.0025805319055560911,0.017856630405067672
2012-05-09T00:00:00,AAPL,568.8,0.001091203491851182,0.017562492357136722
2012-05-10T00:00:00,AAPL,570,0.002109704641350291,0.017276085144396429
2012-05-11T00:00:00,AAPL,566.5,-0.0061403508771929825,0.017027809570524011
2012-05-12T00:00:00,AAPL,565.68,-0.0014474845542807591,0.016748156604877693
2012-05-14T00:00:00,AAPL,558.6,-0.01251591005515473,0.016621089255696976
2012-05-15T00:00:00,AAPL,553.19,-0.0096849266022197775,0.016428900358478188
2012-05-16T00:00:00,AAPL,546.35,-0.012364648674054179,0.016289675448907064
2012-05-17T00:00:00,AAPL,530.61,-0.028809371282145162,0.016769911566603395
2012-05-18T00:00:00,AAPL,530.12,-0.00092346544543074778,0.016494077312379583
2012-05-19T00:00:00,AAPL,529,-0.0021127291933901843,0.016221430982236027
2012-05-21T00:00:00,AAPL,563,0.064272211720226846,0.019911098270912201
2012-05-22T00:00:00,AAPL,556.74,-0.011119005328596786,0.019685409670867862
2012-05-23T00:00:00,AAPL,571.8,0.027050328699213179,0.019971740134360389
2012-05-24T00:00:00,AAPL,565.95,-0.010230849947533944,0.019738232373459993
2012-05-25T00:00:00,AAPL,562.46,-0.0061666224931531208,0.019446399200319785
2012-05-26T00:00:00,AAPL,562.5,7.1116168260789418e-05,0.019124949015286493
2012-05-29T00:00:00,AAPL,572.85,0.018400000000000041,0.019094855547539868
2012-05-30T00:00:00,AAPL,578.4,0.0096884001047393802,0.018848990713754864
2012-05-31T00:00:00,AAPL,577.12,-0.0022130013831258176,0.018546178782974595
2012-06-01T00:00:00,AAPL,561.11,-0.027741197671194883,0.018948859876188454
2012-06-02T00:00:00,AAPL,561.12,1.7821817468929274e-05,0.018635642347234992
2012-06-04T00:00:00,AAPL,563.85,0.0048652694610778766,0.018349072711134794
2012-06-05T00:00:00,AAPL,562.8,-0.0018621973929237709,0.018049148674923157
2012-06-06T00:00:00,AAPL,572,0.016346837242359712,0.01799128064894738
2012-06-07T00:00:00,AAPL,573.07,0.0018706293706294581,0.017695457718838365
2012-06-08T00:00:00,AAPL,580.66,0.013244455302144445,0.017550477504502889
2012-06-09T00:00:00,AAPL,581.9,0.0021355009816415959,0.017261541904794755
2012-06-11T00:00:00,AAPL,586.42,0.0077676576731396836,0.017019006839331947
2012-06-12T00:00:00,AAPL,576.31,-0.017240203267282858,0.017064604701566954
2012-06-13T00:00:00,AAPL,571.6,-0.0081726848397562484,0.016857386513720238
2012-06-14T00:00:00,AAPL,571.85,0.00043736878936319101,0.016578736694599052
2012-06-15T00:00:00,AAPL,574.22,0.0041444434729387154,0.016318724276627214
2012-06-16T00:00:00,AAPL,574.35,0.00022639406499250366,0.01604904991440731
2012-06-18T00:00:00,AAPL,585.95,0.020196744145555886,0.016175598500767871
2012-06-19T00:00:00,AAPL,587.07,0.0019114258895810299,0.015908822563940824
2012-06-20T00:00:00,AAPL,585.75,-0.0022484541877460097,0.015657834653336106
2012-06-21T00:00:00,AAPL,578,-0.013230900554844216,0.015611123150140457
2012-06-22T00:00:00,AAPL,582.05,0.0070069204152248352,0.015396358168697727
2012-06-23T00:00:00,AAPL,581.35,-0.0012026458208056557,0.015146096053209122
2012-06-25T00:00:00,AAPL,570.72,-0.01828502623204609,0.015282025112613857
2012-06-26T00:00:00,AAPL,570.8,0.00014017381553113126,0.015029413642769504
2012-06-27T00:00:00,AAPL,574.36,0.0062368605466013652,0.014821931998205617
2012-06-28T00:00:00,AAPL,568.25,-0.010637927432272466,0.01470882526234684
2012-06-29T00:00:00,AAPL,583.11,0.026150461944566675,0.015211778198291811
2012-06-30T00:00:00,AAPL,583.15,6.8597691687612318e-05,0.014960913756610973
2012-07-02T00:00:00,AAPL,592.66,0.016307982508788461,0.014975435713287072
2012-07-03T00:00:00,AAPL,599.4,0.011372456383086441,0.014838736372883113
2012-07-05T00:00:00,AAPL,609.93,0.017567567567567523,0.014871735012311213
2012-07-06T00:00:00,AAPL,606.42,-0.0057547587428065372,0.014694542432128647
2012-07-07T00:00:00,AAPL,606.51,0.00014841199168898097,0.01445500857686355
2012-07-09T00:00:00,AAPL,614.17,0.012629635125554348,0.014347773934964515
2012-07-10T00:00:00,AAPL,607.98,-0.010078642721070617,0.014281379772009566
2012-07-11T00:00:00,AAPL,604.75,-0.005312674759038156,0.014102959564890771
2012-07-12T00:00:00,AAPL,599.15,-0.0092600248036379049,0.014004993143099416
2012-07-13T00:00:00,AAPL,604.95,0.0096803805390971685,0.013857544755039919
2012-07-14T00:00:00,AAPL,605,8.2651458798172609e-05,0.013630763275930781
2012-07-16T00:00:00,AAPL,606.56,0.0025785123966941248,0.013407041480757173
2012-07-17T00:00:00,AAPL,607.15,0.00097269849643898685,0.01318571800341295
2012-07-18T00:00:00,AAPL,607.5,0.00057646380630819853,0.012968702501463746
2012-07-19T00:00:00,AAPL,614.4,0.011358024691357988,0.012878592186810148
2012-07-20T00:00:00,AAPL,604.19,-0.016617838541666541,0.013087979488507085
2012-07-21T00:00:00,AAPL,604.08,-0.00018206193415980674,0.012873835510842847
2012-07-23T00:00:00,AAPL,602.6,-0.0024500066216395478,0.012677071008549886
2012-07-24T00:00:00,AAPL,568.25,-0.057002987056090311,0.01624426474436293
2012-07-25T00:00:00,AAPL,575.3,0.012406511218653682,0.016153937106222829
2012-07-26T00:00:00,AAPL,573.9,-0.0024335129497653003,0.015890781731562279
2012-07-27T00:00:00,AAPL,585.05,0.019428471859208884,0.016034427296534447
2012-07-28T00:00:00,AAPL,585.2,0.00025638834287683269,0.015769399046718161
2012-07-30T00:00:00,AAPL,596.97,0.020112781954887186,0.015919096910960884
2012-07-31T00:00:00,AAPL,610.31,0.022346181550161513,0.016128270459101524
2012-08-01T00:00:00,AAPL,606.75,-0.005833101210859966,0.015915915301704522
2012-08-02T00:00:00,AAPL,608.52,0.0029171817058096117,0.015655727492856559
2012-08-03T00:00:00,AAPL,615.6,0.011634786038256822,0.015508532906125166
2012-08-04T00:00:00,AAPL,616,0.00064977257959710399,0.015253196670057321
2012-08-06T00:00:00,AAPL,621.95,0.0096590909090909834,0.015070708977010702
2012-08-07T00:00:00,AAPL,620.67,-0.0020580432510653368,0.014838318270612749
2012-08-08T00:00:00,AAPL,619.89,-0.0012567064623712646,0.014602931739007528
2012-08-09T00:00:00,AAPL,621.13,0.0020003549016761185,0.014361691997130749
2012-08-10T00:00:00,AAPL,622.11,0.0015777695490477328,0.014124298197678761
2012-08-11T00:00:00,AAPL,622.25,0.00022504058767739844,0.013893170386683916
2012-08-13T00:00:00,AAPL,631.26,0.014479710727199663,0.01385788207745378
2012-08-14T00:00:00,AAPL,631.8,0.00085543199315648644,0.013630422837246574
2012-08-15T00:00:00,AAPL,631.2,-0.00094966761633413907,0.013415463781382793
2012-08-16T00:00:00,AAPL,636.3,0.0080798479087451028,0.013240472413301285
2012-08-17T00:00:00,AAPL,648.85,0.01972340091151983,0.013401051230007016
2012-08-18T00:00:00,AAPL,648.9,7.7059412807204322e-05,0.013187750998443286
2012-08-20T00:00:00,AAPL,665.22,0.025150254276467946,0.013588098157144091
2012-08-21T00:00:00,AAPL,657.39,-0.011770542076305644,0.013635650953522404
2012-08-22T00:00:00,AAPL,669.6,0.018573449550495197,0.013705059563378367
2012-08-23T00:00:00,AAPL,663.6,-0.0089605734767025085,0.013658487565149653
2012-08-24T00:00:00,AAPL,663.51,-0.00013562386980113295,0.01344407820546078
2012-08-25T00:00:00,AAPL,674.95,0.017241639161429449,0.013472372847317995
2012-08-27T00:00:00,AAPL,675.75,0.001185272983183872,0.013255184114123866
2012-08-28T00:00:00,AAPL,675.1,-0.00096189419163888611,0.013057933463214834
2012-08-29T00:00:00,AAPL,673.33,-0.0026218338023996173,0.012883209539782845
2012-08-30T00:00:00,AAPL,663.87,-0.014049574502844126,0.013031489086127876
2012-08-31T00:00:00,AAPL,665.09,0.0018377091900523103,0.012816423087353691
2012-09-01T00:00:00,AAPL,665,-0.00013532003187543315,0.012612430940369667
2012-09-04T00:00:00,AAPL,674.75,0.014661654135338346,0.012602196823370141
2012-09-05T00:00:00,AAPL,670.7,-0.0060022230455723672,0.012491337250813526
2012-09-06T00:00:00,AAPL,676.9,0.0092440733561949175,0.012346446461572435
2012-09-07T00:00:00,AAPL,680.08,0.0046978874279805932,0.012148145359104291
2012-09-08T00:00:00,AAPL,680,-0.00011763321962128121,0.011957884305880632
2012-09-10T00:00:00,AAPL,661.47,-0.027249999999999958,0.012923336839409206
2012-09-11T00:00:00,AAPL,660.93,-0.00081636355390278818,0.012717172239773781
2012-09-12T00:00:00,AAPL,671.85,0.01652217330125743,0.012793485696619056
2012-09-13T00:00:00,AAPL,682.89,0.016432239339138146,0.012845420376504912
2012-09-14T00:00:00,AAPL,691.71,0.012915696525062675,0.012770981777654964
2012-09-15T00:00:00,AAPL,693,0.0018649434011362616,0.012561084669603756
2012-09-17T00:00:00,AAPL,699.86,0.0098989898989899194,0.012418996400885569
2012-09-18T00:00:00,AAPL,701.75,0.0027005401080215847,0.012213858024363113
2012-09-19T00:00:00,AAPL,701.5,-0.00035625222657641609,0.012027298362643537
2012-09-20T00:00:00,AAPL,699.3,-0.0031361368496080478,0.011878280588363118
2012-09-21T00:00:00,AAPL,700.01,0.0010153010153010674,0.01168592181524121
2012-09-22T00:00:00,AAPL,700.1,0.00012856959186301886,0.011501739255486461
2012-09-24T00:00:00,AAPL,689.9,-0.014569347236109191,0.011723213653497315
2012-09-25T00:00:00,AAPL,674.66,-0.022090157993912174,0.012315277674850246
2012-09-26T00:00:00,AAPL,665.69,-0.013295585924761976,0.012389210623484082
2012-09-27T00:00:00,AAPL,682.4,0.025101774099054997,0.012945532109650227
2012-09-28T00:00:00,AAPL,667.16,-0.022332942555685829,0.013434363350705152
2012-09-29T00:00:00,AAPL,665.76,-0.0020984471491096251,0.013222287433591733
2012-10-01T00:00:00,AAPL,659.9,-0.0088019706801249903,0.0131145017924219
2012-10-02T00:00:00,AAPL,662.3,0.0036369146840430026,0.012911140540157929
2012-10-03T00:00:00,AAPL,671.5,0.013890985958025133,0.012924534090760243
2012-10-04T00:00:00,AAPL,666,-0.0081906180193596426,0.012815457280281894
2012-10-05T00:00:00,AAPL,652.8,-0.019819819819819888,0.013126679106445912
2012-10-06T00:00:00,AAPL,652.1,-0.001072303921568523,0.012910971565774745
2012-10-08T00:00:00,AAPL,636.75,-0.023539334457905264,0.013377388663042831
2012-10-09T00:00:00,AAPL,637.18,0.00067530427954448364,0.013159159088679883
2012-10-10T00:00:00,AAPL,640.53,0.0052575410402084547,0.012987463072002388
2012-10-11T00:00:00,AAPL,628.7,-0.018469080292882342,0.013169122481104059
2012-10-12T00:00:00,AAPL,629.35,0.0010338794337521509,0.012957641094133417
2012-10-13T00:00:00,AAPL,629,-0.00055612933979506268,0.012743860871327782
2012-10-15T00:00:00,AAPL,634.5,0.008744038155802861,0.012657439248152949
2012-10-16T00:00:00,AAPL,648.6,0.022222222222222258,0.013115910735698453
2012-10-17T00:00:00,AAPL,645.15,-0.0053191489361702829,0.012934031277439001
2012-10-18T00:00:00,AAPL,631.5,-0.021157870262729563,0.013265181274928548
2012-10-19T00:00:00,AAPL,609.95,-0.0341250989707046,0.014346327636203757
2012-10-20T00:00:00,AAPL,609.31,-0.0010492663333061727,0.014110171538485556
2012-10-22T00:00:00,AAPL,635.39,0.042802514319476202,0.016036081149330285
2012-10-23T00:00:00,AAPL,613.36,-0.03467161900565003,0.016923998945233255
2012-10-24T00:00:00,AAPL,617,0.0059345245858875477,0.016699194528640646
2012-10-25T00:00:00,AAPL,609,-0.012965964343598054,0.016554971127577218
2012-10-26T00:00:00,AAPL,603.75,-0.0086206896551724137,0.01632818452801504
2012-10-27T00:00:00,AAPL,603.36,-0.00064596273291923207,0.016060018281629031
2012-10-31T00:00:00,AAPL,593.7,-0.016010342084327712,0.015995974511183769
2012-11-01T00:00:00,AAPL,596.8,0.0052214923361965787,0.015790692786369222
2012-11-02T00:00:00,AAPL,577,-0.033176943699731828,0.016500079454774358
2012-11-03T00:00:00,AAPL,577,0,0.016237187020680808
2012-11-05T00:00:00,AAPL,585.1,0.014038128249566764,0.016260846777065612
2012-11-06T00:00:00,AAPL,583.11,-0.0034011280123056042,0.01599289778238153
2012-11-07T00:00:00,AAPL,559.5,-0.040489787518650018,0.017143219924373378
2012-11-08T00:00:00,AAPL,539.09,-0.036478999106344896,0.017854285408457165
2012-11-09T00:00:00,AAPL,547.39,0.015396316014023546,0.017931047409617221
2012-11-10T00:00:00,AAPL,547,-0.00071247191216497626,0.017645578243932977
2012-11-12T00:00:00,AAPL,542.94,-0.0074223034734916737,0.01736441338814592
2012-11-13T00:00:00,AAPL,544.08,0.0020996795225991568,0.017114426863231561
2012-11-14T00:00:00,AAPL,537.1,-0.012828995735921221,0.016906675118618167
2012-11-15T00:00:00,AAPL,525.41,-0.021765034444237673,0.016921999652910087
2012-11-16T00:00:00,AAPL,530.02,0.0087741002264898147,0.016820561643178102
2012-11-17T00:00:00,AAPL,529.59,-0.00081129013999462287,0.016554933943436545
2012-11-19T00:00:00,AAPL,566.24,0.069204478936535765,0.020955915721689332
2012-11-20T00:00:00,AAPL,561.72,-0.0079824809268154526,0.020638865117874567
2012-11-21T00:00:00,AAPL,562.37,0.001157160150964853,0.020305904408428565
2012-11-22T00:00:00,AAPL,562.3,-0.00012447321158676677,0.019972939568799003
2012-11-23T00:00:00,AAPL,571.98,0.017215009781255671,0.019940192104440851
2012-11-26T00:00:00,AAPL,589.3,0.030280779048218357,0.020412407604272119
2012-11-27T00:00:00,AAPL,584.38,-0.0083488885117935854,0.020127861915202522
2012-11-28T00:00:00,AAPL,582.94,-0.0024641500393578508,0.01979830079846738
2012-11-29T00:00:00,AAPL,589.18,0.010704360654612645,0.019575848084585335
2012-11-30T00:00:00,AAPL,585.32,-0.0065514783258085818,0.01928610559885241
2012-12-01T00:00:00,AAPL,586.3,0.0016742978199957364,0.018970962948993815
2012-12-03T00:00:00,AAPL,585.29,-0.0017226675763260975,0.018659042830719112
2012-12-04T00:00:00,AAPL,574.8,-0.017922739154948845,0.018619132389987976
2012-12-05T00:00:00,AAPL,537.51,-0.06487473903966591,0.021611957593732533
2012-12-06T00:00:00,AAPL,547,0.017655485479339938,0.021577462779081787
2012-12-07T00:00:00,AAPL,532.12,-0.027202925045703832,0.021684309330994384
2012-12-08T00:00:00,AAPL,532.25,0.00024430579568517525,0.021334751775904132
2012-12-10T00:00:00,AAPL,530.5,-0.0032879286049788633,0.020982122892117362
2012-12-11T00:00:00,AAPL,542.3,0.022243166823751093,0.02113039114093181
2012-12-12T00:00:00,AAPL,539,-0.0060851926977686793,0.0207925227880465
2012-12-13T00:00:00,AAPL,528.4,-0.019666048237476853,0.020683252672358019
2012-12-14T00:00:00,AAPL,508,-0.038607115821347425,0.02132589238680984
2012-12-15T00:00:00,AAPL,507.5,-0.00098425196850393699,0.020980887440931337
2012-12-17T00:00:00,AAPL,519.9,0.024433497536945768,0.021256819153623787
2012-12-18T00:00:00,AAPL,532.7,0.024620119253702766,0.021488941357181175
2012-12-19T00:00:00,AAPL,526.6,-0.011451098179087708,0.02119938249110935
2012-12-20T00:00:00,AAPL,520.65,-0.011298898594758916,0.020909128215132196
2012-12-21T00:00:00,AAPL,519.96,-0.0013252664938057063,0.020565116135033638
2012-12-22T00:00:00,AAPL,520.5,0.0010385414262634887,0.020236398701377511
2012-12-24T00:00:00,AAPL,519.4,-0.0021133525456292464,0.019902074767454949
2012-12-26T00:00:00,AAPL,512.26,-0.013746630727762778,0.019675630115878136
2012-12-27T00:00:00,AAPL,514.6,0.0045679928161481117,0.019397329903825582
2012-12-28T00:00:00,AAPL,507.45,-0.013894286824718294,0.019182401741069492
2012-12-29T00:00:00,AAPL,509.19,0.0034289092521430863,0.018901301075968654
2012-12-31T00:00:00,AAPL,532.4,0.045582199179088317,0.020522969571803898
2013-01-01T00:00:00,AAPL,532.4,0,0.020184995891604482
2013-01-02T00:00:00,AAPL,548.94,0.031066867017280387,0.020680787844720439
2013-01-03T00:00:00,AAPL,541.8,-0.013006885998469959,0.020469319635904894
2013-01-04T00:00:00,AAPL,525.57,-0.029955703211516992,0.020810540853805144
2013-01-05T00:00:00,AAPL,525.2,-0.00070399756454897445,0.020467100097508781
2013-01-07T00:00:00,AAPL,523.1,-0.0039984767707540413,0.020133703535599956
2013-01-08T00:00:00,AAPL,524.9,0.0034410246606766479,0.019821574435295228
2013-01-09T00:00:00,AAPL,515.7,-0.017527148028195716,0.019706969041248912
2013-01-10T00:00:00,AAPL,524.24,0.016560015512895022,0.019664569392785297
2013-01-11T00:00:00,AAPL,520.05,-0.0079925225087747118,0.019376211643970281
2013-01-12T00:00:00,AAPL,520.5,0.00086530141332572929,0.01906095001042438
2013-01-14T00:00:00,AAPL,502.3,-0.034966378482228604,0.01968610770853587
2013-01-15T00:00:00,AAPL,485.17,-0.034103125622138152,0.020170829216207165
2013-01-16T00:00:00,AAPL,506.59,0.044149473380464495,0.021613041807355567
2013-01-17T00:00:00,AAPL,500.51,-0.012001816064272853,0.021330669707941785
2013-01-18T00:00:00,AAPL,500,-0.0010189606601266527,0.020979502664662648
2013-01-19T00:00:00,AAPL,500.31,0.00062000000000000455,0.020639548755352465
2013-01-22T00:00:00,AAPL,507.48,0.014331114708880526,0.020515390989168492
2013-01-23T00:00:00,AAPL,483.51,-0.047233388507921546,0.021770393830060495
2013-01-24T00:00:00,AAPL,448.2,-0.073028479245517156,0.024813301442781387
2013-01-25T00:00:00,AAPL,439.26,-0.019946452476572955,0.024541015884674475
2013-01-26T00:00:00,AAPL,441,0.0039612074853162347,0.024200956897836728
2013-01-28T00:00:00,AAPL,448.9,0.017913832199546433,0.024173530001478542
2013-01-29T00:00:00,AAPL,458.49,0.021363332590777526,0.024235789854581347
2013-01-30T00:00:00,AAPL,456.5,-0.0043403345765447646,0.0238352498581096
2013-01-31T00:00:00,AAPL,455.85,-0.0014238773274917356,0.023445849855532004
2013-02-01T00:00:00,AAPL,453.9,-0.0042777229351761443,0.02305837560588684
2013-02-02T00:00:00,AAPL,453.81,-0.00019828155981488211,0.022687152233944081
2013-02-04T00:00:00,AAPL,454.2,0.00085939049381896903,0.022327908556209631
2013-02-05T00:00:00,AAPL,457.87,0.008080140907089424,0.022059814471747281
2013-02-06T00:00:00,AAPL,457.49,-0.00082992989276431178,0.021699609256742716
2013-02-07T00:00:00,AAPL,467.42,0.021705392467594935,0.021804374796223255
2013-02-08T00:00:00,AAPL,475.1,0.016430619143382837,0.021708355666611265
2013-02-09T00:00:00,AAPL,475.65,0.0011576510208376226,0.021355953493594225
2013-02-11T00:00:00,AAPL,477.9,0.0047303689687795648,0.021034330565295533
2013-02-12T00:00:00,AAPL,467.85,-0.021029504080351445,0.02098311708651427
2013-02-13T00:00:00,AAPL,466.85,-0.0021374372127818744,0.020636265999491563
2013-02-14T00:00:00,AAPL,466.78,-0.0001499410945700975,0.020298167614706659
2013-02-15T00:00:00,AAPL,460,-0.014525043917905593,0.020088234244560764
2013-02-16T00:00:00,AAPL,459.85,-0.00032608695652168972,0.019759839772849397
2013-02-19T00:00:00,AAPL,459.99,0.00030444710231594294,0.019439168371369109
2013-02-20T00:00:00,AAPL,448.52,-0.024935324680971385,0.019545651977344959
2013-02-21T00:00:00,AAPL,446.57,-0.0043476322126103379,0.019224016272317651
2013-02-22T00:00:00,AAPL,450.4,0.0085764829701950075,0.019021647955194492
2013-02-23T00:00:00,AAPL,450.85,0.00099911190053296071,0.018718956923254391
2013-02-25T00:00:00,AAPL,442.5,-0.01852057225241216,0.018631023291784791
2013-02-26T00:00:00,AAPL,448.2,0.012881355932203364,0.018546274233613824
2013-02-27T00:00:00,AAPL,444.28,-0.0087460954930834809,0.018273394360472588
2013-02-28T00:00:00,AAPL,441.51,-0.0062348068785450213,0.017982087267510518
2013-03-01T00:00:00,AAPL,429.96,-0.026160222871509164,0.018172037324973991
2013-03-02T00:00:00,AAPL,430.21,0.00058144943715694481,0.017887792390105503
2013-03-04T00:00:00,AAPL,419.92,-0.023918551405127646,0.017969807098395307
2013-03-05T00:00:00,AAPL,432.6,0.030196227852924383,0.018719915991413157
2013-03-06T00:00:00,AAPL,425.14,-0.017244567730004705,0.018586049002442977
2013-03-07T00:00:00,AAPL,430.97,0.013713129792539025,0.018538881673954209
2013-03-08T00:00:00,AAPL,431.83,0.0019954985265794758,0.018254074284952355
2013-03-09T00:00:00,AAPL,431.85,4.6314521918437007e-05,0.017959559983938892
2013-03-11T00:00:00,AAPL,437.01,0.011948593261549074,0.017857442588291778
2013-03-12T00:00:00,AAPL,428.17,-0.020228370060181633,0.017857619916103684
2013-03-13T00:00:00,AAPL,428.31,0.00032697293131229733,0.017571452366463743
2013-03-14T00:00:00,AAPL,432.12,0.0088954262099880978,0.017406108398441218
2013-03-15T00:00:00,AAPL,444.54,0.028742016106637083,0.018004562098429096
2013-03-16T00:00:00,AAPL,445.1,0.0012597291582309854,0.017712939727005106
2013-03-18T00:00:00,AAPL,455.41,0.023163334082228718,0.017962135081219358
2013-03-19T00:00:00,AAPL,453.75,-0.0036450670824093121,0.017674696841174096
2013-03-20T00:00:00,AAPL,450.83,-0.0064352617079890158,0.017414872206699645
2013-03-21T00:00:00,AAPL,453,0.004813344276112983,0.017155823787272605
2013-03-22T00:00:00,AAPL,462.3,0.020529801324503338,0.017291312594570396
2013-03-23T00:00:00,AAPL,462.91,0.0013194895089768844,0.017006781777681057
2013-03-25T00:00:00,AAPL,463.97,0.0022898619602082526,0.016729913745532815
2013-03-26T00:00:00,AAPL,461.4,-0.005539151238226717,0.016486266781897543
2013-03-27T00:00:00,AAPL,451.87,-0.020654529692240946,0.016635317897598818
2013-03-28T00:00:00,AAPL,441.6,-0.022727775687697748,0.016835508101626168
2013-03-29T00:00:00,AAPL,442,0.00090579710144922387,0.016562113523414381
2013-04-01T00:00:00,AAPL,428.61,-0.030294117647058794,0.017102320965850366
2013-04-02T00:00:00,AAPL,429.65,0.0024264482863208129,0.016840260314830525
2013-04-03T00:00:00,AAPL,432.23,0.0060048876992902156,0.016625141299845519
2013-04-04T00:00:00,AAPL,427.4,-0.011174606112486501,0.016436796860789832
2013-04-05T00:00:00,AAPL,424,-0.0079550772110434653,0.016199187218220598
2013-04-06T00:00:00,AAPL,424.99,0.0023349056603773799,0.01595311982514043
2013-04-08T00:00:00,AAPL,426.35,0.003200075295889347,0.015718757207931911
2013-04-09T00:00:00,AAPL,427.07,0.001688753371642947,0.015472885616590199
2013-04-10T00:00:00,AAPL,435.15,0.01891961505139669,0.015667578506775488
2013-04-11T00:00:00,AAPL,434.4,-0.001723543605653223,0.015408913618909481
2013-04-12T00:00:00,AAPL,429.8,-0.010589318600368247,0.015247964370530918
2013-04-13T00:00:00,AAPL,429.5,-0.00069799906933460071,0.014996599173498571
2013-04-15T00:00:00,AAPL,419,-0.024447031431897557,0.015315040843963523
2013-04-16T00:00:00,AAPL,426.29,0.017398568019093126,0.015468570644980457
2013-04-17T00:00:00,AAPL,403.11,-0.054376128926317775,0.017925545650062921
2013-04-18T00:00:00,AAPL,391.11,-0.029768549527424276,0.018258282103521116
2013-04-19T00:00:00,AAPL,390.09,-0.0026079619544374694,0.017958685783814085
2013-04-20T00:00:00,AAPL,390.1,2.5635109846568098e-05,0.017677562677975628
2013-04-22T00:00:00,AAPL,398.8,0.02230197385285821,0.018015119779792293
2013-04-23T00:00:00,AAPL,425.85,0.067828485456369131,0.021823760394269202
2013-04-24T00:00:00,AAPL,405.5,-0.047786779382411701,0.023061943296949838
2013-04-25T00:00:00,AAPL,408.4,0.0071516646115905727,0.022744723106884714
2013-04-26T00:00:00,AAPL,416.42,0.019637610186092162,0.022704702759769112
2013-04-27T00:00:00,AAPL,416.79,0.00088852600739638954,0.02233291734757864
2013-04-29T00:00:00,AAPL,430,0.031694618392955634,0.022746536858934841
2013-04-30T00:00:00,AAPL,442.77,0.02969767441860461,0.023004491374719934
2013-05-01T00:00:00,AAPL,439.09,-0.0083113128712424215,0.022683456439223641
2013-05-02T00:00:00,AAPL,445.74,0.015144958892254513,0.022462738375143339
2013-05-03T00:00:00,AAPL,450,0.0095571409341768544,0.02214491582249822
2013-05-04T00:00:00,AAPL,450,0,0.021780057590096529
2013-05-06T00:00:00,AAPL,461.3,0.025111111111111136,0.021845108978861376
2013-05-07T00:00:00,AAPL,459.19,-0.0045740299154563482,0.021516554993820981
2013-05-08T00:00:00,AAPL,463.33,0.0090158757812669847,0.021200550288604174
2013-05-09T00:00:00,AAPL,456.77,-0.014158375240109647,0.021051905605376026
2013-05-10T00:00:00,AAPL,453.3,-0.0075968211572563227,0.020768313778974423
2013-05-11T00:00:00,AAPL,453.55,0.00055151114052503863,0.020425349398333344
2013-05-13T00:00:00,AAPL,455,0.0031970014331385481,0.020090970779675008
2013-05-14T00:00:00,AAPL,443.72,-0.024791208791208733,0.020304726131771655
2013-05-15T00:00:00,AAPL,429.15,-0.032836022717028866,0.020841767661899671
2013-05-16T00:00:00,AAPL,434.85,0.013282069206571236,0.02065033633557331
2013-05-17T00:00:00,AAPL,433.26,-0.003656433252845882,0.020318274388261212
2013-05-18T00:00:00,AAPL,434,0.0017079813506901379,0.019985821647613748
2013-05-20T00:00:00,AAPL,442.7,0.020046082949308729,0.019991525490349247
2013-05-21T00:00:00,AAPL,439.66,-0.0068669527896994889,0.019704162350120794
2013-05-22T00:00:00,AAPL,442.15,0.0056634672246735022,0.019403744156589697
2013-05-23T00:00:00,AAPL,443.11,0.0021712088657696174,0.019085865883289404
2013-05-24T00:00:00,AAPL,445.04,0.0043555776218094982,0.01878388261770738
2013-05-25T00:00:00,AAPL,445.14,0.00022469890346927442,0.018473459745138542
2013-05-28T00:00:00,AAPL,440.75,-0.0098620658669182418,0.018263321582688896
2013-05-29T00:00:00,AAPL,445.5,0.010777084515031198,0.01806215274510363
2013-05-30T00:00:00,AAPL,451.3,0.013019079685746377,0.017904888908975122
2013-05-31T00:00:00,AAPL,449.68,-0.0035896299578994117,0.017627594902728423
2013-06-01T00:00:00,AAPL,449.16,-0.0011563778687065953,0.017339694740084736
2013-06-03T00:00:00,AAPL,450.71,0.003450886098494867,0.017060139639608157
2013-06-04T00:00:00,AAPL,449.8,-0.0020190366310930937,0.016785800674531833
2013-06-05T00:00:00,AAPL,445.2,-0.010226767452201028,0.01662481699664986
2013-06-06T00:00:00,AAPL,438.69,-0.014622641509433942,0.016569749761522042
2013-06-07T00:00:00,AAPL,438.05,-0.0014588889648726581,0.016297580428401865
2013-06-08T00:00:00,AAPL,443.25,0.011870791005592943,0.016173618146871335
2013-06-10T00:00:00,AAPL,438.49,-0.010738860688099247,0.01602744142867521
2013-06-11T00:00:00,AAPL,437.6,-0.0020296928094140944,0.015766143536313698
2013-06-12T00:00:00,AAPL,438.08,0.0010968921389395826,0.015507293173654879
2013-06-13T00:00:00,AAPL,435.37,-0.0061860847333819842,0.015289261812187075
2013-06-14T00:00:00,AAPL,430.05,-0.01221949146702803,0.015186589280183942
2013-06-15T00:00:00,AAPL,429.77,-0.00065108708289740623,0.014935564439806417
2013-06-17T00:00:00,AAPL,432.18,0.0056076506038113998,0.014732931124704939
2013-06-18T00:00:00,AAPL,431.25,-0.0021518811606275321,0.0144922933284664
2013-06-19T00:00:00,AAPL,423.65,-0.017623188405797154,0.014577242871323419
2013-06-20T00:00:00,AAPL,416.55,-0.01675911719579834,0.014607772867423201
2013-06-21T00:00:00,AAPL,413.25,-0.0079222182211019353,0.014410238160551519
2013-06-22T00:00:00,AAPL,413,-0.00060496067755595891,0.014173846281099087
2013-06-24T00:00:00,AAPL,402.4,-0.025665859564164704,0.014582222081907696
2013-06-25T00:00:00,AAPL,402.25,-0.00037276341948304489,0.01434678693775193
2013-06-26T00:00:00,AAPL,397.6,-0.011559975139838353,0.014202443048138938
2013-06-27T00:00:00,AAPL,393.3,-0.010814889336016124,0.01404109864183942
2013-06-28T00:00:00,AAPL,396.95,0.0092804474955504122,0.013986581504311842
2013-06-29T00:00:00,AAPL,397.1,0.00037788134525767504,0.013766379333127882
2013-07-01T00:00:00,AAPL,409.05,0.030093175522538373,0.01475594428308512
2013-07-02T00:00:00,AAPL,418.95,0.024202420242024146,0.015229120539380194
2013-07-03T00:00:00,AAPL,421.01,0.004917054541114697,0.01501095777371559
2013-07-05T00:00:00,AAPL,417.55,-0.0082183321061256968,0.014827963362466773
2013-07-06T00:00:00,AAPL,418.01,0.0011016644713207509,0.014586609460861226
2013-07-08T00:00:00,AAPL,414.6,-0.0081576995765650778,0.014408198546120275
2013-07-09T00:00:00,AAPL,422.22,0.018379160636758332,0.01458794856076033
2013-07-10T00:00:00,AAPL,420.68,-0.0036473876178296158,0.014359452211586462
2013-07-11T00:00:00,AAPL,429.05,0.019896358277075223,0.014584983780346766
2013-07-12T00:00:00,AAPL,426.51,-0.0059200559375364656,0.014386804016171338
2013-07-13T00:00:00,AAPL,426.5,-2.3446109118170512e-05,0.014148997193567311
2013-07-15T00:00:00,AAPL,427.4,0.0021101992966001811,0.013919995434523377
2013-07-16T00:00:00,AAPL,429.93,0.0059195133364530412,0.013729391604615679
2013-07-17T00:00:00,AAPL,430.21,0.00065126881120176005,0.013502579128225884
2013-07-18T00:00:00,AAPL,431,0.0018363124985472687,0.013282150973708473
2013-07-19T00:00:00,AAPL,425.04,-0.013828306264501112,0.013309300779658202
2013-07-20T00:00:00,AAPL,425.25,0.00049407114624501112,0.013089717995017115
2013-07-22T00:00:00,AAPL,426.31,0.0024926513815402757,0.012881575218511849
2013-07-23T00:00:00,AAPL,440.73,0.033825150711923282,0.014048642414973257
2013-07-24T00:00:00,AAPL,441.58,0.0019286184285162477,0.01381717784010952
2013-07-25T00:00:00,AAPL,438.5,-0.0069749535757959698,0.013666848641022021
2013-07-26T00:00:00,AAPL,440.98,0.0056556442417332225,0.013468249611906071
2013-07-27T00:00:00,AAPL,441.06,0.00018141412308944643,0.013246511985117866
2013-07-29T00:00:00,AAPL,448.9,0.017775359361538057,0.013370920765595366
2013-07-30T00:00:00,AAPL,453.65,0.01058142125194921,0.013249326811234819
2013-07-31T00:00:00,AAPL,452.91,-0.0016312134905763305,0.013045350026335336
2013-08-01T00:00:00,AAPL,457.3,0.0096928749641208758,0.012908933471224199
2013-08-02T00:00:00,AAPL,462.54,0.011458561119615152,0.012808628417007644
2013-08-03T00:00:00,AAPL,462.1,-0.00095126907943096314,0.01261052426755422
2013-08-05T00:00:00,AAPL,469.56,0.016143691841592683,0.012652156615874467
2013-08-06T00:00:00,AAPL,465.25,-0.0091788056904336026,0.012623395768011851
2013-08-07T00:00:00,AAPL,464.29,-0.0020634067705534217,0.012439138359886368
2013-08-08T00:00:00,AAPL,460.4,-0.0083783841995305579,0.012378254819970454
2013-08-09T00:00:00,AAPL,453.8,-0.014335360556038155,0.012513196687078659
2013-08-10T00:00:00,AAPL,455.32,0.0033494931687967867,0.012312081110360546
2013-08-12T00:00:00,AAPL,467.84,0.027497144865149745,0.012988620934693402
2013-08-13T00:00:00,AAPL,490.66,0.048777359781121861,0.015270287437925276
2013-08-14T00:00:00,AAPL,497.1,0.013125178331227321,0.015112696148283538
2013-08-15T00:00:00,AAPL,497.59,0.00098571715952515035,0.014872875217967992
2013-08-16T00:00:00,AAPL,503.33,0.011535601599710624,0.01469079463519939
2013-08-17T00:00:00,AAPL,503.1,-0.00045695666858713239,0.014471841755512431
2013-08-19T00:00:00,AAPL,507.94,0.0096203538064002676,0.014268116249071977
2013-08-20T00:00:00,AAPL,501.85,-0.011989605071465084,0.014330401562928984
2013-08-21T00:00:00,AAPL,502.43,0.0011557238218590895,0.014100762961839038
2013-08-22T00:00:00,AAPL,503.2,0.0015325517982604179,0.013872596465154725
2013-08-23T00:00:00,AAPL,500.2,-0.0059618441971383152,0.013749179535722409
2013-08-24T00:00:00,AAPL,500.5,0.00059976009596163812,0.013530035534973495
2013-08-26T00:00:00,AAPL,503,0.004995004995004995,0.013310616781940499
2013-08-27T00:00:00,AAPL,488,-0.02982107355864811,0.014370121586934417
2013-08-28T00:00:00,AAPL,490.67,0.005471311475409869,0.014145507721322908
2013-08-29T00:00:00,AAPL,491.9,0.0025067764485294827,0.013911780138590485
2013-08-30T00:00:00,AAPL,487.52,-0.0089042488310632148,0.013827015115843454
2013-08-31T00:00:00,AAPL,487.75,0.00047177551690190801,0.013600738128529978
2013-09-03T00:00:00,AAPL,488.37,0.0012711430035879129,0.013376272732951017
2013-09-04T00:00:00,AAPL,498.76,0.02127485308270366,0.013612269778119929
2013-09-05T00:00:00,AAPL,495.27,-0.0069973534365225945,0.013493997829589474
2013-09-06T00:00:00,AAPL,500.04,0.0096311103034709133,0.013339206671895951
2013-09-07T00:00:00,AAPL,500.8,0.0015198784097272037,0.013119601111601115
2013-09-09T00:00:00,AAPL,506.18,0.010742811501597435,0.012990588341970425
2013-09-10T00:00:00,AAPL,493.21,-0.025623296060689926,0.01374576806669621
2013-09-11T00:00:00,AAPL,467.83,-0.051458810648608092,0.016548740852725636
2013-09-12T00:00:00,AAPL,472.68,0.010367013658807735,0.01638233255701799
2013-09-13T00:00:00,AAPL,464.98,-0.016290090547516265,0.016384418545895878
2013-09-14T00:00:00,AAPL,463.5,-0.0031829325992516195,0.01612218025374778
2013-09-16T00:00:00,AAPL,448.8,-0.031715210355987032,0.016826576850071061
2013-09-17T00:00:00,AAPL,454.83,0.013435828877005286,0.016760842331184928
2013-09-18T00:00:00,AAPL,464.3,0.020820966075236962,0.016938623232297331
2013-09-19T00:00:00,AAPL,470.7,0.013784191255653623,0.016846278867221075
2013-09-20T00:00:00,AAPL,466.6,-0.0087104312725726912,0.016646276121883109
2013-09-21T00:00:00,AAPL,467.26,0.0014144877839690701,0.016373126026993635
2013-09-23T00:00:00,AAPL,486.69,0.041582844668920961,0.017747368237863
2013-09-24T00:00:00,AAPL,489.16,0.0050750991390824292,0.017466518843283926
2013-09-25T00:00:00,AAPL,482.15,-0.014330689344999687,0.017411877539373337
2013-09-26T00:00:00,AAPL,486.6,0.0092294928964016289,0.017187790228278162
2013-09-27T00:00:00,AAPL,482.85,-0.0077065351418002465,0.016980279209575563
2013-09-28T00:00:00,AAPL,482.9,0.00010355182768966454,0.016700320266688141
2013-09-30T00:00:00,AAPL,476.37,-0.01352246841996267,0.01662840858007384
2013-10-01T00:00:00,AAPL,476.75,0.00079769926737618957,0.016353647047353249
2013-10-02T00:00:00,AAPL,489.42,0.026575773466177274,0.016752210503929863
2013-10-03T00:00:00,AAPL,482.8,-0.013526214703117986,0.01669003788110603
2013-10-04T00:00:00,AAPL,482.7,-0.00020712510356259888,0.016415242626141559
2013-10-05T00:00:00,AAPL,483.08,0.00078723845038325142,0.016143898261078465
2013-10-07T00:00:00,AAPL,487.55,0.0092531257762689979,0.015949240513499208
2013-10-08T00:00:00,AAPL,482.8,-0.009742590503538099,0.015805738167423474
2013-10-09T00:00:00,AAPL,486.45,0.0075600662800330929,0.015592734608285893
2013-10-10T00:00:00,AAPL,489.45,0.0061671292013567684,0.01536349882606672
2013-10-11T00:00:00,AAPL,492.89,0.0070282970681377014,0.015146644214042814
2013-10-12T00:00:00,AAPL,493.3,0.00083182860273088317,0.014896528870275027
2013-10-14T00:00:00,AAPL,496.35,0.0061828501925806027,0.014676447107722779
2013-10-15T00:00:00,AAPL,498.85,0.0050367684093885357,0.014448085851946558
2013-10-16T00:00:00,AAPL,500,0.0023053021950485662,0.014209850846230145
2013-10-17T00:00:00,AAPL,505.45,0.010899999999999977,0.014074268857901768
2013-10-18T00:00:00,AAPL,508.98,0.0069838757542784241,0.013871567122243409
2013-10-19T00:00:00,AAPL,509.45,0.00092341545836765776,0.013643842817368024
2013-10-21T00:00:00,AAPL,522.68,0.025969182451663485,0.014089643716538276
2013-10-22T00:00:00,AAPL,524.78,0.0040177546491161377,0.013858399104545479
2013-10-23T00:00:00,AAPL,525.1,0.00060977933610284322,0.013635325011343244
2013-10-24T00:00:00,AAPL,534.45,0.017806132165301889,0.013678402710130813
2013-10-25T00:00:00,AAPL,525.42,-0.016895874263261456,0.013931765365702281
2013-10-26T00:00:00,AAPL,525.15,-0.00051387461459400448,0.013713026286347428
2013-10-28T00:00:00,AAPL,517.55,-0.014472055603161045,0.013827149231923887
2013-10-29T00:00:00,AAPL,517,-0.0010626992561104331,0.013609417408814642
2013-10-30T00:00:00,AAPL,525.64,0.016711798839458388,0.013647559467641202
2013-10-31T00:00:00,AAPL,522.5,-0.0059736701925271795,0.013504904925367029
2013-11-01T00:00:00,AAPL,520.04,-0.0047081339712919355,0.01333741495355042
2013-11-02T00:00:00,AAPL,519.2,-0.0016152603645871821,0.013131724047404487
2013-11-04T00:00:00,AAPL,526.4,0.013867488443759497,0.013097027221452971
2013-11-05T00:00:00,AAPL,525.55,-0.0016147416413374292,0.012898139201351317
2013-11-06T00:00:00,AAPL,520.08,-0.010408143849300569,0.012879585576209291
2013-11-07T00:00:00,AAPL,512.7,-0.014190124596215957,0.012980455423204959
2013-11-08T00:00:00,AAPL,521.01,0.016208308952603754,0.013051447927182233
2013-11-09T00:00:00,AAPL,521,-1.9193489568320962e-05,0.012838936339041864
2013-11-11T00:00:00,AAPL,519.29,-0.0032821497120922001,0.012656266638483503
2013-11-12T00:00:00,AAPL,520.74,0.0027922740665139818,0.012449663626127131
2013-11-13T00:00:00,AAPL,520.94,0.00038406882513355122,0.012245284233434279
2013-11-14T00:00:00,AAPL,527.19,0.011997542903213421,0.012192695858030254
2013-11-15T00:00:00,AAPL,524.98,-0.0041920370264990538,0.012038286218652538
2013-11-16T00:00:00,AAPL,524.87,-0.00020953179168732835,0.011843460778915188
2013-11-18T00:00:00,AAPL,518.75,-0.011660030102692103,0.011884405005769868
2013-11-19T00:00:00,AAPL,519.47,0.0013879518072289682,0.011688110956006007
2013-11-20T00:00:00,AAPL,515.4,-0.0078349086569003985,0.011605430102809853
2013-11-21T00:00:00,AAPL,521.24,0.011331005044625597,0.011570059836485643
2013-11-22T00:00:00,AAPL,519.75,-0.0028585680300821292,0.011401184374821941
2013-11-23T00:00:00,AAPL,519.8,9.62000962000087e-05,0.011213862968654953
2013-11-25T00:00:00,AAPL,523.48,0.0070796460176992381,0.011083157887771611
2013-11-26T00:00:00,AAPL,533.82,0.019752426071674239,0.011399945184517821
2013-11-27T00:00:00,AAPL,546.37,0.023509797309954578,0.011871906669986575
2013-11-28T00:00:00,AAPL,547,0.0011530647729560471,0.011678098124427279
2013-11-29T00:00:00,AAPL,556.1,0.016636197440585049,0.011764703323211249
2013-12-02T00:00:00,AAPL,551.35,-0.0085416292033806858,0.011751349839824482
2013-12-03T00:00:00,AAPL,566.78,0.027985852906502129,0.012428513840731448
2013-12-04T00:00:00,AAPL,565,-0.0031405483609160041,0.012278729591027791
2013-12-05T00:00:00,AAPL,568.01,0.0053274336283185677,0.012082095464214012
2013-12-06T00:00:00,AAPL,560.03,-0.014049048432245944,0.01228043056324715
2013-12-07T00:00:00,AAPL,560,-5.3568558827156966e-05,0.012087220597234227
2013-12-09T00:00:00,AAPL,566.34,0.011321428571428628,0.011990959040500031
2013-12-10T00:00:00,AAPL,565.45,-0.0015714941554542965,0.01181948064083691
2013-12-11T00:00:00,AAPL,561.6,-0.0068087364046335178,0.011749056335580715
2013-12-12T00:00:00,AAPL,560.29,-0.0023326210826211877,0.011585999423869162
2013-12-13T00:00:00,AAPL,554.66,-0.010048367809527201,0.011606225365286098
2013-12-14T00:00:00,AAPL,555.1,0.00079327876536987448,0.011415914454842985
2013-12-16T00:00:00,AAPL,557.85,0.004954062331111511,0.011241456292529622
2013-12-17T00:00:00,AAPL,554.99,-0.0051268262077619675,0.011127553714668299
2013-12-18T00:00:00,AAPL,550.61,-0.0078920340907043286,0.011077685308073982
2013-12-19T00:00:00,AAPL,543.99,-0.012023029004195355,0.011156602582786064
2013-12-20T00:00:00,AAPL,548.68,0.0086214820125368862,0.011058926358512826
2013-12-21T00:00:00,AAPL,549.9,0.0022235182620106938,0.010877748528707631
2013-12-23T00:00:00,AAPL,569.83,0.03624295326422998,0.012410689273688259
2013-12-24T00:00:00,AAPL,567.67,-0.0037906042152924236,0.012255396849662819
2013-12-26T00:00:00,AAPL,563.8,-0.0068173410608276018,0.012160091026747366
2013-12-27T00:00:00,AAPL,560,-0.0067399787158566064,0.012058462353198253
2013-12-28T00:00:00,AAPL,559.95,-8.9285714285633079e-05,0.011862927682862337
2013-12-30T00:00:00,AAPL,554.33,-0.010036610411643904,0.011850176142400772
2013-12-31T00:00:00,AAPL,561.34,0.012645896848447658,0.011835819669561175
2014-01-01T00:00:00,AAPL,561.18,-0.00028503224427277915,0.011644705783350643
2014-01-02T00:00:00,AAPL,552.9,-0.014754624184753509,0.011816814723536705
2014-01-03T00:00:00,AAPL,540.95,-0.021613311629589314,0.012306598396155706
2014-01-04T00:00:00,AAPL,540.62,-0.00061003789629363319,0.012104030288345063
2014-01-06T00:00:00,AAPL,544,0.0062520809441012088,0.011953995078878064
2014-01-07T00:00:00,AAPL,539.65,-0.0079963235294118057,0.011851939057569713
2014-01-08T00:00:00,AAPL,543.63,0.0073751505605485377,0.011729162401016601
2014-01-09T00:00:00,AAPL,536.16,-0.013740963522984434,0.011808857408032532
2014-01-10T00:00:00,AAPL,532.55,-0.0067330647567890442,0.01167403680015174
2014-01-11T00:00:00,AAPL,533.16,0.0011454323537696248,0.011484189570220538
2014-01-13T00:00:00,AAPL,535.68,0.0047265361242403445,0.011330333805092515
2014-01-14T00:00:00,AAPL,546.4,0.020011947431302322,0.011715567664776088
2014-01-15T00:00:00,AAPL,557.35,0.020040263543191886,0.012042965187113045
2014-01-16T00:00:00,AAPL,554.05,-0.0059208755719028765,0.011912102457827818
2014-01-17T00:00:00,AAPL,540.67,-0.02414944499593899,0.012551419984144026
2014-01-18T00:00:00,AAPL,540.9,0.00042539811715097605,0.012344072005341636
2014-01-21T00:00:00,AAPL,549.09,0.015141430948419403,0.01243600655546797
2014-01-22T00:00:00,AAPL,552.5,0.0062102751825747473,0.012271640537141169
2014-01-23T00:00:00,AAPL,556.32,0.0069140271493213579,0.012118651309149778
2014-01-24T00:00:00,AAPL,545.77,-0.018963905665803974,0.012445835162715829
2014-01-25T00:00:00,AAPL,547.23,0.0026751195558569296,0.012247257067712019
2014-01-27T00:00:00,AAPL,518.25,-0.052957622937338994,0.015393675833531966
2014-01-28T00:00:00,AAPL,506.2,-0.023251326579836008,0.015642715936714877
2014-01-29T00:00:00,AAPL,500.74,-0.010786250493875897,0.015463970365467173
2014-01-30T00:00:00,AAPL,499.15,-0.0031753005551783996,0.015209099840509711
2014-01-31T00:00:00,AAPL,500.7,0.0031052789742562585,0.01498987947101319
2014-02-01T00:00:00,AAPL,501,0.00059916117435592441,0.014750557385868968
2014-02-03T00:00:00,AAPL,501.58,0.0011576846307384911,0.014518458987994979
2014-02-04T00:00:00,AAPL,508.21,0.013218230391961393,0.014537145409194919
2014-02-05T00:00:00,AAPL,512.63,0.0086971921056256587,0.014413335595416948
2014-02-06T00:00:00,AAPL,512.1,-0.0010338840879386159,0.014175098246268203
2014-02-07T00:00:00,AAPL,520.06,0.015543839093926816,0.014259430668902858
2014-02-08T00:00:00,AAPL,520.98,0.0017690266507712049,0.014030180301448317
2014-02-10T00:00:00,AAPL,529.3,0.015969902875350179,0.014112583296282625
2014-02-11T00:00:00,AAPL,535.8,0.012280370300396751,0.014052931640780759
2014-02-12T00:00:00,AAPL,536.2,0.0007465472191117786,0.013820760786242482
2014-02-13T00:00:00,AAPL,544.06,0.014658709436777134,0.013830395114880396
2014-02-14T00:00:00,AAPL,544.7,0.0011763408447599531,0.013601870655252342
2014-02-15T00:00:00,AAPL,544.45,-0.00045896823939783362,0.013379275325855958
2014-02-18T00:00:00,AAPL,546.15,0.0031224171181925458,0.013164381097594354
2014-02-19T00:00:00,AAPL,538.5,-0.014007140895358377,0.013221922078701251
2014-02-20T00:00:00,AAPL,531.25,-0.013463324048282266,0.01324107030825002
2014-02-21T00:00:00,AAPL,525.08,-0.011614117647058747,0.013187852632337588
2014-02-22T00:00:00,AAPL,524.99,-0.00017140245295960962,0.012969916703962444
2014-02-24T00:00:00,AAPL,527.5,0.0047810434484466197,0.012789204135263422
2014-02-25T00:00:00,AAPL,522.8,-0.0089099526066351575,0.012674354522156641
2014-02-26T00:00:00,AAPL,516.32,-0.01239479724560043,0.01264655566473012
2014-02-27T00:00:00,AAPL,527.8,0.022234273318871831,0.013112441733069162
2014-02-28T00:00:00,AAPL,525.75,-0.0038840469874951776,0.012913286201668392
2014-03-01T00:00:00,AAPL,525.65,-0.00019020446980508367,0.012699834033696577
2014-03-03T00:00:00,AAPL,527.8,0.0040901740701987585,0.012514229293826767
2014-03-04T00:00:00,AAPL,531.17,0.0063849943160288079,0.01236251738461107
2014-03-05T00:00:00,AAPL,532.36,0.0022403373684508816,0.012164222599635939
2014-03-06T00:00:00,AAPL,530.75,-0.0030242692914569345,0.011976916532326569
2014-03-07T00:00:00,AAPL,529.97,-0.0014696184644370659,0.011782173527445323
2014-03-08T00:00:00,AAPL,530.44,0.00088684265147088938,0.011588464827659411
2014-03-10T00:00:00,AAPL,530.74,0.00056556820752574183,0.011397288534554994
2014-03-11T00:00:00,AAPL,536.45,0.010758563515092204,0.01137226039853792
2014-03-12T00:00:00,AAPL,536.74,0.00054059092180065911,0.011184299379446263
2014-03-13T00:00:00,AAPL,529.62,-0.013265268100011187,0.011270553211627114
2014-03-14T00:00:00,AAPL,524.71,-0.0092707979305916843,0.011207767732837689
2014-03-15T00:00:00,AAPL,524.79,0.00015246517123730676,0.01102284826049019
2014-03-17T00:00:00,AAPL,526.69,0.0036204958173747426,0.010863684332541999
2014-03-18T00:00:00,AAPL,531.35,0.0088477092787027801,0.010806638732407631
2014-03-19T00:00:00,AAPL,531.5,0.00028229980239009552,0.010628050548837087
2014-03-20T00:00:00,AAPL,528.93,-0.0048353715898401695,0.010490081484581552
2014-03-21T00:00:00,AAPL,532.4,0.0065604144215681238,0.010384729203222936
2014-03-22T00:00:00,AAPL,532.48,0.00015026296018039244,0.01021306945305399
2014-03-24T00:00:00,AAPL,539.42,0.013033353365384503,0.010306566432331681
2014-03-25T00:00:00,AAPL,544.4,0.0092321382225353504,0.010254345135237375
2014-03-26T00:00:00,AAPL,539.32,-0.0093313739897133135,0.010249965056989658
2014-03-27T00:00:00,AAPL,537.35,-0.0036527479047690184,0.010108585409473689
2014-03-28T00:00:00,AAPL,537.45,0.00018609844607801756,0.0099415644414894526
2014-03-29T00:00:00,AAPL,537.79,0.00063261698762660367,0.0097773240203798146
2014-03-31T00:00:00,AAPL,536.8,-0.001840867253016994,0.0096241313824263833
2014-04-01T00:00:00,AAPL,541.89,0.0094821162444113857,0.0096067463271905119
2014-04-02T00:00:00,AAPL,542.15,0.00047980217387290949,0.0094479836714884413
2014-04-03T00:00:00,AAPL,539.2,-0.0054412985336160322,0.0093554122974419292
2014-04-04T00:00:00,AAPL,532.33,-0.012741097922848672,0.0094996746526025602
2014-04-05T00:00:00,AAPL,532.49,0.00030056543873155405,0.0093428080649586819
2014-04-07T00:00:00,AAPL,523.67,-0.01656369133692661,0.0096579965101354637
2014-04-08T00:00:00,AAPL,523.54,-0.00024824794240646872,0.0094984941270927423
2014-04-09T00:00:00,AAPL,530.41,0.013122206517171572,0.0096578872024584046
2014-04-10T00:00:00,AAPL,523.48,-0.013065364529326277,0.0097801736841875604
2014-04-11T00:00:00,AAPL,519.8,-0.0070298769771530208,0.0096895325406958534
2014-04-12T00:00:00,AAPL,519.95,0.00028857252789551936,0.0095310940910038888
2014-04-14T00:00:00,AAPL,521.86,0.0036734301375131607,0.0094062323821597921
2014-04-15T00:00:00,AAPL,518,-0.007396619783083612,0.0093321815884360743
2014-04-16T00:00:00,AAPL,519.01,0.0019498069498069322,0.0091909172256383447
2014-04-17T00:00:00,AAPL,525.1,0.011733877959962297,0.0093099193093500246
2014-04-18T00:00:00,AAPL,525,-0.00019043991620648016,0.0091560382685135378
2014-04-21T00:00:00,AAPL,530.85,0.011142857142857187,0.0092350676729564853
2014-04-22T00:00:00,AAPL,531.55,0.0013186399171139338,0.0090850378512806786
2014-04-23T00:00:00,AAPL,561.52,0.056382278242874666,0.013484623821711795
2014-04-24T00:00:00,AAPL,567.24,0.010186636272973407,0.013343238663586441
2014-04-25T00:00:00,AAPL,571.83,0.0080918129892109721,0.013164470317515496
2014-04-26T00:00:00,AAPL,571.08,-0.0013115786160222444,0.012964436897341057
2014-04-28T00:00:00,AAPL,593.9,0.039959375218883403,0.014430759037778797
2014-04-29T00:00:00,AAPL,591.01,-0.0048661390806532855,0.014272601764657972
2014-04-30T00:00:00,AAPL,591.4,0.00065988731155138891,0.014044564233973419
2014-05-01T00:00:00,AAPL,590.07,-0.0022489009130874657,0.013846960560731852
2014-05-02T00:00:00,AAPL,592.58,0.0042537326079956457,0.013619881817017768
2014-05-03T00:00:00,AAPL,592.03,-0.00092814472307548035,0.013413849360049013
2014-05-05T00:00:00,AAPL,601.3,0.015657990304545347,0.013388778253025355
2014-05-06T00:00:00,AAPL,593.49,-0.012988524862797182,0.013490159844616554
2014-05-07T00:00:00,AAPL,591.75,-0.0029318101400192236,0.013307152429076109
2014-05-08T00:00:00,AAPL,587.95,-0.0064216307562314397,0.013187528086580209
2014-05-09T00:00:00,AAPL,585.56,-0.0040649715111830938,0.013020182697600568
2014-05-10T00:00:00,AAPL,585.74,0.00030739804631474773,0.012809068557140847
2014-05-12T00:00:00,AAPL,592.95,0.012309215692969638,0.012731214468407111
2014-05-13T00:00:00,AAPL,593.28,0.00055653933721212107,0.0125251006894794
2014-05-14T00:00:00,AAPL,594.35,0.0018035329018339572,0.012318424212426939
2014-05-15T00:00:00,AAPL,588.5,-0.0098426852864474182,0.012309920690088363
2014-05-16T00:00:00,AAPL,597.56,0.015395072217502031,0.012346083706493642
2014-05-17T00:00:00,AAPL,597.68,0.00020081665439454542,0.012148175417718189
2014-05-19T00:00:00,AAPL,604.6,0.011578101994378386,0.012063324303567246
2014-05-20T00:00:00,AAPL,604.35,-0.00041349652662917632,0.011876180006879389
2014-05-21T00:00:00,AAPL,606.4,0.0033920741292296757,0.011680982962689134
2014-05-22T00:00:00,AAPL,606.25,-0.00024736147757252187,0.011498655890695849
2014-05-23T00:00:00,AAPL,614.13,0.012997938144329889,0.011466683602135914
2014-05-24T00:00:00,AAPL,613.96,-0.00027681435526673352,0.011290471411671436
2014-05-27T00:00:00,AAPL,625.85,0.019366082480943361,0.011501170468432064
2014-05-28T00:00:00,AAPL,624.25,-0.0025565231285452146,0.011358601989658285
2014-05-29T00:00:00,AAPL,635.99,0.018806567881457764,0.011524294324902387
2014-05-30T00:00:00,AAPL,632.52,-0.0054560606298841609,0.01144866773173594
2014-05-31T00:00:00,AAPL,633.5,0.0015493581230633313,0.011263595406920842
2014-06-02T00:00:00,AAPL,628.1,-0.0085240726124703667,0.011275746641128188
2014-06-03T00:00:00,AAPL,637.84,0.015507084859098883,0.011321115267835738
2014-06-04T00:00:00,AAPL,644.73,0.010802082026840566,0.011216649892875184
2014-06-05T00:00:00,AAPL,646.92,0.0033967707412404275,0.011031248263803506
2014-06-06T00:00:00,AAPL,645.79,-0.0017467383911457298,0.010889398432905491
2014-06-07T00:00:00,AAPL,645.65,-0.00021678873937345944,0.010728072509487391
2014-06-09T00:00:00,AAPL,93.6,-0.85502981491520169,0.15448104612009406
2014-06-10T00:00:00,AAPL,94.25,0.0069444444444445056,0.15203537289276389
2014-06-11T00:00:00,AAPL,93.85,-0.0042440318302387871,0.14956388464408898
2014-06-12T00:00:00,AAPL,92.16,-0.018007458710708555,0.14709460505959757
2014-06-13T00:00:00,AAPL,91.43,-0.007921006944444333,0.14468875009828916
2014-06-14T00:00:00,AAPL,91.48,0.00054686645521160617,0.14235767152273485
2014-06-16T00:00:00,AAPL,92.23,0.00819851333624836,0.14010829906217892
2014-06-17T00:00:00,AAPL,92.33,0.0010842459069716395,0.13784856190014289
2014-06-18T00:00:00,AAPL,92.18,-0.0016246073865481584,0.1356106225393881
2014-06-19T00:00:00,AAPL,91.86,-0.0034714688652636946,0.13340010257237309
2014-06-20T00:00:00,AAPL,91.42,-0.0047898976703679265,0.13121978168532172
2014-06-21T00:00:00,AAPL,90.91,-0.0055786479982498915,0.12907165851312574
2014-06-23T00:00:00,AAPL,90.75,-0.0017599824001759607,0.12697201876446962
2014-06-24T00:00:00,AAPL,90.38,-0.0040771349862259451,0.1248966591630554
2014-06-25T00:00:00,AAPL,90.36,-0.00022128789555206929,0.12286961190634543
2014-06-26T00:00:00,AAPL,90.88,0.0057547587428065077,0.12090505959477074
2014-06-27T00:00:00,AAPL,91.91,0.011333626760563393,0.1190065718502267
2014-06-28T00:00:00,AAPL,91.98,0.00076161462300084208,0.11707337981834905
2014-06-30T00:00:00,AAPL,93.19,0.01315503370297884,0.11524468585771738
2014-07-01T00:00:00,AAPL,93.5,0.0033265371821011081,0.11338009181197299
2014-07-02T00:00:00,AAPL,93.41,-0.00096256684491982257,0.11152677792453787
2014-07-03T00:00:00,AAPL,94.05,0.0068515148271063118,0.10973873714595495
2014-07-07T00:00:00,AAPL,96.18,0.022647527910685909,0.10810338149269007
2014-07-08T00:00:00,AAPL,95.32,-0.0089415678935331009,0.10631695527690152
2014-07-09T00:00:00,AAPL,95.36,0.00041963911036515167,0.1045787639476688
2014-07-10T00:00:00,AAPL,94.95,-0.0042994966442952663,0.10285587193854356
2014-07-11T00:00:00,AAPL,95.27,0.0033701948393890803,0.10118493593781805
2014-07-12T00:00:00,AAPL,95.31,0.0004198593471187809,0.099529063557481118
2014-07-14T00:00:00,AAPL,96.45,0.011960969468051627,0.097959020499047103
2014-07-15T00:00:00,AAPL,96.87,0.0043545878693623816,0.096368294821832123
2014-07-16T00:00:00,AAPL,95.1,-0.018271910808299888,0.09479231502053069
2014-07-17T00:00:00,AAPL,93.15,-0.020504731861198621,0.093249881848650587
2014-07-18T00:00:00,AAPL,94.31,0.012453032742887778,0.091789302644237458
2014-07-19T00:00:00,AAPL,94.5,0.002014632594634691,0.090290991366982404
2014-07-21T00:00:00,AAPL,94.07,-0.0045502645502646221,0.088800579068338575
2014-07-22T00:00:00,AAPL,94.4,0.0035080259381313119,0.087356483001263197
2014-07-23T00:00:00,AAPL,97.14,0.029025423728813504,0.08616209789534239
2014-07-24T00:00:00,AAPL,96.85,-0.0029853819229977998,0.084739890292926154
2014-07-25T00:00:00,AAPL,97.6,0.0077439339184305631,0.083376561000014379
2014-07-26T00:00:00,AAPL,97.62,0.00020491803278699009,0.082005220027847756
2014-07-28T00:00:00,AAPL,99.03,0.014443761524277777,0.080729279920100511
2014-07-29T00:00:00,AAPL,98.32,-0.0071695445824498426,0.079395901770129992
2014-07-30T00:00:00,AAPL,98.14,-0.0018307567127745384,0.078085474969908752
2014-07-31T00:00:00,AAPL,95.57,-0.026187079682086889,0.076890384088834016
2014-08-01T00:00:00,AAPL,96.15,0.0060688500575495716,0.075648088874391325
2014-08-02T00:00:00,AAPL,96.19,0.00041601664066554385,0.074404347000974008
2014-08-04T00:00:00,AAPL,95.55,-0.0066534982846449793,0.073175061317146087
2014-08-05T00:00:00,AAPL,95.12,-0.0045002616431187087,0.071965535091012972
2014-08-06T00:00:00,AAPL,95,-0.0012615643397813766,0.070779141243357685
2014-08-07T00:00:00,AAPL,94.48,-0.0054736842105262739,0.06960923720653435
2014-08-08T00:00:00,AAPL,94.6,0.0012701100762065023,0.068467576900742372
2014-08-09T00:00:00,AAPL,94.53,-0.00073995771670183066,0.067339565908622487
2014-08-11T00:00:00,AAPL,96.06,0.016185337987940349,0.066331281101299003
2014-08-12T00:00:00,AAPL,95.93,-0.0013533208411409061,0.065236415334689296
2014-08-13T00:00:00,AAPL,97.27,0.0139685187115604,0.064237442242594645
2014-08-14T00:00:00,AAPL,97.52,0.0025701655186594016,0.063184170524271333
2014-08-15T00:00:00,AAPL,97.91,0.0039991796554552971,0.062152577555732433
2014-08-16T00:00:00,AAPL,97.99,0.00081707690736388826,0.061128654699693828
2014-08-18T00:00:00,AAPL,99.17,0.012042045106643605,0.060176358002902726
2014-08-19T00:00:00,AAPL,100.5,0.013411313905414926,0.059248042761006411
2014-08-20T00:00:00,AAPL,100.39,-0.001094527363184074,0.058268767783030431
2014-08-21T00:00:00,AAPL,100.58,0.0018926187867317236,0.057309158471307346
2014-08-22T00:00:00,AAPL,101.48,0.0089481010141181719,0.05639339217080052
2014-08-23T00:00:00,AAPL,101.45,-0.00029562475364604984,0.055461449737433048
2014-08-25T00:00:00,AAPL,101.51,0.00059142434696897266,0.05454559774765072
2014-08-26T00:00:00,AAPL,100.91,-0.0059107477095853463,0.053650843920935297
2014-08-27T00:00:00,AAPL,101.91,0.0099098206322465569,0.052802246028428014
2014-08-28T00:00:00,AAPL,102.41,0.0049062898636051417,0.051939937632998152
2014-08-29T00:00:00,AAPL,102.55,0.0013670539986329515,0.05108274569484858
2014-08-30T00:00:00,AAPL,102.55,0,0.050238482003159161
2014-09-02T00:00:00,AAPL,103.35,0.0078010726474890026,0.049431244919791131
2014-09-03T00:00:00,AAPL,99.06,-0.041509433962264079,0.049172675528935048
2014-09-04T00:00:00,AAPL,98.2,-0.008681607106803952,0.048376071993182113
2014-09-05T00:00:00,AAPL,99.02,0.0083503054989815997,0.047612247442887674
2014-09-06T00:00:00,AAPL,98.99,-0.000302969097152102,0.046825790619272722
2014-09-08T00:00:00,AAPL,98.45,-0.0054550964743912723,0.046057083949828749
2014-09-09T00:00:00,AAPL,98.05,-0.0040629761300152939,0.045297774596190374
2014-09-10T00:00:00,AAPL,100.96,0.029678735339112663,0.044905340405600687
2014-09-11T00:00:00,AAPL,101.54,0.005744849445325005,0.044178355531090632
2014-09-12T00:00:00,AAPL,101.69,0.0014772503446916631,0.043449561144294817
2014-09-13T00:00:00,AAPL,101.6,-0.00088504277706759186,0.042731407849540763
2014-09-15T00:00:00,AAPL,101.73,0.0012795275590552133,0.042026224347292786
2014-09-16T00:00:00,AAPL,100.69,-0.010223139683475928,0.041369087185668396
2014-09-17T00:00:00,AAPL,101.55,0.0085410666401827331,0.040719310642860065
2014-09-18T00:00:00,AAPL,101.84,0.0028557360905958275,0.040050556218755369
2014-09-19T00:00:00,AAPL,101.26,-0.0056952081696779091,0.039400347787129995
2014-09-20T00:00:00,AAPL,101.15,-0.001086312462966615,0.038749202789858266
2014-09-22T00:00:00,AAPL,100.89,-0.0025704399406822056,0.038110463876840348
2014-09-23T00:00:00,AAPL,102.5,0.015957974031123,0.03759800881007179
2014-09-24T00:00:00,AAPL,101.58,-0.0089756097560975776,0.03701131438431237
2014-09-25T00:00:00,AAPL,98.04,-0.034849379799172985,0.036923518660856053
2014-09-26T00:00:00,AAPL,100.63,0.026417788657690625,0.036656757752596907
2014-09-27T00:00:00,AAPL,100.7,0.00069561760906297718,0.036051513618561369
2014-09-29T00:00:00,AAPL,100.2,-0.0049652432969215492,0.035464607588059353
2014-09-30T00:00:00,AAPL,100.66,0.0045908183632733905,0.034891098320965742
2014-10-01T00:00:00,AAPL,99.25,-0.014007550168885323,0.034400184019830068
2014-10-02T00:00:00,AAPL,99.1,-0.0015113350125945156,0.033831709493282368
2014-10-03T00:00:00,AAPL,99.67,0.0057517658930374112,0.033294203644234972
2014-10-04T00:00:00,AAPL,99.66,-0.0001003310926056498,0.032744041457582446
2014-10-06T00:00:00,AAPL,99.34,-0.0032109171182018179,0.032205921916159168
2014-10-07T00:00:00,AAPL,98.8,-0.0054358767867928957,0.031684550962756186
2014-10-08T00:00:00,AAPL,100.8,0.020242914979757085,0.031392152620040317
2014-10-09T00:00:00,AAPL,100.69,-0.0010912698412698357,0.030873611466994896
2014-10-10T00:00:00,AAPL,100.65,-0.00039725891349679258,0.030363276792459579
2014-10-11T00:00:00,AAPL,100.85,0.0019870839542969559,0.029864139675390824
2014-10-13T00:00:00,AAPL,99.85,-0.00991571641051066,0.029422224247230715
2014-10-14T00:00:00,AAPL,99.1,-0.0075112669003505259,0.028963082407177192
2014-10-15T00:00:00,AAPL,97.19,-0.019273461150353145,0.028677875879265746
2014-10-16T00:00:00,AAPL,96.61,-0.0059676921493980687,0.028215972625242874
2014-10-17T00:00:00,AAPL,97.77,0.012007038608839629,0.02785552032607435
2014-10-18T00:00:00,AAPL,98.13,0.0036821110770174845,0.027408335308868464
2014-10-20T00:00:00,AAPL,100.85,0.027718332823805147,0.027441192387505673
2014-10-21T00:00:00,AAPL,102.58,0.01715418939018348,0.027162269173452474
2014-10-22T00:00:00,AAPL,103.09,0.0049717293819458485,0.026724864539106424
2014-10-23T00:00:00,AAPL,104.92,0.017751479289940812,0.026460187938101769
2014-10-24T00:00:00,AAPL,105.23,0.0029546321006481344,0.026024513918756379
2014-10-25T00:00:00,AAPL,105.25,0.00019005986885865266,0.025595168390476954
2014-10-27T00:00:00,AAPL,105.11,-0.0013301662707838535,0.025176535929446818
2014-10-28T00:00:00,AAPL,106.75,0.015602701931310062,0.024894692101754795
2014-10-29T00:00:00,AAPL,107.22,0.0044028103044496383,0.024488017534967852
2014-10-30T00:00:00,AAPL,106.85,-0.0034508487222533533,0.024101553680553549
2014-10-31T00:00:00,AAPL,107.99,0.010669162377164254,0.02375891553079109
2014-11-01T00:00:00,AAPL,108,9.2601166774748745e-05,0.023368451177908263
2014-11-03T00:00:00,AAPL,109.37,0.012685185185185228,0.023064428492047227
2014-11-04T00:00:00,AAPL,108.5,-0.0079546493553991453,0.022756399137041181
2014-11-05T00:00:00,AAPL,108.86,0.0033179723502304095,0.022381745062811743
2014-11-06T00:00:00,AAPL,108.64,-0.002020944332169749,0.022023132795939957
2014-11-07T00:00:00,AAPL,109.01,0.0034057437407953289,0.021661036575355428
2014-11-08T00:00:00,AAPL,109.04,0.00027520410971471548,0.021304834695396149
2014-11-10T00:00:00,AAPL,108.81,-0.0021093176815847759,0.02096436217269753
2014-11-11T00:00:00,AAPL,109.73,0.0084551052292987927,0.020653876906787987
2014-11-12T00:00:00,AAPL,111.4,0.015219174337009037,0.02045312674959314
2014-11-13T00:00:00,AAPL,112.8,0.012567324955116619,0.020199003153190117
2014-11-14T00:00:00,AAPL,114.28,0.013120567375886561,0.01995376934247331
2014-11-15T00:00:00,AAPL,114.4,0.001050052502625171,0.019627059464324196
2014-11-17T00:00:00,AAPL,113.87,-0.0046328671328671423,0.019350432711196425
2014-11-18T00:00:00,AAPL,115.41,0.013524194256608342,0.019129788121730967
2014-11-19T00:00:00,AAPL,114.77,-0.0055454466683996237,0.018876700882496541
2014-11-20T00:00:00,AAPL,116.37,0.013940925328918781,0.018672887049937102
2014-11-21T00:00:00,AAPL,116.47,0.00085932800549965035,0.018368745549921007
2014-11-22T00:00:00,AAPL,116.27,-0.0017171803897999729,0.018085421341845195
2014-11-24T00:00:00,AAPL,118.53,0.019437516126257891,0.018032757400228638
2014-11-25T00:00:00,AAPL,117.73,-0.0067493461570910076,0.017828829503748447
2014-11-26T00:00:00,AAPL,119.02,0.010957275121039599,0.01759070986120034
2014-11-27T00:00:00,AAPL,119.14,0.0010082339102672202,0.017305104845762555
2014-11-28T00:00:00,AAPL,118.84,-0.0025180459963068422,0.017050942371155779
2014-12-01T00:00:00,AAPL,115.03,-0.032059912487378002,0.017918174473113065
2014-12-02T00:00:00,AAPL,114.88,-0.0013040076501782637,0.017631633492647538
2014-12-03T00:00:00,AAPL,115.87,0.0086176880222842023,0.017382883399078529
2014-12-04T00:00:00,AAPL,115.41,-0.0039699663415897809,0.017129797044006863
2014-12-05T00:00:00,AAPL,114.98,-0.0037258469803309298,0.016876496288395434
2014-12-06T00:00:00,AAPL,115,0.00017394329448596296,0.016599725675824382
2014-12-08T00:00:00,AAPL,112.42,-0.022434782608695636,0.016887603869435878
2014-12-09T00:00:00,AAPL,114.12,0.015121864436932956,0.016805310296808915
2014-12-10T00:00:00,AAPL,111.93,-0.019190325972660335,0.016932512123513068
2014-12-11T00:00:00,AAPL,111.2,-0.0065219333512016794,0.016702159058828613
2014-12-12T00:00:00,AAPL,109.75,-0.013039568345323766,0.016602474935953331
2014-12-13T00:00:00,AAPL,109.75,0,0.016328036468213864
2014-12-15T00:00:00,AAPL,108.1,-0.015034168564920325,0.016282390585932258
2014-12-16T00:00:00,AAPL,106.65,-0.013413506012950866,0.016179531798301752
2014-12-17T00:00:00,AAPL,109.49,0.026629160806375892,0.016665143014554538
2014-12-18T00:00:00,AAPL,112.51,0.02758242761896073,0.017124280521803998
2014-12-19T00:00:00,AAPL,111.8,-0.0063105501733179978,0.016890349235621886
2014-12-20T00:00:00,AAPL,111.85,0.0004472271914132125,0.0166111807568039
2014-12-22T00:00:00,AAPL,112.8,0.008493518104604407,0.016397709927059516
2014-12-23T00:00:00,AAPL,112.54,-0.0023049645390070118,0.016136767030872967
2014-12-24T00:00:00,AAPL,112.02,-0.0046205793495646902,0.015899538083162107
2014-12-26T00:00:00,AAPL,114.01,0.017764684877700491,0.015937829185074491
2014-12-27T00:00:00,AAPL,114.14,0.0011402508551881015,0.015674376155859867
2014-12-29T00:00:00,AAPL,113.95,-0.0016646223935517586,0.015423603551174715
2014-12-30T00:00:00,AAPL,112.43,-0.013339183852566881,0.015387612586978561
2014-12-31T00:00:00,AAPL,110.63,-0.016009961753980353,0.015424150157387873
2015-01-01T00:00:00,AAPL,110.7,0.00063273976317461259,0.015169551515497377
2015-01-02T00:00:00,AAPL,109.1,-0.014453477868112092,0.015144973463536601
2015-01-03T00:00:00,AAPL,109.13,0.00027497708524290684,0.014895132512902287
2015-01-05T00:00:00,AAPL,106.6,-0.023183359296252187,0.015210211290044255
2015-01-06T00:00:00,AAPL,106.26,-0.0031894934333957714,0.01496333919894592
2015-01-07T00:00:00,AAPL,107.9,0.015433841520798047,0.015016154398188711
2015-01-08T00:00:00,AAPL,112,0.037998146431881319,0.016317998944560378
2015-01-09T00:00:00,AAPL,111.98,-0.00017857142857139304,0.016048888349883186
2015-01-10T00:00:00,AAPL,111.91,-0.00062511162707632958,0.015785096315471765
2015-01-12T00:00:00,AAPL,109.37,-0.022696809936556091,0.016075493456519263
2015-01-13T00:00:00,AAPL,110.39,0.0093261406235713266,0.01590236479475951
2015-01-14T00:00:00,AAPL,109.98,-0.0037141045384545394,0.015654462484259224
2015-01-15T00:00:00,AAPL,106.82,-0.028732496817603297,0.016235718699549991
2015-01-16T00:00:00,AAPL,106,-0.0076764650814453586,0.016012703967341294
2015-01-17T00:00:00,AAPL,106,0,0.015749461303960419
2015-01-20T00:00:00,AAPL,109.04,0.028679245283018927,0.016389282922395706
2015-01-21T00:00:00,AAPL,109.53,0.0044937637564196158,0.016140133494812327
2015-01-22T00:00:00,AAPL,112.36,0.025837670044736586,0.016538569946587058
2015-01-23T00:00:00,AAPL,112.87,0.0045389818440726695,0.016278830029968518
2015-01-24T00:00:00,AAPL,112.94,0.0006201825108531335,0.016009849530512092
2015-01-26T00:00:00,AAPL,113.29,0.0030989906144856432,0.015749981863872414
2015-01-27T00:00:00,AAPL,114.64,0.011916320946244102,0.01561296584892637
2015-01-28T00:00:00,AAPL,115.35,0.006193300767620322,0.015379317525064589
2015-01-29T00:00:00,AAPL,118.99,0.031556133506718688,0.016057758235134386
2015-01-30T00:00:00,AAPL,117.25,-0.014623077569543617,0.016089267305471409
2015-01-31T00:00:00,AAPL,117.27,0.00017057569296371873,0.015826532328405883
2015-02-02T00:00:00,AAPL,118.55,0.010914982518973319,0.015649063275625472
2015-02-03T00:00:00,AAPL,118.37,-0.0015183466891606295,0.015404755739100563
2015-02-04T00:00:00,AAPL,119.36,0.0083636056433217445,0.015192282216689343
2015-02-05T00:00:00,AAPL,119.75,0.0032674262734584498,0.014942223543596709
2015-02-06T00:00:00,AAPL,118.96,-0.0065970772442589245,0.014781908266099483
2015-02-07T00:00:00,AAPL,118.83,-0.0010928043039676821,0.014548251834961983
2015-02-09T00:00:00,AAPL,119.35,0.0043759993267693011,0.014314618020075052
2015-02-10T00:00:00,AAPL,122.17,0.023627984918307563,0.014604367341311222
2015-02-11T00:00:00,AAPL,125.18,0.024637799787181839,0.014893428809718886
2015-02-12T00:00:00,AAPL,126.37,0.0095063109122862886,0.014687964430526076
2015-02-13T00:00:00,AAPL,127.02,0.0051436258605681053,0.014447764535823585
2015-02-14T00:00:00,AAPL,127.23,0.0016532829475673749,0.014213554034783254
2015-02-17T00:00:00,AAPL,127.72,0.0038512929340563931,0.013978674023811671
2015-02-18T00:00:00,AAPL,128.6,0.0068900720325712136,0.013760208129900241
2015-02-19T00:00:00,AAPL,128.47,-0.0010108864696733706,0.013559380601118807
2015-02-20T00:00:00,AAPL,129.49,0.0079395967930256887,0.013358375545349209
2015-02-21T00:00:00,AAPL,129.51,0.00015445208124165424,0.013153044497613977
2015-02-23T00:00:00,AAPL,132.98,0.026793297814840546,0.013590142898352654
2015-02-24T00:00:00,AAPL,132,-0.007369529252519099,0.013530227519477153
2015-02-25T00:00:00,AAPL,128.63,-0.025530303030303066,0.014322194619941706
2015-02-26T00:00:00,AAPL,130.39,0.013682655679079459,0.014215485420102038
2015-02-27T00:00:00,AAPL,128.5,-0.014494976608635529,0.01434309876009149
2015-02-28T00:00:00,AAPL,128.45,-0.00038910505836584725,0.014117375937147557
2015-03-02T00:00:00,AAPL,129.03,0.0045153756325419427,0.013888004206652793
2015-03-03T00:00:00,AAPL,129.29,0.0020150352631170339,0.013659025690833286
2015-03-04T00:00:00,AAPL,128.48,-0.0062649856910820811,0.013529358898823576
2015-03-05T00:00:00,AAPL,126.3,-0.016967621419676157,0.013753032944442963
2015-03-06T00:00:00,AAPL,126.87,0.004513064133016686,0.013534659539749808
2015-03-07T00:00:00,AAPL,127.05,0.001418775124142765,0.013311166852473515
2015-03-09T00:00:00,AAPL,127.35,0.0023612750885477936,0.013091459719277002
2015-03-10T00:00:00,AAPL,124.64,-0.021279937180997202,0.013529199957640028
2015-03-11T00:00:00,AAPL,122.5,-0.017169448010269581,0.013704252557501781
2015-03-12T00:00:00,AAPL,124.55,0.016734693877550996,0.013789262570838547
2015-03-13T00:00:00,AAPL,123.64,-0.0073063026896828314,0.013643840907815967
2015-03-14T00:00:00,AAPL,123.46,-0.0014558395341314043,0.013424224203424262
2015-03-16T00:00:00,AAPL,124.63,0.0094767536044063003,0.013296270810580792
2015-03-17T00:00:00,AAPL,127.1,0.019818663243199863,0.01350707845582636
2015-03-18T00:00:00,AAPL,128.58,0.011644374508261356,0.013405799606126818
2015-03-19T00:00:00,AAPL,127.36,-0.0094882563384664255,0.013342587442947196
2015-03-20T00:00:00,AAPL,126.52,-0.0065954773869347002,0.013203344599006133
2015-03-21T00:00:00,AAPL,126.5,-0.00015807777426490689,0.012987676293794289
2015-03-23T00:00:00,AAPL,127.09,0.0046640316205533864,0.01278780546552217
2015-03-24T00:00:00,AAPL,126.75,-0.0026752694940593547,0.012597174443291245
2015-03-25T00:00:00,AAPL,123.92,-0.022327416173570005,0.013090602369245757
2015-03-26T00:00:00,AAPL,124.32,0.0032278889606196857,0.01288390582625139
2015-03-27T00:00:00,AAPL,123.25,-0.0086068211068210526,0.012776886178294053
2015-03-28T00:00:00,AAPL,123.1,-0.0012170385395537987,0.012568396306237741
2015-03-30T00:00:00,AAPL,126.31,0.02607636068237212,0.013205942931952475
2015-03-31T00:00:00,AAPL,125.17,-0.0090254136647929736,0.013112781544351785
2015-04-01T00:00:00,AAPL,124.42,-0.0059918510825277618,0.012952033739317163
2015-04-02T00:00:00,AAPL,125.34,0.0073943095965279034,0.012798163688365323
2015-04-03T00:00:00,AAPL,125.31,-0.00023934897079943461,0.012587775746375311
2015-04-06T00:00:00,AAPL,127.4,0.016678636980288909,0.012708565994680622
2015-04-07T00:00:00,AAPL,125.86,-0.012087912087912137,0.012724521503454031
2015-04-08T00:00:00,AAPL,125.74,-0.00095344033052601742,0.012518020361708598
2015-04-09T00:00:00,AAPL,126.8,0.0084300938444409283,0.012388801528266279
2015-04-10T00:00:00,AAPL,127.02,0.0017350157728706535,0.012184791446014346
2015-04-11T00:00:00,AAPL,127.09,0.00055109431585582892,0.011983639550220486
2015-04-13T00:00:00,AAPL,126.85,-0.0018884255252184206,0.011796793950267581
2015-04-14T00:00:00,AAPL,126.31,-0.0042569964525028935,0.011638483037716004
2015-04-15T00:00:00,AAPL,126.89,0.0045918771277016724,0.011467236151335838
2015-04-16T00:00:00,AAPL,126.19,-0.0055165891717235621,0.01133537137250578
2015-04-17T00:00:00,AAPL,124.8,-0.011015135906173236,0.011342615373474052
2015-04-18T00:00:00,AAPL,124.67,-0.0010416666666666302,0.011157544024562222
2015-04-20T00:00:00,AAPL,127.53,0.022940563086548484,0.011707724494200834
2015-04-21T00:00:00,AAPL,126.82,-0.0055673174939230609,0.011573631784108737
2015-04-22T00:00:00,AAPL,128.28,0.011512379750828009,0.011545482616263082
2015-04-23T00:00:00,AAPL,130.15,0.014577486747739355,0.011609903703162899
2015-04-24T00:00:00,AAPL,130.38,0.0017671917018823647,0.011418065987291753
2015-04-25T00:00:00,AAPL,130.56,0.0013805798435343368,0.011229363295768215
2015-04-27T00:00:00,AAPL,134.65,0.031326593137254929,0.012271044882160865
2015-04-28T00:00:00,AAPL,130.35,-0.031934645376903166,0.013561581830133848
2015-04-29T00:00:00,AAPL,127.7,-0.020329881089374696,0.013895869242313627
2015-04-30T00:00:00,AAPL,125.01,-0.021064996084573202,0.014212856936726068
2015-05-01T00:00:00,AAPL,129.01,0.031997440204783505,0.015115538405463876
2015-05-02T00:00:00,AAPL,129.05,0.00031005348422618765,0.014866212019242658
2015-05-04T00:00:00,AAPL,128.73,-0.0024796590468812211,0.014633735834922947
2015-05-05T00:00:00,AAPL,125.89,-0.022061679484191635,0.014969687043301764
2015-05-06T00:00:00,AAPL,125.18,-0.005639844308523264,0.014758569123636661
2015-05-07T00:00:00,AAPL,125.24,0.00047930979389669326,0.014514939052971602
2015-05-08T00:00:00,AAPL,127.5,0.018045352922389055,0.014640119833068819
2015-05-09T00:00:00,AAPL,127.44,-0.0004705882352941355,0.014399273581317628
2015-05-11T00:00:00,AAPL,126.23,-0.0094946641556810565,0.014274815105371663
2015-05-12T00:00:00,AAPL,125.83,-0.0031688188227838522,0.014051756840917633
2015-05-13T00:00:00,AAPL,126.01,0.0014305014702376763,0.013821627177284426
2015-05-14T00:00:00,AAPL,128.85,0.02253789381795087,0.014176859261023734
2015-05-15T00:00:00,AAPL,128.79,-0.00046565774155997111,0.013944527464222695
2015-05-16T00:00:00,AAPL,128.8,7.7645779952009681e-05,0.013714654678516293
2015-05-18T00:00:00,AAPL,130.16,0.010559006211180008,0.013601647669854409
2015-05-19T00:00:00,AAPL,130.09,-0.00053779963122305759,0.013380071115311226
2015-05-20T00:00:00,AAPL,130.05,-0.00030747943731256852,0.013161164854924872
2015-05-21T00:00:00,AAPL,131.43,0.010611303344867323,0.013057988751749496
2015-05-22T00:00:00,AAPL,132.68,0.0095107661873240507,0.012926039693016162
2015-05-23T00:00:00,AAPL,132.77,0.00067832378655414082,0.012713429105848025
2015-05-26T00:00:00,AAPL,129.75,-0.022746102282142126,0.013243369866535333
2015-05-27T00:00:00,AAPL,131.95,0.016955684007707042,0.013345062413293364
2015-05-28T00:00:00,AAPL,131.9,-0.00037893141341404285,0.013127911624587861
2015-05-29T00:00:00,AAPL,130.58,-0.010007581501137173,0.013067964930662482
2015-05-30T00:00:00,AAPL,130.53,-0.00038290703017316099,0.012853925511621704
2015-06-01T00:00:00,AAPL,130.78,0.0019152685206465945,0.012642949848724624
2015-06-02T00:00:00,AAPL,130.01,-0.0058877504205536793,0.012492976504124141
2015-06-03T00:00:00,AAPL,130.18,0.001307591723713683,0.012287043421900847
2015-06-04T00:00:00,AAPL,129.42,-0.005838070364111379,0.012140263353659876
2015-06-05T00:00:00,AAPL,128.69,-0.0056405501468087607,0.011989629338029448
2015-06-06T00:00:00,AAPL,128.68,-7.7706115471216916e-05,0.011791589925610095
2015-06-08T00:00:00,AAPL,127.82,-0.0066832452595587009,0.011663179229838845
2015-06-09T00:00:00,AAPL,127.42,-0.0031294007197620989,0.011484281140629812
2015-06-10T00:00:00,AAPL,128.94,0.011929053523779595,0.011498753350981687
2015-06-11T00:00:00,AAPL,128.71,-0.0017837753994104993,0.011314905645397135
2015-06-12T00:00:00,AAPL,127.22,-0.01157641208919283,0.011328315491275691
2015-06-13T00:00:00,AAPL,127.23,7.8603993082888824e-05,0.011141133030483901
2015-06-15T00:00:00,AAPL,126.94,-0.0022793366344416115,0.010963689806680232
2015-06-16T00:00:00,AAPL,127.6,0.0051993067590987603,0.010826162966269749
2015-06-17T00:00:00,AAPL,127.01,-0.0046238244514105742,0.010679052733818466
2015-06-18T00:00:00,AAPL,127.89,0.0069285883001338113,0.010579937276387388
2015-06-19T00:00:00,AAPL,126.66,-0.0096176401595121121,0.010548839134474445
2015-06-20T00:00:00,AAPL,126.62,-0.0003158060950575718,0.010374469577098682
2015-06-22T00:00:00,AAPL,127.51,0.0070289053861949183,0.010286836624791703
2015-06-23T00:00:00,AAPL,127.03,-0.0037644106344600736,0.010138985347895521
2015-06-24T00:00:00,AAPL,128.35,0.010391246162323807,0.010149600827189546
2015-06-25T00:00:00,AAPL,127.57,-0.0060771328398909327,0.010045120859841435
2015-06-26T00:00:00,AAPL,126.88,-0.0054087951712784958,0.0099264767768306363
2015-06-27T00:00:00,AAPL,126.78,-0.00078814627994951386,0.0097629820498411572
2015-06-29T00:00:00,AAPL,124.72,-0.016248619656097193,0.010024304322536714
2015-06-30T00:00:00,AAPL,125.37,0.0052116741500962613,0.0099162853437087129
2015-07-01T00:00:00,AAPL,126.5,0.0090133205711094792,0.0099021395455093503
2015-07-02T00:00:00,AAPL,126.32,-0.0014229249011858246,0.009740822776024595
2015-07-03T00:00:00,AAPL,126.34,0.00015832805573155664,0.0095801102832767694
2015-07-06T00:00:00,AAPL,126.15,-0.0015038784233021823,0.0094244293242323179
2015-07-07T00:00:00,AAPL,125.6,-0.0043598890210068278,0.0092973624983749819
2015-07-08T00:00:00,AAPL,122.58,-0.024044585987261117,0.01007944421508448
2015-07-09T00:00:00,AAPL,120.21,-0.019334312285854173,0.010433979588894781
2015-07-10T00:00:00,AAPL,123.16,0.024540387654937219,0.011298966734640252
2015-07-11T00:00:00,AAPL,123.32,0.0012991230919129312,0.011119417699882252
2015-07-13T00:00:00,AAPL,125.6,0.018488485241647756,0.011474305610462537
2015-07-14T00:00:00,AAPL,125.66,0.00047770700636944486,0.011285339942179898
2015-07-15T00:00:00,AAPL,127.04,0.010982014961005966,0.011279047519818636
2015-07-16T00:00:00,AAPL,128.78,0.013696473551637238,0.011355655016628916
2015-07-17T00:00:00,AAPL,129.61,0.0064451001708340774,0.0112170231944666
2015-07-18T00:00:00,AAPL,129.77,0.0012344726487153504,0.011031881174640172
2015-07-20T00:00:00,AAPL,132.04,0.017492486707251148,0.011255350704815176
2015-07-21T00:00:00,AAPL,121.65,-0.078688276279915079,0.018143305689339244
2015-07-22T00:00:00,AAPL,125.65,0.032881216605014384,0.018867574757928905
2015-07-23T00:00:00,AAPL,125.46,-0.0015121368881815514,0.018557318750211726
2015-07-24T00:00:00,AAPL,124.61,-0.0067750677506774621,0.018288848945879826
2015-07-25T00:00:00,AAPL,124.53,-0.00064200304951447156,0.017986583493387741
2015-07-27T00:00:00,AAPL,122.94,-0.012768007708985814,0.017827873228771707
2015-07-28T00:00:00,AAPL,123.35,0.0033349601431592372,0.017549030058481824
2015-07-29T00:00:00,AAPL,122.65,-0.0056749087961085421,0.017282222101953498
2015-07-30T00:00:00,AAPL,122.85,0.0016306563391764257,0.017002360939547732
2015-07-31T00:00:00,AAPL,121.5,-0.010989010989010943,0.016821826119193202
2015-08-01T00:00:00,AAPL,121.45,-0.00041152263374483259,0.016544221434721545
2015-08-03T00:00:00,AAPL,118.4,-0.025113215314944398,0.016833571172195593
2015-08-04T00:00:00,AAPL,114.3,-0.034628378378378448,0.017569753822915174
2015-08-05T00:00:00,AAPL,115.3,0.0087489063867016627,0.017406339650457705
2015-08-06T00:00:00,AAPL,115.02,-0.0024284475281873474,0.017118627045379087
2015-08-07T00:00:00,AAPL,115.53,0.004434011476265042,0.016882330247258312
2015-08-08T00:00:00,AAPL,115.52,-8.6557604085563193e-05,0.016608119736460786
2015-08-10T00:00:00,AAPL,119.55,0.034885734072022175,0.017642519889460421
2015-08-11T00:00:00,AAPL,113.65,-0.04935173567544953,0.019399732018303351
2015-08-12T00:00:00,AAPL,115.61,0.017245930488341343,0.01940960231601465
2015-08-13T00:00:00,AAPL,115.08,-0.0045843785139693897,0.019094555742568416
2015-08-14T00:00:00,AAPL,116.01,0.0080813347236705496,0.018866865139837437
2015-08-15T00:00:00,AAPL,116.14,0.0011205930523230363,0.018561998370464759
2015-08-17T00:00:00,AAPL,117.25,0.0095574306871017683,0.018365297817249018
2015-08-18T00:00:00,AAPL,116.66,-0.0050319829424307324,0.018074423688136346
2015-08-19T00:00:00,AAPL,114.87,-0.015343733927652941,0.017951593398500595
2015-08-20T00:00:00,AAPL,112.44,-0.021154348393836571,0.017992329124375379
2015-08-21T00:00:00,AAPL,106.2,-0.05549626467449302,0.020094185560169418
2015-08-22T00:00:00,AAPL,105.9,-0.00282485875706212,0.019763597284108765
2015-08-24T00:00:00,AAPL,103.8,-0.019830028328611977,0.019639386203344156
2015-08-25T00:00:00,AAPL,103.28,-0.0050096339113679771,0.019314836569332569
2015-08-26T00:00:00,AAPL,109.88,0.063903950426026285,0.022640069934817309
2015-08-27T00:00:00,AAPL,112.88,0.02730251183108846,0.022897576814371504
2015-08-28T00:00:00,AAPL,113.08,0.0017717930545712514,0.022526586597612086
2015-08-29T00:00:00,AAPL,113.37,0.002564556066501647,0.022165430694282218
2015-08-31T00:00:00,AAPL,112.59,-0.0068801270177295676,0.021822621272881208
2015-09-01T00:00:00,AAPL,107.9,-0.041655564437338997,0.022645734134829648
2015-09-02T00:00:00,AAPL,112.1,0.038924930491195442,0.023494446178114445
2015-09-03T00:00:00,AAPL,110.37,-0.015432649420160481,0.023243672177271853
2015-09-04T00:00:00,AAPL,109.15,-0.011053728368215989,0.022919368482195515
2015-09-05T00:00:00,AAPL,109.05,-0.00091617040769590948,0.022541570348329241
2015-09-08T00:00:00,AAPL,112.43,0.030994956441999174,0.022951502293868858
2015-09-09T00:00:00,AAPL,110.22,-0.019656675264609159,0.022819171645761333
2015-09-10T00:00:00,AAPL,112.5,0.020685900925421895,0.022796672484052136
2015-09-11T00:00:00,AAPL,114.07,0.013955555555555495,0.02257777260887224
2015-09-12T00:00:00,AAPL,114.29,0.0019286403085825641,0.022208505780405868
2015-09-14T00:00:00,AAPL,115.25,0.0083996850118120015,0.021897533445406969
2015-09-15T00:00:00,AAPL,116.36,0.0096312364425162646,0.021605481605870138
2015-09-16T00:00:00,AAPL,116.36,0,0.021248399963002207
2015-09-17T00:00:00,AAPL,114,-0.020281883808869021,0.021220521339800572
2015-09-18T00:00:00,AAPL,113.52,-0.0042105263157895083,0.020880927770965892
2015-09-19T00:00:00,AAPL,113.45,-0.00061663143058485886,0.020535770545594346
2015-09-21T00:00:00,AAPL,115.35,0.016747465843984059,0.020433339366607326
2015-09-22T00:00:00,AAPL,113.45,-0.016471608149111326,0.020312985833082966
2015-09-23T00:00:00,AAPL,114.35,0.0079330101366239889,0.020034634800427567
2015-09-24T00:00:00,AAPL,115.05,0.0061215566243988011,0.019736458348516846
2015-09-25T00:00:00,AAPL,114.71,-0.002955236853541968,0.019417356254005529
2015-09-26T00:00:00,AAPL,114.72,8.7176357771816899e-05,0.01909642194874198
2015-09-28T00:00:00,AAPL,112.62,-0.018305439330543884,0.019062825472906494
2015-09-29T00:00:00,AAPL,109.05,-0.031699520511454513,0.019556338627635676
2015-09-30T00:00:00,AAPL,109.66,0.0055937643282897706,0.019277922420301598
2015-10-01T00:00:00,AAPL,109.6,-0.00054714572314428487,0.018960004761717705
2015-10-02T00:00:00,AAPL,110.3,0.0063868613138686392,0.018699683295359364
2015-10-03T00:00:00,AAPL,110.4,0.00090661831369001384,0.018394455612831907
2015-10-05T00:00:00,AAPL,110.4,0,0.018091528076092461
2015-10-06T00:00:00,AAPL,110.5,0.00090579710144922387,0.017796086938571532
2015-10-07T00:00:00,AAPL,110.73,0.0020814479638009411,0.017510807756998221
2015-10-08T00:00:00,AAPL,109.44,-0.011649959360606938,0.017328745535786755
2015-10-09T00:00:00,AAPL,112.04,0.023757309941520546,0.017625223832085545
2015-10-10T00:00:00,AAPL,112,-0.00035701535166017718,0.017333886605801915
2015-10-12T00:00:00,AAPL,111.6,-0.0035714285714286221,0.017056561711182545
2015-10-13T00:00:00,AAPL,111.72,0.0010752688172043418,0.016777166105873324
2015-10-14T00:00:00,AAPL,110.15,-0.01405298961689933,0.016678372827510102
2015-10-15T00:00:00,AAPL,111.8,0.014979573309123844,0.016650094611931288
2015-10-16T00:00:00,AAPL,111.01,-0.0070661896243290881,0.016418274060492507
2015-10-17T00:00:00,AAPL,110.96,-0.0004504098729845182,0.016146914960455502
2015-10-19T00:00:00,AAPL,111.6,0.0057678442682047642,0.015921567592766292
2015-10-20T00:00:00,AAPL,113.46,0.016666666666666663,0.01595634503467673
2015-10-21T00:00:00,AAPL,113.73,0.0023796932839768221,0.015697756883810497
2015-10-22T00:00:00,AAPL,115.93,0.019344060494152843,0.015816052119996277
2015-10-23T00:00:00,AAPL,119.05,0.026912792202190894,0.016244190427485664
2015-10-24T00:00:00,AAPL,119.17,0.0010079798404032301,0.015976145162831416
2015-10-26T00:00:00,AAPL,115.25,-0.032894184778048181,0.016893656660643203
2015-10-27T00:00:00,AAPL,116.61,0.011800433839479388,0.016737090554825269
2015-10-28T00:00:00,AAPL,119.12,0.021524740588285782,0.016871761341097483
2015-10-29T00:00:00,AAPL,120.68,0.013096037609133665,0.016721213146341708
2015-10-30T00:00:00,AAPL,119.3,-0.01143520053032822,0.016619797210068829
2015-10-31T00:00:00,AAPL,119.28,-0.0001676445934618275,0.016347880554510058
2015-11-02T00:00:00,AAPL,121.05,0.014839034205231355,0.016256055115977868
2015-11-03T00:00:00,AAPL,122.43,0.011400247831474678,0.01607805267487564
2015-11-04T00:00:00,AAPL,121.95,-0.0039206076941926318,0.015850619343170547
2015-11-05T00:00:00,AAPL,121.3,-0.005330053300533052,0.015644289558306022
2015-11-06T00:00:00,AAPL,121,-0.0024732069249793665,0.015404570221871972
2015-11-07T00:00:00,AAPL,121.06,0.00049586776859506009,0.015151309005949427
2015-11-09T00:00:00,AAPL,120.09,-0.0080125557574756232,0.015000434681953336
2015-11-10T00:00:00,AAPL,116.67,-0.028478641019235588,0.015690666985855889
2015-11-11T00:00:00,AAPL,115.92,-0.006428387760349704,0.01547860802432446
2015-11-12T00:00:00,AAPL,115.71,-0.0018115942028986193,0.015226553803200083
2015-11-13T00:00:00,AAPL,112.15,-0.030766571601417235,0.015963007636198359
2015-11-14T00:00:00,AAPL,110.9,-0.011145786892554613,0.015804780373903621
2015-11-16T00:00:00,AAPL,114.08,0.028674481514878201,0.016450385992865739
2015-11-17T00:00:00,AAPL,113.82,-0.0022791023842917701,0.016182220090571239
2015-11-18T00:00:00,AAPL,117.34,0.030926023545949838,0.016879758303309331
2015-11-19T00:00:00,AAPL,118.7,0.011590250553945794,0.016717079134662426
2015-11-20T00:00:00,AAPL,119.33,0.005307497893850004,0.016459049290467074
2015-11-21T00:00:00,AAPL,119.45,0.0010056146819743949,0.016186995039347424
2015-11-23T00:00:00,AAPL,117.8,-0.013813311008790337,0.016143837404532051
2015-11-24T00:00:00,AAPL,118.74,0.0079796264855687415,0.015931682815703025
2015-11-25T00:00:00,AAPL,118.05,-0.00581101566447699,0.015714267981842962
2015-11-26T00:00:00,AAPL,118.06,8.4709868699746853e-05,0.015454850340814598
2015-11-27T00:00:00,AAPL,117.79,-0.0022869727257326445,0.015208448206600098
2015-11-28T00:00:00,AAPL,117.91,0.0010187622039221525,0.014957297499012392
2015-11-30T00:00:00,AAPL,118.4,0.0041557119837164714,0.014724243231452359
2015-12-01T00:00:00,AAPL,117.3,-0.0092905405405406122,0.014591013039760375
2015-12-02T00:00:00,AAPL,116.39,-0.0077578857630008239,0.014423467300493742
2015-12-03T00:00:00,AAPL,115.37,-0.0087636394879284825,0.014273720011221434
2015-12-04T00:00:00,AAPL,119,0.031463985438155456,0.015146233558952196
2015-12-05T00:00:00,AAPL,119.05,0.00042016806722686687,0.014896047778881878
2015-12-07T00:00:00,AAPL,118.4,-0.0054598908021838847,0.014693120284692055
2015-12-08T00:00:00,AAPL,118.23,-0.0014358108108108252,0.014454918145507614
2015-12-09T00:00:00,AAPL,115.62,-0.02207561532605937,0.014784950528405455
2015-12-10T00:00:00,AAPL,116.19,0.0049299429164503823,0.014569678240638354
2015-12-11T00:00:00,AAPL,113.18,-0.025905843876409252,0.015063526955402466
2015-12-12T00:00:00,AAPL,112.95,-0.002032161159215444,0.014815976617711319
2015-12-14T00:00:00,AAPL,112.53,-0.0037184594953519408,0.01457975930816648
2015-12-15T00:00:00,AAPL,110.53,-0.017773038300897537,0.014651442729855269
2015-12-16T00:00:00,AAPL,111.24,0.0064235954039626687,0.014480351874794411
2015-12-17T00:00:00,AAPL,108.85,-0.021485077310320035,0.014695284328921844
2015-12-18T00:00:00,AAPL,106.32,-0.023242994947175022,0.014949330389669148
2015-12-19T00:00:00,AAPL,106.33,9.4055680963178295e-05,0.014710504790220933
2015-12-21T00:00:00,AAPL,107.39,0.0099689645443431039,0.014641393237251747
2015-12-22T00:00:00,AAPL,107.29,-0.0009311853990128905,0.014401044887287268
2015-12-23T00:00:00,AAPL,108.55,0.011743871749463983,0.014379974981485272
2015-12-24T00:00:00,AAPL,108.01,-0.0049746660525102904,0.014154796803079385
2015-12-28T00:00:00,AAPL,106.85,-0.010739746319785304,0.014013734003136713
2015-12-29T00:00:00,AAPL,108.71,0.0174075807206364,0.014218691448834645
2015-12-30T00:00:00,AAPL,107.35,-0.01251034863398031,0.014124665429890685
2015-12-31T00:00:00,AAPL,105.4,-0.018164881229622624,0.014199109260849609
2016-01-01T00:00:00,AAPL,105.46,0.00056925996204922253,0.013974063820648521
2016-01-04T00:00:00,AAPL,105.55,0.00085340413426894946,0.013754220218521645
2016-01-05T00:00:00,AAPL,102.51,-0.028801515869256201,0.014349897561335284
2016-01-06T00:00:00,AAPL,100.8,-0.016681299385425889,0.014324862142596267
2016-01-07T00:00:00,AAPL,96,-0.047619047619047596,0.016167392807862242
2016-01-08T00:00:00,AAPL,96.96,0.0099999999999999343,0.016123710786851316
2016-01-09T00:00:00,AAPL,97.01,0.00051567656765688294,0.015881849567139558
2016-01-11T00:00:00,AAPL,98.47,0.01504999484589211,0.015999231100607331
2016-01-12T00:00:00,AAPL,99.7,0.012491114044886809,0.015998452026849234
2016-01-13T00:00:00,AAPL,97.48,-0.022266800401203598,0.016106515963977126
2016-01-14T00:00:00,AAPL,98.72,0.012720558063192397,0.016112990566946581
2016-01-15T00:00:00,AAPL,97.15,-0.01590356564019442,0.016010559567243041
2016-01-16T00:00:00,AAPL,97.13,-0.0002058672156460137,0.015757667888503638
2016-01-19T00:00:00,AAPL,96.6,-0.0054566045506022976,0.015501238028011842
2016-01-20T00:00:00,AAPL,96.75,0.0015527950310559595,0.015272510616954376
2016-01-21T00:00:00,AAPL,96.3,-0.0046511627906977038,0.015021784032480541
2016-01-22T00:00:00,AAPL,101.46,0.053582554517133923,0.017973776654422749
2016-01-23T00:00:00,AAPL,101.98,0.0051251724817663142,0.017717324180007561
2016-01-25T00:00:00,AAPL,99.45,-0.024808786036477751,0.017927095948827475
2016-01-26T00:00:00,AAPL,99.61,0.0016088486676721627,0.017643371286885562
2016-01-27T00:00:00,AAPL,93.55,-0.060837265334805768,0.02031715912493446
2016-01-28T00:00:00,AAPL,93.67,0.0012827365045430738,0.020003089124559639
2016-01-29T00:00:00,AAPL,97.06,0.036190882886730016,0.020938783010928986
2016-01-30T00:00:00,AAPL,97.19,0.0013393777045126256,0.020603806229032292
2016-02-01T00:00:00,AAPL,96.36,-0.0085399732482765549,0.020294088812271686
2016-02-02T00:00:00,AAPL,94.71,-0.017123287671232935,0.020130320396431284
2016-02-03T00:00:00,AAPL,96.26,0.016365748073065269,0.020100481991839742
2016-02-04T00:00:00,AAPL,96.5,0.0024932474548098366,0.019787409461171274
2016-02-05T00:00:00,AAPL,94,-0.025906735751295335,0.019920587848836858
2016-02-06T00:00:00,AAPL,93.95,-0.00053191489361699104,0.01959621721077083
2016-02-08T00:00:00,AAPL,95.17,0.0129856306546035,0.019482188849041081
2016-02-09T00:00:00,AAPL,94.8,-0.0038877797625302569,0.019162071262650744
2016-02-10T00:00:00,AAPL,94.19,-0.0064345991561181376,0.018859070475369954
2016-02-11T00:00:00,AAPL,93.7,-0.0052022507697207232,0.018553412741789087
2016-02-12T00:00:00,AAPL,93.84,0.0014941302027748193,0.018261845671940977
2016-02-13T00:00:00,AAPL,93.85,0.00010656436487628841,0.017966111362507798
2016-02-16T00:00:00,AAPL,96.14,0.024400639318060802,0.018313934082606651
2016-02-17T00:00:00,AAPL,98.19,0.021323070522155162,0.018473350912463934
2016-02-18T00:00:00,AAPL,96.27,-0.019553926061717096,0.01847773512994258
2016-02-19T00:00:00,AAPL,96,-0.0028046120286693262,0.018174027591373234
2016-02-20T00:00:00,AAPL,95.9,-0.0010416666666666075,0.017873762991988
2016-02-22T00:00:00,AAPL,96.7,0.0083420229405630573,0.017665871030818486
2016-02-23T00:00:00,AAPL,94.6,-0.021716649431230698,0.017763227368727312
2016-02-24T00:00:00,AAPL,96.16,0.016490486257928143,0.017775535520219765
2016-02-25T00:00:00,AAPL,96.57,0.0042637271214641913,0.017509171510871557
2016-02-26T00:00:00,AAPL,96.91,0.0035207621414518322,0.017239009526434448
2016-02-27T00:00:00,AAPL,96.87,-0.00041275410174380396,0.016954244370691766
2016-02-29T00:00:00,AAPL,96.9,0.0003096934035305165,0.016675296225782777
2016-03-01T00:00:00,AAPL,100.63,0.038493292053663461,0.017854339968923952
2016-03-02T00:00:00,AAPL,100.69,0.00059624366491108289,0.01755922026385064
2016-03-03T00:00:00,AAPL,101.55,0.0085410666401827331,0.017329561181096582
2016-03-04T00:00:00,AAPL,102.97,0.013983259478089628,0.017208172120252253
2016-03-05T00:00:00,AAPL,102.99,0.00019423132951341187,0.016924639525776095
2016-03-07T00:00:00,AAPL,101.76,-0.011942907078357023,0.016809981728158167
2016-03-08T00:00:00,AAPL,101,-0.0074685534591195464,0.016597309081448831
2016-03-09T00:00:00,AAPL,101.15,0.0014851485148515413,0.016324019040788344
2016-03-10T00:00:00,AAPL,101.02,-0.0012852199703411731,0.016057315163413799
2016-03-11T00:00:00,AAPL,102.19,0.011581864977232249,0.015918519710583192
2016-03-12T00:00:00,AAPL,102.22,0.00029357079949115508,0.01565563839053237
2016-03-14T00:00:00,AAPL,102.55,0.0032283310506749981,0.0154031631575788
2016-03-15T00:00:00,AAPL,104.53,0.019307654802535389,0.015506820172600662
2016-03-16T00:00:00,AAPL,105.25,0.0068879747440925938,0.015281630390106623
2016-03-17T00:00:00,AAPL,105.93,0.0064608076009501835,0.015053975375552371
2016-03-18T00:00:00,AAPL,105.7,-0.0021712451618994049,0.014822251611084188
2016-03-19T00:00:00,AAPL,105.77,0.00066225165562907456,0.014578349988144909
2016-03-21T00:00:00,AAPL,106,0.0021745296397844755,0.014337700366958681
2016-03-22T00:00:00,AAPL,106.56,0.0052830188679245495,0.01411578703188358
2016-03-23T00:00:00,AAPL,106.15,-0.0038475975975975655,0.013919040061240154
2016-03-24T00:00:00,AAPL,105.62,-0.0049929345266132939,0.013739822841540681
2016-03-25T00:00:00,AAPL,105.69,0.00066275326642674848,0.013513297546337942
2016-03-28T00:00:00,AAPL,105.14,-0.0052038981928280549,0.01334186698466024
2016-03-29T00:00:00,AAPL,107.69,0.024253376450446996,0.013762676025642418
2016-03-30T00:00:00,AAPL,109.5,0.016807503017921836,0.013797771523276863
2016-03-31T00:00:00,AAPL,109.05,-0.004109589041095916,0.01361961771578088
2016-04-01T00:00:00,AAPL,110,0.0087116001834021354,0.013445972321444458
2016-04-02T00:00:00,AAPL,110,0,0.013230615212272128
2016-04-04T00:00:00,AAPL,111,0.0090909090909090905,0.013068901858173261
2016-04-05T00:00:00,AAPL,110.25,-0.0067567567567567571,0.012960494370006034
2016-04-06T00:00:00,AAPL,111,0.0068027210884353739,0.012772793067829144
2016-04-07T00:00:00,AAPL,108.55,-0.022072072072072096,0.01330647977646377
2016-04-08T00:00:00,AAPL,108.64,0.00082911100875175876,0.013087197620798208
2016-04-09T00:00:00,AAPL,108.57,-0.00064432989690728446,0.012876868356974333
2016-04-11T00:00:00,AAPL,108.99,0.0038684719535783526,0.012671316436164135
2016-04-12T00:00:00,AAPL,110.35,0.012478209010000912,0.01261539393893395
2016-04-13T00:00:00,AAPL,112.01,0.015043044857272415,0.012629035873220571
2016-04-14T00:00:00,AAPL,112.2,0.0016962771181144338,0.012420815893815829
2016-04-15T00:00:00,AAPL,109.77,-0.021657754010695248,0.012952169110782428
2016-04-16T00:00:00,AAPL,109.6,-0.0015486927211442263,0.012750086864063748
2016-04-18T00:00:00,AAPL,107.31,-0.020894160583941536,0.013164723933306527
2016-04-19T00:00:00,AAPL,106.83,-0.0044730220855465847,0.01298039762959312
2016-04-20T00:00:00,AAPL,107.13,0.0028081999438359746,0.012772381670990667
2016-04-21T00:00:00,AAPL,105.45,-0.015681881825819029,0.012897282704688448
2016-04-22T00:00:00,AAPL,105.67,0.0020862968231389178,0.012689250601365479
2016-04-23T00:00:00,AAPL,105.61,-0.00056780543200532106,0.012480138871594625
2016-04-25T00:00:00,AAPL,105.16,-0.0042609601363507513,0.012298963303293825
2016-04-26T00:00:00,AAPL,96.57,-0.081685051350323348,0.019008768872925165
2016-04-27T00:00:00,AAPL,97.8,0.012736874805840365,0.018899145675730523
2016-04-28T00:00:00,AAPL,95.13,-0.027300613496932535,0.01912551032932655
2016-04-29T00:00:00,AAPL,93.78,-0.014191106906338635,0.018915984246110587
2016-04-30T00:00:00,AAPL,93.6,-0.0019193857965451784,0.018605174455670656
2016-05-02T00:00:00,AAPL,93.8,0.0021367521367521673,0.018324053971528701
2016-05-03T00:00:00,AAPL,95.13,0.014179104477611922,0.018288229591733492
2016-05-04T00:00:00,AAPL,94.3,-0.0087249027646378458,0.018019602315074951
2016-05-05T00:00:00,AAPL,93.24,-0.011240721102863227,0.017786536231325322
2016-05-06T00:00:00,AAPL,92.73,-0.0054697554697553724,0.017497827219124865
2016-05-07T00:00:00,AAPL,92.67,-0.0006470397929472907,0.017214454287384613
2016-05-09T00:00:00,AAPL,92.72,0.00053954893708856326,0.016942285958676109
2016-05-10T00:00:00,AAPL,93.35,0.0067946505608282512,0.016753857989263769
2016-05-11T00:00:00,AAPL,92.45,-0.0096411355115157103,0.016524953640485399
2016-05-12T00:00:00,AAPL,90.15,-0.024878312601406133,0.016725908221794192
2016-05-13T00:00:00,AAPL,90.53,0.0042151968940653955,0.016508910309527364
2016-05-14T00:00:00,AAPL,90.38,-0.0016569093118303953,0.016238783380566935
2016-05-16T00:00:00,AAPL,93.9,0.038946669617172053,0.017678575378587892
2016-05-17T00:00:00,AAPL,93.49,-0.0043663471778488897,0.017392047321012623
2016-05-18T00:00:00,AAPL,94.72,0.013156487324847621,0.017318868533631709
2016-05-19T00:00:00,AAPL,94.24,-0.0050675675675676095,0.017044818122123575
2016-05-20T00:00:00,AAPL,95.2,0.01018675721561978,0.016895956937956907
2016-05-21T00:00:00,AAPL,95.13,-0.00073529411764713644,0.016616879031129565
2016-05-23T00:00:00,AAPL,96.4,0.013350152423000214,0.016549454786673305
2016-05-24T00:00:00,AAPL,97.99,0.016493775933609844,0.016566588057080299
2016-05-25T00:00:00,AAPL,99.59,0.016328196754770982,0.016559226908194752
2016-05-26T00:00:00,AAPL,100.45,0.0086354051611607537,0.016352642749920192
2016-05-27T00:00:00,AAPL,100.25,-0.0019910403185664791,0.016089390677242084
2016-05-28T00:00:00,AAPL,100.24,-9.9750623441447541e-05,0.015823896624598998
2016-05-31T00:00:00,AAPL,99.87,-0.0036911412609735672,0.015580982055085697
2016-06-01T00:00:00,AAPL,98.38,-0.014919395213778002,0.015568874532337176
2016-06-02T00:00:00,AAPL,97.65,-0.0074202073592192497,0.015368023533431944
2016-06-03T00:00:00,AAPL,98,0.003584229390680945,0.015130317253308189
2016-06-04T00:00:00,AAPL,97.92,-0.00081632653061222747,0.014880622899106721
2016-06-06T00:00:00,AAPL,98.59,0.0068423202614379258,0.014689509963777823
2016-06-07T00:00:00,AAPL,99.03,0.0044629272745714344,0.014468798759201549
2016-06-08T00:00:00,AAPL,98.84,-0.001918610522063998,0.014234508345805221
2016-06-09T00:00:00,AAPL,99.6,0.0076891946580330923,0.014065592338469976
2016-06-10T00:00:00,AAPL,98.86,-0.0074297188755019575,0.013903240081430413
2016-06-11T00:00:00,AAPL,98.95,0.00091037831276556149,0.013674225496566795
2016-06-13T00:00:00,AAPL,97.24,-0.017281455280444748,0.01380610023319216
2016-06-14T00:00:00,AAPL,97.45,0.0021596051007816532,0.013586030963830768
2016-06-15T00:00:00,AAPL,97.05,-0.0041046690610570102,0.013378238515327569
2016-06-16T00:00:00,AAPL,97.55,0.0051519835136527563,0.013196136813851003
2016-06-17T00:00:00,AAPL,95.3,-0.023065094823167608,0.013606081745618271
2016-06-18T00:00:00,AAPL,95.03,-0.0028331584470094023,0.013384972608317686
2016-06-20T00:00:00,AAPL,95.38,0.0036830474586971936,0.013191892283668967
2016-06-21T00:00:00,AAPL,95.82,0.0046131264416019897,0.013012348649825624
2016-06-22T00:00:00,AAPL,95.59,-0.0024003339595073032,0.012800580150628488
2016-06-23T00:00:00,AAPL,96.3,0.0074275551835965448,0.012675995466367737
2016-06-24T00:00:00,AAPL,93.48,-0.029283489096573138,0.013491603172408523
2016-06-25T00:00:00,AAPL,93.26,-0.0023534445870774376,0.013269471615814023
2016-06-27T00:00:00,AAPL,91.96,-0.013939523911644986,0.013239102918281667
2016-06-28T00:00:00,AAPL,93.74,0.019356241844280135,0.0135700408304778
2016-06-29T00:00:00,AAPL,94.44,0.0074674631960742789,0.013436953342586811
2016-06-30T00:00:00,AAPL,95.47,0.01090639559508684,0.013385305687270683
2016-07-01T00:00:00,AAPL,95.97,0.0052372473028176394,0.013205183916915586
2016-07-02T00:00:00,AAPL,95.96,-0.00010419922892575926,0.012986990666280059
2016-07-05T00:00:00,AAPL,95.06,-0.0093789078782825289,0.01287451509312759
2016-07-06T00:00:00,AAPL,95.46,0.0042078687144960179,0.012691829303144071
2016-07-07T00:00:00,AAPL,95.86,0.0041902367483763435,0.012510413360149058
2016-07-08T00:00:00,AAPL,96.6,0.0077195910703108167,0.012388575444299539
2016-07-09T00:00:00,AAPL,96.6,0,0.012183800261897311
2016-07-11T00:00:00,AAPL,96.97,0.003830227743271269,0.012002945632932851
2016-07-12T00:00:00,AAPL,97.43,0.0047437351758276578,0.011834598900182675
2016-07-13T00:00:00,AAPL,96.85,-0.0059529918916146202,0.011691362175918679
2016-07-14T00:00:00,AAPL,98.79,0.020030975735673848,0.012047579249352585
2016-07-15T00:00:00,AAPL,98.53,-0.0026318453284745937,0.011863154097324883
2016-07-16T00:00:00,AAPL,98.55,0.00020298386278286837,0.011667222161973023
2016-07-18T00:00:00,AAPL,99.76,0.012278031456113728,0.011666410867738768
2016-07-19T00:00:00,AAPL,99.9,0.001403368083400166,0.011473887496292216
2016-07-20T00:00:00,AAPL,100.1,0.0020020020020018879,0.011285836241840871
2016-07-21T00:00:00,AAPL,99.16,-0.0093906093906093689,0.011254274554778412
2016-07-22T00:00:00,AAPL,98.5,-0.0066559096409842334,0.011145404464778512
2016-07-23T00:00:00,AAPL,98.38,-0.0012182741116751731,0.010965000779903325
2016-07-25T00:00:00,AAPL,97.42,-0.009758080910754155,0.010935239068222885
2016-07-26T00:00:00,AAPL,101.88,0.045781153767193529,0.013535766093571776
2016-07-27T00:00:00,AAPL,103.16,0.012563800549666286,0.013459152845907025
2016-07-28T00:00:00,AAPL,104.5,0.012989530825901546,0.013386326734554879
2016-07-29T00:00:00,AAPL,104.22,-0.0026794258373205849,0.013194644457319884
2016-07-30T00:00:00,AAPL,104.25,0.00028785261945884799,0.012980515930771439
2016-08-01T00:00:00,AAPL,106.09,0.017649880095923293,0.013070913548863224
2016-08-02T00:00:00,AAPL,104.48,-0.015175794137053439,0.013242312667535144
2016-08-03T00:00:00,AAPL,105.89,0.013495405819295526,0.013187397680674626
2016-08-04T00:00:00,AAPL,105.83,-0.00056662574369631012,0.012979832192782502
2016-08-05T00:00:00,AAPL,107.4,0.014835112916942336,0.012964286028492119
2016-08-06T00:00:00,AAPL,107.53,0.00121042830540033,0.01275259730053464
2016-08-08T00:00:00,AAPL,108.39,0.0079977680647261174,0.012579193498272183
2016-08-09T00:00:00,AAPL,108.71,0.0029523018728664376,0.012371298492754673
2016-08-10T00:00:00,AAPL,108,-0.0065311378897984895,0.012281239597318102
2016-08-11T00:00:00,AAPL,108.03,0.00027777777777778829,0.012084689549100988
2016-08-12T00:00:00,AAPL,108.15,0.0011108025548459183,0.011887203283515547
2016-08-13T00:00:00,AAPL,108.11,-0.00036985668053634999,0.011701004913299852
2016-08-15T00:00:00,AAPL,109.8,0.015632226436037348,0.011754981038489832
2016-08-16T00:00:00,AAPL,109.4,-0.003642987249544549,0.011616855718563144
2016-08-17T00:00:00,AAPL,109.28,-0.0010968921389397125,0.011443106116688504
2016-08-18T00:00:00,AAPL,109.09,-0.0017386530014641081,0.011278290643055636
2016-08-19T00:00:00,AAPL,109.4,0.0028416903474195827,0.011092368780189269
2016-08-20T00:00:00,AAPL,109.42,0.00018281535648990876,0.010915444527235
2016-08-22T00:00:00,AAPL,108.5,-0.0084079692926339027,0.010902757278384884
2016-08-23T00:00:00,AAPL,108.85,0.0032258064516128507,0.010725367223574242
2016-08-24T00:00:00,AAPL,107.92,-0.0085438677078547784,0.010713460273851208
2016-08-25T00:00:00,AAPL,107.57,-0.0032431430689400347,0.010571551355844378
2016-08-26T00:00:00,AAPL,106.99,-0.0053918378730129059,0.010468068337593919
2016-08-27T00:00:00,AAPL,106.9,-0.00084120011215991402,0.010301400470770786
2016-08-29T00:00:00,AAPL,106.79,-0.0010289990645462996,0.010138394813763102
2016-08-30T00:00:00,AAPL,106,-0.0073976964135219238,0.010085272369716637
2016-08-31T00:00:00,AAPL,106.1,0.00094339622641504068,0.0099186151286311617
2016-09-01T00:00:00,AAPL,106.62,0.0049010367577757797,0.0097828447266760377
2016-09-02T00:00:00,AAPL,107.65,0.0096604764584505825,0.0097487839836233828
2016-09-03T00:00:00,AAPL,107.71,0.00055736182071517012,0.0095883120287534838
2016-09-06T00:00:00,AAPL,107.7,-9.2841890260801277e-05,0.0094325458588138053
2016-09-07T00:00:00,AAPL,108.38,0.0063138347260909243,0.0093232322456572939
2016-09-08T00:00:00,AAPL,105.46,-0.026942240265731703,0.010478269208514114
2016-09-09T00:00:00,AAPL,103.23,-0.021145457993551962,0.011005794857739382
2016-09-10T00:00:00,AAPL,102.8,-0.0041654557783590701,0.010845735013237351
2016-09-12T00:00:00,AAPL,105.46,0.025875486381322924,0.011667760813177575
2016-09-13T00:00:00,AAPL,107.97,0.023800493077944296,0.01221982835883716
2016-09-14T00:00:00,AAPL,111.74,0.034917106603686174,0.01345922547565255
2016-09-15T00:00:00,AAPL,115.4,0.032754608913549407,0.014323537485089426
2016-09-16T00:00:00,AAPL,115.02,-0.0032928942807626486,0.014136105833742189
2016-09-17T00:00:00,AAPL,114.94,-0.00069553121196312207,0.013918806685751659
2016-09-19T00:00:00,AAPL,113.56,-0.012006264137810993,0.013949369267433669
2016-09-20T00:00:00,AAPL,113.43,-0.0011447692849594526,0.01373396018141201
2016-09-21T00:00:00,AAPL,113.65,0.0019395221722648228,0.013507120388734336
2016-09-22T00:00:00,AAPL,114.63,0.0086229652441706089,0.013332003170317509
2016-09-23T00:00:00,AAPL,112.45,-0.019017709151182002,0.013670471049365366
2016-09-24T00:00:00,AAPL,112.23,-0.0019564250778123511,0.013461582199660004
2016-09-26T00:00:00,AAPL,112.86,0.0056134723336006007,0.013257746875331307
2016-09-27T00:00:00,AAPL,113.08,0.0019493177387914129,0.013038614976697838
2016-09-28T00:00:00,AAPL,113.88,0.0070746374248319525,0.012857656076028351
2016-09-29T00:00:00,AAPL,112.23,-0.01448893572181236,0.012987185990224781
2016-09-30T00:00:00,AAPL,113,0.0068609106299563037,0.012809289790626998
2016-10-01T00:00:00,AAPL,113.05,0.00044247787610616953,0.012599375694428903
2016-10-03T00:00:00,AAPL,112.6,-0.0039805395842547799,0.012431526793695406
2016-10-04T00:00:00,AAPL,113,0.0035523978685613297,0.012232060402604286
2016-10-05T00:00:00,AAPL,113.43,0.0038053097345133349,0.012037081450195684
2016-10-06T00:00:00,AAPL,113.93,0.0044080049369655296,0.011849146655119529
2016-10-07T00:00:00,AAPL,114.03,0.00087773194066527091,0.011654113041085981
2016-10-08T00:00:00,AAPL,113.93,-0.00087696220292900391,0.011470297335157448
2016-10-10T00:00:00,AAPL,116.17,0.019661195470903139,0.011740385445637533
2016-10-11T00:00:00,AAPL,116.35,0.0015494533872772024,0.011546803517121368
2016-10-12T00:00:00,AAPL,117.28,0.0079931241942415715,0.011404793379762993
2016-10-13T00:00:00,AAPL,117.02,-0.0022169167803547502,0.01124573790444602
2016-10-14T00:00:00,AAPL,117.65,0.0053836950948556632,0.011074940537097712
2016-10-15T00:00:00,AAPL,117.63,-0.00016999575010633429,0.010900684209418645
2016-10-17T00:00:00,AAPL,117.7,0.00059508628751175202,0.010724322392047706
2016-10-18T00:00:00,AAPL,117.32,-0.0032285471537808808,0.010590988539931357
2016-10-19T00:00:00,AAPL,117.15,-0.0014490282986701969,0.010433916649296616
2016-10-20T00:00:00,AAPL,117.06,-0.00076824583866840293,0.010272212172332654
2016-10-21T00:00:00,AAPL,116.49,-0.004869297796002113,0.010172408824002053
2016-10-22T00:00:00,AAPL,116.54,0.00042922139239429455,0.010006271595644106
2016-10-24T00:00:00,AAPL,117.66,0.009610434185687234,0.0099477953346144964
2016-10-25T00:00:00,AAPL,115.89,-0.015043345232024444,0.010238992997776725
2016-10-26T00:00:00,AAPL,115.55,-0.0029338165501769215,0.010097391695266814
2016-10-27T00:00:00,AAPL,114.28,-0.010990913024664614,0.010164630126784445
2016-10-28T00:00:00,AAPL,113.76,-0.0045502275113755335,0.010040838241308039
2016-10-29T00:00:00,AAPL,113.61,-0.0013185654008439317,0.0098803817281733729
2016-10-31T00:00:00,AAPL,113.58,-0.0002640612622128434,0.0097179280296615916
2016-11-01T00:00:00,AAPL,111.45,-0.018753301637612216,0.010159583749675688
2016-11-02T00:00:00,AAPL,111.53,0.00071781067743381156,0.009992983931105032
2016-11-03T00:00:00,AAPL,109.63,-0.017035775127768365,0.010284287347561354
2016-11-04T00:00:00,AAPL,108.95,-0.0062026817476967316,0.010162160650540495
2016-11-05T00:00:00,AAPL,108.8,-0.0013767783386875235,0.0099945520457462075
2016-11-07T00:00:00,AAPL,110.41,0.014797794117647055,0.010226192818499274
2016-11-08T00:00:00,AAPL,111.09,0.0061588624218821379,0.010125826025352299
2016-11-09T00:00:00,AAPL,110.88,-0.0018903591682420376,0.0099631701146757328
2016-11-10T00:00:00,AAPL,107.67,-0.028950216450216396,0.011072322516444258
2016-11-11T00:00:00,AAPL,108.48,0.007522986904430224,0.011000866056108114
2016-11-12T00:00:00,AAPL,108.52,0.00036873156342175556,0.010821397385395393
2016-11-14T00:00:00,AAPL,105.85,-0.024603759675635845,0.011465408541963897
2016-11-15T00:00:00,AAPL,107.11,0.011903637222484697,0.011534883926841343
2016-11-16T00:00:00,AAPL,109.85,0.02558117822798987,0.012320714363475122
2016-11-17T00:00:00,AAPL,109.84,-9.1033227127818893e-05,0.012117115930862871
2016-11-18T00:00:00,AAPL,110.04,0.0018208302986161948,0.011922919656586284
2016-11-19T00:00:00,AAPL,110.27,0.0020901490367138289,0.011733253197981602
2016-11-21T00:00:00,AAPL,111.73,0.01324022852997196,0.011787440586381811
2016-11-22T00:00:00,AAPL,111.77,0.00035800590709739589,0.011592601410885868
2016-11-23T00:00:00,AAPL,111.22,-0.0049208195401270211,0.011439236495570364
2016-11-24T00:00:00,AAPL,111.15,-0.00062938320445956827,0.011250937431363274
2016-11-25T00:00:00,AAPL,111.75,0.0053981106612685046,0.011105947322353758
2016-11-28T00:00:00,AAPL,111.57,-0.0016107382550336182,0.010927551466944118
2016-11-29T00:00:00,AAPL,111.46,-0.00098592811687729176,0.010749036565859441
2016-11-30T00:00:00,AAPL,110.57,-0.0079849273281894905,0.010672146587449728
2016-12-01T00:00:00,AAPL,109.6,-0.0087727231617979462,0.010610561090663719
2016-12-02T00:00:00,AAPL,109.86,0.0023722627737226745,0.010446934629715044
2016-12-03T00:00:00,AAPL,109.84,-0.0001820498816675407,0.010274267059699381
2016-12-05T00:00:00,AAPL,109.15,-0.0062818645302257625,0.010161493348271112
2016-12-06T00:00:00,AAPL,109.95,0.0073293632615666253,0.010091697139991893
2016-12-07T00:00:00,AAPL,110.9,0.0086402910413824717,0.010052005986221021
2016-12-08T00:00:00,AAPL,112.22,0.011902614968439975,0.010112118659622702
2016-12-09T00:00:00,AAPL,113.88,0.014792372126180686,0.010273275560895901
2016-12-10T00:00:00,AAPL,113.79,-0.00079030558482603801,0.010108103229780455
2016-12-12T00:00:00,AAPL,113.25,-0.0047455839704719765,0.0099918553618655558
2016-12-13T00:00:00,AAPL,115.25,0.017660044150110375,0.010289126037904966
2016-12-14T00:00:00,AAPL,115.23,-0.00017353579175701536,0.010122198643961019
2016-12-15T00:00:00,AAPL,115.8,0.004946628482166043,0.0099777470805353045
2016-12-16T00:00:00,AAPL,115.92,0.0010362694300518527,0.009812937642031035
2016-12-17T00:00:00,AAPL,115.92,0,0.0096535579986274551
2016-12-19T00:00:00,AAPL,116.6,0.0058661145617666718,0.009529971541157747
2016-12-20T00:00:00,AAPL,116.9,0.0025728987993139914,0.0093747680956350315
2016-12-21T00:00:00,AAPL,117.03,0.0011120615911034684,0.0092199997364474894
2016-12-22T00:00:00,AAPL,116.29,-0.0063231650004271969,0.0091740505490857469
2016-12-23T00:00:00,AAPL,116.5,0.0018058302519562623,0.009023097528589312
2016-12-24T00:00:00,AAPL,116.55,0.00042918454935619876,0.0088750326430533256
2016-12-27T00:00:00,AAPL,117.25,0.0060060060060060302,0.0087712938496676048
2016-12-28T00:00:00,AAPL,116.7,-0.0046908315565031737,0.0086939297348658136
2016-12-29T00:00:00,AAPL,116.72,0.00017137960582687249,0.0085519810753675214
2016-12-30T00:00:00,AAPL,115.75,-0.0083104866346812786,0.0085789462995757102
2016-12-31T00:00:00,AAPL,115.59,-0.0013822894168466228,0.0084462136180305618
2017-01-03T00:00:00,AAPL,116.01,0.0036335323124837937,0.0083229884820686922
2017-01-04T00:00:00,AAPL,116.03,0.0001723989311265927,0.0081862390891136033
2017-01-05T00:00:00,AAPL,116.66,0.0054296302680340901,0.0080937286725890536
2017-01-06T00:00:00,AAPL,117.96,0.011143493913937916,0.0081676320393604153
2017-01-07T00:00:00,AAPL,117.84,-0.0010172939979653302,0.0080432650915069053
2017-01-09T00:00:00,AAPL,119,0.0098438560760352734,0.0080608059289836304
2017-01-10T00:00:00,AAPL,119.08,0.00067226890756301092,0.0079289327648356962
2017-01-11T00:00:00,AAPL,119.77,0.0057944239166946403,0.0078364981846440734
2017-01-12T00:00:00,AAPL,119.22,-0.0045921349252734172,0.0077869916469577088
2017-01-13T00:00:00,AAPL,119.04,-0.0015098137896325499,0.0076761450096892178
2017-01-14T00:00:00,AAPL,119.02,-0.00016801075268825798,0.0075539211999971307
2017-01-17T00:00:00,AAPL,119.97,0.0079818517896152151,0.0075264462606664849
2017-01-18T00:00:00,AAPL,119.95,-0.00016670834375257166,0.0074079505852063018
2017-01-19T00:00:00,AAPL,119.88,-0.00058357649020431338,0.0072944439721492329
2017-01-20T00:00:00,AAPL,120.01,0.0010844177510844985,0.0071740391787198073
2017-01-21T00:00:00,AAPL,120.04,0.00024997916840264258,0.0070582299821050614
2017-01-23T00:00:00,AAPL,120.08,0.00033322225924685141,0.0069438023793878543
2017-01-24T00:00:00,AAPL,120.03,-0.00041638907395067585,0.0068358463485292615
2017-01-25T00:00:00,AAPL,121.9,0.015579438473714942,0.0071998937849234949
2017-01-26T00:00:00,AAPL,121.96,0.00049220672682516865,0.0070841947245597102
2017-01-27T00:00:00,AAPL,121.93,-0.00024598228927506501,0.0069754901743855685
2017-01-28T00:00:00,AAPL,121.55,-0.0031165422783565131,0.0069122083760828528
2017-01-30T00:00:00,AAPL,121.64,0.00074043603455370964,0.0067991178988805537
2017-01-31T00:00:00,AAPL,123.99,0.019319302860900972,0.0074192482831406089
2017-02-01T00:00:00,AAPL,128.9,0.039599967739333906,0.0099407277978620871
2017-02-02T00:00:00,AAPL,128.36,-0.0041892940263769749,0.0098669942147083644
2017-02-03T00:00:00,AAPL,129.03,0.0052196946089123359,0.0097121103955745032
2017-02-04T00:00:00,AAPL,129.19,0.0012400217003797301,0.0095572094954875318
2017-02-06T00:00:00,AAPL,130.25,0.0082049694248781044,0.0094454431096342075
2017-02-07T00:00:00,AAPL,131.5,0.0095969289827255271,0.0093605418079439132
2017-02-08T00:00:00,AAPL,132.06,0.0042585551330798655,0.0092071353941947376
2017-02-09T00:00:00,AAPL,132.31,0.001893078903528699,0.0090590788546894407
2017-02-10T00:00:00,AAPL,132.05,-0.0019650820043835759,0.00896065280162287
2017-02-11T00:00:00,AAPL,132.05,0,0.0088311653269789563
2017-02-13T00:00:00,AAPL,133.21,0.0087845513063233363,0.0087452227304357505
2017-02-14T00:00:00,AAPL,135.29,0.01561444336010798,0.00888154592152866
2017-02-15T00:00:00,AAPL,135.53,0.0017739670337793563,0.0087414336519504102
2017-02-16T00:00:00,AAPL,135.25,-0.0020659632553678238,0.0086573005741978938
2017-02-17T00:00:00,AAPL,135.65,0.0029574861367837758,0.0085146188549500013
2017-02-18T00:00:00,AAPL,135.67,0.00014743826022839521,0.0083944078453266503
2017-02-21T00:00:00,AAPL,136.69,0.0075182427950173979,0.0082901975034218554
2017-02-22T00:00:00,AAPL,137.1,0.002999487892311044,0.0081535543899167555
2017-02-23T00:00:00,AAPL,136.53,-0.004157549234135618,0.0081337616384117573
2017-02-24T00:00:00,AAPL,136.65,0.0008789277081960342,0.0080100002549736791
2017-02-25T00:00:00,AAPL,136.63,-0.00014635931211130795,0.007899230690386453
2017-02-27T00:00:00,AAPL,136.76,0.00095147478591813993,0.007777364544807072
2017-02-28T00:00:00,AAPL,136.99,0.0016817782977480125,0.0076521050215773677
2017-03-01T00:00:00,AAPL,139.77,0.020293452076793932,0.0081486278986836955
2017-03-02T00:00:00,AAPL,139.01,-0.005437504471632105,0.0081717613775199264
2017-03-03T00:00:00,AAPL,139.51,0.0035968635349974826,0.0080370456694425097
2017-03-04T00:00:00,AAPL,139.68,0.0012185506415311872,0.0079120764173033122
2017-03-06T00:00:00,AAPL,139.37,-0.0022193585337915394,0.0078401524990230897
2017-03-07T00:00:00,AAPL,139.52,0.0010762717945038795,0.0077178563266784199
2017-03-08T00:00:00,AAPL,138.97,-0.0039420871559633841,0.0076886306780178113
2017-03-09T00:00:00,AAPL,138.65,-0.0023026552493343394,0.0076138792095826104
2017-03-10T00:00:00,AAPL,139.07,0.0030292102416154885,0.0074886300239591945
2017-03-11T00:00:00,AAPL,139.12,0.00035953117135263804,0.0073750071627691118
2017-03-13T00:00:00,AAPL,139.22,0.00071880391029323116,0.0072597137386237369
2017-03-14T00:00:00,AAPL,139,-0.0015802327251831553,0.0071751804820371244
2017-03-15T00:00:00,AAPL,140.42,0.010215827338129407,0.0071998400305192389
2017-03-16T00:00:00,AAPL,140.72,0.0021364477994588477,0.0070811586681427795
2017-03-17T00:00:00,AAPL,140.02,-0.0049744172825468211,0.0070924858327392195
2017-03-18T00:00:00,AAPL,140,-0.00014283673760898607,0.006988589086344618
2017-03-20T00:00:00,AAPL,141.47,0.010499999999999992,0.0070335190354683767
2017-03-21T00:00:00,AAPL,139.71,-0.012440800169647211,0.0074164509451678752
2017-03-22T00:00:00,AAPL,141.25,0.011022833011237507,0.0074729825494230856
2017-03-23T00:00:00,AAPL,140.84,-0.002902654867256613,0.0074077721321361752
2017-03-24T00:00:00,AAPL,140.23,-0.004331155921613275,0.0073761226025397661
2017-03-25T00:00:00,AAPL,140.43,0.0014262283391572208,0.0072546589807276716
2017-03-27T00:00:00,AAPL,140.88,0.0032044434949796241,0.0071387731437966501
2017-03-28T00:00:00,AAPL,143.66,0.019733106189664971,0.0077157829762829035
2017-03-29T00:00:00,AAPL,144.15,0.003410831129054776,0.0075900175291638231
2017-03-30T00:00:00,AAPL,143.86,-0.0020117932708983146,0.0075089095887561968
2017-03-31T00:00:00,AAPL,143.71,-0.0010426803837064206,0.0074102848983607847
2017-04-01T00:00:00,AAPL,143.61,-0.00069584580057055392,0.0073071683176370115
2017-04-03T00:00:00,AAPL,143.7,0.00062669730520141347,0.0071917107653180204
2017-04-04T00:00:00,AAPL,144.88,0.0082115518441197421,0.0071569900494956127
2017-04-05T00:00:00,AAPL,143.59,-0.0089039204859193265,0.0073214728728071424
2017-04-06T00:00:00,AAPL,143.66,0.0004874991294657927,0.0072052343025753637
2017-04-07T00:00:00,AAPL,143.36,-0.0020882639565639911,0.0071222649834374735
2017-04-08T00:00:00,AAPL,143.43,0.00048828124999995235,0.0070083193969504003
2017-04-10T00:00:00,AAPL,143.18,-0.0017430105277835878,0.0069206129505237097
2017-04-11T00:00:00,AAPL,141.4,-0.012431903897192353,0.0072586400002293957
2017-04-12T00:00:00,AAPL,141.77,0.0026166902404526488,0.0071434823036869684
2017-04-13T00:00:00,AAPL,141.16,-0.0043027438809340032,0.0070946182431949221
2017-04-14T00:00:00,AAPL,141.06,-0.00070841598186451059,0.0069842593150631401
2017-04-17T00:00:00,AAPL,141.85,0.0056004537076420812,0.0069190642172728203
2017-04-18T00:00:00,AAPL,141.23,-0.0043708142403948158,0.0068756890295084668
2017-04-19T00:00:00,AAPL,140.76,-0.0033279048360829776,0.0068052735112869266
2017-04-20T00:00:00,AAPL,142.45,0.012006251776072733,0.006988928587405659
2017-04-21T00:00:00,AAPL,142.17,-0.0019656019656019738,0.0068963527179473575
2017-04-22T00:00:00,AAPL,142.24,0.00049236829148218049,0.0067831275584415525
2017-04-24T00:00:00,AAPL,143.64,0.0098425196850392103,0.0068555877163528492
2017-04-25T00:00:00,AAPL,144.45,0.0056390977443609184,0.0067864852912882948
2017-04-26T00:00:00,AAPL,143.73,-0.0049844236760124535,0.0067743032830003018
2017-04-27T00:00:00,AAPL,143.68,-0.00034787448688501323,0.0066685895480865977
2017-04-28T00:00:00,AAPL,143.7,0.00013919821826267962,0.0065611692881486971
2017-04-29T00:00:00,AAPL,143.9,0.001391788448155999,0.0064528316096575432
2017-05-01T00:00:00,AAPL,146.8,0.020152883947185583,0.0072028900554658134
2017-05-02T00:00:00,AAPL,144.4,-0.01634877384196189,0.0077978322835494723
2017-05-03T00:00:00,AAPL,146.45,0.01419667590027689,0.0080158232871686847
2017-05-04T00:00:00,AAPL,146.55,0.00068282690338014845,0.0078851699956574237
2017-05-05T00:00:00,AAPL,149.02,0.016854315933128618,0.0082243059976334423
2017-05-06T00:00:00,AAPL,149.05,0.00020131525969669262,0.0080955601664270647
2017-05-08T00:00:00,AAPL,152.98,0.026366990942636552,0.0090815379911247576
2017-05-09T00:00:00,AAPL,153.97,0.0064714341744019424,0.0089552255274430136
2017-05-10T00:00:00,AAPL,153.31,-0.0042865493277911056,0.0089027371799330485
2017-05-11T00:00:00,AAPL,153.85,0.0035222751288238995,0.0087567614138046642
2017-05-12T00:00:00,AAPL,156.09,0.014559636009099833,0.0088694836967935682
2017-05-13T00:00:00,AAPL,156.07,-0.00012813120635537338,0.0087425086167975553
2017-05-15T00:00:00,AAPL,155.68,-0.0024988787082718422,0.0086550533599224801
2017-05-16T00:00:00,AAPL,155.47,-0.0013489208633094035,0.008545239459240541
2017-05-17T00:00:00,AAPL,150.4,-0.032610793079050578,0.01052873546678274
2017-05-18T00:00:00,AAPL,152.45,0.013630319148936056,0.010579525970500889
2017-05-19T00:00:00,AAPL,152.94,0.00321416857986231,0.010407139380752297
2017-05-20T00:00:00,AAPL,152.86,-0.00052308094677640964,0.010245031464159837
2017-05-22T00:00:00,AAPL,154.03,0.0076540625408870041,0.01012843885132146
2017-05-23T00:00:00,AAPL,153.72,-0.0020125949490359171,0.009988269044410825
2017-05-24T00:00:00,AAPL,153.34,-0.0024720270621909671,0.0098553354323029953
2017-05-25T00:00:00,AAPL,153.85,0.0033259423503325348,0.0096962309186712919
2017-05-26T00:00:00,AAPL,153.42,-0.0027949301267468757,0.0095725697431569921
2017-05-27T00:00:00,AAPL,153.32,-0.00065180550123839344,0.0094238867550291323
2017-05-30T00:00:00,AAPL,153.63,0.0020219149491260257,0.0092683725674146573
2017-05-31T00:00:00,AAPL,152.89,-0.0048167675584196391,0.0091887475483722249
2017-06-01T00:00:00,AAPL,153.1,0.0013735365295310875,0.0090368634392237711
2017-06-02T00:00:00,AAPL,155.25,0.014043109079033349,0.0091715027770730099
2017-06-03T00:00:00,AAPL,155.35,0.00064412238325278141,0.0090224761772432806
2017-06-05T00:00:00,AAPL,153.94,-0.0090762793691663776,0.0090859836602606905
2017-06-06T00:00:00,AAPL,154.43,0.0031830583344160655,0.0089412154476466599
2017-06-07T00:00:00,AAPL,155.42,0.0064106715016511084,0.0088374187203384188
2017-06-08T00:00:00,AAPL,154.93,-0.0031527473941576419,0.0087343230375863893
2017-06-09T00:00:00,AAPL,148.89,-0.03898534822177771,0.011254724744787855
2017-06-10T00:00:00,AAPL,148.96,0.00047014574518115121,0.011068805143749059
2017-06-12T00:00:00,AAPL,145.39,-0.023966165413533979,0.011718383266040511
2017-06-13T00:00:00,AAPL,146.72,0.0091478093403948874,0.011656905377070186
2017-06-14T00:00:00,AAPL,145.16,-0.010632497273718663,0.0116139287911318
2017-06-15T00:00:00,AAPL,144.34,-0.0056489391016808568,0.011457580453218661
2017-06-16T00:00:00,AAPL,142.3,-0.014133296383538812,0.011520296629905552
2017-06-17T00:00:00,AAPL,142.45,0.0010541110330286524,0.011337246761223987
2017-06-19T00:00:00,AAPL,146.34,0.027307827307827413,0.012265160226714551
2017-06-20T00:00:00,AAPL,145.02,-0.0090200902009019614,0.012165592156372956
2017-06-21T00:00:00,AAPL,145.86,0.0057923045097228202,0.012017813634702886
2017-06-22T00:00:00,AAPL,145.68,-0.001234060057589516,0.011820353352009351
2017-06-23T00:00:00,AAPL,146.49,0.0055601317957166543,0.011672966762516623
2017-06-24T00:00:00,AAPL,146.38,-0.0007509044986006801,0.011480543366162714
2017-06-26T00:00:00,AAPL,145.9,-0.0032791364940564951,0.011304691288720879
2017-06-27T00:00:00,AAPL,143.73,-0.01487320082248126,0.011423410444081026
2017-06-28T00:00:00,AAPL,145.83,0.014610728449175697,0.011567745508387822
2017-06-29T00:00:00,AAPL,143.57,-0.015497497085647804,0.011702069798113017
2017-06-30T00:00:00,AAPL,144.1,0.0036915790206867812,0.01153605155372679
2017-07-01T00:00:00,AAPL,143.85,-0.001734906315058987,0.011347224062239933
2017-07-03T00:00:00,AAPL,143.51,-0.0023635731664928984,0.011164009553843024
2017-07-05T00:00:00,AAPL,144.12,0.0042505748728312569,0.011015171793131223
2017-07-06T00:00:00,AAPL,142.59,-0.010616153205661956,0.010983697673780922
2017-07-07T00:00:00,AAPL,144.22,0.01143137667438106,0.011025105788296833
2017-07-08T00:00:00,AAPL,144.26,0.00027735404243511331,0.010843647793587244
2017-07-10T00:00:00,AAPL,145,0.0051296270622487811,0.010710978066208483
2017-07-11T00:00:00,AAPL,145.48,0.0033103448275861361,0.010553250167611735
2017-07-12T00:00:00,AAPL,145.5,0.00013747594171027106,0.010378913654170468
2017-07-13T00:00:00,AAPL,147.83,0.016013745704467439,0.010610540415644833
2017-07-14T00:00:00,AAPL,149.03,0.0081174321856185387,0.01052654616226047
2017-07-15T00:00:00,AAPL,149.04,6.7100583775017819e-05,0.010353093794690231
2017-07-17T00:00:00,AAPL,149.75,0.0047638217928073533,0.010208813822234127
2017-07-18T00:00:00,AAPL,150.15,0.0026711185308848462,0.010045815234506567
2017-07-19T00:00:00,AAPL,150.8,0.0043290043290043663,0.009899603440587915
2017-07-20T00:00:00,AAPL,150.42,-0.002519893899204402,0.0097559349075423477
2017-07-21T00:00:00,AAPL,150.19,-0.0015290519877675162,0.0096041010982277977
2017-07-22T00:00:00,AAPL,150.13,-0.00039949397429923613,0.0094476511398490521
2017-07-24T00:00:00,AAPL,151.72,0.010590821288216902,0.00945889602743436
2017-07-25T00:00:00,AAPL,152.86,0.0075138412865806406,0.0093747204063599592
2017-07-26T00:00:00,AAPL,153.65,0.0051681276985476379,0.0092464255970924007
2017-07-27T00:00:00,AAPL,150.43,-0.020956719817767644,0.0099395918886448168
2017-07-28T00:00:00,AAPL,149.45,-0.0065146579804561469,0.009859736042911918
2017-07-29T00:00:00,AAPL,149.48,0.00020073603211777277,0.0096968344127931708
2017-07-31T00:00:00,AAPL,148.75,-0.0048835964677548154,0.0095838704912577528
2017-08-01T00:00:00,AAPL,157.8,0.06084033613445386,0.014396965142074756
2017-08-02T00:00:00,AAPL,157.2,-0.0038022813688214367,0.014200316906067153
2017-08-03T00:00:00,AAPL,155.64,-0.0099236641221374204,0.014129576144100865
2017-08-04T00:00:00,AAPL,156.75,0.0071318427139553699,0.013931003421008333
2017-08-05T00:00:00,AAPL,156.65,-0.00063795853269533857,0.013707815955071099
2017-08-07T00:00:00,AAPL,158.83,0.013916374082349229,0.013657502580818272
2017-08-08T00:00:00,AAPL,160,0.007366366555436551,0.01346454322232055
2017-08-09T00:00:00,AAPL,161.16,0.0072499999999999787,0.013271685181752847
2017-08-10T00:00:00,AAPL,155.15,-0.03729213204269044,0.014877798318529395
2017-08-11T00:00:00,AAPL,157.29,0.013793103448275773,0.014806536483646692
2017-08-12T00:00:00,AAPL,157.42,0.00082649882382856803,0.01456241214841337
2017-08-14T00:00:00,AAPL,160,0.016389277093126747,0.014567337863963191
2017-08-15T00:00:00,AAPL,161.5,0.0093749999999999997,0.014386939499963293
2017-08-16T00:00:00,AAPL,160.97,-0.0032817337461300382,0.014184356844827892
2017-08-17T00:00:00,AAPL,158.03,-0.018264272845871888,0.01442126491051565
2017-08-18T00:00:00,AAPL,157.47,-0.0035436309561475811,0.014210998913221142
2017-08-19T00:00:00,AAPL,157.3,-0.0010795707118815489,0.013982451698951003
2017-08-21T00:00:00,AAPL,157.2,-0.00063572790845532572,0.0137552368512187
2017-08-22T00:00:00,AAPL,159.88,0.017048346055979689,0.013826527251744946
2017-08-23T00:00:00,AAPL,159.93,0.00031273455091325599,0.013600106292688709
2017-08-24T00:00:00,AAPL,159.35,-0.0036265866316514254,0.013408311215174436
2017-08-25T00:00:00,AAPL,159.85,0.003137747097583935,0.013190202803833966
2017-08-26T00:00:00,AAPL,159.6,-0.0015639662183296842,0.012983785306222686
2017-08-28T00:00:00,AAPL,161.48,0.011779448621553857,0.012904654974842868
2017-08-29T00:00:00,AAPL,163.05,0.0097225662620759341,0.012772161941108947
2017-08-30T00:00:00,AAPL,163.32,0.0016559337626493823,0.012561185769362817
2017-08-31T00:00:00,AAPL,164.14,0.0050208180259612616,0.012365573231324603
2017-09-01T00:00:00,AAPL,164.05,-0.00054831241622989519,0.012170356364469156
2017-09-02T00:00:00,AAPL,164.04,-6.0957025297283304e-05,0.011974889933927969
2017-09-05T00:00:00,AAPL,162.32,-0.0104852475006096,0.011986148681931815
2017-09-06T00:00:00,AAPL,161.62,-0.0043124691966485258,0.01183451373965518
2017-09-07T00:00:00,AAPL,161.2,-0.0025986882811534209,0.011660275805205069
2017-09-08T00:00:00,AAPL,158.57,-0.01631513647642677,0.011891234160705044
2017-09-09T00:00:00,AAPL,158.59,0.00012612726240783398,0.011695019852301385
2017-09-11T00:00:00,AAPL,161.43,0.017907812598524517,0.011913684547328482
2017-09-12T00:00:00,AAPL,160.85,-0.003592888558508409,0.011748052804723659
2017-09-13T00:00:00,AAPL,159.61,-0.0077090456947465384,0.011659785176691004
2017-09-14T00:00:00,AAPL,158.15,-0.0091472965353048552,0.011603609908865874
2017-09-15T00:00:00,AAPL,159.96,0.01144483085678155,0.011582497522497761
2017-09-16T00:00:00,AAPL,160.08,0.00075018754688675011,0.011391038923421885
2017-09-18T00:00:00,AAPL,158.66,-0.0088705647176412789,0.011335827247784543
2017-09-19T00:00:00,AAPL,158.71,0.00031513929156694423,0.011148474557932823
2017-09-20T00:00:00,AAPL,156.1,-0.016445088526242917,0.01137637047663404
2017-09-21T00:00:00,AAPL,153.33,-0.017745035233824355,0.011628315996096683
2017-09-22T00:00:00,AAPL,151.82,-0.0098480401747865331,0.011554009776280233
2017-09-23T00:00:00,AAPL,151.97,0.00098801211961537135,0.011368518213592631
2017-09-25T00:00:00,AAPL,150.74,-0.0080937027044810806,0.011254655054706133
2017-09-26T00:00:00,AAPL,153.26,0.016717526867453772,0.011524373549593316
2017-09-27T00:00:00,AAPL,154.1,0.00548088216103356,0.011385765411213973
2017-09-28T00:00:00,AAPL,153.39,-0.0046073977936405448,0.01122341984054924
2017-09-29T00:00:00,AAPL,154.08,0.0044983375708978826,0.01107442201146938
2017-09-30T00:00:00,AAPL,154.12,0.00025960539979226401,0.010891897009900385
2017-10-02T00:00:00,AAPL,153.73,-0.0025304957176227275,0.010719190716867777
2017-10-03T00:00:00,AAPL,154.53,0.0052039289663696831,0.010589837323930542
2017-10-04T00:00:00,AAPL,153.52,-0.0065359477124182419,0.010476538210950296
2017-10-05T00:00:00,AAPL,155.37,0.012050547159979118,0.010543874974549379
2017-10-06T00:00:00,AAPL,155.32,-0.00032181244770555041,0.010369735518907935
2017-10-07T00:00:00,AAPL,155.37,0.0003219160442957209,0.01019850789861497
2017-10-09T00:00:00,AAPL,155.67,0.0019308746862327537,0.010035972198208105
2017-10-10T00:00:00,AAPL,155.84,0.0010920537033469258,0.0098718342434025944
2017-10-11T00:00:00,AAPL,156.58,0.0047484599589322964,0.0097446456485578946
2017-10-12T00:00:00,AAPL,155.86,-0.0045982884148677919,0.0096228986433891835
2017-10-13T00:00:00,AAPL,156.95,0.0069934556653405292,0.0095448507612344597
2017-10-14T00:00:00,AAPL,156.95,0,0.0093872383424774761
2017-10-16T00:00:00,AAPL,159.95,0.019114367633004142,0.0098309439432847836
2017-10-17T00:00:00,AAPL,160.47,0.0032510159424820897,0.0096775246163495355
2017-10-18T00:00:00,AAPL,159.75,-0.0044868199663488434,0.0095682902253209738
2017-10-19T00:00:00,AAPL,156.01,-0.023411580594679245,0.010367045599256287
2017-10-20T00:00:00,AAPL,156.2,0.0012178706493173369,0.010197950893259011
2017-10-21T00:00:00,AAPL,156.24,0.0002560819462229223,0.010029441057164338
2017-10-23T00:00:00,AAPL,156.07,-0.001088069636456835,0.0098658259127882581
2017-10-24T00:00:00,AAPL,156.86,0.0050618312295766035,0.009744781312642805
2017-10-25T00:00:00,AAPL,156.47,-0.0024862935101365212,0.0095957608209343553
2017-10-26T00:00:00,AAPL,157.74,0.0081165718668115942,0.0095462044130968007
2017-10-27T00:00:00,AAPL,162.95,0.033029035121085196,0.011070065268575813
2017-10-28T00:00:00,AAPL,162.77,-0.0011046333231051145,0.010896645598894212
2017-10-30T00:00:00,AAPL,166.79,0.024697425815567865,0.011507234938394083
2017-10-31T00:00:00,AAPL,168.97,0.013070327957311631,0.011486606228767566
2017-11-01T00:00:00,AAPL,167.34,-0.0096466828431082171,0.011504680966182212
2017-11-02T00:00:00,AAPL,173.7,0.038006453926138314,0.013024586582735972
2017-11-03T00:00:00,AAPL,172.45,-0.0071963154864709278,0.012946167911698919
2017-11-04T00:00:00,AAPL,172.4,-0.00028993911278621598,0.012745179431201513
2017-11-06T00:00:00,AAPL,174.17,0.01026682134570755,0.012605805900058196
2017-11-07T00:00:00,AAPL,174.73,0.0032152494689096991,0.012397464258154453
2017-11-08T00:00:00,AAPL,176.66,0.011045613231843455,0.012276561802848177
2017-11-09T00:00:00,AAPL,175.95,-0.0040190195856447865,0.012145401534377601
2017-11-10T00:00:00,AAPL,174.52,-0.0081273088945721991,0.012113067889757511
2017-11-11T00:00:00,AAPL,174.56,0.00022920009167999106,0.011921195242737152
2017-11-13T00:00:00,AAPL,173.85,-0.0040673693858845556,0.011785720345406299
2017-11-14T00:00:00,AAPL,171.2,-0.015243025596778866,0.012016762324041948
2017-11-15T00:00:00,AAPL,169.25,-0.011390186915887784,0.012054382134915748
2017-11-16T00:00:00,AAPL,171.18,0.011403249630723821,0.011990432051727057
2017-11-17T00:00:00,AAPL,169.97,-0.0070685827783620045,0.011897585589682826
2017-11-18T00:00:00,AAPL,169.94,-0.00017650173560040676,0.011704519493921539
2017-11-20T00:00:00,AAPL,169.98,0.0002353771919500532,0.011512901592667907
2017-11-21T00:00:00,AAPL,173.03,0.0179432874455819,0.011708162931345774
2017-11-22T00:00:00,AAPL,174.96,0.011154135121077309,0.011634099070403284
2017-11-23T00:00:00,AAPL,174.98,0.00011431184270680047,0.01144789908533088
2017-11-24T00:00:00,AAPL,174.89,-0.00051434449651390683,0.011268666626594736
2017-11-27T00:00:00,AAPL,174.09,-0.0045743038481330153,0.011145910100793893
2017-11-28T00:00:00,AAPL,173.06,-0.0059164799816187096,0.011049481003691144
2017-11-29T00:00:00,AAPL,169.2,-0.022304403097191804,0.011682125760797224
2017-11-30T00:00:00,AAPL,171.78,0.015248226950354686,0.011778804690432444
2017-12-01T00:00:00,AAPL,171.09,-0.0040167656304575484,0.011622834208138068
2017-12-02T00:00:00,AAPL,171,-0.0005260389268806091,0.011434389835526963
2017-12-04T00:00:00,AAPL,169.74,-0.0073684210526315259,0.01134622490437774
2017-12-05T00:00:00,AAPL,169.6,-0.00082479085660430522,0.011162304817335763
2017-12-06T00:00:00,AAPL,168.83,-0.0045400943396225347,0.011018189564081994
2017-12-07T00:00:00,AAPL,169.41,0.003435408398981129,0.010848551858440908
2017-12-08T00:00:00,AAPL,169.28,-0.00076736910453925654,0.010672183835151627
2017-12-09T00:00:00,AAPL,169.37,0.00053166351606807308,0.010495776511942313
2017-12-11T00:00:00,AAPL,172.78,0.020133435673377793,0.010902940616726739
2017-12-12T00:00:00,AAPL,171.65,-0.006540108808889891,0.010813015179370529
2017-12-13T00:00:00,AAPL,172.35,0.0040780658316340729,0.010648906130942803
2017-12-14T00:00:00,AAPL,172.33,-0.00011604293588617239,0.010475054106705304
2017-12-15T00:00:00,AAPL,174,0.0096907096849067915,0.010418545923254141
2017-12-16T00:00:00,AAPL,174.12,0.00068965517241381929,0.010246946922458266
2017-12-18T00:00:00,AAPL,176.52,0.013783597518952478,0.010324028866190814
2017-12-19T00:00:00,AAPL,174.36,-0.012236573759347363,0.010457549501774148
2017-12-20T00:00:00,AAPL,174.35,-5.735260380832373e-05,0.010287361325784743
2017-12-21T00:00:00,AAPL,175.01,0.0037854889589905168,0.010127907197424995
2017-12-22T00:00:00,AAPL,174.97,-0.00022855836809320635,0.0099642289000149067
2017-12-23T00:00:00,AAPL,175,0.00017145796422244464,0.0098014017962223653
2017-12-26T00:00:00,AAPL,170.54,-0.02548571428571433,0.010765392832865308
2017-12-27T00:00:00,AAPL,170.6,0.00035182361909230842,0.010587440869761046
2017-12-28T00:00:00,AAPL,170.75,0.00087924970691679769,0.010412894367913749
2017-12-29T00:00:00,AAPL,169.13,-0.0094875549048316511,0.010392017498781807
2017-12-30T00:00:00,AAPL,169.1,-0.00017737834801632554,0.010220302657186186
2018-01-02T00:00:00,AAPL,172.2,0.018332347723240654,0.010575638107819819
2018-01-03T00:00:00,AAPL,171.99,-0.0012195121951218324,0.010406070547661626
2018-01-04T00:00:00,AAPL,173.22,0.0071515785801499485,0.010302281226141035
2018-01-05T00:00:00,AAPL,174.99,0.010218219605126488,0.010272879249913474
2018-01-06T00:00:00,AAPL,175.07,0.00045716898108454242,0.010103698977177288
2018-01-08T00:00:00,AAPL,174.19,-0.0050265608042497027,0.0099967255952295442
2018-01-09T00:00:00,AAPL,174.07,-0.00068890292209658737,0.0098354417811070301
2018-01-10T00:00:00,AAPL,174.24,0.00097661860171204635,0.0096729050173102148
2018-01-11T00:00:00,AAPL,175.28,0.0059687786960513772,0.0095578406770332001
2018-01-12T00:00:00,AAPL,177.29,0.011467366499315328,0.0095863527329907803
2018-01-13T00:00:00,AAPL,177.35,0.00033842856337076133,0.009429579162510443
2018-01-16T00:00:00,AAPL,176.3,-0.0059204961939666361,0.0093639139764432836
2018-01-17T00:00:00,AAPL,179.2,0.01644923425978433,0.0096147074185070555
2018-01-18T00:00:00,AAPL,178.85,-0.0019531249999999683,0.0094768886933633122
2018-01-19T00:00:00,AAPL,178.56,-0.001621470506010579,0.0093365642427188159
2018-01-20T00:00:00,AAPL,178.68,0.0006720430107527136,0.009183040438457862
2018-01-22T00:00:00,AAPL,177.15,-0.0085627938213566207,0.0092042879155275203
2018-01-23T00:00:00,AAPL,176.7,-0.0025402201524133052,0.0090744977323185018
2018-01-24T00:00:00,AAPL,174.25,-0.013865308432371187,0.0093094837494276331
2018-01-25T00:00:00,AAPL,171.4,-0.016355810616929665,0.0096376525637058025
2018-01-26T00:00:00,AAPL,171.4,0,0.0094783772067247533
2018-01-27T00:00:00,AAPL,171.39,-5.8343057176308786e-05,0.0093217105661917432
2018-01-29T00:00:00,AAPL,167.91,-0.020304568527918725,0.0098570614379519927
2018-01-30T00:00:00,AAPL,167.08,-0.0049431242927757968,0.0097226534420484061
2018-01-31T00:00:00,AAPL,166.55,-0.0031721331098874856,0.0095703774597140946
2018-02-01T00:00:00,AAPL,169.38,0.016991894326028122,0.0099517628040540432
2018-02-02T00:00:00,AAPL,160.68,-0.051363797378675101,0.013397537353184837
2018-02-03T00:00:00,AAPL,160.02,-0.0041075429424943773,0.013181065358668975
2018-02-05T00:00:00,AAPL,156.04,-0.024871891013623408,0.013589985503584508
2018-02-06T00:00:00,AAPL,162.85,0.043642655729300199,0.015763530211699208
2018-02-07T00:00:00,AAPL,158.85,-0.024562480810561869,0.016052529091366254
2018-02-08T00:00:00,AAPL,156.33,-0.015864022662889405,0.015978579102408175
2018-02-09T00:00:00,AAPL,156.23,-0.00063967248768645002,0.015718329273944349
2018-02-10T00:00:00,AAPL,156.74,0.0032644178454843461,0.015493365026370295
2018-02-12T00:00:00,AAPL,162.86,0.039045553145336254,0.016952391986852691
2018-02-13T00:00:00,AAPL,164.22,0.0083507306889351908,0.016756045958005342
2018-02-14T00:00:00,AAPL,167.82,0.021921812203142092,0.016971046588489986
2018-02-15T00:00:00,AAPL,173.12,0.031581456322250095,0.017623577667693863
2018-02-16T00:00:00,AAPL,172.55,-0.0032925138632162267,0.017350246716249292
2018-02-17T00:00:00,AAPL,171.95,-0.0034772529701537101,0.017082055138908848
2018-02-20T00:00:00,AAPL,171.74,-0.0012212852573421317,0.016803671141771604
2018-02-21T00:00:00,AAPL,170.85,-0.0051822522417608874,0.016560198332408786
2018-02-22T00:00:00,AAPL,172.91,0.012057360257535864,0.01641693000718893
2018-02-23T00:00:00,AAPL,175.54,0.015210224972529036,0.016347896240686683
2018-02-24T00:00:00,AAPL,175.48,-0.00034180243819073873,0.016080707094947664
2018-02-26T00:00:00,AAPL,179,0.020059266013220941,0.016168110662460537
2018-02-27T00:00:00,AAPL,178.4,-0.0033519553072625381,0.015929402465486357
2018-02-28T00:00:00,AAPL,178.44,0.00022421524663672669,0.015668587675873046
2018-03-01T00:00:00,AAPL,175.19,-0.01821340506612867,0.015820367269322497
2018-03-02T00:00:00,AAPL,176.1,0.005194360408699107,0.015576410475403247
2018-03-03T00:00:00,AAPL,176.05,-0.00028392958546270841,0.015321288296403258
2018-03-05T00:00:00,AAPL,176.62,0.0032377165577960419,0.015072630110107073
2018-03-06T00:00:00,AAPL,176.65,0.00016985618842713812,0.01482470440216487
2018-03-07T00:00:00,AAPL,174.86,-0.010133031418058262,0.014720930694221718
2018-03-08T00:00:00,AAPL,176.82,0.011208967173738872,0.014597189017362606
2018-03-09T00:00:00,AAPL,179.9,0.017418844022169509,0.014649607481009288
2018-03-10T00:00:00,AAPL,179.85,-0.00027793218454703374,0.01441181981046036
2018-03-12T00:00:00,AAPL,181.8,0.010842368640533874,0.014269738040525086
2018-03-13T00:00:00,AAPL,179.82,-0.010891089108910991,0.014221638723398976
2018-03-14T00:00:00,AAPL,178.2,-0.009009009009009035,0.014113664648774414
2018-03-15T00:00:00,AAPL,178.97,0.0043209876543210454,0.013891893932298005
2018-03-16T00:00:00,AAPL,177.95,-0.0056992792088060027,0.013719520176223757
2018-03-17T00:00:00,AAPL,178.15,0.0011239112110144258,0.013492743119659837
2018-03-19T00:00:00,AAPL,175.74,-0.013527925905136101,0.013525388333047823
2018-03-20T00:00:00,AAPL,175.35,-0.0022191874359850619,0.013311236291645098
2018-03-21T00:00:00,AAPL,171.43,-0.022355289421157613,0.01371834846154992
2018-03-22T00:00:00,AAPL,168.8,-0.015341538820509803,0.013760367622287977
2018-03-23T00:00:00,AAPL,164.99,-0.022571090047393376,0.014088105913404444
2018-03-24T00:00:00,AAPL,165.15,0.00096975574277226848,0.01386220947053911
2018-03-26T00:00:00,AAPL,172.6,0.045110505600968749,0.015988165572521466
2018-03-27T00:00:00,AAPL,168.48,-0.023870220162224825,0.016303664314169831
2018-03-28T00:00:00,AAPL,166.85,-0.0096747388414054822,0.016115658790185228
2018-03-29T00:00:00,AAPL,168.18,0.0079712316451903652,0.015930153526530533
2018-03-30T00:00:00,AAPL,168.17,-5.946010227149082e-05,0.015667203246119518
2018-04-02T00:00:00,AAPL,166.5,-0.0099304275435570417,0.015498204387739032
2018-04-03T00:00:00,AAPL,168.4,0.011411411411411446,0.015402788986502155
2018-04-04T00:00:00,AAPL,171.5,0.018408551068883575,0.015525804513923205
2018-04-05T00:00:00,AAPL,172.75,0.0072886297376093291,0.015323970691333573
2018-04-06T00:00:00,AAPL,168.65,-0.023733719247467405,0.015677215717071813
2018-04-07T00:00:00,AAPL,168.49,-0.0009487103468722003,0.015418305919429777
2018-04-09T00:00:00,AAPL,170.05,0.0092587097157101443,0.015264160712813743
2018-04-10T00:00:00,AAPL,173.25,0.018817994707438921,0.015394245780694338
2018-04-11T00:00:00,AAPL,172.35,-0.0051948051948052278,0.015173706958931483
2018-04-12T00:00:00,AAPL,174.2,0.010733971569480675,0.015040791274727953
2018-04-13T00:00:00,AAPL,174.81,0.0035017221584386551,0.014801275215683427
2018-04-14T00:00:00,AAPL,174.77,-0.00022881986156393823,0.014557575783476101
2018-04-16T00:00:00,AAPL,175.92,0.0065800766721976151,0.014356161282041664
2018-04-17T00:00:00,AAPL,178.22,0.013074124602091926,0.014287987339715787
2018-04-18T00:00:00,AAPL,177.99,-0.0012905397822914923,0.01405931875469721
2018-04-19T00:00:00,AAPL,172.72,-0.029608404966571213,0.014891703090153153
2018-04-20T00:00:00,AAPL,165.8,-0.040064844835571954,0.016331306606011918
2018-04-21T00:00:00,AAPL,166.1,0.0018094089264172673,0.016070105732599118
2018-04-23T00:00:00,AAPL,165.21,-0.005358217940999316,0.01582341331747332
2018-04-24T00:00:00,AAPL,163.07,-0.012953211064705615,0.015704602841855469
2018-04-25T00:00:00,AAPL,164.15,0.0066229226712455546,0.015515001930784093
2018-04-26T00:00:00,AAPL,164.85,0.0042643923240937472,0.015291290888049459
2018-04-27T00:00:00,AAPL,162.4,-0.01486199575371543,0.015239569915763078
2018-04-28T00:00:00,AAPL,162.17,-0.00141625615763558,0.014987685485067851
2018-04-30T00:00:00,AAPL,165.26,0.019054079052845802,0.015198061539473036
2018-05-01T00:00:00,AAPL,175.45,0.061660413893259096,0.018697451934154882
2018-05-02T00:00:00,AAPL,176.37,0.0052436591621545514,0.018403009350485122
2018-05-03T00:00:00,AAPL,177.08,0.0040256279412598968,0.01810546018641554
2018-05-04T00:00:00,AAPL,183.88,0.038400722837135658,0.01900667356290937
2018-05-05T00:00:00,AAPL,188.06,0.022732216663041153,0.019039051674319334
2018-05-07T00:00:00,AAPL,185.1,-0.01573965755609916,0.019032538852559462
2018-05-08T00:00:00,AAPL,186.03,0.0050243111831442836,0.018722854114429605
2018-05-09T00:00:00,AAPL,187.47,0.0077406869859699924,0.018435498330368439
2018-05-10T00:00:00,AAPL,189.59,0.011308476022830343,0.018193879275699872
2018-05-11T00:00:00,AAPL,188.63,-0.0050635582045466948,0.017953869798461908
2018-05-12T00:00:00,AAPL,188.55,-0.00042411069289076013,0.01766707987756283
2018-05-14T00:00:00,AAPL,188.05,-0.0026518164942985942,0.017402353152776325
2018-05-15T00:00:00,AAPL,186.33,-0.0091465035894708786,0.017244139261935548
2018-05-16T00:00:00,AAPL,188.14,0.0097139483711692898,0.017012515918879745
2018-05-17T00:00:00,AAPL,186.82,-0.007016051876262322,0.016817581671065406
2018-05-18T00:00:00,AAPL,186.31,-0.0027299004389251202,0.016562762230725597
2018-05-19T00:00:00,AAPL,186.41,0.00053673984219845588,0.016291062358125278
2018-05-21T00:00:00,AAPL,187.58,0.0062764873129124831,0.016040684499340336
2018-05-22T00:00:00,AAPL,187.3,-0.0014926964495148797,0.015788588411085408
2018-05-23T00:00:00,AAPL,188.28,0.0052322477309129185,0.015538683442253167
2018-05-24T00:00:00,AAPL,188.16,-0.0006373486297004703,0.015289572216116201
2018-05-25T00:00:00,AAPL,188.6,0.0023384353741496477,0.015036969857494814
2018-05-26T00:00:00,AAPL,188.73,0.00068928950159064396,0.014790266417751871
2018-05-29T00:00:00,AAPL,188.03,-0.0037090022783870537,0.01458126627436456
2018-05-30T00:00:00,AAPL,187.35,-0.0036164441844386895,0.014372782084838035
2018-05-31T00:00:00,AAPL,186.84,-0.0027221777421937063,0.01415639551394437
2018-06-01T00:00:00,AAPL,190.26,0.018304431599229221,0.014247650581565742
2018-06-02T00:00:00,AAPL,190.49,0.0012088720697993177,0.014012858585280797
2018-06-04T00:00:00,AAPL,191.92,0.0075069557457083224,0.013816981162246134
2018-06-05T00:00:00,AAPL,193.34,0.007398916215089704,0.013621156563577309
2018-06-06T00:00:00,AAPL,193.95,0.0031550636184958375,0.013396820214394549
2018-06-07T00:00:00,AAPL,193.27,-0.0035060582624386618,0.013217354132192183
2018-06-08T00:00:00,AAPL,191.7,-0.0081233507528329363,0.013129478937187425
2018-06-09T00:00:00,AAPL,192,0.0015649452269171174,0.012912533036568394
2018-06-11T00:00:00,AAPL,191.23,-0.0040104166666667202,0.012742143570739904
2018-06-12T00:00:00,AAPL,192.35,0.0058568216284056087,0.012554520396563351
2018-06-13T00:00:00,AAPL,190.6,-0.0090979984403431243,0.012500159813222002
2018-06-14T00:00:00,AAPL,190.81,0.0011017838405037144,0.012293655219852219
2018-06-15T00:00:00,AAPL,188.8,-0.010534039096483365,0.012278883220603448
2018-06-16T00:00:00,AAPL,188.8,0,0.012077268464445456
2018-06-18T00:00:00,AAPL,188.7,-0.000529661016949273,0.011880702386668499
2018-06-19T00:00:00,AAPL,185.55,-0.01669316375198716,0.012105115530207218
2018-06-20T00:00:00,AAPL,186.55,0.0053893829156561567,0.01193939527421788
2018-06-21T00:00:00,AAPL,185.02,-0.0082015545430179637,0.011845866862549889
2018-06-22T00:00:00,AAPL,185,-0.00010809642200848682,0.011650209621294854
2018-06-23T00:00:00,AAPL,184.94,-0.00032432432432433661,0.011458042237145007
2018-06-25T00:00:00,AAPL,182.1,-0.015356331783281083,0.011609701113396972
2018-06-26T00:00:00,AAPL,184.38,0.012520593080724883,0.011648011667972998
2018-06-27T00:00:00,AAPL,187.71,0.018060527172144552,0.011900421355829
2018-06-28T00:00:00,AAPL,185.63,-0.0110809226999095,0.011893318614153244
2018-06-29T00:00:00,AAPL,185.11,-0.0028012713462262665,0.011710072608741233
2018-06-30T00:00:00,AAPL,185.1,-5.4021932904863735e-05,0.011516601672902516
2018-07-02T00:00:00,AAPL,187.18,0.011237169097785049,0.01149832254030392
2018-07-03T00:00:00,AAPL,183.96,-0.017202692595362747,0.011749678968193022
2018-07-05T00:00:00,AAPL,185.5,0.008371385083713807,0.011653292802135366
2018-07-06T00:00:00,AAPL,188.27,0.014932614555256119,0.011759844078077286
2018-07-07T00:00:00,AAPL,188.35,0.00042492165506976192,0.011565588602227558
2018-07-09T00:00:00,AAPL,190.74,0.012689142553756383,0.011575502328141574
2018-07-10T00:00:00,AAPL,189.54,-0.0062912865681032659,0.011461666463863958
2018-07-11T00:00:00,AAPL,188,-0.0081249340508599346,0.011387500741099519
2018-07-12T00:00:00,AAPL,190.88,0.015319148936170189,0.011507774777631881
2018-07-13T00:00:00,AAPL,191.4,0.0027242246437552925,0.011321477666298896
2018-07-14T00:00:00,AAPL,191.37,-0.00015673981191223165,0.011136686988349853
2018-07-16T00:00:00,AAPL,189.9,-0.0076814547734754606,0.0110649425469652
2018-07-17T00:00:00,AAPL,191.55,0.0086887835703001876,0.010974113220251167
2018-07-18T00:00:00,AAPL,190.25,-0.0067867397546333141,0.010884040484746411
2018-07-19T00:00:00,AAPL,192.1,0.0097240473061760545,0.010823656888954852
2018-07-20T00:00:00,AAPL,191.24,-0.0044768349817802464,0.010691486014975504
2018-07-21T00:00:00,AAPL,191.33,0.00047061284250158653,0.010515040426609982
2018-07-23T00:00:00,AAPL,191.67,0.001777034443108634,0.010342458908409003
2018-07-24T00:00:00,AAPL,193.05,0.0071998747847864765,0.010233884387288764
2018-07-25T00:00:00,AAPL,194.4,0.0069930069930069635,0.010119770755879555
2018-07-26T00:00:00,AAPL,194.35,-0.00025720164609059344,0.0099564965556091633
2018-07-27T00:00:00,AAPL,190.82,-0.018163107795214826,0.010394844303099653
2018-07-28T00:00:00,AAPL,190.98,0.000838486531810065,0.010223087447041809
2018-07-30T00:00:00,AAPL,190.05,-0.0048696198554821369,0.010102558806217091
2018-07-31T00:00:00,AAPL,195.7,0.0297290186792948,0.011240777250060814
2018-08-01T00:00:00,AAPL,201.64,0.030352580480327022,0.012215588081832875
2018-08-02T00:00:00,AAPL,207.45,0.028813727435032743,0.012918692569726414
2018-08-03T00:00:00,AAPL,208.05,0.0028922631959509412,0.012705289990935544
2018-08-04T00:00:00,AAPL,207.93,-0.00057678442682049767,0.012513843350021885
2018-08-06T00:00:00,AAPL,209.09,0.0055788005578800391,0.012315076229727195
2018-08-07T00:00:00,AAPL,207.04,-0.0098043904538715927,0.012333766659045346
2018-08-08T00:00:00,AAPL,206.99,-0.00024149922720239061,0.012141777658005356
2018-08-09T00:00:00,AAPL,208.83,0.0088893183245567584,0.011993497181889473
2018-08-10T00:00:00,AAPL,207.7,-0.005411099937748522,0.011888313204402569
2018-08-11T00:00:00,AAPL,207.7,0,0.011701012053662635
2018-08-13T00:00:00,AAPL,209,0.0062590274434280758,0.011527371811471685
2018-08-14T00:00:00,AAPL,209.84,0.0040191387559808779,0.011339593088250756
2018-08-15T00:00:00,AAPL,210.42,0.0027640106747997715,0.011152161827380975
2018-08-16T00:00:00,AAPL,212.96,0.01207109590343133,0.01109692229794053
2018-08-17T00:00:00,AAPL,217.55,0.021553343350864028,0.01141177048696373
2018-08-18T00:00:00,AAPL,217.53,-9.1932888991083574e-05,0.011242589419599883
2018-08-20T00:00:00,AAPL,215.35,-0.010021606215234711,0.011319049239680445
2018-08-21T00:00:00,AAPL,214.28,-0.004968655676805169,0.011224156829933659
2018-08-22T00:00:00,AAPL,215.06,0.0036400970692551855,0.011039740799525475
2018-08-23T00:00:00,AAPL,215.65,0.0027434204408072326,0.010857256849529427
2018-08-24T00:00:00,AAPL,216.13,0.0022258288894040795,0.010678268939407428
2018-08-25T00:00:00,AAPL,216.3,0.00078656364225242182,0.010507813269686911
2018-08-27T00:00:00,AAPL,217.95,0.0076282940360609206,0.010371826615781137
2018-08-28T00:00:00,AAPL,219.85,0.0087175957788483867,0.010254306640844226
2018-08-29T00:00:00,AAPL,223.34,0.01587445985899481,0.010343991392856276
2018-08-30T00:00:00,AAPL,225.1,0.0078803617802453256,0.010203635482455398
2018-08-31T00:00:00,AAPL,227.78,0.011905819635717489,0.010144547890319225
2018-09-01T00:00:00,AAPL,227.93,0.00065853016068138416,0.0099937914359577006
2018-09-04T00:00:00,AAPL,228.49,0.0024568946606414351,0.0098315112335198955
2018-09-05T00:00:00,AAPL,226.93,-0.006827432272747176,0.0098537036386380141
2018-09-06T00:00:00,AAPL,223.1,-0.016877451196404231,0.010352410013101833
2018-09-07T00:00:00,AAPL,221.08,-0.0090542357687134999,0.010399087282927188
2018-09-08T00:00:00,AAPL,220.33,-0.0033924371268319159,0.01027902741446414
2018-09-10T00:00:00,AAPL,218.18,-0.0097580901375210159,0.010333216035913091
2018-09-11T00:00:00,AAPL,224.07,0.026996058300485775,0.011126406099678151
2018-09-12T00:00:00,AAPL,221.13,-0.013120899718837854,0.011300670616422913
2018-09-13T00:00:00,AAPL,226.69,0.025143580699136265,0.011860446891777439
2018-09-14T00:00:00,AAPL,223.82,-0.012660461423088821,0.011991835096344614
2018-09-15T00:00:00,AAPL,223.45,-0.0016531141095523392,0.011815275827275406
2018-09-17T00:00:00,AAPL,217.88,-0.024927276795703706,0.012599754662438617
2018-09-18T00:00:00,AAPL,218.12,0.0011015237745548427,0.01239153623215016
2018-09-19T00:00:00,AAPL,218.85,0.0033467815881165859,0.012192230263940529
2018-09-20T00:00:00,AAPL,220.43,0.0072195567740462076,0.012036621994601964
2018-09-21T00:00:00,AAPL,217.72,-0.012294152338610932,0.012096336677618922
2018-09-22T00:00:00,AAPL,217.84,0.00055116663604631887,0.01189680262520428
2018-09-24T00:00:00,AAPL,221,0.014506059493206007,0.011945663430569466
2018-09-25T00:00:00,AAPL,222.19,0.005384615384615374,0.011768587383485275
2018-09-26T00:00:00,AAPL,220.55,-0.007381070255186941,0.011687260935927601
2018-09-27T00:00:00,AAPL,224.87,0.019587395148492375,0.01195111665920044
2018-09-28T00:00:00,AAPL,225.95,0.004802774936629982,0.011764671000267133
2018-09-29T00:00:00,AAPL,225.93,-8.851515822076482e-05,0.011576572216155523
2018-10-01T00:00:00,AAPL,227.33,0.0061966095693356598,0.011410365040801567
2018-10-02T00:00:00,AAPL,229.24,0.0084018827255531447,0.011278344703568475
2018-10-03T00:00:00,AAPL,231.9,0.011603559588204486,0.011216390383385753
2018-10-04T00:00:00,AAPL,228.24,-0.015782664941785238,0.011515820627443473
2018-10-05T00:00:00,AAPL,224.54,-0.016211005958640102,0.011789422646055347
2018-10-06T00:00:00,AAPL,223.99,-0.0024494522134140152,0.011615421034520266
2018-10-08T00:00:00,AAPL,223.94,-0.00022322425108268836,0.011426691197831313
2018-10-09T00:00:00,AAPL,226.83,0.01290524247566319,0.01143106787171938
2018-10-10T00:00:00,AAPL,214.6,-0.053917030375170913,0.015029868193494122
2018-10-11T00:00:00,AAPL,215.7,0.0051258154706430303,0.014812208717821195
2018-10-12T00:00:00,AAPL,222.51,0.03157162726008346,0.015632777427581332
2018-10-13T00:00:00,AAPL,222.8,0.0013033122106872522,0.015374450421782244
2018-10-15T00:00:00,AAPL,217.01,-0.025987432675044973,0.015879665337282585
2018-10-16T00:00:00,AAPL,222.8,0.026680798119902403,0.016328075109335857
2018-10-17T00:00:00,AAPL,221.3,-0.0067324955116696587,0.016118317351231145
2018-10-18T00:00:00,AAPL,216.42,-0.022051513782196219,0.016372654180665486
2018-10-19T00:00:00,AAPL,219.07,0.012244709361426883,0.01625116669079206
2018-10-20T00:00:00,AAPL,219,-0.00031953256949830271,0.015983075667787779
2018-10-22T00:00:00,AAPL,220.51,0.0068949771689497301,0.01576223156368484
2018-10-23T00:00:00,AAPL,223.15,0.011972246156636954,0.015635567589363398
2018-10-24T00:00:00,AAPL,217.02,-0.027470311449697492,0.016203404155903756
2018-10-25T00:00:00,AAPL,217.25,0.0010598101557459669,0.01593660759915954
2018-10-26T00:00:00,AAPL,216.77,-0.0022094361334867195,0.01567854745883886
2018-10-27T00:00:00,AAPL,217.08,0.001430087189186706,0.015421515279062032
2018-10-29T00:00:00,AAPL,212,-0.023401510963700075,0.015740358565146623
2018-10-30T00:00:00,AAPL,214.4,0.011320754716981159,0.015630477591272039
2018-10-31T00:00:00,AAPL,218.78,0.020429104477611919,0.015817518761844496
2018-11-01T00:00:00,AAPL,213,-0.026419233933631964,0.01628214165025825
2018-11-02T00:00:00,AAPL,206.8,-0.029107981220657223,0.016815658415966071
2018-11-03T00:00:00,AAPL,206.5,-0.0014506769825919311,0.016537694599695431
2018-11-05T00:00:00,AAPL,201.6,-0.023728813559322062,0.016748742660794166
2018-11-06T00:00:00,AAPL,204.04,0.012103174603174591,0.016670684644561385
2018-11-07T00:00:00,AAPL,209.64,0.027445598902176016,0.017211493556897748
2018-11-08T00:00:00,AAPL,207.9,-0.0082999427590153638,0.016980978523560904
2018-11-09T00:00:00,AAPL,204.17,-0.017941317941318029,0.016974735360281375
2018-11-10T00:00:00,AAPL,203.7,-0.0023020032326002788,0.016694662966262576
2018-11-12T00:00:00,AAPL,193.5,-0.050073637702503629,0.018584298943946576
2018-11-13T00:00:00,AAPL,192.8,-0.0036175710594314658,0.018277267310015912
2018-11-14T00:00:00,AAPL,187.76,-0.026141078838174379,0.018441396159309963
2018-11-15T00:00:00,AAPL,190.75,0.015924584576054588,0.018484328808839247
2018-11-16T00:00:00,AAPL,193.7,0.015465268676277791,0.01848836660474254
2018-11-17T00:00:00,AAPL,194,0.0015487867836861714,0.01819861264807494
2018-11-19T00:00:00,AAPL,186,-0.041237113402061855,0.019199405728609498
2018-11-20T00:00:00,AAPL,176.7,-0.050000000000000058,0.020623595727460042
2018-11-21T00:00:00,AAPL,176.63,-0.00039615166949628287,0.020301994335925846
2018-11-22T00:00:00,AAPL,176.98,0.001981543339183572,0.020007591748040957
2018-11-23T00:00:00,AAPL,172.01,-0.028082269182958523,0.02011134465200088
2018-11-26T00:00:00,AAPL,171.63,-0.002209173885239204,0.019788770655247756
2018-11-27T00:00:00,AAPL,174.78,0.018353434714210835,0.019930396233016661
2018-11-28T00:00:00,AAPL,181.49,0.038391120265476641,0.021079132689983654
2018-11-29T00:00:00,AAPL,179.29,-0.012121879993388159,0.020790126620062202
2018-11-30T00:00:00,AAPL,178.84,-0.0025099001617490584,0.020447509641917615
2018-12-01T00:00:00,AAPL,178.8,-0.00022366360993061977,0.020118776602773818
2018-12-03T00:00:00,AAPL,184.49,0.031823266219239359,0.020778834342323763
2018-12-04T00:00:00,AAPL,176.49,-0.04336278389072578,0.021721878441608843
2018-12-05T00:00:00,AAPL,176.5,5.666043401887305e-05,0.021373452260878081
2018-12-06T00:00:00,AAPL,174.76,-0.0098583569405099672,0.021050413231577376
2018-12-07T00:00:00,AAPL,168.45,-0.036106660563057925,0.021500944467714413
2018-12-08T00:00:00,AAPL,168.09,-0.0021371326803204822,0.02115110559516396
2018-12-10T00:00:00,AAPL,170.1,0.011957879707299607,0.021016807352282143
2018-12-11T00:00:00,AAPL,168.24,-0.010934744268077515,0.020704707660075063
2018-12-12T00:00:00,AAPL,169.2,0.0057061340941510904,0.020443573003963232
2018-12-13T00:00:00,AAPL,170.55,0.0079787234042554538,0.020222168864673758
2018-12-14T00:00:00,AAPL,165.4,-0.030196423336265057,0.020449318552030499
2018-12-15T00:00:00,AAPL,165.1,-0.0018137847642080494,0.020117361276109958
2018-12-17T00:00:00,AAPL,164.09,-0.006117504542701338,0.019787017156705264
2018-12-18T00:00:00,AAPL,164.95,0.0052410262660734057,0.019538876184342517
2018-12-19T00:00:00,AAPL,160.98,-0.024067899363443463,0.019544028338049718
2018-12-20T00:00:00,AAPL,157.88,-0.019257050565287578,0.019394066768285874
2018-12-21T00:00:00,AAPL,150.64,-0.045857613377248599,0.02041473079126855
2018-12-22T00:00:00,AAPL,150.1,-0.0035847052575676587,0.020084872466677797
2018-12-24T00:00:00,AAPL,146.75,-0.02231845436375746,0.019954554282690086
2018-12-26T00:00:00,AAPL,156.5,0.066439522998296419,0.023652171016058952
2018-12-27T00:00:00,AAPL,156.2,-0.0019169329073483155,0.023266438541246926
2018-12-28T00:00:00,AAPL,156.5,0.0019206145966710077,0.022911567487480525
2018-12-29T00:00:00,AAPL,156.38,-0.0007667731629393262,0.022542091649258033
2018-12-31T00:00:00,AAPL,157.77,0.0088886046809055815,0.02229458098009738
2019-01-01T00:00:00,AAPL,158.18,0.0025987196551942485,0.021956277671685082
2019-01-02T00:00:00,AAPL,146.11,-0.076305474775572091,0.025233408467300381
2019-01-03T00:00:00,AAPL,142.5,-0.02470741222366719,0.025042950797760855
2019-01-04T00:00:00,AAPL,148.01,0.038666666666666606,0.025935950869041879
2019-01-05T00:00:00,AAPL,148.4,0.0026349570974935127,0.025545193453321711
2019-01-07T00:00:00,AAPL,147.85,-0.0037061994609165184,0.025123789189122021
2019-01-08T00:00:00,AAPL,150.75,0.019614474129185024,0.025095266311019555
2019-01-09T00:00:00,AAPL,153.31,0.01698175787728028,0.024967059508631453
2019-01-10T00:00:00,AAPL,153.8,0.003196138542821793,0.024582351687014125
2019-01-11T00:00:00,AAPL,152.26,-0.010013003901170483,0.024207661728109335
2019-01-12T00:00:00,AAPL,152.35,0.00059109418100619605,0.023818010222939546
2019-01-14T00:00:00,AAPL,149.97,-0.01562192320315061,0.023529968655110388
2019-01-15T00:00:00,AAPL,152.91,0.019603920784156816,0.02351398584557355
2019-01-16T00:00:00,AAPL,154.66,0.011444640638283958,0.023267602001528522
2019-01-17T00:00:00,AAPL,155.83,0.0075649812491918782,0.02295277053564776
2019-01-18T00:00:00,AAPL,156.65,0.0052621446448051926,0.022611703742221625
2019-01-19T00:00:00,AAPL,156.56,-0.00057452920523462113,0.02223906865271839
2019-01-22T00:00:00,AAPL,153.2,-0.021461420541645463,0.02215501813137594
2019-01-23T00:00:00,AAPL,153.93,0.0047650130548304061,0.021827084656773497
2019-01-24T00:00:00,AAPL,152.5,-0.0092899369843435775,0.021504057326863547
2019-01-25T00:00:00,AAPL,157.91,0.03547540983606555,0.022216986518125093
2019-01-26T00:00:00,AAPL,157.82,-0.00056994490532584008,0.021850017638117471
2019-01-28T00:00:00,AAPL,156,-0.011532125205930764,0.02156933291826094
2019-01-29T00:00:00,AAPL,160.63,0.029679487179487152,0.021939552003458259
2019-01-30T00:00:00,AAPL,165.7,0.031563219821951025,0.022331142546628574
2019-01-31T00:00:00,AAPL,166.89,0.0071816535908267821,0.021994096472758528
2019-02-01T00:00:00,AAPL,166.65,-0.0014380729822037312,0.02163421657281599
2019-02-02T00:00:00,AAPL,166.55,-0.00060006000600056595,0.021277906505667958
2019-02-04T00:00:00,AAPL,171.19,0.027859501651155725,0.02148831245515884
2019-02-05T00:00:00,AAPL,173.91,0.01588877855014895,0.021289175347006365
2019-02-06T00:00:00,AAPL,174.2,0.001667529181760635,0.020937365317316201
2019-02-07T00:00:00,AAPL,171.07,-0.017967853042479883,0.020901734994478689
2019-02-08T00:00:00,AAPL,170.2,-0.0050856374583504093,0.020588824211651431
2019-02-09T00:00:00,AAPL,170.32,0.00070505287896594924,0.020248648539233517
2019-02-11T00:00:00,AAPL,169.1,-0.0071629873179896598,0.0199696421815878
2019-02-12T00:00:00,AAPL,170.84,0.010289769367238374,0.019712337257574156
2019-02-13T00:00:00,AAPL,170.12,-0.0042144696792320233,0.019410626335609988
2019-02-14T00:00:00,AAPL,169.6,-0.0030566658829062439,0.019103644532481635
2019-02-15T00:00:00,AAPL,170.38,0.0045990566037735917,0.018799826799776535
2019-02-16T00:00:00,AAPL,170.5,0.00070430801737295784,0.018489134080496704
2019-02-19T00:00:00,AAPL,170.93,0.0025219941348974006,0.018185622507798541
2019-02-20T00:00:00,AAPL,171.93,0.0058503480957116947,0.017905964943271974
2019-02-21T00:00:00,AAPL,171,-0.0054091781538998822,0.017649764978328802
2019-02-22T00:00:00,AAPL,172.74,0.010175438596491282,0.017436553302207218
2019-02-23T00:00:00,AAPL,172.76,0.00011578094245676629,0.017149582732694662
2019-02-25T00:00:00,AAPL,173.99,0.0071197036351008233,0.016899185395714292
2019-02-26T00:00:00,AAPL,174.06,0.00040232197252711751,0.016620859363820923
2019-02-27T00:00:00,AAPL,174.94,0.005055727909916095,0.016359341310297829
2019-02-28T00:00:00,AAPL,173.25,-0.0096604550131473513,0.016213571249523689
2019-03-01T00:00:00,AAPL,174.99,0.010043290043290095,0.016025391500017225
2019-03-02T00:00:00,AAPL,175.12,0.00074289959426250324,0.015760986168798296
2019-03-04T00:00:00,AAPL,175.75,0.0035975331201461595,0.015505406219073474
2019-03-05T00:00:00,AAPL,175.42,-0.0018776671408251067,0.015261070621595948
2019-03-06T00:00:00,AAPL,174.5,-0.0052445559229277591,0.015055837418022022
2019-03-07T00:00:00,AAPL,172.6,-0.010888252148997168,0.014964208483426404
2019-03-08T00:00:00,AAPL,173.16,0.0032444959443800828,0.01472358354244516
2019-03-09T00:00:00,AAPL,173.01,-0.00086625086625089908,0.014483467348435858
2019-03-11T00:00:00,AAPL,179.4,0.036934281255418852,0.015653230267640015
2019-03-12T00:00:00,AAPL,180.99,0.0088628762541806214,0.015444091544547978
2019-03-13T00:00:00,AAPL,181.9,0.0050279020940383256,0.015197280894310685
2019-03-14T00:00:00,AAPL,183.7,0.0098955470038481746,0.01500828414807907
2019-03-15T00:00:00,AAPL,186.02,0.012629286880784005,0.014870919605532247
2019-03-16T00:00:00,AAPL,185.88,-0.00075260724653271034,0.014639593341510221
2019-03-18T00:00:00,AAPL,188.31,0.013072950290510043,0.014516346327300082
2019-03-19T00:00:00,AAPL,186.22,-0.011098720195422459,0.014502088419019605
2019-03-20T00:00:00,AAPL,187.98,0.0094511867683384748,0.014314909776661978
2019-03-21T00:00:00,AAPL,195.81,0.041653367379508525,0.015708351432322895
2019-03-22T00:00:00,AAPL,191.15,-0.023798580256370955,0.016242086885659913
2019-03-23T00:00:00,AAPL,191,-0.00078472403871308232,0.015989690248247122
2019-03-25T00:00:00,AAPL,189.18,-0.0095287958115182897,0.015887492455745066
2019-03-26T00:00:00,AAPL,187.56,-0.0085632730732635824,0.015754417276522444
2019-03-27T00:00:00,AAPL,188.55,0.0052783109404990888,0.015503250091021046
2019-03-28T00:00:00,AAPL,188.9,0.0018562715460089859,0.015247285761943119
2019-03-29T00:00:00,AAPL,190.04,0.0060349391212280905,0.015009636265452105
2019-03-30T00:00:00,AAPL,190.06,0.00010524100189439187,0.014767768194495686
2019-04-01T00:00:00,AAPL,191.3,0.0065242554982637537,0.014542367669223415
2019-04-02T00:00:00,AAPL,193.68,0.012441191845269187,0.014411813871322879
2019-04-03T00:00:00,AAPL,195.35,0.0086224700536967538,0.014211097459651266
2019-04-04T00:00:00,AAPL,195.7,0.0017916560020475778,0.013978057256088599
2019-04-05T00:00:00,AAPL,196.95,0.0063873275421563623,0.013760268082361351
2019-04-06T00:00:00,AAPL,196.9,-0.00025387154100016732,0.013546474387820112
2019-04-08T00:00:00,AAPL,200.4,0.017775520568816656,0.013583431289158487
2019-04-09T00:00:00,AAPL,199.38,-0.0050898203592814883,0.013447787946383117
2019-04-10T00:00:00,AAPL,200.63,0.006269435249272746,0.013236796310876788
2019-04-11T00:00:00,AAPL,198.8,-0.0091212680057817085,0.013208448166416011
2019-04-12T00:00:00,AAPL,198.79,-5.0301810865288358e-05,0.013001029577262711
2019-04-13T00:00:00,AAPL,199.03,0.0012073041903516732,0.012789396244203569
2019-04-15T00:00:00,AAPL,199.1,0.00035170577299901111,0.012585456588348403
2019-04-16T00:00:00,AAPL,198.9,-0.001004520341536859,0.012395156507368492
2019-04-17T00:00:00,AAPL,203,0.020613373554549997,0.012613749542201567
2019-04-18T00:00:00,AAPL,203.81,0.0039901477832512428,0.012406144611586869
2019-04-19T00:00:00,AAPL,203.83,9.8130611844415055e-05,0.012213655090805154
2019-04-22T00:00:00,AAPL,204.58,0.0036795368689594267,0.012012239338608182
2019-04-23T00:00:00,AAPL,207.55,0.014517548147423984,0.011990191254706817
2019-04-24T00:00:00,AAPL,207.9,0.0016863406408094161,0.011796378239281974
2019-04-25T00:00:00,AAPL,205,-0.013949013949013976,0.012013312072230376
2019-04-26T00:00:00,AAPL,204.38,-0.0030243902439024612,0.011861722290244238
2019-04-27T00:00:00,AAPL,204.35,-0.00014678539974557754,0.011676505493961663
2019-04-29T00:00:00,AAPL,203.55,-0.0039148519696598138,0.011542295250981799
2019-04-30T00:00:00,AAPL,211.5,0.039056742815033102,0.013126443209147791
2019-05-01T00:00:00,AAPL,210.4,-0.0052009456264775142,0.013004886215160981
2019-05-02T00:00:00,AAPL,209.15,-0.0059410646387832696,0.01289640430462562
2019-05-03T00:00:00,AAPL,211.94,0.013339708343294248,0.012819292804969996
2019-05-04T00:00:00,AAPL,211.95,4.7183165046668422e-05,0.012620970688373477
2019-05-06T00:00:00,AAPL,206.88,-0.02392073602264682,0.013333665431591151
2019-05-07T00:00:00,AAPL,203.03,-0.018609822119102833,0.013640823538377308
2019-05-08T00:00:00,AAPL,203.12,0.00044328424370784325,0.013417017535438858
2019-05-09T00:00:00,AAPL,200.31,-0.013834186687672324,0.013482675365914782
2019-05-10T00:00:00,AAPL,197.15,-0.015775547900753813,0.013600929734020606
2019-05-11T00:00:00,AAPL,197.15,0,0.013376441284893844
2019-05-13T00:00:00,AAPL,185.55,-0.058838447882323071,0.01693087544477161
2019-05-14T00:00:00,AAPL,188.5,0.015898679601185604,0.016939480640853669
2019-05-15T00:00:00,AAPL,190.5,0.010610079575596816,0.016786482028275998
2019-05-16T00:00:00,AAPL,190,-0.0026246719160104987,0.016513447398569511
2019-05-17T00:00:00,AAPL,188.7,-0.0068421052631579549,0.016279606418778965
2019-05-18T00:00:00,AAPL,189,0.0015898251192369443,0.016016095171805002
2019-05-20T00:00:00,AAPL,183.5,-0.029100529100529099,0.016557065491619432
2019-05-21T00:00:00,AAPL,186.25,0.014986376021798364,0.016554237929957184
2019-05-22T00:00:00,AAPL,182.46,-0.02034899328859056,0.016644405898537811
2019-05-23T00:00:00,AAPL,179.84,-0.014359311629946313,0.016526177494063835
2019-05-24T00:00:00,AAPL,178.97,-0.0048376334519573206,0.016260307644709777
2019-05-25T00:00:00,AAPL,178.34,-0.0035201430407330583,0.015993248866861039
2019-05-28T00:00:00,AAPL,178.26,-0.00044858136144450207,0.015732224273297121
2019-05-29T00:00:00,AAPL,177.39,-0.0048805116122517932,0.015479679688093518
2019-05-30T00:00:00,AAPL,178.25,0.0048480748632956407,0.015277577875665459
2019-05-31T00:00:00,AAPL,175.02,-0.018120617110799382,0.015299696695535735
2019-06-01T00:00:00,AAPL,174.82,-0.0011427265455377501,0.015048995627157264
2019-06-03T00:00:00,AAPL,173.65,-0.0066925981009037152,0.014819102068199778
2019-06-04T00:00:00,AAPL,179.9,0.035991937805931469,0.016143142564467059
2019-06-05T00:00:00,AAPL,182.66,0.015341856586992723,0.016158424170600569
2019-06-06T00:00:00,AAPL,184.56,0.010401839483192848,0.016019271517777985
2019-06-07T00:00:00,AAPL,190.1,0.030017338534893759,0.016679334860834054
2019-06-08T00:00:00,AAPL,190.25,0.00078905839032091364,0.016403696130585396
2019-06-10T00:00:00,AAPL,192.75,0.013140604467805518,0.016290772573129591
2019-06-11T00:00:00,AAPL,194.65,0.0098573281452659176,0.016101294083017869
2019-06-12T00:00:00,AAPL,194.14,-0.0026200873362446407,0.015850254085442328
2019-06-13T00:00:00,AAPL,193.45,-0.003554136190378066,0.015610708669536186
2019-06-14T00:00:00,AAPL,192.6,-0.0043939002326182182,0.015382676474284328
2019-06-15T00:00:00,AAPL,192.86,0.001349948078920142,0.015128747190793603
2019-06-17T00:00:00,AAPL,193.99,0.0058591724567043212,0.014906405036553565
2019-06-18T00:00:00,AAPL,198.95,0.025568328264343416,0.01531139936396074
2019-06-19T00:00:00,AAPL,197.87,-0.0054284996230207798,0.015113694126208116
2019-06-20T00:00:00,AAPL,199.35,0.0074796583615504607,0.014902158518257838
2019-06-21T00:00:00,AAPL,198.65,-0.0035114120892901363,0.014686012084908835
2019-06-22T00:00:00,AAPL,198.1,-0.002768688648376599,0.014464131230389955
2019-06-24T00:00:00,AAPL,198.58,0.0024230186774357306,0.014226188415464231
2019-06-25T00:00:00,AAPL,195.95,-0.013244032631685082,0.014237653215682024
2019-06-26T00:00:00,AAPL,199.7,0.019137535085480991,0.0143774918691682
2019-06-27T00:00:00,AAPL,197.98,-0.0086129193790685978,0.014257420812184703
2019-06-28T00:00:00,AAPL,198,0.00010102030508137304,0.014023208085500493
2019-06-29T00:00:00,AAPL,197.99,-5.0505050505004569e-05,0.01379320878876349
2019-07-01T00:00:00,AAPL,201.37,0.017071569271175289,0.013863207066382974
2019-07-02T00:00:00,AAPL,202.73,0.0067537369022197206,0.01366453860742705
2019-07-03T00:00:00,AAPL,204.4,0.008237557342277985,0.013487684054435572
2019-07-05T00:00:00,AAPL,204.01,-0.0019080234833660213,0.013283758661786582
2019-07-06T00:00:00,AAPL,204.03,9.8034410077987508e-05,0.01306827349025989
2019-07-08T00:00:00,AAPL,200,-0.019751997255305596,0.013425486496003891
2019-07-09T00:00:00,AAPL,201.24,0.0062000000000000458,0.013234650800887263
2019-07-10T00:00:00,AAPL,203.3,0.010236533492347457,0.013114068778195398
2019-07-11T00:00:00,AAPL,201.65,-0.0081160846040334751,0.013015012678196578
2019-07-12T00:00:00,AAPL,203.29,0.0081329035457475152,0.012858715198315544
2019-07-13T00:00:00,AAPL,203.3,4.9190811156571045e-05,0.012648899160874314
2019-07-15T00:00:00,AAPL,205.11,0.0089030988686670046,0.012511282730179684
2019-07-16T00:00:00,AAPL,204.15,-0.0046804153868656231,0.012357883609510656
2019-07-17T00:00:00,AAPL,202.89,-0.0061719324026452086,0.012231472353584762
2019-07-18T00:00:00,AAPL,205.95,0.015082064172704433,0.012283085097471452
2019-07-19T00:00:00,AAPL,202.47,-0.016897305171157999,0.012533357093452754
2019-07-20T00:00:00,AAPL,202.4,-0.00034573023163922151,0.012328888582022742
2019-07-22T00:00:00,AAPL,207.24,0.023913043478260884,0.012801598265451309
2019-07-23T00:00:00,AAPL,207.45,0.0010133178922986852,0.012590771297954606
2019-07-24T00:00:00,AAPL,208.46,0.0048686430465173262,0.012395140308718241
2019-07-25T00:00:00,AAPL,207,-0.007003741725031219,0.012294006295551179
2019-07-26T00:00:00,AAPL,207.5,0.0024154589371980675,0.012091714655825965
2019-07-27T00:00:00,AAPL,207.79,0.0013975903614457448,0.011891897956397564
2019-07-29T00:00:00,AAPL,209.85,0.0099138553347129423,0.011790208629323987
2019-07-30T00:00:00,AAPL,217.42,0.036073385751727395,0.01312138043597604
2019-07-31T00:00:00,AAPL,212.7,-0.021709134394259953,0.01364578530502406
2019-08-01T00:00:00,AAPL,208.1,-0.021626704278326254,0.014085020275096869
2019-08-02T00:00:00,AAPL,204.25,-0.018500720807304152,0.014305975663903459
2019-08-03T00:00:00,AAPL,204.5,0.0012239902080783353,0.014069752524506488
2019-08-05T00:00:00,AAPL,192.34,-0.059462102689486533,0.017562876911951998
2019-08-06T00:00:00,AAPL,196.85,0.023448060725798019,0.017831030177829887
2019-08-07T00:00:00,AAPL,199,0.010922021844043717,0.017653739577533484
2019-08-08T00:00:00,AAPL,203.45,0.022361809045226073,0.017821418259256865
2019-08-09T00:00:00,AAPL,201.26,-0.010764315556647815,0.017647460486799198
2019-08-10T00:00:00,AAPL,201.1,-0.0007949915532147302,0.017356922829772491
2019-08-12T00:00:00,AAPL,200.21,-0.0044256588761809367,0.017091033385034989
2019-08-13T00:00:00,AAPL,208.91,0.043454372908446073,0.018521195784561337
2019-08-14T00:00:00,AAPL,202.49,-0.030730936767028805,0.019115739728324099
2019-08-15T00:00:00,AAPL,201.9,-0.0029137241345251782,0.018809748022282573
2019-08-16T00:00:00,AAPL,206.8,0.024269440316988636,0.018989440630605096
2019-08-17T00:00:00,AAPL,206.45,-0.001692456479690632,0.018682622449419584
2019-08-19T00:00:00,AAPL,210.45,0.019375151368370067,0.018665316162066667
2019-08-20T00:00:00,AAPL,210.07,-0.0018056545497742718,0.018367429037122959
2019-08-21T00:00:00,AAPL,212.75,0.012757652211167739,0.018175338638984989
2019-08-22T00:00:00,AAPL,212.35,-0.0018801410105758198,0.017887989897986713
2019-08-23T00:00:00,AAPL,202.62,-0.045820579232399294,0.019561112797662893
2019-08-24T00:00:00,AAPL,201.8,-0.0040469845030105282,0.019253189992945736
2019-08-26T00:00:00,AAPL,206.55,0.023538156590683843,0.019396996262691226
2019-08-27T00:00:00,AAPL,204.34,-0.010699588477366294,0.019189197549143382
2019-08-28T00:00:00,AAPL,205.12,0.0038171674659880648,0.018881444344268191
2019-08-29T00:00:00,AAPL,208.91,0.018476989079563143,0.018844775309848127
2019-08-30T00:00:00,AAPL,208.15,-0.0036379302091809436,0.01855351347790456
2019-08-31T00:00:00,AAPL,208.15,0,0.018247758042920257
2019-09-03T00:00:00,AAPL,205.78,-0.011386019697333676,0.018083330390033844
2019-09-04T00:00:00,AAPL,209,0.0156477791816503,0.017988836979968056
2019-09-05T00:00:00,AAPL,213.09,0.019569377990430639,0.018000270554024068
2019-09-06T00:00:00,AAPL,213.55,0.002158712281195776,0.017702925902091896
2019-09-07T00:00:00,AAPL,213.7,0.00070241161320523183,0.017411225195245593
2019-09-09T00:00:00,AAPL,214.28,0.0027140851661207888,0.01712444001491846
2019-09-10T00:00:00,AAPL,215.11,0.0038734366249767245,0.016845870372253564
2019-09-11T00:00:00,AAPL,223.03,0.036818371995723055,0.017722257593471014
2019-09-12T00:00:00,AAPL,224.47,0.0064565305115903589,0.017440837378953321
2019-09-13T00:00:00,AAPL,218.52,-0.026506882879672067,0.017954573025024723
2019-09-16T00:00:00,AAPL,220.02,0.0068643602416254799,0.017678737269807055
2019-09-17T00:00:00,AAPL,220.75,0.0033178801927097072,0.017387604641606071
2019-09-18T00:00:00,AAPL,222.73,0.0089694224235560126,0.017142513587333194
2019-09-19T00:00:00,AAPL,220.93,-0.0080815336955056931,0.016965603215608312
2019-09-20T00:00:00,AAPL,217.65,-0.01484633141719097,0.016961673213575706
2019-09-23T00:00:00,AAPL,219.5,0.0084998851366873164,0.016727493304810125
2019-09-24T00:00:00,AAPL,219.26,-0.0010933940774487886,0.016459239925952777
2019-09-25T00:00:00,AAPL,221.02,0.0080269999087841798,0.016226824622561798
2019-09-26T00:00:00,AAPL,219.74,-0.0057913311012578097,0.016018573867021515
2019-09-27T00:00:00,AAPL,218.71,-0.00468735778647493,0.015795069603682575
2019-09-30T00:00:00,AAPL,223.92,0.023821498788349774,0.016044663327458426
2019-10-01T00:00:00,AAPL,224.97,0.0046891747052519271,0.015785812291457497
2019-10-02T00:00:00,AAPL,219.12,-0.026003467128950502,0.016334303616567885
2019-10-03T00:00:00,AAPL,220.74,0.007393209200438137,0.016100945732581088
2019-10-04T00:00:00,AAPL,226.84,0.027634320920539975,0.016513345858531914
2019-10-07T00:00:00,AAPL,227.01,0.0007494269088343656,0.016243086752926576
2019-10-08T00:00:00,AAPL,224.53,-0.010924628870974801,0.016151392514859038
2019-11-19T00:00:00,AAPL,266.78,0.18817084576671256,0.037028732224033245
2019-11-25T00:00:00,AAPL,265.78,-0.0037484069270560015,0.036477900685177631
2019-11-27T00:00:00,AAPL,265.15,-0.0023703815185491593,0.035919864705498614
2019-11-29T00:00:00,AAPL,266.9,0.006600037714501226,0.035326333674388463
2019-12-02T00:00:00,AAPL,268.12,0.0045710003746722641,0.034745796947737696
2019-12-03T00:00:00,AAPL,257,-0.041473966880501284,0.035271357818786965
2019-12-04T00:00:00,AAPL,262.2,0.020233463035019411,0.034787758407169918
2019-12-05T00:00:00,AAPL,265.45,0.012395118230358505,0.034231523548629857
2019-12-06T00:00:00,AAPL,270.56,0.019250329628932056,0.033746103252735984
2019-12-09T00:00:00,AAPL,266.76,-0.01404494382022476,0.033396897542968561
2019-12-10T00:00:00,AAPL,268.58,0.006822612085769955,0.032845154066146215
2019-12-11T00:00:00,AAPL,271.04,0.0091592821505697992,0.032307032246160383
2019-12-12T00:00:00,AAPL,271.21,0.00062721369539536255,0.03178850730573541
2019-12-13T00:00:00,AAPL,275.08,0.014269385347147985,0.031298502337187735
2019-12-16T00:00:00,AAPL,279.94,0.017667587610876886,0.03084938336366351
2019-12-17T00:00:00,AAPL,280.45,0.0018218189612059402,0.030351683043332654
2019-12-18T00:00:00,AAPL,279.76,-0.0024603316099126322,0.029892962487558503
2019-12-19T00:00:00,AAPL,279.99,0.00082213325707756004,0.029414521965911825
2019-12-20T00:00:00,AAPL,279.39,-0.0021429336762028026,0.028965200679179064
2019-12-23T00:00:00,AAPL,283.98,0.016428648126275213,0.028551128013796435
2019-12-24T00:00:00,AAPL,284.26,0.00098598492851599659,0.028094074805320828
2019-12-26T00:00:00,AAPL,289.94,0.019981706888060252,0.027744945459234355
2019-12-27T00:00:00,AAPL,289.67,-0.00093122715044485695,0.027317842043112894
2019-12-30T00:00:00,AAPL,291.49,0.0062830117029723243,0.026866289523103812
2019-12-31T00:00:00,AAPL,293.59,0.007204363786064585,0.026422879662383481
2020-01-02T00:00:00,AAPL,300.45,0.023365918457713186,0.026168850380615762
2020-01-03T00:00:00,AAPL,297.8,-0.00882010317856541,0.025887495746332697
2020-01-06T00:00:00,AAPL,299.76,0.006581598388179918,0.025459652869535561
2020-01-07T00:00:00,AAPL,298.19,-0.0052375233520149224,0.025123492004046292
2020-01-08T00:00:00,AAPL,303.12,0.016533082933700014,0.024782380233543792
2020-01-09T00:00:00,AAPL,309.62,0.021443652678807074,0.024525709564514126
2020-01-10T00:00:00,AAPL,310.32,0.0022608358633162866,0.024133543554390891
2020-01-13T00:00:00,AAPL,316.99,0.021493941737561278,0.023885514468106474
2020-01-14T00:00:00,AAPL,312.65,-0.013691283636707883,0.023784327328716576
2020-01-15T00:00:00,AAPL,311.41,-0.0039660962737884291,0.023464785631417854
2020-01-16T00:00:00,AAPL,315.27,0.012395234578208653,0.023105143584203763
2020-01-17T00:00:00,AAPL,318.6,0.01056237510705123,0.022736435494524362
2020-01-21T00:00:00,AAPL,316.42,-0.0068424356559949988,0.02248645243117546
2020-01-22T00:00:00,AAPL,317.92,0.0047405347323178056,0.022115821933329009
2020-01-23T00:00:00,AAPL,319.32,0.0044036235530950469,0.021751935614426697
2020-01-24T00:00:00,AAPL,318.25,-0.003350870600025032,0.021456281451612352
2020-01-27T00:00:00,AAPL,309.08,-0.028813825608798166,0.021986046119724975
2020-01-28T00:00:00,AAPL,317.64,0.027695095121004279,0.022022397502986027
2020-01-29T00:00:00,AAPL,324.13,0.020431935524493166,0.021830477065880111
2020-01-30T00:00:00,AAPL,323.82,-0.00095640638015611723,0.021502837148016242
2020-01-31T00:00:00,AAPL,309.44,-0.04440738681983817,0.022966684775020185
2020-02-03T00:00:00,AAPL,308.67,-0.002488366080661782,0.022615643360794753
2020-02-04T00:00:00,AAPL,318.94,0.03327177892247378,0.0228696949638637
2020-02-05T00:00:00,AAPL,321.32,0.0074622185991095359,0.022497500683056372
2020-02-06T00:00:00,AAPL,325.16,0.011950703348686767,0.022163888585707982
2020-02-07T00:00:00,AAPL,319.91,-0.016145897404354778,0.02212392912709529
2020-02-10T00:00:00,AAPL,321.11,0.0037510549842142745,0.021758401547734986
2020-02-11T00:00:00,AAPL,319.55,-0.0048581482980910038,0.021460893421973562
2020-02-12T00:00:00,AAPL,327.17,0.023846033484587716,0.021406944185878081
2020-02-13T00:00:00,AAPL,324.82,-0.0071828101598558017,0.021158897855844665
2020-02-14T00:00:00,AAPL,324.82,0,0.020822803878355719
2020-02-18T00:00:00,AAPL,318.99,-0.017948402191983202,0.020856579335039808
2020-02-19T00:00:00,AAPL,323.6,0.014451863694786713,0.020608645159694981
2020-02-20T00:00:00,AAPL,320.21,-0.010475896168108909,0.020427341695694032
2020-02-21T00:00:00,AAPL,313,-0.022516473564223417,0.020615263322604594
2020-02-24T00:00:00,AAPL,298.12,-0.047539936102236405,0.022169128333167171
2020-02-25T00:00:00,AAPL,288.23,-0.033174560579632313,0.022638231215466629
2020-02-26T00:00:00,AAPL,292.79,0.015820698747528023,0.02245270665206955
2020-02-27T00:00:00,AAPL,273.86,-0.064653847467468176,0.02496270531118128
2020-02-28T00:00:00,AAPL,273.51,-0.0012780252683853893,0.024550366391180089
2020-03-02T00:00:00,AAPL,298.57,0.091623706628642471,0.029414293121544983
2020-03-03T00:00:00,AAPL,288.98,-0.032119770907994692,0.029538237066658816
2020-03-04T00:00:00,AAPL,302.97,0.048411654785798355,0.030320447560599595
2020-03-05T00:00:00,AAPL,293.78,-0.030333036274218746,0.030366836957494352
2020-03-06T00:00:00,AAPL,288.4,-0.018313023350806711,0.030057113402275074
2020-03-09T00:00:00,AAPL,267.2,-0.073509015256588039,0.032371522048466807
2020-03-10T00:00:00,AAPL,284.86,0.06609281437125758,0.034132586725490313
2020-03-11T00:00:00,AAPL,275.11,-0.034227339745840059,0.034120185865790985
2020-03-12T00:00:00,AAPL,248.25,-0.097633673803206034,0.037752223525872049
2020-03-13T00:00:00,AAPL,276.89,0.11536757301107749,0.042914190520668243
2020-03-16T00:00:00,AAPL,243.71,-0.1198309798114774,0.047330411024297386
2020-03-17T00:00:00,AAPL,252.73,0.037011201838250303,0.047139792637806918
2020-03-18T00:00:00,AAPL,249.84,-0.011435128397894933,0.046384775322216021
2020-03-19T00:00:00,AAPL,243.87,-0.023895292987512001,0.045766773538342388
2020-03-20T00:00:00,AAPL,229.14,-0.060401033337433956,0.046134270505085881
2020-03-23T00:00:00,AAPL,225,-0.018067556952081638,0.045424372234051762
2020-03-24T00:00:00,AAPL,246.1,0.093777777777777752,0.048152101431083415
2020-03-25T00:00:00,AAPL,244.75,-0.0054855749695245605,0.047358239511786526
2020-03-26T00:00:00,AAPL,257.89,0.053687436159346215,0.047678254478770277
2020-03-27T00:00:00,AAPL,247.82,-0.039047655977354663,0.047379525010713013
2020-03-30T00:00:00,AAPL,254.52,0.027035751755306339,0.046896534098410332
2020-03-31T00:00:00,AAPL,253.27,-0.0049112054062549109,0.046125405148427202
2020-04-01T00:00:00,AAPL,241.53,-0.046353693686579572,0.046069097690078262
2020-04-02T00:00:00,AAPL,244.81,0.013580093570156921,0.04540620576282213
2020-04-03T00:00:00,AAPL,240.69,-0.016829377884890341,0.044729405757749037
2020-04-06T00:00:00,AAPL,262.17,0.089243425152686101,0.047005564955758042
2020-04-07T00:00:00,AAPL,259,-0.012091391082122347,0.046279739315684472
2020-04-08T00:00:00,AAPL,265.75,0.026061776061776062,0.045761612850382223
2020-04-09T00:00:00,AAPL,267.89,0.0080526810912511237,0.0450256331026892
2020-04-13T00:00:00,AAPL,273.15,0.019634924782559973,0.044411139446816433
2020-04-14T00:00:00,AAPL,286.98,0.050631521142229699,0.044564198731391273
2020-04-15T00:00:00,AAPL,284.15,-0.0098613143773086647,0.043888149521455373
2020-04-16T00:00:00,AAPL,286.71,0.0090093260601794914,0.043178229548207006
2020-04-17T00:00:00,AAPL,278.31,-0.029297896829548944,0.042853145771471514
2020-04-20T00:00:00,AAPL,277.01,-0.0046710502676871523,0.042160388000822516
2020-04-21T00:00:00,AAPL,268.56,-0.030504313923685026,0.04186008265112897
2020-04-22T00:00:00,AAPL,275.94,0.027479892761394085,0.041453154132806515
2020-04-23T00:00:00,AAPL,275.04,-0.0032615786040442749,0.04077631766528108
2020-04-24T00:00:00,AAPL,281.18,0.022324025596276855,0.040281432019891462
2020-04-27T00:00:00,AAPL,283.22,0.0072551390568319956,0.039627312263706541
2020-04-28T00:00:00,AAPL,278.54,-0.016524256761528164,0.039114928520196608
2020-04-29T00:00:00,AAPL,287.78,0.033172973361096973,0.038887843590634637
2020-04-30T00:00:00,AAPL,293.78,0.020849259851275281,0.038386841091579318
2020-05-01T00:00:00,AAPL,291.37,-0.0082034175233166601,0.037806777958243103
2020-05-04T00:00:00,AAPL,293.19,0.0062463534337783341,0.037187211109802554
2020-05-05T00:00:00,AAPL,297.7,0.015382516456905047,0.036641808774271811
2020-05-06T00:00:00,AAPL,300.72,0.010144440712126432,0.036057378499665629
2020-05-07T00:00:00,AAPL,303.83,0.010341846235700839,0.03548277426071219
2020-05-08T00:00:00,AAPL,307.73,0.012836125464898247,0.034934777298312368
2020-05-11T00:00:00,AAPL,315.13,0.024047054235856031,0.034545384883199547
2020-05-12T00:00:00,AAPL,311.59,-0.011233459207311334,0.034093997656350426
2020-05-13T00:00:00,AAPL,308.14,-0.011072242369780766,0.033641481487165913
2020-05-14T00:00:00,AAPL,309.5,0.0044135782436555259,0.033085678446663096
2020-05-15T00:00:00,AAPL,306.13,-0.010888529886914394,0.032643546040542988
2020-05-18T00:00:00,AAPL,315.04,0.02910528206970903,0.032439598292006565
2020-05-19T00:00:00,AAPL,313.14,-0.0060309801929914744,0.031954555736239655
2020-05-20T00:00:00,AAPL,319.11,0.019064954972216989,0.031547143290834322
2020-05-21T00:00:00,AAPL,317.06,-0.0064241170756165937,0.031084383990437683
2020-05-22T00:00:00,AAPL,318.17,0.0035009146533779524,0.030570625655733274
2020-05-26T00:00:00,AAPL,316.8,-0.004305874218185261,0.030100941340977318
2020-05-27T00:00:00,AAPL,318.19,0.0043876262626262198,0.029603724241529905
2020-05-28T00:00:00,AAPL,318.22,9.4283289858353687e-05,0.029121211964252918
2020-05-29T00:00:00,AAPL,319.76,0.0048394192696875225,0.028640856598824833
2020-06-01T00:00:00,AAPL,321.73,0.0061608706529898277,0.028171360927326083
2020-06-02T00:00:00,AAPL,323.2,0.0045690485811082909,0.027706206883487836
2020-06-03T00:00:00,AAPL,324.92,0.0053217821782179063,0.027249866510632399
2020-06-04T00:00:00,AAPL,322.14,-0.0085559522343962493,0.026889784605264547
2020-06-05T00:00:00,AAPL,330.23,0.025113304774321825,0.026733661586516754
2020-06-08T00:00:00,AAPL,333.37,0.0095085243618083948,0.026310207621848009
2020-06-09T00:00:00,AAPL,344.25,0.032636409994900549,0.026374333194561908
2020-06-10T00:00:00,AAPL,352.99,0.02538852578068267,0.026192149755119826
2020-06-11T00:00:00,AAPL,335.61,-0.049236522281084438,0.027590100975170898
2020-06-12T00:00:00,AAPL,339.03,0.010190399570930422,0.027156843571136482
2020-06-15T00:00:00,AAPL,342.85,0.011267439459634989,0.026738104150248
2020-06-16T00:00:00,AAPL,351.87,0.026308881435029841,0.026588061905314254
2020-06-17T00:00:00,AAPL,352.04,0.00048313297524658514,0.026161964634212491
2020-06-18T00:00:00,AAPL,351.9,-0.00039768208158176115,0.025747712723735217
2020-06-19T00:00:00,AAPL,347.38,-0.012844558113100263,0.02551995016631424
2020-06-22T00:00:00,AAPL,359.05,0.03359433473429678,0.025645821293448352
2020-06-23T00:00:00,AAPL,366.8,0.021584737501740704,0.025392944132448768
2020-06-24T00:00:00,AAPL,359.71,-0.01932933478735014,0.025375655228139338
2020-06-25T00:00:00,AAPL,364.98,0.014650690834283281,0.02501735632752446
2020-06-26T00:00:00,AAPL,356.21,-0.024028713902131727,0.025158780464018485
2020-06-29T00:00:00,AAPL,361.07,0.013643637180315022,0.024800036864504087
2020-06-30T00:00:00,AAPL,365.06,0.011050488824881627,0.024417734840111355
2020-07-01T00:00:00,AAPL,364.02,-0.0028488467649154126,0.024053302007893768
2020-07-02T00:00:00,AAPL,363.76,-0.00071424646997415235,0.023674536760977038
2020-07-06T00:00:00,AAPL,373.91,0.027903012975588396,0.023663578478135043
2020-07-07T00:00:00,AAPL,372.47,-0.0038511941376266953,0.023328398915091971
2020-07-08T00:00:00,AAPL,381.26,0.023599216044245076,0.023188580771264015
2020-07-09T00:00:00,AAPL,383.16,0.00498347584325666,0.022805434475632592
2020-07-10T00:00:00,AAPL,383.34,0.00046977763858427281,0.022446262651095186
2020-07-13T00:00:00,AAPL,382.25,-0.0028434288099336751,0.022123419857671699
2020-07-14T00:00:00,AAPL,388.63,0.016690647482014376,0.021858471081577732
2020-07-15T00:00:00,AAPL,391.15,0.0064843167022617448,0.021498030826637714
2020-07-16T00:00:00,AAPL,385.82,-0.013626486002812181,0.021417999592176457
2020-07-17T00:00:00,AAPL,385.64,-0.00046653880047692401,0.021085266744852511
2020-07-20T00:00:00,AAPL,393.63,0.020718805103205087,0.020936847741844695
2020-07-21T00:00:00,AAPL,388.1,-0.014048725960927705,0.020877852576116501
2020-07-22T00:00:00,AAPL,389.31,0.0031177531564029362,0.020534317565343303
2020-07-23T00:00:00,AAPL,371.56,-0.045593485910970691,0.022107044794176935
2020-07-24T00:00:00,AAPL,370.63,-0.0025029604909032372,0.021762826922437781
2020-07-27T00:00:00,AAPL,379.44,0.023770336993767377,0.021735888354349541
2020-07-28T00:00:00,AAPL,373.31,-0.016155386885937158,0.021662052049246858
2020-07-29T00:00:00,AAPL,380.08,0.018135062012804324,0.021483011328502381
2020-07-30T00:00:00,AAPL,384.58,0.01183961271311303,0.02118441562609483
2020-07-31T00:00:00,AAPL,425.43,0.10621977221904422,0.027825709179556339
2020-08-03T00:00:00,AAPL,435.58,0.023858214042263067,0.027535113773907494
2020-08-04T00:00:00,AAPL,438.25,0.0061297580237844162,0.027080970696837906
2020-08-05T00:00:00,AAPL,440.27,0.0046092413006274544,0.026638008485659694
2020-08-06T00:00:00,AAPL,455.25,0.034024575828468934,0.02663362033957439
2020-08-07T00:00:00,AAPL,444.23,-0.024206479956068054,0.026831174266910122
2020-08-10T00:00:00,AAPL,451.01,0.015262364090673688,0.02642818247711571
2020-08-11T00:00:00,AAPL,437.43,-0.030110197113146015,0.026849236932643988
2020-08-12T00:00:00,AAPL,451.67,0.032553780033376792,0.026827668653908947
2020-08-13T00:00:00,AAPL,459.71,0.017800606637589308,0.026455156405782713
2020-08-14T00:00:00,AAPL,459.23,-0.0010441365208500172,0.026061713941149027
2020-08-17T00:00:00,AAPL,458.53,-0.0015242906604534666,0.025677620988219591
2020-08-18T00:00:00,AAPL,462.17,0.0079384118814473277,0.025253976124047992
2020-08-19T00:00:00,AAPL,463,0.0017958759763722961,0.024853107959991769
2020-08-20T00:00:00,AAPL,473.32,0.022289416846652255,0.02460240198829744
2020-08-21T00:00:00,AAPL,498.23,0.052628243049100028,0.025534241913086179
2020-08-24T00:00:00,AAPL,502.69,0.0089516889789855673,0.025112204602224741
2020-08-25T00:00:00,AAPL,499.59,-0.0061668224949770686,0.024840881210358656
2020-08-26T00:00:00,AAPL,506.1,0.013030685161832799,0.024445610037533889
2020-08-27T00:00:00,AAPL,500.36,-0.011341632088520072,0.024300608720198992
2020-08-28T00:00:00,AAPL,499.35,-0.0020185466464145633,0.023962813258377298
2020-08-31T00:00:00,AAPL,129.35,-0.74096325222789627,0.13644262774874941
2020-09-01T00:00:00,AAPL,134.45,0.039427908774642403,0.13457114547472132
2020-09-02T00:00:00,AAPL,131.5,-0.021941242097433908,0.13235207891603576
2020-09-03T00:00:00,AAPL,120.91,-0.080532319391635007,0.13068714974600687
2020-09-04T00:00:00,AAPL,120.91,0,0.12856588169378089
2020-09-08T00:00:00,AAPL,112.7,-0.067901745099660848,0.12676996959650835
2020-09-09T00:00:00,AAPL,117.24,0.04028393966282158,0.12512393789220719
2020-09-10T00:00:00,AAPL,113.6,-0.03104742408734221,0.12308227652534776
2020-09-11T00:00:00,AAPL,112.17,-0.012588028169014021,0.12105061913098686
2020-09-14T00:00:00,AAPL,115.5,0.029687082107515361,0.11934578701960626
2020-09-15T00:00:00,AAPL,115.59,0.00077922077922080871,0.11740969689447896
2020-09-16T00:00:00,AAPL,112.14,-0.029846872566831065,0.11549955513110555
2020-09-17T00:00:00,AAPL,110.37,-0.01578384162653822,0.11359035017743763
2020-09-18T00:00:00,AAPL,106.85,-0.031892724472229864,0.11175135294701412
2020-09-21T00:00:00,AAPL,110.09,0.030322882545624794,0.11021931827589362
2020-09-22T00:00:00,AAPL,111.82,0.015714415478244977,0.10853347541794064
2020-09-23T00:00:00,AAPL,107.11,-0.042121266320872777,0.10686265990174501
2020-09-24T00:00:00,AAPL,108.13,0.0095229203622443845,0.10518461932676947
2020-09-25T00:00:00,AAPL,112.3,0.038564690650143361,0.10387081501482855
2020-09-28T00:00:00,AAPL,114.94,0.023508459483526273,0.10235249152736788
2020-09-29T00:00:00,AAPL,114.13,-0.0070471550374108429,0.10066288074189234
2020-09-30T00:00:00,AAPL,115.72,0.013931481643739625,0.099097672120255095
2020-10-01T00:00:00,AAPL,116.86,0.0098513653646733548,0.097524043409552341
2020-10-02T00:00:00,AAPL,113.03,-0.032774259798048933,0.096005008229583771
2020-10-05T00:00:00,AAPL,116.51,0.030788286295673751,0.094701943018118559
2020-10-06T00:00:00,AAPL,113.24,-0.028066260406832119,0.093201577836942287
2020-10-07T00:00:00,AAPL,115.05,0.015983751324620297,0.091773452137586406
2020-10-08T00:00:00,AAPL,114.91,-0.0012168622338113912,0.09026586388197709
2020-10-09T00:00:00,AAPL,116.98,0.018014097989731158,0.088898922947214326
2020-10-12T00:00:00,AAPL,124.39,0.063344161395110246,0.08834721587777164
2020-10-13T00:00:00,AAPL,121.06,-0.026770640726746509,0.086974219757743054
2020-10-14T00:00:00,AAPL,121.18,0.0009912440112341363,0.085545165082841171
2020-10-15T00:00:00,AAPL,120.64,-0.0044561808879353543,0.084131329404845204
2020-10-16T00:00:00,AAPL,119.04,-0.013262599469495973,0.082752318367700514
2020-10-19T00:00:00,AAPL,116.05,-0.025117607526881795,0.081458527983131607
2020-10-20T00:00:00,AAPL,117.59,0.01327014218009484,0.080189908299355614
2020-10-21T00:00:00,AAPL,116.85,-0.0062930521302832646,0.078864421653766753
2020-10-22T00:00:00,AAPL,115.79,-0.0090714591356438855,0.077563040901330482
2020-10-23T00:00:00,AAPL,115.01,-0.0067363330166681154,0.076281071253572294
2020-10-26T00:00:00,AAPL,115.11,0.00086948960959911585,0.075030033348672559
2020-10-27T00:00:00,AAPL,116.67,0.013552254365389647,0.073870671012532738
2020-10-28T00:00:00,AAPL,111.17,-0.047141510242564501,0.073041539416310905
2020-10-29T00:00:00,AAPL,115.25,0.036700548709184114,0.072250740968629656
2020-10-30T00:00:00,AAPL,109.14,-0.053015184381778734,0.071577111975250671
2020-11-02T00:00:00,AAPL,108.48,-0.0060472787245739101,0.070394007763735861
2020-11-03T00:00:00,AAPL,110.54,0.01898967551622421,0.069382529096787396
2020-11-04T00:00:00,AAPL,114.82,0.03871901574090815,0.068701210097278462
2020-11-05T00:00:00,AAPL,119.13,0.037537014457411623,0.067981733608602893
2020-11-06T00:00:00,AAPL,118.53,-0.005036514731805543,0.066859077038557022
2020-11-09T00:00:00,AAPL,116.18,-0.019826204336454857,0.06582341495423423
2020-11-10T00:00:00,AAPL,116.05,-0.0011189533482527944,0.064736805363900599
2020-11-11T00:00:00,AAPL,119.51,0.029814735028005239,0.063946458934899489
2020-11-12T00:00:00,AAPL,119.19,-0.0026776002008200767,0.062889444718289278
2020-11-13T00:00:00,AAPL,119.29,0.00083899656011417504,0.061852573637027557
2020-11-16T00:00:00,AAPL,120.21,0.0077122977617569578,0.060856560469099867
2020-11-17T00:00:00,AAPL,119.38,-0.0069045836452873996,0.059857227582394854
2020-11-18T00:00:00,AAPL,118.06,-0.011057128497235662,0.058889724502998154
2020-11-19T00:00:00,AAPL,118.75,0.0058444858546501588,0.057935194040334363
2020-11-20T00:00:00,AAPL,117.35,-0.011789473684210574,0.057003923462482314
2020-11-23T00:00:00,AAPL,113.96,-0.028887942053685563,0.056262381699915091
2020-11-24T00:00:00,AAPL,115.1,0.010003510003510008,0.055384014924839742
2020-11-25T00:00:00,AAPL,115.98,0.0076455256298871392,0.054501279481392988
2020-11-27T00:00:00,AAPL,116.58,0.0051733057423693244,0.053618225938161374
2020-11-30T00:00:00,AAPL,119.49,0.024961399897066364,0.052958332366420197
2020-12-01T00:00:00,AAPL,122.63,0.026278349652690606,0.052319328102319054
2020-12-02T00:00:00,AAPL,123.01,0.003098752344450866,0.051458497059806603
2020-12-03T00:00:00,AAPL,122.75,-0.0021136492968051794,0.050608862926138788
2020-12-04T00:00:00,AAPL,122.09,-0.0053767820773930478,0.049780257633095994
2020-12-07T00:00:00,AAPL,123.76,0.01367843394217382,0.049024315677117632
2020-12-08T00:00:00,AAPL,124.4,0.0051712992889463519,0.048223282059677616
2020-12-09T00:00:00,AAPL,121.84,-0.020578778135048249,0.047570742181427254
2020-12-10T00:00:00,AAPL,123.36,0.012475377544320387,0.046843439030669246
2020-12-11T00:00:00,AAPL,122.32,-0.0084306095979248246,0.046092887271349331
2020-12-14T00:00:00,AAPL,121.71,-0.0049869195552648743,0.045338263223979963
2020-12-15T00:00:00,AAPL,127.83,0.050283460685235433,0.045515743506178333
2020-12-16T00:00:00,AAPL,127.71,-0.00093874677305800321,0.044764806874192827
2020-12-17T00:00:00,AAPL,128.66,0.0074387283689609498,0.044040041665966499
2020-12-18T00:00:00,AAPL,126.89,-0.013757189491683476,0.043395346919037507
2020-12-21T00:00:00,AAPL,128.28,0.010954369926708177,0.042717600038197967
2020-12-22T00:00:00,AAPL,131.77,0.027206111630807678,0.042273197415972949
2020-12-23T00:00:00,AAPL,130.98,-0.0059952948319042304,0.041598649214743259
2020-12-24T00:00:00,AAPL,131.95,0.0074057107955412963,0.040924072822969212
2020-12-28T00:00:00,AAPL,136.69,0.035922697991663581,0.040710344611367577
2020-12-29T00:00:00,AAPL,134.82,-0.013680591118589543,0.040148725937282616
2020-12-30T00:00:00,AAPL,133.8,-0.007565643079661637,0.03952569401105431
2020-12-31T00:00:00,AAPL,132.93,-0.0065022421524664016,0.038902902991736585
2021-01-04T00:00:00,AAPL,129.48,-0.025953509365831767,0.038583160123596548
2021-01-05T00:00:00,AAPL,131.03,0.011970960766141578,0.037997494843120587
2021-01-06T00:00:00,AAPL,126.5,-0.034572235365946738,0.037919239747974766
2021-01-07T00:00:00,AAPL,130.83,0.03422924901185781,0.037793268242931818
2021-01-08T00:00:00,AAPL,132.15,0.010089429030038928,0.037202802701361254
2021-01-11T00:00:00,AAPL,128.99,-0.023912220961029108,0.036871171021088452
2021-01-12T00:00:00,AAPL,129.03,0.00031010155826026854,0.03626174243155357
2021-01-13T00:00:00,AAPL,131,0.015267767185925745,0.035758845821638539
2021-01-14T00:00:00,AAPL,129.18,-0.013893129770992314,0.035271042514726798
2021-01-15T00:00:00,AAPL,127.24,-0.015017804613717385,0.034801712764460743
2021-01-19T00:00:00,AAPL,127.82,0.0045583149952844884,0.03423571087397545
2021-01-20T00:00:00,AAPL,132.2,0.034266937881395676,0.034218928184527035
2021-01-21T00:00:00,AAPL,136.85,0.035173978819969788,0.034196048779822741
2021-01-22T00:00:00,AAPL,139.11,0.016514431859700543,0.033724960859791514
2021-01-25T00:00:00,AAPL,142.97,0.027747825461864602,0.033465116138807018
2021-01-26T00:00:00,AAPL,143.26,0.0020283975659228654,0.032913409040073491
2021-01-27T00:00:00,AAPL,142.13,-0.00788775652659497,0.032436234669393015
2021-01-28T00:00:00,AAPL,136.88,-0.036938014493773305,0.032709255194897945
2021-01-29T00:00:00,AAPL,131.81,-0.037039742840444138,0.032923882639034258
2021-02-01T00:00:00,AAPL,134.08,0.017221758591912679,0.032514885047630386
2021-02-02T00:00:00,AAPL,134.97,0.006637828162291067,0.031991958523483646
2021-02-03T00:00:00,AAPL,133.99,-0.0072608727865450823,0.031501924672434851
2021-02-04T00:00:00,AAPL,137.35,0.025076498246137658,0.031277560558716902
2021-02-05T00:00:00,AAPL,136.81,-0.0039315617036766804,0.030778614577608748
2021-02-08T00:00:00,AAPL,136.9,0.00065784664863682049,0.030270475945273403
2021-02-09T00:00:00,AAPL,135.98,-0.0067202337472608903,0.02980859839355102
2021-02-10T00:00:00,AAPL,135.19,-0.0058096778938078551,0.029344726006999847
2021-02-11T00:00:00,AAPL,135.19,0,0.028860458787562143
2021-02-12T00:00:00,AAPL,135.43,0.0017752792366299956,0.028383608953727758
2021-02-16T00:00:00,AAPL,133.17,-0.016687587683674364,0.028098229293923745
2021-02-17T00:00:00,AAPL,130.87,-0.0172711571675301,0.027819374912961027
2021-02-18T00:00:00,AAPL,129.55,-0.010086345228088892,0.027419508608126232
2021-02-19T00:00:00,AAPL,129.86,0.0023928984947896737,0.026970671999592095
2021-02-22T00:00:00,AAPL,126,-0.029724318496842855,0.027048372575418415
2021-02-23T00:00:00,AAPL,125.81,-0.0015079365079364898,0.026601318469846518
2021-02-24T00:00:00,AAPL,125.45,-0.0028614577537556586,0.026163276371057628
2021-02-25T00:00:00,AAPL,121.03,-0.035233160621761669,0.026443990714136896
2021-02-26T00:00:00,AAPL,121.68,0.0053705692803437633,0.026044074870467365
2021-03-01T00:00:00,AAPL,127.89,0.05103550295857983,0.027334796112648316
2021-03-02T00:00:00,AAPL,125.04,-0.022284775979357217,0.027169186262813526
2021-03-03T00:00:00,AAPL,121.99,-0.024392194497760807,0.02704550160311919
2021-03-04T00:00:00,AAPL,119.89,-0.017214525780801661,0.026740918049637345
2021-03-05T00:00:00,AAPL,121.38,0.012428059054132912,0.026432753749872039
2021-03-08T00:00:00,AAPL,116.35,-0.041440105453946295,0.026949003541714978
2021-03-09T00:00:00,AAPL,121.11,0.040911044262999616,0.027660927956552575
2021-03-10T00:00:00,AAPL,119.93,-0.0097432086532903365,0.027241696057177293
2021-03-11T00:00:00,AAPL,121.89,0.016342866672225412,0.026993037829458184
2021-03-12T00:00:00,AAPL,120.95,-0.0077118713594224115,0.026571071717248661
2021-03-15T00:00:00,AAPL,123.85,0.023976849937990836,0.026532488078644886
2021-03-16T00:00:00,AAPL,125.68,0.014775938635446205,0.026242687768446234
2021-03-17T00:00:00,AAPL,124.67,-0.0080362826225334593,0.025846710776617984
2021-03-18T00:00:00,AAPL,120.58,-0.032806609448945243,0.026072789790874212
2021-03-19T00:00:00,AAPL,119.96,-0.0051418145629458,0.025649837237602294
2021-03-22T00:00:00,AAPL,123.42,0.028842947649216473,0.025814680639998141
2021-03-23T00:00:00,AAPL,122.42,-0.0081024145195268196,0.02542289275299784
2021-03-24T00:00:00,AAPL,120.21,-0.018052605783368796,0.025191084796692617
2021-03-25T00:00:00,AAPL,120.55,0.002828383661924993,0.024786801014539925
2021-03-26T00:00:00,AAPL,121.34,0.0065532973869764106,0.024418324563724923
2021-03-29T00:00:00,AAPL,121.06,-0.0023075655183781205,0.024015686727026236
2021-03-30T00:00:00,AAPL,119.7,-0.011234098793986447,0.023688330538200086
2021-03-31T00:00:00,AAPL,122.15,0.020467836257309965,0.02362720087266483
2021-04-01T00:00:00,AAPL,122.92,0.0063037249283667291,0.023271049266058004
2021-04-05T00:00:00,AAPL,125.96,0.024731532704197787,0.023330936889378619
2021-04-06T00:00:00,AAPL,126.15,0.001508415369958812,0.022946270658388428
2021-04-07T00:00:00,AAPL,127.88,0.013713832738802931,0.022694081872615245
2021-04-08T00:00:00,AAPL,130.32,0.019080387863622129,0.02255921312822089
2021-04-09T00:00:00,AAPL,132.92,0.019950890116635929,0.022435171259008558
2021-04-12T00:00:00,AAPL,131.27,-0.012413481793559866,0.022215683508158023
2021-04-13T00:00:00,AAPL,134.41,0.023920164546354736,0.022215352075651968
2021-04-14T00:00:00,AAPL,131.98,-0.018079011978275477,0.022151464566682783
2021-04-15T00:00:00,AAPL,134.44,0.018639187755720626,0.021999209425491918
2021-04-16T00:00:00,AAPL,134.03,-0.0030496875929782548,0.021655749517614242
2021-04-19T00:00:00,AAPL,134.82,0.0058942027904199954,0.021309342675320343
2021-04-20T00:00:00,AAPL,133.02,-0.013351134846461823,0.021140309321703105
2021-04-21T00:00:00,AAPL,133.48,0.0034581265975039805,0.020793517288358345
2021-04-22T00:00:00,AAPL,131.96,-0.011387473778843136,0.020583742302167696
2021-04-23T00:00:00,AAPL,134.3,0.017732646256441369,0.020459027646472863
2021-04-26T00:00:00,AAPL,134.61,0.0023082650781831885,0.020121062219076696
2021-04-27T00:00:00,AAPL,134.44,-0.0012629076591636275,0.01979608955225402
2021-04-28T00:00:00,AAPL,133.55,-0.0066200535554893367,0.019526066558735084
2021-04-29T00:00:00,AAPL,133.36,-0.0014226881317858308,0.019210104257812766
2021-04-30T00:00:00,AAPL,131.39,-0.014772045590882027,0.01911259612259484
2021-05-03T00:00:00,AAPL,132.47,0.0082198036380242995,0.018843793845204945
2021-05-04T00:00:00,AAPL,127.91,-0.034422888201102154,0.019596373024512198
2021-05-05T00:00:00,AAPL,128,0.00070361973262452826,0.019273006778932646
2021-05-06T00:00:00,AAPL,129.64,0.012812499999999893,0.019095515428187281
2021-05-07T00:00:00,AAPL,130.27,0.0048596112311016966,0.018797448861891317
2021-05-10T00:00:00,AAPL,126.86,-0.026176402855607666,0.019096518770850751
2021-05-11T00:00:00,AAPL,125.95,-0.0071732618634715167,0.018820287436698314
2021-05-12T00:00:00,AAPL,122.78,-0.025168717745136973,0.019027166347082927
2021-05-13T00:00:00,AAPL,124.99,0.017999674214041323,0.019034833688475597
2021-05-14T00:00:00,AAPL,127.48,0.019921593727498275,0.019085863955441564
2021-05-17T00:00:00,AAPL,126.2,-0.010040790712268599,0.018855000666710947
2021-05-18T00:00:00,AAPL,124.79,-0.011172741679873191,0.018643409205238035
2021-05-19T00:00:00,AAPL,124.76,-0.00024040387851591581,0.018335490670604207
2021-05-20T00:00:00,AAPL,127.2,0.019557550496954134,0.018397992553547175
2021-05-21T00:00:00,AAPL,125.3,-0.014937106918239037,0.018289049073044787
2021-05-24T00:00:00,AAPL,127.08,0.014205905826017566,0.018181788162207852
2021-05-25T00:00:00,AAPL,126.93,-0.0011803588290839745,0.017882294940600976
2021-05-26T00:00:00,AAPL,126.81,-0.00094540297801941656,0.017587301283915082
2021-05-27T00:00:00,AAPL,125.49,-0.010409273716583924,0.0173942029715142
2021-05-28T00:00:00,AAPL,124.59,-0.0071718862060721296,0.017148611240910435
2021-06-01T00:00:00,AAPL,124.23,-0.0028894774861545824,0.016869657158581321
2021-06-02T00:00:00,AAPL,125.08,0.0068421476293970404,0.016647285490227478
2021-06-03T00:00:00,AAPL,123.56,-0.012152222577550336,0.016504429471598397
2021-06-04T00:00:00,AAPL,125.86,0.018614438329556466,0.016606306861174341
2021-06-07T00:00:00,AAPL,125.96,0.00079453360877160587,0.01633293934566064
2021-06-08T00:00:00,AAPL,126.73,0.006113051762464356,0.016103456909867191
2021-06-09T00:00:00,AAPL,127.19,0.0036297640653357036,0.015850930278051324
2021-06-10T00:00:00,AAPL,125.97,-0.0095919490525984662,0.01568548906729687
2021-06-11T00:00:00,AAPL,127.24,0.010081765499722124,0.015536991849608319
2021-06-14T00:00:00,AAPL,130.44,0.025149324111914517,0.015928226936149814
2021-06-15T00:00:00,AAPL,129.57,-0.0066697332106716084,0.015724233186669614
2021-06-16T00:00:00,AAPL,130.12,0.0042448097553446891,0.015477566764816394
2021-06-17T00:00:00,AAPL,131.77,0.012680602520750119,0.015370630677526791
2021-06-18T00:00:00,AAPL,130.32,-0.011004022159824064,0.01527421403166793
2021-06-21T00:00:00,AAPL,132.26,0.01488643339472067,0.015233672647283042
2021-06-22T00:00:00,AAPL,133.92,0.0125510358384999,0.01511874350251937
2021-06-23T00:00:00,AAPL,133.7,-0.0016427718040621182,0.014880358556789748
2021-06-24T00:00:00,AAPL,133.38,-0.0023934181002243323,0.014651176424440734
2021-06-25T00:00:00,AAPL,133.19,-0.0014245014245014074,0.014417812075060552
2021-06-28T00:00:00,AAPL,134.76,0.011787671747128112,0.014304222708021291
2021-06-29T00:00:00,AAPL,136.34,0.011724547343425443,0.014183965156268337
2021-06-30T00:00:00,AAPL,136.95,0.0044741088455331176,0.013956771271707663
2021-07-01T00:00:00,AAPL,137.28,0.0024096385542169592,0.013726218149749187
2021-07-02T00:00:00,AAPL,139.88,0.018939393939393898,0.013835448620676443
2021-07-05T00:00:00,AAPL,139.87,-7.1489848441456285e-05,0.013615289993503242
2021-07-06T00:00:00,AAPL,142.02,0.015371416315149822,0.013587485031842405
2021-07-07T00:00:00,AAPL,144.65,0.018518518518518486,0.013652338021006544
2021-07-08T00:00:00,AAPL,143.05,-0.011061182163843721,0.013677469266672453
2021-07-09T00:00:00,AAPL,145.04,0.013911219853198046,0.01359382769546514
2021-07-12T00:00:00,AAPL,144.53,-0.0035162713734141681,0.013425694961408653
2021-07-13T00:00:00,AAPL,145.55,0.0070573583339099853,0.013222734334433698
2021-07-14T00:00:00,AAPL,148.96,0.023428375128821684,0.013499874146661005
2021-07-15T00:00:00,AAPL,148.47,-0.0032894736842105873,0.013339453438430201
2021-07-16T00:00:00,AAPL,146.36,-0.014211625244156969,0.013506251311522711
2021-07-19T00:00:00,AAPL,142.4,-0.027056572834107732,0.014343451810354145
2021-07-20T00:00:00,AAPL,146.17,0.026474719101123468,0.014770117173686693
2021-07-21T00:00:00,AAPL,145.34,-0.0056783197646574817,0.014607328202701662
2021-07-22T00:00:00,AAPL,146.74,0.00963258566120824,0.014421056404144731
2021-07-23T00:00:00,AAPL,148.59,0.01260733269728768,0.014290640680393173
2021-07-26T00:00:00,AAPL,148.95,0.002422774076317284,0.014055045912248258
2021-07-27T00:00:00,AAPL,146.77,-0.014635783820073706,0.014186517896211346
2021-07-28T00:00:00,AAPL,145.04,-0.011787149962526526,0.014187815526399108
2021-07-29T00:00:00,AAPL,145.61,0.0039299503585219359,0.013957215968919565
2021-07-30T00:00:00,AAPL,145.89,0.0019229448526885014,0.013726561312692578
2021-08-02T00:00:00,AAPL,145.48,-0.0028103365549386294,0.013528896698608286
2021-08-03T00:00:00,AAPL,147.25,0.012166620841352834,0.013430492866470387
2021-08-04T00:00:00,AAPL,147.02,-0.0015619694397282836,0.013226789762937742
2021-08-05T00:00:00,AAPL,147.05,0.00020405387022174625,0.013013011104279994
2021-08-06T00:00:00,AAPL,146.06,-0.0067324039442367154,0.01289625389941082
2021-08-09T00:00:00,AAPL,146.12,0.0004107900862659337,0.012685636113150054
2021-08-10T00:00:00,AAPL,145.58,-0.0036955926635641391,0.012514672652197006
2021-08-11T00:00:00,AAPL,145.84,0.0017859596098364534,0.012307848059338544
2021-08-12T00:00:00,AAPL,148.97,0.021461876028524379,0.012618512604024639
2021-08-13T00:00:00,AAPL,149.05,0.00053702087668666514,0.01241378501247002
2021-08-16T00:00:00,AAPL,151.09,0.013686682321368614,0.012381516718401578
2021-08-17T00:00:00,AAPL,150.19,-0.0059567145410020896,0.012272975143493925
2021-08-18T00:00:00,AAPL,146.21,-0.026499766961848258,0.013131499683773815
2021-08-19T00:00:00,AAPL,146.68,0.0032145544080432174,0.012918747486288381
2021-08-20T00:00:00,AAPL,148.22,0.010499045541314372,0.012809457642280028
2021-08-23T00:00:00,AAPL,149.62,0.0094454189717987167,0.01267398228990623
2021-08-24T00:00:00,AAPL,149.62,0,0.012469490604749788
2021-08-25T00:00:00,AAPL,148.35,-0.0084881700307446201,0.012404547809086865
2021-08-26T00:00:00,AAPL,147.55,-0.0053926525109537103,0.01226327899077575
2021-08-27T00:00:00,AAPL,148.6,0.0071162317858351936,0.012105171384737006
2021-08-30T00:00:00,AAPL,153.11,0.030349932705249123,0.012981799948105815
2021-08-31T00:00:00,AAPL,151.71,-0.0091437528574228044,0.012936423382064157
2021-09-01T00:00:00,AAPL,152.5,0.0052073034078174941,0.012734903622338475
2021-09-02T00:00:00,AAPL,153.64,0.0074754098360654839,0.012560295985913602
2021-09-03T00:00:00,AAPL,154.24,0.0039052330122365453,0.012355772865607609
2021-09-07T00:00:00,AAPL,156.69,0.015884336099584988,0.01238994318321731
2021-09-08T00:00:00,AAPL,155.08,-0.010275065415789044,0.012411224230266213
2021-09-09T00:00:00,AAPL,154.06,-0.0065772504513799982,0.012312678370190195
2021-09-10T00:00:00,AAPL,148.93,-0.033298714786446811,0.013678898541759703
2021-09-13T00:00:00,AAPL,149.57,0.0042973208890081669,0.013466056422500122
2021-09-14T00:00:00,AAPL,148.23,-0.0089590158454235704,0.01336556203316344
2021-09-15T00:00:00,AAPL,148.98,0.005059704513256426,0.013167402792993346
2021-09-16T00:00:00,AAPL,148.79,-0.0012753389716740351,0.01295558396607906
2021-09-17T00:00:00,AAPL,146.11,-0.018011963169567703,0.013182574538838667
2021-09-20T00:00:00,AAPL,143.07,-0.020806241872561908,0.013502432776013448
2021-09-21T00:00:00,AAPL,143.5,0.0030055217725589349,0.013294038222516125
2021-09-22T00:00:00,AAPL,145.79,0.01595818815331005,0.013399156952066988
2021-09-23T00:00:00,AAPL,146.92,0.0077508745455792272,0.013247930432928632
2021-09-24T00:00:00,AAPL,146.98,0.00040838551592705063,0.013028941308538933
2021-09-27T00:00:00,AAPL,145.37,-0.010953871275003302,0.012975112599220505
2021-09-28T00:00:00,AAPL,141.99,-0.023251014652266599,0.013428583033185403
2021-09-29T00:00:00,AAPL,142.81,0.0057750545813084943,0.013258085251257462
2021-09-30T00:00:00,AAPL,141.46,-0.0094531195294446767,0.01313743300787487
2021-10-01T00:00:00,AAPL,142.32,0.0060794570903434549,0.012979278429330726
2021-10-04T00:00:00,AAPL,139.19,-0.021992692523889794,0.013331406422022419
2021-10-05T00:00:00,AAPL,140.94,0.012572742294705079,0.013344989484966258
2021-10-06T00:00:00,AAPL,142.13,0.0084433092095927177,0.013229552768284622
2021-10-07T00:00:00,AAPL,143.1,0.0068247379159923939,0.013077602466607403
2021-10-08T00:00:00,AAPL,142.87,-0.0016072676450034225,0.012863631044458678
2021-10-11T00:00:00,AAPL,142.78,-0.00062994330510256463,0.01265111266417286
2021-10-12T00:00:00,AAPL,141.23,-0.010855862165569488,0.012584614087580026
2021-10-13T00:00:00,AAPL,140.9,-0.0023366140338453877,0.01238016346713244
2021-10-14T00:00:00,AAPL,143.74,0.020156139105748781,0.012740391569760881
2021-10-15T00:00:00,AAPL,144.82,0.0075135661611241411,0.012603190573074631
2021-10-18T00:00:00,AAPL,146.7,0.012981632371219414,0.012605652532092977
2021-10-19T00:00:00,AAPL,148.71,0.013701431492842668,0.012617976386848152
2021-10-20T00:00:00,AAPL,149.27,0.0037657185125412026,0.012419004911193625
2021-10-21T00:00:00,AAPL,149.59,0.002143766329470042,0.01221505971197874
2021-10-22T00:00:00,AAPL,148.65,-0.0062838425028410834,0.012087462836349851
2021-10-25T00:00:00,AAPL,148.57,-0.00053817692566439628,0.011890557215932587
2021-10-26T00:00:00,AAPL,149.3,0.0049135087837384279,0.011716457701185328
2021-10-27T00:00:00,AAPL,148.94,-0.0024112525117214578,0.011539139865450744
2021-10-28T00:00:00,AAPL,152.54,0.024170807036390456,0.012093603230363438
2021-10-29T00:00:00,AAPL,149.76,-0.018224727940212411,0.01241817557604113
2021-11-01T00:00:00,AAPL,148.9,-0.0057425213675212691,0.012272915869446826
2021-11-02T00:00:00,AAPL,149.94,0.0069845533915378916,0.012121257121188963
2021-11-03T00:00:00,AAPL,151.46,0.010137388288648861,0.012033550327105829
2021-11-04T00:00:00,AAPL,150.92,-0.003565297768387828,0.011866705317144784
2021-11-05T00:00:00,AAPL,151.23,0.0020540683805990081,0.011671726649473213
2021-11-08T00:00:00,AAPL,150.41,-0.0054222045890365217,0.011539505133214596
2021-11-09T00:00:00,AAPL,150.81,0.0026593976464331206,0.011352932406542376
2021-11-10T00:00:00,AAPL,148,-0.018632716663351253,0.011708751837320184
2021-11-11T00:00:00,AAPL,147.84,-0.0010810810810810581,0.011518102309992093
2021-11-12T00:00:00,AAPL,149.99,0.014542748917748956,0.011612475788712821
2021-11-15T00:00:00,AAPL,149.98,-6.6671111407556018e-05,0.011421525295571087
2021-11-16T00:00:00,AAPL,150.96,0.0065342045606082031,0.011280666356251044
2021-11-17T00:00:00,AAPL,153.42,0.016295707472177925,0.011431827615668884
2021-11-18T00:00:00,AAPL,157.8,0.028549080954243411,0.012251446633424388
2021-11-19T00:00:00,AAPL,160.65,0.018060836501901104,0.012375621766350552
2021-11-22T00:00:00,AAPL,161.05,0.0024898848428260545,0.01217122072289907
2021-11-23T00:00:00,AAPL,161.61,0.0034771809996895515,0.011970584998847011
2021-11-24T00:00:00,AAPL,162,0.0024132170038981891,0.011772979184197988
2021-11-26T00:00:00,AAPL,156.72,-0.032592592592592597,0.013211756946490572
2021-11-29T00:00:00,AAPL,160.35,0.023162327718223553,0.013553985973048027
2021-11-30T00:00:00,AAPL,165.44,0.031743062051761792,0.014334725984213516
2021-12-01T00:00:00,AAPL,164.61,-0.005016924564796809,0.014177555362844922
2021-12-02T00:00:00,AAPL,163.76,-0.0051637203086083629,0.014021429862645972
2021-12-03T00:00:00,AAPL,162.07,-0.010319980459208584,0.013989564986555835
2021-12-06T00:00:00,AAPL,165.15,0.019004134016165932,0.014078780396704208
2021-12-07T00:00:00,AAPL,171.16,0.036391159551922438,0.015094638388006279
2021-12-08T00:00:00,AAPL,175.27,0.024012619770974606,0.015273318654693587
2021-12-09T00:00:00,AAPL,174.33,-0.005363153990985324,0.015128541312633021
2021-12-10T00:00:00,AAPL,179.58,0.030115298571674408,0.015581759155264748
2021-12-13T00:00:00,AAPL,175.6,-0.022162824367969809,0.016092030510766193
2021-12-14T00:00:00,AAPL,174.44,-0.0066059225512528283,0.015946532905509653
2021-12-15T00:00:00,AAPL,179.33,0.028032561339142482,0.016269136900344556
2021-12-16T00:00:00,AAPL,172.26,-0.039424524619416833,0.017856673786829012
2021-12-17T00:00:00,AAPL,170.9,-0.0078950423778009135,0.017675703144600617
2021-12-20T00:00:00,AAPL,169.78,-0.0065535400819192778,0.017466385786217072
2021-12-21T00:00:00,AAPL,173.16,0.019908116385911154,0.017456639189249779
2021-12-22T00:00:00,AAPL,175.67,0.014495264495264443,0.017288199834382997
2021-12-23T00:00:00,AAPL,176.17,0.0028462458017874427,0.017002878560100642
2021-12-27T00:00:00,AAPL,180.34,0.023670318442413671,0.017109055306806956
2021-12-28T00:00:00,AAPL,179.19,-0.0063768437396030039,0.016932626916912604
2021-12-29T00:00:00,AAPL,179.38,0.0010603270271778433,0.016660156314996667
2021-12-30T00:00:00,AAPL,178.38,-0.0055747574980488353,0.016469916326664672
2021-12-31T00:00:00,AAPL,177.58,-0.0044848077138691725,0.016259971527915737
2022-01-03T00:00:00,AAPL,181.93,0.024496001802004695,0.016443215234967411
2022-01-04T00:00:00,AAPL,179.72,-0.012147529269499302,0.016425341778992585
2022-01-05T00:00:00,AAPL,175,-0.026263075895837963,0.017006562512589696
2022-01-06T00:00:00,AAPL,172.06,-0.016799999999999989,0.017076319258323706
2022-01-07T00:00:00,AAPL,171.92,-0.00081366965012213629,0.01680034834266976
2022-01-10T00:00:00,AAPL,172.39,0.0027338296882270761,0.016523753468241396
2022-01-11T00:00:00,AAPL,175.07,0.015546145368060833,0.016439757296708876
2022-01-12T00:00:00,AAPL,175.17,0.0005712000913919822,0.016170503871487978
2022-01-13T00:00:00,AAPL,172.01,-0.018039618656162566,0.016309338592958956
2022-01-14T00:00:00,AAPL,173.23,0.0070926108947154173,0.016071818968217074
2022-01-18T00:00:00,AAPL,169.85,-0.019511631934422419,0.016255588977593733
2022-01-19T00:00:00,AAPL,166.02,-0.02254930821312914,0.016533726451297578
2022-01-20T00:00:00,AAPL,164.71,-0.0078906155884833282,0.016324624621779957
2022-01-21T00:00:00,AAPL,162.37,-0.01420678768745069,0.016253402837176835
2022-01-24T00:00:00,AAPL,162,-0.0022787460737821305,0.015987702328340729
2022-01-25T00:00:00,AAPL,159.49,-0.015493827160493771,0.015948710075589453
2022-01-26T00:00:00,AAPL,159.79,0.0018809956737098434,0.0156942522123865
2022-01-27T00:00:00,AAPL,159.12,-0.0041930033168532917,0.015445412714648924
2022-01-28T00:00:00,AAPL,170.21,0.069695827048768241,0.019809990911252674
2022-01-31T00:00:00,AAPL,174.81,0.027025439163386369,0.020026585185312879
2022-02-01T00:00:00,AAPL,174.53,-0.0016017390309478927,0.019706487050908765
2022-02-02T00:00:00,AAPL,175.6,0.0061307511602589418,0.019395380007171416
2022-02-03T00:00:00,AAPL,172.87,-0.015546697038724315,0.019335413736234042
2022-02-04T00:00:00,AAPL,172.39,-0.0027766529762250141,0.019031262572356007
2022-02-07T00:00:00,AAPL,171.66,-0.0042345843726433654,0.018743568810574651
2022-02-08T00:00:00,AAPL,174.78,0.018175463124781573,0.01868494445739189
2022-02-09T00:00:00,AAPL,176.12,0.0076667810962352863,0.018406993510205045
2022-02-10T00:00:00,AAPL,172.21,-0.022200772200772181,0.01861390167195973
2022-02-11T00:00:00,AAPL,168.5,-0.021543464374891165,0.018753673181146631
2022-02-14T00:00:00,AAPL,168.79,0.0017210682492581129,0.018445224606728185
2022-02-15T00:00:00,AAPL,172.87,0.024172048107115426,0.018634524409626131
2022-02-16T00:00:00,AAPL,172.56,-0.0017932550471452667,0.018334434911541717
2022-02-17T00:00:00,AAPL,168.82,-0.021673620769587443,0.018489848816078448
2022-02-18T00:00:00,AAPL,166.98,-0.010899182561307922,0.01829638730866524
2022-02-22T00:00:00,AAPL,164.3,-0.016049826326506041,0.018223215290225712
2022-02-23T00:00:00,AAPL,160.16,-0.025197808886183899,0.018461352250490178
2022-02-24T00:00:00,AAPL,162.75,0.016171328671328693,0.018426467121969031
2022-02-25T00:00:00,AAPL,164.79,0.012534562211981518,0.018278573217982153
2022-02-28T00:00:00,AAPL,164.92,0.00078888282055947245,0.017977547154300211
2022-03-01T00:00:00,AAPL,163.54,-0.0083676934271161504,0.017739757704125156
2022-03-02T00:00:00,AAPL,166.53,0.018282988871224221,0.01777153214298513
2022-03-03T00:00:00,AAPL,166.09,-0.0026421665765927922,0.017484507873004259
2022-03-04T00:00:00,AAPL,163.49,-0.015654163405382591,0.017422966776618622
2022-03-07T00:00:00,AAPL,159.25,-0.025934307908740649,0.017731434945952487
2022-03-08T00:00:00,AAPL,157.78,-0.009230769230769223,0.017495339957028851
2022-03-09T00:00:00,AAPL,162.97,0.032893902902776002,0.018289061085937829
2022-03-10T00:00:00,AAPL,158.21,-0.029207829661900907,0.018711069317477801
2022-03-11T00:00:00,AAPL,154.62,-0.02269135958536125,0.018793360264264491
2022-03-14T00:00:00,AAPL,150.48,-0.026775320139697419,0.019004955523281637
2022-03-15T00:00:00,AAPL,155.08,0.030568846358320197,0.019635837115105199
2022-03-16T00:00:00,AAPL,159.61,0.029210729945834412,0.020100461320727948
2022-03-17T00:00:00,AAPL,160.58,0.0060773134515381168,0.01980704638707495
2022-03-18T00:00:00,AAPL,164,0.0212977954913438,0.019872626194439434
2022-03-21T00:00:00,AAPL,165.31,0.0079878048780487945,0.019595171854972223
2022-03-22T00:00:00,AAPL,168.95,0.022019236585808399,0.019659327327700111
2022-03-23T00:00:00,AAPL,170.19,0.0073394495412844579,0.019366955095836514
2022-03-24T00:00:00,AAPL,174.02,0.022504259944767686,0.019424082714046106
2022-03-25T00:00:00,AAPL,174.72,0.004022526146419886,0.019106503519385306
2022-03-28T00:00:00,AAPL,175.62,0.005151098901098934,0.018798910096422435
2022-03-29T00:00:00,AAPL,178.89,0.018619747181414313,0.018723133975376442
2022-03-30T00:00:00,AAPL,177.63,-0.0070434345128290625,0.018496480313780601
2022-03-31T00:00:00,AAPL,174.63,-0.016889039013680121,0.01851674918858448
2022-04-01T00:00:00,AAPL,174.37,-0.0014888621657217598,0.018219911885040612
2022-04-04T00:00:00,AAPL,178.45,0.023398520387681275,0.018339936585668248
2022-04-05T00:00:00,AAPL,174.95,-0.019613337069207062,0.01846300840113722
2022-04-06T00:00:00,AAPL,171.82,-0.017890825950271482,0.018493124741713683
2022-04-07T00:00:00,AAPL,172.01,0.0011058084041438584,0.018187444032833195
2022-04-08T00:00:00,AAPL,170,-0.011685367129817981,0.01803115250244056
2022-04-11T00:00:00,AAPL,165.77,-0.024882352941176411,0.018313064234619317
2022-04-12T00:00:00,AAPL,167.65,0.011341014658864664,0.018130366564009258
2022-04-13T00:00:00,AAPL,170.46,0.016761109454220116,0.018079253533293302
2022-04-14T00:00:00,AAPL,165.22,-0.030740349642144837,0.018653656494967589
2022-04-18T00:00:00,AAPL,164.96,-0.0015736593632731564,0.018346603900355862
2022-04-19T00:00:00,AAPL,167.53,0.015579534432589677,0.018270109735602669
2022-04-20T00:00:00,AAPL,167.23,-0.0017907240494240517,0.017971392172693931
2022-04-21T00:00:00,AAPL,166.65,-0.0034682772229862112,0.017685683190303236
2022-04-22T00:00:00,AAPL,161.76,-0.029342934293429431,0.018171172264128885
2022-04-25T00:00:00,AAPL,163.06,0.0080365974282888934,0.017944577060283184
2022-04-26T00:00:00,AAPL,156.82,-0.038268122163620806,0.018892365124934984
2022-04-27T00:00:00,AAPL,156.73,-0.00057390638949115808,0.018581715146684812
2022-04-28T00:00:00,AAPL,163.68,0.044343775920372724,0.020073300485156431
2022-04-29T00:00:00,AAPL,157.54,-0.037512218963831959,0.020836809361787736
2022-05-02T00:00:00,AAPL,158.14,0.0038085565570648364,0.020515424721235843
2022-05-03T00:00:00,AAPL,159.43,0.0081573289490326321,0.020249594339176998
2022-05-04T00:00:00,AAPL,166.09,0.041773819231010451,0.021352255820498073
2022-05-05T00:00:00,AAPL,157.03,-0.054548738635679467,0.023194037546888924
2022-05-06T00:00:00,AAPL,157.27,0.0015283703750876207,0.022817143732410401
2022-05-09T00:00:00,AAPL,151.92,-0.034017930946779566,0.023191616883795049
2022-05-10T00:00:00,AAPL,154.6,0.01764086361242764,0.023092563808145328
2022-05-11T00:00:00,AAPL,146.49,-0.052457956015523839,0.024464067974176436
2022-05-12T00:00:00,AAPL,142.76,-0.025462488907092757,0.02438149863279299
2022-05-13T00:00:00,AAPL,146.88,0.028859624544690422,0.024702369694358611
2022-05-16T00:00:00,AAPL,145.42,-0.0099400871459695526,0.024324953459992818
2022-05-17T00:00:00,AAPL,149.25,0.026337505157474989,0.024509205189071803
2022-05-18T00:00:00,AAPL,140.29,-0.060033500837520994,0.026234713604433468
2022-05-19T00:00:00,AAPL,137.22,-0.021883241856155061,0.025994541548129097
2022-05-20T00:00:00,AAPL,136,-0.0088908322401982133,0.025575234900961766
2022-05-23T00:00:00,AAPL,143.11,0.052279411764705984,0.027172206069880814
2022-05-24T00:00:00,AAPL,140.26,-0.019914750890923223,0.026893332899986147
2022-05-25T00:00:00,AAPL,140.39,0.00092685013546267971,0.026461499719859474
2022-05-26T00:00:00,AAPL,143.82,0.024431939596837433,0.026502782759134744
2022-05-27T00:00:00,AAPL,149.61,0.040258656654151168,0.027176049893491799
2022-05-31T00:00:00,AAPL,149.13,-0.0032083416883899349,0.026729332275602806
2022-06-01T00:00:00,AAPL,149.19,0.00040233353450011582,0.026289144604060906
2022-06-02T00:00:00,AAPL,151.19,0.013405724244252296,0.025986997976689775
2022-06-03T00:00:00,AAPL,145.32,-0.038825319134863451,0.026458349345183027
2022-06-06T00:00:00,AAPL,146.42,0.00756950178915493,0.026077150839505042
2022-06-07T00:00:00,AAPL,148.61,0.014956973091107951,0.025818770528071234
2022-06-08T00:00:00,AAPL,147.96,-0.0043738644774914586,0.02539879468449718
2022-06-09T00:00:00,AAPL,142.58,-0.036361178696945086,0.025764393757693821
2022-06-10T00:00:00,AAPL,137.16,-0.038013746668537067,0.026134987687121202
2022-06-13T00:00:00,AAPL,131.92,-0.038203557888597327,0.026446542799065144
2022-06-14T00:00:00,AAPL,132.68,0.0057610673135234944,0.026076681258184423
2022-06-15T00:00:00,AAPL,135.34,0.020048236358154933,0.026016401725300949
2022-06-16T00:00:00,AAPL,129.87,-0.040416728239988167,0.026430195707888297
2022-06-17T00:00:00,AAPL,131.43,0.012012012012012029,0.026166676049992357
2022-06-21T00:00:00,AAPL,135.85,0.033630069238377747,0.026615045238994262
2022-06-22T00:00:00,AAPL,135.41,-0.003238866396761117,0.026175150155801942
2022-06-23T00:00:00,AAPL,138.35,0.021711838121261338,0.026120797564818426
2022-06-24T00:00:00,AAPL,141.81,0.025009035056017405,0.026147763623480362
2022-06-27T00:00:00,AAPL,141.27,-0.0038079119949227277,0.025719624888748002
2022-06-28T00:00:00,AAPL,137.51,-0.026615700431797402,0.025698544461414889
2022-06-29T00:00:00,AAPL,139.13,0.011780961384626606,0.025397575547159601
2022-06-30T00:00:00,AAPL,136.66,-0.017753180478688988,0.025143352535452572
2022-07-01T00:00:00,AAPL,139,0.017122786477389167,0.024970923483619047
2022-07-05T00:00:00,AAPL,141.46,0.017697841726618761,0.024801507740734342
2022-07-06T00:00:00,AAPL,142.85,0.009826099250671471,0.024468452215061408
2022-07-07T00:00:00,AAPL,146.3,0.024151207560378141,0.024471535013317128
2022-07-08T00:00:00,AAPL,146.9,0.0041011619958987991,0.024077228777258684
2022-07-11T00:00:00,AAPL,144.68,-0.015112321307011563,0.02384096091442001
2022-07-12T00:00:00,AAPL,145.88,0.0082941664362730753,0.023496214516302131
2022-07-13T00:00:00,AAPL,145.48,-0.00274197970935019,0.023113443278125617
2022-07-14T00:00:00,AAPL,148.4,0.020071487489689416,0.023015273047584897
2022-07-15T00:00:00,AAPL,150.15,0.011792452830188678,0.022722917778145536
2022-07-18T00:00:00,AAPL,147.06,-0.020579420579420603,0.022681640561868756
2022-07-19T00:00:00,AAPL,150.99,0.02672378620971037,0.022805161058974201
2022-07-20T00:00:00,AAPL,153.03,0.013510828531690788,0.022537170267446942
2022-07-21T00:00:00,AAPL,155.21,0.014245572763510466,0.022280877057352256
2022-07-22T00:00:00,AAPL,153.66,-0.0099864699439469826,0.022018099937721438
2022-07-25T00:00:00,AAPL,152.96,-0.004555512169725294,0.021682427962453059
2022-07-26T00:00:00,AAPL,151.62,-0.0087604602510460462,0.021402058354727568
2022-07-27T00:00:00,AAPL,156.58,0.032713362353251604,0.021801658826933381
2022-07-28T00:00:00,AAPL,157.28,0.0044705581811213986,0.02144545958696558
2022-07-29T00:00:00,AAPL,162.5,0.033189216683621556,0.021813310900233595
2022-08-01T00:00:00,AAPL,161.47,-0.0063384615384615454,0.021521092298369099
2022-08-02T00:00:00,AAPL,160.08,-0.0086084102310025785,0.021265881108392212
2022-08-03T00:00:00,AAPL,165.99,0.036919040479760093,0.021807809869767519
2022-08-04T00:00:00,AAPL,165.77,-0.0013253810470510202,0.021465880229981242
2022-08-05T00:00:00,AAPL,165.31,-0.0027749291186584301,0.021140916002793528
2022-08-08T00:00:00,AAPL,164.86,-0.002722158369124606,0.020819334790837078
2022-08-09T00:00:00,AAPL,164.88,0.00012131505519823976,0.020482077375772366
2022-08-10T00:00:00,AAPL,169.15,0.025897622513343099,0.020559571691740934
2022-08-11T00:00:00,AAPL,168.41,-0.0043748152527343133,0.020272079470286877
2022-08-12T00:00:00,AAPL,171.98,0.021198266136215151,0.020189647305600127
2022-08-15T00:00:00,AAPL,173.02,0.0060472147924178427,0.019859154204358426
2022-08-16T00:00:00,AAPL,173.06,0.00023118714599463668,0.019543325896712101
2022-08-17T00:00:00,AAPL,174.52,0.0084363804460881077,0.019236875066239594
2022-08-18T00:00:00,AAPL,174.1,-0.0024066009626404761,0.018955301648979118
2022-08-19T00:00:00,AAPL,171.55,-0.014646754738655848,0.018937748174889711
2022-08-22T00:00:00,AAPL,167.62,-0.022908772952492024,0.019210628687253282
2022-08-23T00:00:00,AAPL,167.09,-0.0031619138527622069,0.018919936710580929
2022-08-24T00:00:00,AAPL,167.52,0.0025734634029565312,0.018607270799742621
2022-08-25T00:00:00,AAPL,169.95,0.014505730659025658,0.018431005739051719
2022-08-26T00:00:00,AAPL,163.7,-0.036775522212415417,0.019461779466621084
2022-08-29T00:00:00,AAPL,161.28,-0.014783139890042686,0.0193590114132773
2022-08-30T00:00:00,AAPL,159.03,-0.013950892857142858,0.01922373310196028
2022-08-31T00:00:00,AAPL,157.17,-0.011695906432748624,0.019029690214859417
2022-09-01T00:00:00,AAPL,158.24,0.0068079149965007421,0.018755339159958383
2022-09-02T00:00:00,AAPL,155.79,-0.015482810920121442,0.018658992752484106
2022-09-06T00:00:00,AAPL,154.46,-0.0085371333204954363,0.018409832340137908
2022-09-07T00:00:00,AAPL,155.85,0.008999093616470194,0.018187169417251094
2022-09-08T00:00:00,AAPL,154.31,-0.009881296118062188,0.017969575305410511
2022-09-09T00:00:00,AAPL,157.4,0.020024625753353661,0.018056028052085834
2022-09-12T00:00:00,AAPL,163.43,0.03831003811944092,0.019037970763785734
2022-09-13T00:00:00,AAPL,153.81,-0.058863121825858192,0.021620628211378251
2022-09-14T00:00:00,AAPL,155.44,0.010597490410246378,0.021358659961103005
2022-09-15T00:00:00,AAPL,152.25,-0.020522388059701479,0.021318302777512635
2022-09-16T00:00:00,AAPL,150.55,-0.011165845648604195,0.021046358444445089
2022-09-19T00:00:00,AAPL,154.49,0.026170707406177333,0.021276736454518237
2022-09-20T00:00:00,AAPL,156.36,0.012104343323192468,0.021044498596160692
2022-09-21T00:00:00,AAPL,153.69,-0.017075978511128267,0.020923738325100034
2022-09-22T00:00:00,AAPL,152.69,-0.0065066042032663153,0.020605958609916906
2022-09-23T00:00:00,AAPL,150.63,-0.013491387779160405,0.020394840214900043
2022-09-26T00:00:00,AAPL,150.73,0.00066387837748120777,0.020060306197785059
2022-09-27T00:00:00,AAPL,151.88,0.0076295362568832067,0.019790518708833877
2022-09-28T00:00:00,AAPL,149.79,-0.013760863839873608,0.019602305637583601
2022-09-29T00:00:00,AAPL,142.45,-0.049001936043794672,0.021102152891271857
2022-09-30T00:00:00,AAPL,138.2,-0.029835029835029836,0.021314452057841909
2022-10-03T00:00:00,AAPL,142.39,0.030318379160636743,0.02183253992374791
2022-10-04T00:00:00,AAPL,146.03,0.025563592948943149,0.022057343639743217
2022-10-05T00:00:00,AAPL,146.77,0.0050674518934466142,0.021726063942081836
2022-10-06T00:00:00,AAPL,145.44,-0.0090617973700348325,0.02141105115937756
2022-10-07T00:00:00,AAPL,140.14,-0.036441144114411517,0.021963832642500184
2022-10-10T00:00:00,AAPL,140.4,0.001855287569573422,0.021616959896465608
2022-10-11T00:00:00,AAPL,138.94,-0.010398860398860454,0.021305122917380983
2022-10-12T00:00:00,AAPL,138.38,-0.0040305167698287195,0.020953924278750771
2022-10-13T00:00:00,AAPL,142.95,0.03302500361323886,0.021596011242044688
2022-10-14T00:00:00,AAPL,138.45,-0.031479538300104935,0.021899249330886533
2022-10-17T00:00:00,AAPL,142.35,0.028169014084507085,0.022240855715142494
2022-10-18T00:00:00,AAPL,143.84,0.010467158412363956,0.02198248426914071
2022-10-19T00:00:00,AAPL,143.89,0.00034760845383747878,0.021621194453904889
2022-10-20T00:00:00,AAPL,143.34,-0.0038223643060670163,0.021268740322222927
2022-10-21T00:00:00,AAPL,147.37,0.02811497139667923,0.021576153700948647
2022-10-24T00:00:00,AAPL,149.4,0.013774852412295591,0.021371338487261641
2022-10-25T00:00:00,AAPL,152.31,0.019477911646586323,0.021304839064910024
2022-10-26T00:00:00,AAPL,149.33,-0.019565360120806181,0.021266814019643223
2022-10-27T00:00:00,AAPL,144.95,-0.029331011852943303,0.021570502515043843
2022-10-28T00:00:00,AAPL,155.7,0.074163504656778206,0.025135805044974233
2022-10-31T00:00:00,AAPL,153.34,-0.015157353885677492,0.024901668604831565
2022-11-01T00:00:00,AAPL,150.58,-0.017999217425329273,0.024726568784839521
2022-11-02T00:00:00,AAPL,145,-0.037056714039049088,0.025229899252880751
2022-11-03T00:00:00,AAPL,138.87,-0.042275862068965483,0.025904050890335047
2022-11-04T00:00:00,AAPL,138.25,-0.0044646071865774069,0.025479076704648614
2022-11-07T00:00:00,AAPL,138.91,0.0047739602169981667,0.025089927397719505
2022-11-08T00:00:00,AAPL,139.5,0.0042473544021309007,0.024701099714436452
2022-11-09T00:00:00,AAPL,134.9,-0.032974910394265193,0.024927742123233516
2022-11-10T00:00:00,AAPL,146.61,0.086805040770941491,0.029331360003175089
2022-11-11T00:00:00,AAPL,149.54,0.019984994202305286,0.029067257275530153
2022-11-14T00:00:00,AAPL,148.21,-0.008893941420355652,0.028638942675549561
2022-11-15T00:00:00,AAPL,149.98,0.011942514000404707,0.028241550786537752
2022-11-16T00:00:00,AAPL,148.82,-0.0077343645819442372,0.027816871040201203
2022-11-17T00:00:00,AAPL,150.78,0.013170272812794034,0.027451357702522747
2022-11-18T00:00:00,AAPL,151.35,0.0037803422204535958,0.027002451683328568
2022-11-21T00:00:00,AAPL,148.03,-0.021935910142054794,0.026874150193917305
2022-11-22T00:00:00,AAPL,150.22,0.014794298453016264,0.026558368100501724
2022-11-23T00:00:00,AAPL,151.07,0.0056583677273332068,0.026134268086278795
2022-11-25T00:00:00,AAPL,148.08,-0.019792149334745355,0.025969599715251167
2022-11-28T00:00:00,AAPL,144.42,-0.024716369529983958,0.025930104732793943
2022-11-29T00:00:00,AAPL,141.2,-0.022296080875225031,0.025797611361211541
2022-11-30T00:00:00,AAPL,147.88,0.04730878186968844,0.026831097010135221
2022-12-01T00:00:00,AAPL,148.4,0.0035163646199622006,0.026393937189364718
2022-12-02T00:00:00,AAPL,147.76,-0.0043126684636119591,0.025971411895438411
2022-12-05T00:00:00,AAPL,146.62,-0.0077152138603139306,0.025582038206732004
2022-12-06T00:00:00,AAPL,142.96,-0.024962488064384097,0.025554799650731142
2022-12-07T00:00:00,AAPL,140.96,-0.013989927252378288,0.025243124238903843
2022-12-08T00:00:00,AAPL,142.63,0.011847332576617391,0.024937335191788399
2022-12-09T00:00:00,AAPL,142.18,-0.003155016476197074,0.024528647572086927
2022-12-12T00:00:00,AAPL,144.48,0.016176677451118181,0.024317655456276354
2022-12-13T00:00:00,AAPL,145.42,0.0065060908084163746,0.023947392149321553
2022-12-14T00:00:00,AAPL,143.22,-0.015128593040847124,0.023705076822489464
2022-12-15T00:00:00,AAPL,136.58,-0.046362239910626914,0.024718033681690472
2022-12-16T00:00:00,AAPL,134.51,-0.015155952555279115,0.024421892728530913
2022-12-19T00:00:00,AAPL,132.44,-0.015389190394766139,0.024128647012493121
2022-12-20T00:00:00,AAPL,132.29,-0.0011325883418907103,0.023732090456310403
2022-12-21T00:00:00,AAPL,135.37,0.023282183082621609,0.023808994049754454
2022-12-22T00:00:00,AAPL,132.3,-0.022678584619930508,0.023706657305636022
2022-12-23T00:00:00,AAPL,131.81,-0.0037037037037037719,0.023315445260903254
2022-12-27T00:00:00,AAPL,130.06,-0.013276686139139671,0.023007706350519276
2022-12-28T00:00:00,AAPL,126.09,-0.030524373366138696,0.023157016693895478
2022-12-29T00:00:00,AAPL,129.56,0.027520025378697747,0.023467222734271636
2022-12-30T00:00:00,AAPL,129.91,0.0027014510651435187,0.023101760882789306
2023-01-03T00:00:00,AAPL,125.04,-0.037487491340158496,0.023559172768773791
2023-01-04T00:00:00,AAPL,126.36,0.010556621880998025,0.023315147504230152
2023-01-05T00:00:00,AAPL,125.06,-0.010288065843621377,0.02296264227927599
2023-01-06T00:00:00,AAPL,129.47,0.035263073724612161,0.023640627120733101
2023-01-09T00:00:00,AAPL,130.16,0.0053294199428438847,0.023291179253401403
2023-01-10T00:00:00,AAPL,130.73,0.0043792255685309867,0.022936079583473414
2023-01-11T00:00:00,AAPL,133.36,0.020117800045896306,0.022901703714118222
2023-01-12T00:00:00,AAPL,133.39,0.00022495500899799575,0.022524599235674698
2023-01-13T00:00:00,AAPL,134.68,0.0096708898718046374,0.022237449079477601
2023-01-17T00:00:00,AAPL,135.91,0.0091327591327590562,0.021942517584840605
2023-01-18T00:00:00,AAPL,135.21,-0.0051504672209549606,0.021596123376198057
2023-01-19T00:00:00,AAPL,135.18,-0.0002218770800976343,0.021239264402374947
2023-01-20T00:00:00,AAPL,137.76,0.019085663559698061,0.02118570985158864
2023-01-23T00:00:00,AAPL,141.07,0.024027293844367033,0.021276526740825964
2023-01-24T00:00:00,AAPL,142.51,0.010207698305805613,0.02099267932693815
2023-01-25T00:00:00,AAPL,141.83,-0.0047715949757910214,0.020672800398426883
2023-01-26T00:00:00,AAPL,143.93,0.01480645843615592,0.020483204733941468
2023-01-27T00:00:00,AAPL,145.87,0.013478774404224259,0.020261333440683309
2023-01-30T00:00:00,AAPL,143.02,-0.019537944745321136,0.020290911200761493
2023-01-31T00:00:00,AAPL,144.28,0.008809956649419597,0.020003682797076792
2023-02-01T00:00:00,AAPL,145.4,0.0077626836706404531,0.019706837104982607
2023-02-02T00:00:00,AAPL,150.57,0.035557083906464837,0.020320628043277549
2023-02-03T00:00:00,AAPL,154.52,0.026233645480507519,0.020428096081268998
2023-02-06T00:00:00,AAPL,151.72,-0.018120631633445582,0.020459956509557297
2023-02-07T00:00:00,AAPL,154.7,0.019641444766675387,0.020349686661589553
2023-02-08T00:00:00,AAPL,151.91,-0.018034906270200338,0.020376169427161198
2023-02-09T00:00:00,AAPL,150.81,-0.007241129616220093,0.020116877189451692
2023-02-10T00:00:00,AAPL,151.02,0.0013924806047344869,0.019784960060332247
2023-02-13T00:00:00,AAPL,153.79,0.018341941464706541,0.019671771118131266
2023-02-14T00:00:00,AAPL,153.25,-0.0035112816177904418,0.019379363734815018
2023-02-15T00:00:00,AAPL,155.34,0.013637846655791213,0.019162641174531394
2023-02-16T00:00:00,AAPL,153.7,-0.010557486803141591,0.019000644235563191
2023-02-17T00:00:00,AAPL,152.48,-0.0079375406636304421,0.018779929286343658
2023-02-21T00:00:00,AAPL,148.45,-0.026429695697796442,0.019168662806037164
2023-02-22T00:00:00,AAPL,148.9,0.0030313236780061779,0.018854673964458134
2023-02-23T00:00:00,AAPL,149.37,0.0031564808596373328,0.018546134213641704
2023-02-24T00:00:00,AAPL,146.73,-0.017674231773448582,0.01855582651478415
2023-02-27T00:00:00,AAPL,147.89,0.0079056770939821205,0.018294932651093866
2023-02-28T00:00:00,AAPL,147.44,-0.0030428020826289044,0.018006691672524999
2023-03-01T00:00:00,AAPL,145.37,-0.014039609332609828,0.017908554878774789
2023-03-02T00:00:00,AAPL,145.92,0.0037834491298065825,0.017623516877646246
2023-03-03T00:00:00,AAPL,151.05,0.035156250000000167,0.01841986668055997
2023-03-06T00:00:00,AAPL,153.87,0.018669314796424977,0.018373795031149841
2023-03-07T00:00:00,AAPL,151.58,-0.014882693182556651,0.018326549684106415
2023-03-08T00:00:00,AAPL,152.86,0.0084443858028763752,0.018065803603512474
2023-03-09T00:00:00,AAPL,150.65,-0.014457673688342325,0.018005402781403328
2023-03-10T00:00:00,AAPL,148.53,-0.014072353136408925,0.017920703194869578
2023-03-13T00:00:00,AAPL,150.46,0.012994007944523038,0.017760826925803223
2023-03-14T00:00:00,AAPL,152.54,0.013824272231822305,0.017614594800374018
2023-03-15T00:00:00,AAPL,152.92,0.002491149862331162,0.017324199671284197
2023-03-16T00:00:00,AAPL,155.86,0.019225738948469961,0.017329075545014033
2023-03-17T00:00:00,AAPL,155.03,-0.0053252919286540003,0.017095922940010836
2023-03-20T00:00:00,AAPL,157.46,0.015674385602786601,0.01699327649667751
2023-03-21T00:00:00,AAPL,159.3,0.01168550743045855,0.01679553599490068
2023-03-22T00:00:00,AAPL,157.84,-0.0091650973006905702,0.016654648953571147
2023-03-23T00:00:00,AAPL,158.88,0.0065889508362898634,0.016397394983381667
2023-03-24T00:00:00,AAPL,160.23,0.0084969788519637102,0.01616290888210847
2023-03-27T00:00:00,AAPL,158.23,-0.012482057043000688,0.016126182684770292
2023-03-28T00:00:00,AAPL,157.67,-0.0035391518675346161,0.01589247594312709
2023-03-29T00:00:00,AAPL,160.71,0.019280776304940829,0.015936193568088782
2023-03-30T00:00:00,AAPL,162.34,0.010142492688693891,0.015732272609358073
2023-03-31T00:00:00,AAPL,164.87,0.015584575582111624,0.015642161633010541
2023-04-03T00:00:00,AAPL,166.12,0.0075817310608358099,0.015403710817690356
2023-04-04T00:00:00,AAPL,165.62,-0.003009872381411028,0.015191987482350218
2023-04-05T00:00:00,AAPL,163.76,-0.011230527714044279,0.015161946144890873
2023-04-06T00:00:00,AAPL,164.61,0.0051905227161701444,0.014918219532303935
2023-04-10T00:00:00,AAPL,162.01,-0.015794909179272357,0.015044721052834824
2023-04-11T00:00:00,AAPL,160.78,-0.0075921239429664212,0.014898869175859806
2023-04-12T00:00:00,AAPL,160.08,-0.0043537753451921169,0.014694472621184713
2023-04-13T00:00:00,AAPL,165.55,0.034170414792603687,0.015589180312683158
2023-04-14T00:00:00,AAPL,165.19,-0.0021745696164301638,0.015356304519310299
2023-04-17T00:00:00,AAPL,165.25,0.00036321811247655596,0.015107454497942482
2023-04-18T00:00:00,AAPL,166.48,0.0074432677760967614,0.01488471270052695
2023-04-19T00:00:00,AAPL,167.59,0.0066674675636713941,0.014656718420948223
2023-04-20T00:00:00,AAPL,166.62,-0.0057879348409809583,0.01449577406897434
2023-04-21T00:00:00,AAPL,164.99,-0.0097827391669667238,0.014424989849447992
2023-04-24T00:00:00,AAPL,165.33,0.0020607309533911353,0.014186543922299752
2023-04-25T00:00:00,AAPL,163.76,-0.0094961591967581294,0.014105769972945246
2023-04-26T00:00:00,AAPL,163.75,-6.1064973131356282e-05,0.013876162910084295
2023-04-27T00:00:00,AAPL,168.32,0.027908396946564842,0.014439562086559573
2023-04-28T00:00:00,AAPL,169.67,0.0080204372623573807,0.014235514683443477
2023-05-01T00:00:00,AAPL,169.58,-0.00053044144515810101,0.01401202965594648
2023-05-02T00:00:00,AAPL,168.49,-0.0064276447694303768,0.013874814150872434
2023-05-03T00:00:00,AAPL,167.47,-0.0060537717371951464,0.013727187618214096
2023-05-04T00:00:00,AAPL,165.73,-0.010389920582791002,0.013682453113755925
2023-05-05T00:00:00,AAPL,173.56,0.047245519821396326,0.01575679886993021
2023-05-08T00:00:00,AAPL,173.48,-0.00046093569946999597,0.015509469495932498
2023-05-09T00:00:00,AAPL,171.79,-0.009741756974867408,0.015423126358875983
2023-05-10T00:00:00,AAPL,173.53,0.010128645439199075,0.015228975562907117
2023-05-11T00:00:00,AAPL,173.76,0.0013254192358669382,0.014979602622446714
2023-05-12T00:00:00,AAPL,172.52,-0.0071362799263350639,0.014838762223463055
2023-05-15T00:00:00,AAPL,172.1,-0.0024345003477858561,0.014619642204066315
2023-05-16T00:00:00,AAPL,172.07,-0.00017431725740849006,0.014384701489100545
2023-05-17T00:00:00,AAPL,172.68,0.0035450688673215182,0.01414900163074884
2023-05-18T00:00:00,AAPL,175.04,0.013666898309010802,0.014065654324636492
2023-05-19T00:00:00,AAPL,175.15,0.00062842778793426447,0.013837738738478288
2023-05-22T00:00:00,AAPL,174.22,-0.0053097345132743752,0.013681962339329033
2023-05-23T00:00:00,AAPL,171.53,-0.015440247962346446,0.013827397621481904
2023-05-24T00:00:00,AAPL,171.85,0.0018655628752987418,0.013598858899220249
2023-05-25T00:00:00,AAPL,173,0.0066918824556299432,0.013403909096877175
2023-05-26T00:00:00,AAPL,175.36,0.013641618497109905,0.013350556477221713
2023-05-30T00:00:00,AAPL,177.28,0.010948905109488979,0.013222197666520967
2023-05-31T00:00:00,AAPL,177.41,0.00073330324909744724,0.013007716213597385
2023-06-01T00:00:00,AAPL,180.03,0.014768051406346907,0.012981371789226637
2023-06-02T00:00:00,AAPL,180.92,0.0049436205076930865,0.012772109221595681
2023-06-05T00:00:00,AAPL,179.59,-0.0073513154985628132,0.012696695620982834
2023-06-06T00:00:00,AAPL,179.14,-0.0025057074447353252,0.012520703218479206
2023-06-07T00:00:00,AAPL,177.8,-0.0074801830970189524,0.012442248767357375
2023-06-08T00:00:00,AAPL,180.56,0.015523059617547755,0.012470826411200307
2023-06-09T00:00:00,AAPL,181.04,0.0026583961010189952,0.012264694126872196
2023-06-12T00:00:00,AAPL,183.78,0.015134776844896206,0.012271231111408954
2023-06-13T00:00:00,AAPL,183.28,-0.0027206442485580586,0.012111741540380444
2023-06-14T00:00:00,AAPL,183.92,0.003491924923614068,0.011912193259367399
2023-06-15T00:00:00,AAPL,185.99,0.011254893431927043,0.011812878350790364
2023-06-16T00:00:00,AAPL,184.99,-0.0053766331523200173,0.011716762165826662
2023-06-20T00:00:00,AAPL,185,5.4056976052710442e-05,0.011533750898870911
2023-06-21T00:00:00,AAPL,183.94,-0.0057297297297297422,0.011444265782456491
2023-06-22T00:00:00,AAPL,186.95,0.016364031749483476,0.011529197511964543
2023-06-23T00:00:00,AAPL,186.64,-0.0016581973789783486,0.011368182802429681
2023-06-26T00:00:00,AAPL,185.3,-0.0071795970852977665,0.01132170546438691
2023-06-27T00:00:00,AAPL,188.02,0.014678899082568799,0.011349791030750699
2023-06-28T00:00:00,AAPL,189.25,0.0065418572492287504,0.01118205773173774
2023-06-29T00:00:00,AAPL,189.57,0.0016908850726551818,0.010999550231792842
2023-06-30T00:00:00,AAPL,193.76,0.022102653373424055,0.011353476463724603
2023-07-03T00:00:00,AAPL,192.43,-0.0068641618497109012,0.011321048032895135
2023-07-05T00:00:00,AAPL,191.32,-0.0057683313412670249,0.011249766122192915
2023-07-06T00:00:00,AAPL,191.82,0.0026134225381559692,0.011063930671690999
2023-07-07T00:00:00,AAPL,190.68,-0.0059430716296527287,0.010996199344260847
2023-07-10T00:00:00,AAPL,188.59,-0.01096077197398785,0.011085457128970293
2023-07-11T00:00:00,AAPL,188.05,-0.0028633543666153668,0.010939484714448222
2023-07-12T00:00:00,AAPL,189.79,0.0092528582823716062,0.010837292231614339
2023-07-13T00:00:00,AAPL,190.52,0.0038463564992887835,0.010662083205225612
2023-07-14T00:00:00,AAPL,190.68,0.00083980684442576414,0.010489058030622063
2023-07-17T00:00:00,AAPL,193.96,0.017201594294105314,0.010659860929866037
2023-07-18T00:00:00,AAPL,193.71,-0.001288925551660136,0.010508466414268683
2023-07-19T00:00:00,AAPL,195.07,0.0070208042950801984,0.01036523245584392
2023-07-20T00:00:00,AAPL,193.14,-0.0098938842466807144,0.010443449121119773
2023-07-21T00:00:00,AAPL,191.9,-0.0064202133167649417,0.010390299143629668
2023-07-24T00:00:00,AAPL,192.72,0.0042730588848358163,0.010226397933538592
2023-07-25T00:00:00,AAPL,193.62,0.0046699875466999054,0.010067813816965419
2023-07-26T00:00:00,AAPL,194.49,0.0044933374651379221,0.0099099611992738753
2023-07-27T00:00:00,AAPL,193.2,-0.0066327317599877648,0.0098765315990132461
2023-07-28T00:00:00,AAPL,195.79,0.013405797101449294,0.0099275460279941684
2023-07-31T00:00:00,AAPL,196.45,0.0033709586802185844,0.0097651418153518726
2023-08-01T00:00:00,AAPL,195.61,-0.0042758971748535256,0.009678040449218649
2023-08-02T00:00:00,AAPL,192.59,-0.015438883492664025,0.010029694553316601
2023-08-03T00:00:00,AAPL,191.1,-0.0077366426086505485,0.01000521185792002
2023-08-04T00:00:00,AAPL,181.98,-0.047723704866562036,0.013201905037399561
2023-08-07T00:00:00,AAPL,178.79,-0.017529398835036805,0.01334646933643018
2023-08-08T00:00:00,AAPL,179.8,0.0056490855193244557,0.013178165438916209
2023-08-09T00:00:00,AAPL,178.17,-0.0090656284760846709,0.013047753121392777
2023-08-10T00:00:00,AAPL,177.98,-0.0010663972610428117,0.012832091674697781
2023-08-11T00:00:00,AAPL,177.8,-0.0010113495898414339,0.012619981463313409
2023-08-14T00:00:00,AAPL,179.46,0.0093363329583801835,0.012548093143717937
2023-08-15T00:00:00,AAPL,177.46,-0.011144544745347151,0.012484752667777358
2023-08-16T00:00:00,AAPL,176.54,-0.0051842668770428037,0.012301809247829325
2023-08-17T00:00:00,AAPL,173.94,-0.014727540500736346,0.012343600638069455
2023-08-18T00:00:00,AAPL,174.4,0.0026445900885363229,0.012162839354883968
2023-08-21T00:00:00,AAPL,175.81,0.0080848623853210805,0.012082613652864217
2023-08-22T00:00:00,AAPL,177.19,0.007849382856492778,0.011990963036646811
2023-08-23T00:00:00,AAPL,181.15,0.022348891020938021,0.012504140732940346
2023-08-24T00:00:00,AAPL,176.34,-0.026552580734198191,0.013186763948297332
2023-08-25T00:00:00,AAPL,178.49,0.012192355676534001,0.013180573974268589
2023-08-28T00:00:00,AAPL,180.09,0.0089640876239564914,0.013073232638986134
2023-08-29T00:00:00,AAPL,184.12,0.02237770003886946,0.01347981455281305
2023-08-30T00:00:00,AAPL,187.64,0.019117966543558448,0.013669183832163551
2023-08-31T00:00:00,AAPL,187.89,0.0013323385205713069,0.013443261102221013
2023-09-01T00:00:00,AAPL,189.43,0.0081962850604077944,0.013280947381814772
2023-09-05T00:00:00,AAPL,189.67,0.0012669587710498901,0.01306143774391578
2023-09-06T00:00:00,AAPL,182.84,-0.036009911952338193,0.014496677667126879
2023-09-07T00:00:00,AAPL,177.58,-0.02876832203019028,0.015175176081673528
2023-09-08T00:00:00,AAPL,178.17,0.0033224462214211901,0.014942417724306007
2023-09-11T00:00:00,AAPL,179.35,0.0066228882527923161,0.014753125775178908
2023-09-12T00:00:00,AAPL,176.31,-0.016950097574574809,0.01481059250375452
2023-09-13T00:00:00,AAPL,174.19,-0.012024275423969171,0.014701130926038268
2023-09-14T00:00:00,AAPL,175.71,0.0087261036798898343,0.014569895072697904
2023-09-15T00:00:00,AAPL,174.98,-0.0041545728757613008,0.01434042251028577
2023-09-18T00:00:00,AAPL,177.97,0.017087667161961421,0.014475813789761281
2023-09-19T00:00:00,AAPL,179.08,0.0062370062370063137,0.014287599779954335
2023-09-20T00:00:00,AAPL,175.47,-0.020158588340406597,0.014498520014290993
2023-09-21T00:00:00,AAPL,173.92,-0.0088334188180316364,0.014329571842694039
2023-09-22T00:00:00,AAPL,174.76,0.004829806807727711,0.014133907409548268
2023-09-25T00:00:00,AAPL,176.06,0.0074387731746395711,0.013982223219024816
2023-09-26T00:00:00,AAPL,171.88,-0.023741906168351735,0.014360042062172633
2023-09-27T00:00:00,AAPL,170.39,-0.0086688387246916989,0.014181911408407693
2023-09-28T00:00:00,AAPL,170.68,0.0017019778155996272,0.013960813894957047
2023-09-29T00:00:00,AAPL,171.21,0.003105226154206709,0.013755830850074539
2023-10-02T00:00:00,AAPL,173.68,0.014426727410782074,0.013824865472227627
2023-10-03T00:00:00,AAPL,172.46,-0.0070244127130354604,0.013640612465947576
2023-10-04T00:00:00,AAPL,173.4,0.0054505392554795177,0.013466767274837772
2023-10-05T00:00:00,AAPL,174.96,0.0089965397923875562,0.013362750849348102
2023-10-06T00:00:00,AAPL,177.43,0.014117512574302691,0.013403958470038167
2023-10-09T00:00:00,AAPL,179,0.0088485599954911415,0.01327974072215451
2023-10-10T00:00:00,AAPL,178.4,-0.0033519553072625381,0.013075828237795373
2023-10-11T00:00:00,AAPL,179.75,0.0075672645739909995,0.012929646870247937
2023-10-12T00:00:00,AAPL,180.68,0.0051738525730181187,0.012745604425496005
2023-10-13T00:00:00,AAPL,178.85,-0.010128403807837128,0.012679166695795222
2023-10-16T00:00:00,AAPL,178.55,-0.0016773832820798601,0.012473864554744847
2023-10-17T00:00:00,AAPL,177.09,-0.0081769812377485741,0.012357034450342154
2023-10-18T00:00:00,AAPL,175.68,-0.0079620531932915271,0.012232710980851739
2023-10-19T00:00:00,AAPL,175.4,-0.0015938069216757805,0.012032280737794544
2023-10-20T00:00:00,AAPL,172.86,-0.01448118586088935,0.012097561046593982
2023-10-23T00:00:00,AAPL,172.92,0.00034710170079818261,0.011899829305345772
2023-10-24T00:00:00,AAPL,173.36,0.0025445292620866655,0.011719430911279407
2023-10-25T00:00:00,AAPL,171.08,-0.013151822796492853,0.011737753871784837
2023-10-26T00:00:00,AAPL,166.65,-0.025894318447509976,0.012366902587719539
2023-10-27T00:00:00,AAPL,168.11,0.0087608760876088081,0.012315027239130473
2023-10-30T00:00:00,AAPL,170.17,0.012253881387186805,0.012366038542982117
2023-10-31T00:00:00,AAPL,170.62,0.002644414409120392,0.012181115438088655
2023-11-01T00:00:00,AAPL,173.84,0.018872347907630985,0.012503361145184399
2023-11-02T00:00:00,AAPL,177.65,0.021916705016106777,0.012933920357142206
2023-11-03T00:00:00,AAPL,176.57,-0.0060793695468618772,0.012771937673995709
2023-11-06T00:00:00,AAPL,179.19,0.014838307753299002,0.012836241426716147
2023-11-07T00:00:00,AAPL,181.79,0.014509738266644312,0.012869041940140047
2023-11-08T00:00:00,AAPL,182.82,0.0056658782111227305,0.012683433931594155
2023-11-09T00:00:00,AAPL,182.33,-0.0026802319221090726,0.012493235590300526
2023-11-10T00:00:00,AAPL,186.3,0.021773707014753462,0.012836735755512869
2023-11-13T00:00:00,AAPL,184.68,-0.0086956521739130679,0.012763214408038424
2023-11-14T00:00:00,AAPL,187.32,0.014294996751137028,0.012763729279867037
2023-11-15T00:00:00,AAPL,188.04,0.003843689942344645,0.012557938847292569
2023-11-16T00:00:00,AAPL,189.67,0.0086683684322484342,0.012410049567657511
2023-11-17T00:00:00,AAPL,189.6,-0.0003690620551483797,0.012213095727275981
2023-11-20T00:00:00,AAPL,191.4,0.0094936708860760104,0.012085590531547018
2023-11-21T00:00:00,AAPL,190.58,-0.0042842215256008002,0.011944184656913734
2023-11-22T00:00:00,AAPL,191.2,0.0032532269912896217,0.011748675073445094
2023-11-24T00:00:00,AAPL,189.94,-0.0065899581589957687,0.01165953909405055
2023-11-27T00:00:00,AAPL,189.69,-0.0013162051174054965,0.011480643097653636
2023-11-28T00:00:00,AAPL,190.28,0.0031103379197638431,0.011293632672689824
2023-11-29T00:00:00,AAPL,189.26,-0.0053605213369771398,0.01118040250132972
2023-11-30T00:00:00,AAPL,189.83,0.0030117298953821286,0.010998805678943253
2023-12-01T00:00:00,AAPL,191.08,0.0065848390665332133,0.010854280045546038
2023-12-04T00:00:00,AAPL,189.34,-0.0091061335566255449,0.010851210207982956
2023-12-05T00:00:00,AAPL,193.4,0.021442906939896495,0.011263179964659586
2023-12-06T00:00:00,AAPL,192.25,-0.005946225439503649,0.011169577738116932
2023-12-07T00:00:00,AAPL,194.1,0.0096228868660597888,0.011074793336068872
2023-12-08T00:00:00,AAPL,195.61,0.0077794951056157618,0.010940381880415285
2023-12-11T00:00:00,AAPL,193.09,-0.012882776954143501,0.011096474298593581
2023-12-12T00:00:00,AAPL,194.61,0.0078719767983842261,0.01096859260821521
2023-12-13T00:00:00,AAPL,197.76,0.016186218591028093,0.011086742926840483
2023-12-14T00:00:00,AAPL,198.04,0.0014158576051779993,0.010904915088918679
2023-12-15T00:00:00,AAPL,197.01,-0.005200969501110893,0.010810476116917305
2023-12-18T00:00:00,AAPL,195.82,-0.0060403025227145721,0.010732322790265168
2023-12-19T00:00:00,AAPL,196.81,0.0050556633643142126,0.010570570548119294
2023-12-20T00:00:00,AAPL,194.82,-0.010111274833595901,0.010619391480117346
2023-12-21T00:00:00,AAPL,194.59,-0.0011805769428189599,0.01045546486154568
2023-12-22T00:00:00,AAPL,193.51,-0.0055501310447608433,0.010359689271691938
2023-12-26T00:00:00,AAPL,192.94,-0.002945584207534459,0.010216164920416826
2023-12-27T00:00:00,AAPL,193.1,0.00082927334922772156,0.010047413234370013
2023-12-28T00:00:00,AAPL,193.55,0.0023303987571207511,0.0098838144663438016
2023-12-29T00:00:00,AAPL,192.53,-0.0052699560836993549,0.009788283324223504
2024-01-02T00:00:00,AAPL,185.55,-0.036254090271645924,0.011715406168273395
2024-01-03T00:00:00,AAPL,184.19,-0.0073295607652924472,0.01159084651829596
2024-01-04T00:00:00,AAPL,181.9,-0.012432813942124936,0.01159815046901194
2024-01-05T00:00:00,AAPL,181.02,-0.0048378229796591284,0.011428180160887052
2024-01-08T00:00:00,AAPL,185.39,0.024140978897359274,0.012115023155403699
2024-01-09T00:00:00,AAPL,184.99,-0.0021576136792706042,0.011919858376244114
2024-01-10T00:00:00,AAPL,186.04,0.0056759824855396662,0.01177152009436094
2024-01-11T00:00:00,AAPL,185.49,-0.0029563534723714415,0.011588413748424668
2024-01-12T00:00:00,AAPL,185.74,0.0013477815515661221,0.011400154788122549
2024-01-16T00:00:00,AAPL,183.49,-0.012113707332830839,0.011416411166701867
2024-01-17T00:00:00,AAPL,182.56,-0.0050683960978800307,0.011257342531441079
2024-01-18T00:00:00,AAPL,188.49,0.032482471516213883,0.012570598801570526
2024-01-19T00:00:00,AAPL,191.46,0.015756804074486704,0.01266604282075438
2024-01-22T00:00:00,AAPL,193.8,0.012221874020683188,0.012620966062074926
2024-01-23T00:00:00,AAPL,195.05,0.0064499484004127963,0.012446887809609317
2024-01-24T00:00:00,AAPL,194.48,-0.0029223276083056734,0.012266396235086189
2024-01-25T00:00:00,AAPL,194.1,-0.0019539284245166364,0.012077906962421605
2024-01-26T00:00:00,AAPL,192.19,-0.0098402885110767477,0.012042816675456442
2024-01-29T00:00:00,AAPL,191.68,-0.002653624017898907,0.011860407052948387
2024-01-30T00:00:00,AAPL,187.91,-0.019668196994991706,0.012226073037466827
2024-01-31T00:00:00,AAPL,184.41,-0.018625937949018147,0.012483541778020807
2024-02-01T00:00:00,AAPL,186.71,0.012472208665473735,0.012497946910560359
2024-02-02T00:00:00,AAPL,185.79,-0.0049274275614590319,0.012321590745782212
2024-02-05T00:00:00,AAPL,187.55,0.009473060982830182,0.012243864226291255
2024-02-06T00:00:00,AAPL,189.18,0.0086910157291388707,0.012141308116070743
2024-02-07T00:00:00,AAPL,189.3,0.00063431652394547284,0.011940742961006452
2024-02-08T00:00:00,AAPL,188.19,-0.0058637083993661569,0.011795961884397157
2024-02-09T00:00:00,AAPL,188.7,0.0027100271002709546,0.011610226723470049
2024-02-12T00:00:00,AAPL,187.12,-0.0083730789613141714,0.011521969751576364
2024-02-13T00:00:00,AAPL,184.98,-0.011436511329628125,0.011513969298327367
2024-02-14T00:00:00,AAPL,183.98,-0.0054059898367391076,0.011358701264342217
2024-02-15T00:00:00,AAPL,183.74,-0.0013044896184366817,0.011171651285639307
2024-02-16T00:00:00,AAPL,182.18,-0.0084902579732230449,0.011077376266952646
2024-02-20T00:00:00,AAPL,181.52,-0.0036227906466132207,0.010905363646109213
2024-02-21T00:00:00,AAPL,182.25,0.0040215954164829759,0.010762548093535685
2024-02-22T00:00:00,AAPL,184.18,0.010589849108367664,0.010780799734621482
2024-02-23T00:00:00,AAPL,182.39,-0.0097187533934195922,0.010732835932597034
2024-02-26T00:00:00,AAPL,181.1,-0.0070727561818081704,0.010616497856157248
2024-02-27T00:00:00,AAPL,182.56,0.0080618442849255002,0.01056563399482929
2024-02-28T00:00:00,AAPL,181.34,-0.0066827344434706335,0.010447255647957085
2024-02-29T00:00:00,AAPL,180.64,-0.0038601522002868482,0.010288768000816028
2024-03-01T00:00:00,AAPL,179.53,-0.0061448184233834436,0.010161621358479804
2024-03-04T00:00:00,AAPL,175.01,-0.025176850665626971,0.01088749728050604
2024-03-05T00:00:00,AAPL,170.04,-0.028398377235586532,0.011716714570097122
2024-03-06T00:00:00,AAPL,169.03,-0.0059397788755586392,0.011537027950076191
2024-03-07T00:00:00,AAPL,168.88,-0.00088741643495240897,0.01135196390078118
2024-03-08T00:00:00,AAPL,170.78,0.011250592136428266,0.011446497277317729
2024-03-11T00:00:00,AAPL,172.71,0.011301089120505954,0.011521272452665435
2024-03-12T00:00:00,AAPL,173.18,0.0027213247640553461,0.011361258750640176
2024-03-13T00:00:00,AAPL,171.09,-0.012068368171844344,0.011325928996981708
2024-03-14T00:00:00,AAPL,173.06,0.011514407621719555,0.011403593629113643
2024-03-15T00:00:00,AAPL,172.56,-0.0028891713856465965,0.011217311336871337
2024-03-18T00:00:00,AAPL,173.68,0.0064904960593417044,0.011129208482788422
2024-03-19T00:00:00,AAPL,176.06,0.013703362505757689,0.011277121393354492
2024-03-20T00:00:00,AAPL,178.62,0.014540497557650814,0.011433094960062175
2024-03-21T00:00:00,AAPL,171.29,-0.04103683798006949,0.013403067258864558
2024-03-22T00:00:00,AAPL,172.21,0.0053710082316540137,0.013243367539062547
2024-03-25T00:00:00,AAPL,170.84,-0.0079554032866848874,0.013075709186978396
2024-03-26T00:00:00,AAPL,169.79,-0.0061461016155467769,0.01288404252018807
2024-03-27T00:00:00,AAPL,173.34,0.020908180693798288,0.013315016241284243
2024-03-28T00:00:00,AAPL,171.36,-0.011422637590861831,0.013224875308709276
2024-04-01T00:00:00,AAPL,169.93,-0.00834500466853412,0.013064876049279226
2024-04-02T00:00:00,AAPL,168.87,-0.0062378626493262059,0.012874873230109841
2024-04-03T00:00:00,AAPL,169.65,0.0046189376443418083,0.012715009169129692
2024-04-04T00:00:00,AAPL,168.89,-0.0044798113763632142,0.01251533496836759
2024-04-05T00:00:00,AAPL,169.53,0.0037894487536267087,0.012348135015392706
2024-04-08T00:00:00,AAPL,168.46,-0.0063115672742287098,0.012174239636016469
2024-04-09T00:00:00,AAPL,169.66,0.0071233527246823492,0.012077258699986722
2024-04-10T00:00:00,AAPL,167.73,-0.011375692561593816,0.012011817160278989
2024-04-11T00:00:00,AAPL,174.99,0.043283849043105109,0.014314493773243559
2024-04-12T00:00:00,AAPL,176.53,0.0088005028858791478,0.01417151359731725
2024-04-15T00:00:00,AAPL,172.68,-0.021809324194187924,0.014479079713882669
2024-04-16T00:00:00,AAPL,169.31,-0.019515867500579133,0.014636159280028158
2024-04-17T00:00:00,AAPL,167.97,-0.0079144764042289491,0.014443247810893109
2024-04-18T00:00:00,AAPL,166.96,-0.0060129785080668624,0.014227494136750295
2024-04-19T00:00:00,AAPL,164.93,-0.012158600862482037,0.014118804289839257
2024-04-22T00:00:00,AAPL,165.85,0.0055781240526283117,0.013951991525452382
2024-04-23T00:00:00,AAPL,166.84,0.0059692493216762683,0.013791279740915444
2024-04-24T00:00:00,AAPL,168.97,0.012766722608487146,0.013803186774548403
2024-04-25T00:00:00,AAPL,169.88,0.00538557140320765,0.013623865149608467
2024-04-26T00:00:00,AAPL,169.22,-0.003885095361431579,0.013409945420241818
2024-04-29T00:00:00,AAPL,173.48,0.025174329275499296,0.013996232358620313
2024-04-30T00:00:00,AAPL,170.3,-0.018330643301821412,0.014150217427852739
2024-05-01T00:00:00,AAPL,169.29,-0.0059307105108632957,0.013948392160588702
2024-05-02T00:00:00,AAPL,173.07,0.022328548644338125,0.014334835421292276
2024-05-03T00:00:00,AAPL,183.34,0.059340151383833195,0.017680813906088357
2024-05-06T00:00:00,AAPL,181.62,-0.0093814770371986409,0.017505531885832114
2024-05-07T00:00:00,AAPL,182.33,0.00390926109459315,0.017221598793421635
2024-05-08T00:00:00,AAPL,182.71,0.0020841331651401053,0.01693716733956829
2024-05-09T00:00:00,AAPL,184.6,0.010344261397843502,0.016731119626515311
2024-05-10T00:00:00,AAPL,182.97,-0.0088299024918742988,0.016566629528295133
2024-05-13T00:00:00,AAPL,186.25,0.017926436027764121,0.016556668903761958
2024-05-14T00:00:00,AAPL,187.36,0.0059597315436242344,0.016297970221203953
2024-05-15T00:00:00,AAPL,189.69,0.012435952177625874,0.016133693802824291
2024-05-16T00:00:00,AAPL,189.81,0.00063261110232486976,0.015870669571482532
2024-05-17T00:00:00,AAPL,189.83,0.0001053685264212119,0.015614101559207495
2024-05-20T00:00:00,AAPL,191.04,0.0063741242164040432,0.015372637981696307
2024-05-21T00:00:00,AAPL,192.32,0.0067001675041876109,0.015137126057194894
2024-05-22T00:00:00,AAPL,190.94,-0.0071755407653909913,0.014991322009331828
2024-05-23T00:00:00,AAPL,186.87,-0.021315596522467756,0.015343196870085278
2024-05-24T00:00:00,AAPL,189.96,0.016535559479852323,0.015327289893220219
2024-05-28T00:00:00,AAPL,190.05,0.0004737839545167583,0.015076595953282836
2024-05-29T00:00:00,AAPL,190.34,0.0015259142330965117,0.014827624422926903
2024-05-30T00:00:00,AAPL,191.25,0.0047809183566249686,0.014591160861489521
2024-05-31T00:00:00,AAPL,192.24,0.0051764705882353414,0.014360757531747814
2024-06-03T00:00:00,AAPL,194.03,0.0093112775697044934,0.014181335350147279
2024-06-04T00:00:00,AAPL,194.31,0.0014430758130186112,0.013948003791571403
2024-06-05T00:00:00,AAPL,195.82,0.0077710874375996651,0.013751553259085668
2024-06-06T00:00:00,AAPL,194.48,-0.006843019099172727,0.013629195574666136
2024-06-07T00:00:00,AAPL,196.85,0.012186343068696034,0.013522169160899983
2024-06-10T00:00:00,AAPL,193.15,-0.018796037592075127,0.013841359548355397
2024-06-11T00:00:00,AAPL,207.07,0.072068340667874639,0.018552636708054675
2024-06-12T00:00:00,AAPL,213.09,0.029072294393200419,0.018785744595415134
2024-06-13T00:00:00,AAPL,214.14,0.0049274954244684539,0.018475218685701587
2024-06-14T00:00:00,AAPL,212.52,-0.0075651442981226127,0.018309178569648213
2024-06-17T00:00:00,AAPL,216.65,0.019433465085638976,0.018203064249542957
2024-06-18T00:00:00,AAPL,214.28,-0.010939303023309506,0.018131418601036314
2024-06-20T00:00:00,AAPL,209.64,-0.021653910770953962,0.018441744062570022
2024-06-21T00:00:00,AAPL,207.23,-0.011495897729440931,0.018340564618103655
2024-06-24T00:00:00,AAPL,208.2,0.0046807894609853734,0.018039395920213849
2024-06-25T00:00:00,AAPL,209.13,0.0044668587896253935,0.017742586463229366
2024-06-26T00:00:00,AAPL,213.13,0.019126858891598528,0.017680017502181098
2024-06-27T00:00:00,AAPL,214.04,0.0042696945526204504,0.017387975931458539
2024-06-28T00:00:00,AAPL,210.3,-0.017473369463651564,0.017522445296857623
2024-07-01T00:00:00,AAPL,216.67,0.030290061816452572,0.017910649556196864
2024-07-02T00:00:00,AAPL,220.3,0.016753588406332322,0.017762800477225848
2024-07-03T00:00:00,AAPL,221.46,0.005265546981388999,0.017469839318565432
2024-07-05T00:00:00,AAPL,226.29,0.021809807640205833,0.017461661482769345
2024-07-08T00:00:00,AAPL,227.77,0.0065402801714614794,0.01717519633697218
2024-07-09T00:00:00,AAPL,228.63,0.003775738683759868,0.016892881843920706
2024-07-10T00:00:00,AAPL,232.84,0.018414031404452646,0.016786728699484773
2024-07-11T00:00:00,AAPL,227.6,-0.022504724274179731,0.017256368234789793
2024-07-12T00:00:00,AAPL,230.44,0.012478031634446413,0.017030778191131243
2024-07-15T00:00:00,AAPL,234.39,0.017141121333101843,0.016895079894376684
2024-07-16T00:00:00,AAPL,234.78,0.001663893510815371,0.01662801188123306
2024-07-17T00:00:00,AAPL,228.84,-0.025300281114234591,0.017240073570096683
2024-07-18T00:00:00,AAPL,224.08,-0.020800559342772203,0.017534787303950042
2024-07-19T00:00:00,AAPL,224.34,0.0011602998928953538,0.017249145635508431
2024-07-22T00:00:00,AAPL,223.86,-0.0021396095212623239,0.01699122353633745
2024-07-23T00:00:00,AAPL,224.93,0.0047797730724559685,0.016713287561449928
2024-07-24T00:00:00,AAPL,218.52,-0.028497754857066626,0.017388566043411449
2024-07-25T00:00:00,AAPL,217.46,-0.0048508145707486829,0.017146085487298731
2024-07-26T00:00:00,AAPL,218.06,0.0027591281155154709,0.016863481615247877
2024-07-29T00:00:00,AAPL,218.22,0.00073374300651195355,0.016585965553662502
2024-07-30T00:00:00,AAPL,218.67,0.0020621391256529587,0.016311853907878426
2024-07-31T00:00:00,AAPL,221.95,0.014999771344949016,0.016215534027552225
2024-08-01T00:00:00,AAPL,218.34,-0.016264924532552311,0.016290957569266306
2024-08-02T00:00:00,AAPL,219.74,0.0064120179536502958,0.016044403874211952
2024-08-05T00:00:00,AAPL,209.26,-0.04769272776918184,0.018111341506960667
2024-08-06T00:00:00,AAPL,207.1,-0.010322087355442974,0.017911717229160216
2024-08-07T00:00:00,AAPL,209.87,0.01337518107194597,0.017782408651346889
2024-08-08T00:00:00,AAPL,213.25,0.016105207985896011,0.017717609550491772
2024-08-09T00:00:00,AAPL,216.11,0.01341148886283711,0.017571128903597067
2024-08-12T00:00:00,AAPL,217.47,0.0062930914811900659,0.017304667711793044
2024-08-13T00:00:00,AAPL,221.07,0.016554007449303326,0.017235195301037082
2024-08-14T00:00:00,AAPL,221.55,0.0021712579725879505,0.016950374722368086
2024-08-15T00:00:00,AAPL,224.49,0.013270142180094776,0.016794904477334557
2024-08-16T00:00:00,AAPL,226.03,0.0068599937636419977,0.016537867181008848
2024-08-19T00:00:00,AAPL,225.78,-0.0011060478697518029,0.016276798177447399
2024-08-20T00:00:00,AAPL,226.49,0.0031446540880503498,0.016008457181989934
2024-08-21T00:00:00,AAPL,226.26,-0.0010154973729525284,0.01575529163948659
2024-08-22T00:00:00,AAPL,224.55,-0.0075576770087509041,0.015594023229841545
2024-08-23T00:00:00,AAPL,226.71,0.0096192384769538918,0.01539878817827622
2024-08-26T00:00:00,AAPL,227.19,0.002117242291914736,0.015144246533526837
2024-08-27T00:00:00,AAPL,228.05,0.0037853778775474873,0.014896802155501921
2024-08-28T00:00:00,AAPL,226.5,-0.0067967550975663723,0.014739467654400764
2024-08-29T00:00:00,AAPL,229.68,0.014039735099337779,0.01465858273523649
2024-08-30T00:00:00,AAPL,228.84,-0.003657262277951948,0.014456013221160116
2024-09-03T00:00:00,AAPL,222.73,-0.026699877643768632,0.015129284109681219
2024-09-04T00:00:00,AAPL,220.7,-0.0091141741121537334,0.014993312180771589
2024-09-05T00:00:00,AAPL,222.35,0.0074762120525600625,0.014793696049221651
2024-09-06T00:00:00,AAPL,220.72,-0.0073307847987407037,0.014626753985622984
2024-09-09T00:00:00,AAPL,220.92,0.00090612540775638197,0.014384992598349352
2024-09-10T00:00:00,AAPL,220.01,-0.0041191381495563851,0.014174511050000111
2024-09-11T00:00:00,AAPL,222.44,0.011044952502159025,0.014065424495404598
2024-09-12T00:00:00,AAPL,222.82,0.0017083258406761169,0.013833576718338417
2024-09-13T00:00:00,AAPL,222.35,-0.0021093259132932362,0.013616239438817691
2024-09-16T00:00:00,AAPL,216.4,-0.026759613222397071,0.014281591512760585
2024-09-17T00:00:00,AAPL,216.75,0.0016173752310535781,0.01404860913209378
2024-09-18T00:00:00,AAPL,220.74,0.01840830449826994,0.014205123298582596
2024-09-19T00:00:00,AAPL,228.87,0.036830660505572141,0.015408661576001469
2024-09-20T00:00:00,AAPL,227.98,-0.003888670424258377,0.01518858095412845
2024-09-23T00:00:00,AAPL,226.4,-0.0069304324940783583,0.015016444842933196
2024-09-24T00:00:00,AAPL,227.34,0.0041519434628975163,0.014776784294339792
2024-09-25T00:00:00,AAPL,226.28,-0.0046626198645201124,0.014573827440096488
2024-09-26T00:00:00,AAPL,227.37,0.0048170408343645192,0.01434728592709796
2024-09-27T00:00:00,AAPL,227.81,0.0019351717464924912,0.014110502396663595
2024-09-30T00:00:00,AAPL,232.95,0.022562661867345533,0.014389239343092664
2024-10-01T00:00:00,AAPL,226.08,-0.029491307147456434,0.01524443489528615
2024-10-02T00:00:00,AAPL,226.74,0.0029193205944798148,0.014996247499400083
2024-10-03T00:00:00,AAPL,225.55,-0.0052483020199347169,0.014792357357850429
2024-10-04T00:00:00,AAPL,226.68,0.0050099756151629144,0.014566622081164196
2024-10-07T00:00:00,AAPL,221.76,-0.021704605611434689,0.014896097357110859
2024-10-08T00:00:00,AAPL,225.72,0.017857142857142894,0.014985999174704666
2024-10-09T00:00:00,AAPL,229.48,0.016657806131490302,0.015008911889457627
2024-10-10T00:00:00,AAPL,229.06,-0.001830224856196564,0.014772039207029219
2024-10-11T00:00:00,AAPL,227.5,-0.0068104426787741305,0.014600162941579301
2024-10-14T00:00:00,AAPL,231.37,0.01701098901098903,0.014643661143434529
2024-10-15T00:00:00,AAPL,233.74,0.010243333189263969,0.01448634366664461
2024-10-16T00:00:00,AAPL,231.7,-0.0087276461025071455,0.014372162098551302
2024-10-17T00:00:00,AAPL,232.1,0.0017263703064307541,0.014134663939491114
2024-10-18T00:00:00,AAPL,234.91,0.012106850495476098,0.014031424089491214
2024-10-21T00:00:00,AAPL,236.48,0.0066834106679153427,0.013827009561796017
2024-10-22T00:00:00,AAPL,235.85,-0.0026640730717185195,0.0136240719437876
2024-10-23T00:00:00,AAPL,230.7,-0.021835912656349401,0.014056959420679846
2024-10-24T00:00:00,AAPL,230.5,-0.00086692674469002445,0.013828918763413325
2024-10-25T00:00:00,AAPL,231.15,0.0028199566160520854,0.013604273813048169
2024-10-28T00:00:00,AAPL,233.42,0.0098204629028768413,0.013471677738298762
2024-10-29T00:00:00,AAPL,233.71,0.0012423956816040634,0.013249002177410549
2024-10-30T00:00:00,AAPL,230.04,-0.015703221941722717,0.01338458757520993
2024-10-31T00:00:00,AAPL,225.45,-0.019953051643192502,0.013679784595765666
2024-11-01T00:00:00,AAPL,222.83,-0.011621202040363612,0.013617336383663031
2024-11-04T00:00:00,AAPL,222.02,-0.0036350581160526064,0.013405755916403519
2024-11-05T00:00:00,AAPL,223.46,0.0064859021709755774,0.013241917219359493
2024-11-06T00:00:00,AAPL,222.53,-0.0041618186700080858,0.013042760174249107
2024-11-07T00:00:00,AAPL,227.46,0.022154316271963362,0.013445997934001143
2024-11-08T00:00:00,AAPL,226.93,-0.0023300800140684127,0.01323306820914936
2024-11-11T00:00:00,AAPL,224.21,-0.011986075001101656,0.01320141651496628
2024-11-12T00:00:00,AAPL,224.11,-0.0004460104366441921,0.012983383217921897
2024-11-13T00:00:00,AAPL,225.13,0.0045513363973048136,0.012795717020205318
2024-11-14T00:00:00,AAPL,228.15,0.013414471638608849,0.012809983446827485
2024-11-15T00:00:00,AAPL,224.95,-0.014025860179706407,0.012866117689494314
2024-11-18T00:00:00,AAPL,228.02,0.013647477217159466,0.012887201409410175
2024-11-19T00:00:00,AAPL,228.18,0.00070169283396191815,0.012674233654791063
2024-11-20T00:00:00,AAPL,228.89,0.0031115785783152753,0.012473586343004181
2024-11-21T00:00:00,AAPL,228.45,-0.0019223207654331677,0.012275625430194764
2024-11-22T00:00:00,AAPL,229.57,0.0049026045086452376,0.012098592351578613
2024-11-25T00:00:00,AAPL,232.85,0.014287581129938587,0.012148301459367385
2024-11-26T00:00:00,AAPL,234.94,0.0089757354520077458,0.012031126651258699
2024-11-27T00:00:00,AAPL,234.93,-4.2564058908618815e-05,0.01183488767766723
2024-11-29T00:00:00,AAPL,237.34,0.010258374835057236,0.011749841412005555
2024-12-02T00:00:00,AAPL,239.6,0.0095222044324597237,0.011642942387943597
2024-12-03T00:00:00,AAPL,242.56,0.01235392320534227,0.011604632134468008
2024-12-04T00:00:00,AAPL,242.89,0.0013604881266490109,0.011413803610427251
2024-12-05T00:00:00,AAPL,243.04,0.0006175635061139021,0.011228607182152531
2024-12-06T00:00:00,AAPL,242.74,-0.0012343647136273163,0.011059433688524805
2024-12-09T00:00:00,AAPL,246.81,0.016766911098294444,0.011194727489796816
2024-12-10T00:00:00,AAPL,247.78,0.003930148697378546,0.011012691340024866
2024-12-11T00:00:00,AAPL,246.4,-0.0055694567761723924,0.010928184970752534
2024-12-12T00:00:00,AAPL,247.98,0.0064123376623375977,0.010773171329313609
2024-12-13T00:00:00,AAPL,248.11,0.00052423582546989227,0.010600514009089401
2024-12-16T00:00:00,AAPL,251.01,0.011688364032082451,0.010559293275568898
2024-12-17T00:00:00,AAPL,253.41,0.0095613720568901873,0.010458513995790598
2024-12-18T00:00:00,AAPL,247.85,-0.021940728463754399,0.011210121773141336
2024-12-19T00:00:00,AAPL,249.82,0.0079483558603994312,0.011075258150617114
2024-12-20T00:00:00,AAPL,254.79,0.019894323913217514,0.011343110733534268
2024-12-23T00:00:00,AAPL,255.23,0.0017269123591977617,0.011157398882031603
2024-12-24T00:00:00,AAPL,258.09,0.011205579281432376,0.011076220684998164
2024-12-26T00:00:00,AAPL,259.04,0.0036808865124570715,0.010893666418652909
2024-12-27T00:00:00,AAPL,255.67,-0.013009573810994567,0.011097252058854848
2024-12-30T00:00:00,AAPL,252.05,-0.014158876676966308,0.011319764100860401
2024-12-31T00:00:00,AAPL,250.41,-0.0065066455068439385,0.011237508785960772
2025-01-02T00:00:00,AAPL,243.82,-0.026316840381773905,0.012146268104279869
2025-01-03T00:00:00,AAPL,243.36,-0.0018866376835369517,0.011955391956982555
2025-01-06T00:00:00,AAPL,244.96,0.0065746219592373199,0.011804465007772363
2025-01-07T00:00:00,AAPL,242.22,-0.011185499673416104,0.011811291391084102
2025-01-08T00:00:00,AAPL,242.64,0.0017339608620262055,0.011618068529151326
2025-01-10T00:00:00,AAPL,236.9,-0.023656445763270612,0.0122261196354203
2025-01-13T00:00:00,AAPL,234.36,-0.010721823554242263,0.012170838329344203
2025-01-14T00:00:00,AAPL,233.22,-0.004864311315924282,0.011994461667470448
2025-01-15T00:00:00,AAPL,237.8,0.019638109939113337,0.012349286993677962
2025-01-16T00:00:00,AAPL,228.19,-0.040412111017661956,0.014144149812551266
2025-01-17T00:00:00,AAPL,229.96,0.0077566939830843165,0.014006524771925421
2025-01-21T00:00:00,AAPL,222.59,-0.032049052009045072,0.014856073180206408
2025-01-22T00:00:00,AAPL,223.75,0.0052113751740868706,0.014669129297828449
2025-01-23T00:00:00,AAPL,223.61,-0.0006256983240222854,0.014428309898767947
2025-01-24T00:00:00,AAPL,222.77,-0.0037565404051697303,0.014194135039691176
2025-01-27T00:00:00,AAPL,229.85,0.0317816582125061,0.015211391583440034
2025-01-28T00:00:00,AAPL,238.23,0.036458559930389364,0.016385565783751468
2025-01-29T00:00:00,AAPL,239.06,0.0034840280401293396,0.016123892145332955
2025-01-30T00:00:00,AAPL,237.54,-0.0063582364260018837,0.015905871744091093
2025-01-31T00:00:00,AAPL,235.78,-0.0074092784373157826,0.015704522639778298
2025-02-03T00:00:00,AAPL,227.95,-0.033208923572822173,0.016561075628022729
2025-02-04T00:00:00,AAPL,232.8,0.021276595744680951,0.016772173386782066
2025-02-05T00:00:00,AAPL,232.43,-0.0015893470790378202,0.016496587058630441
2025-02-06T00:00:00,AAPL,233.18,0.0032267779546530139,0.016236461550469188
2025-02-07T00:00:00,AAPL,227.56,-0.024101552448752055,0.016534302827398505
2025-02-10T00:00:00,AAPL,227.62,0.00026366672525928228,0.016262563204402239
2025-02-11T00:00:00,AAPL,232.7,0.022317898251471679,0.016530775728469303
2025-02-12T00:00:00,AAPL,236.81,0.017662226042114371,0.016570663311681631
2025-02-13T00:00:00,AAPL,241.48,0.019720450994468085,0.016662231473891093
2025-02-14T00:00:00,AAPL,244.57,0.012796090773563043,0.016522529632168062
2025-02-18T00:00:00,AAPL,244.42,-0.00061332133949382867,0.016253485942623592
2025-02-19T00:00:00,AAPL,244.85,0.0017592668357745145,0.015984986425119526
2025-02-20T00:00:00,AAPL,245.85,0.0040841331427404533,0.015728361706452688
2025-02-21T00:00:00,AAPL,245.44,-0.0016676835468781639,0.015478497296996517
2025-02-24T00:00:00,AAPL,247.15,0.0069670795306388854,0.015256052415508359
2025-02-25T00:00:00,AAPL,247.06,-0.00036415132510622461,0.015007730903635516
2025-02-26T00:00:00,AAPL,240.38,-0.027037966485873904,0.015622278937920548
2025-02-27T00:00:00,AAPL,237.41,-0.012355437224394705,0.01553744795686136
2025-02-28T00:00:00,AAPL,241.37,0.016680005054547021,0.015567573921553517
2025-03-03T00:00:00,AAPL,238.18,-0.013216224054356372,0.015511575004304428
2025-03-04T00:00:00,AAPL,235.93,-0.0094466369972289865,0.015353226191100206
2025-03-05T00:00:00,AAPL,235.66,-0.0011444072394354691,0.015100566384570047
2025-03-06T00:00:00,AAPL,235.2,-0.0019519646948994653,0.01485448037053614
2025-03-07T00:00:00,AAPL,238.99,0.01611394557823138,0.014900100082336026
2025-03-10T00:00:00,AAPL,227.45,-0.048286539185740072,0.017057165532754884
2025-03-11T00:00:00,AAPL,220.9,-0.028797537920421997,0.017488567647753511
2025-03-12T00:00:00,AAPL,216.94,-0.017926663648709859,0.017430687844799564
2025-03-13T00:00:00,AAPL,209.69,-0.033419378630035954,0.018009084873224356
2025-03-14T00:00:00,AAPL,213.33,0.017358958462492319,0.018110423954181852
2025-03-17T00:00:00,AAPL,213.99,0.0030937983405990555,0.017844686974083184
2025-03-18T00:00:00,AAPL,212.78,-0.0056544698350390575,0.017557177249217036
2025-03-19T00:00:00,AAPL,215.25,0.011608233856565462,0.017462344740811431
2025-03-20T00:00:00,AAPL,214.09,-0.0053890824622531783,0.017181955945817839
2025-03-21T00:00:00,AAPL,218.34,0.019851464337428185,0.017368915894417466
2025-03-24T00:00:00,AAPL,220.34,0.0091600256480718137,0.017194529373916689
2025-03-25T00:00:00,AAPL,223.73,0.015385313606244832,0.017177703630459114
2025-03-26T00:00:00,AAPL,221.51,-0.0099226746524828987,0.016971699623169852
2025-03-27T00:00:00,AAPL,223.71,0.0099318315200217465,0.016809848879959094
2025-03-28T00:00:00,AAPL,217.82,-0.026328729158285345,0.017155479804596998
2025-03-31T00:00:00,AAPL,221.99,0.019144247543843616,0.017280009386195623
2025-04-01T00:00:00,AAPL,223.15,0.0052254606063336035,0.017030671046073611
2025-04-02T00:00:00,AAPL,223.82,0.0030024647098363766,0.01676277821264013
2025-04-03T00:00:00,AAPL,203.01,-0.092976498972388535,0.023382798745711243
2025-04-04T00:00:00,AAPL,188.47,-0.07162208758189248,0.026033904021922127
2025-04-07T00:00:00,AAPL,181.4,-0.037512601475035781,0.026225676350390852
2025-04-08T00:00:00,AAPL,172.76,-0.047629547960308792,0.026807780756922119
2025-04-09T00:00:00,AAPL,198.63,0.14974531141467937,0.038733202397766696
2025-04-10T00:00:00,AAPL,190.58,-0.040527614156975193,0.038681889814987248
2025-04-11T00:00:00,AAPL,197.75,0.037621996012173295,0.038780614402420185
2025-04-14T00:00:00,AAPL,202.49,0.023969658659924193,0.038444407164504112
2025-04-15T00:00:00,AAPL,202.09,-0.0019754061928984427,0.03780892127128857
2025-04-16T00:00:00,AAPL,194.25,-0.038794596466920697,0.03776485455189401
2025-04-17T00:00:00,AAPL,196.96,0.013951093951093991,0.037268922490926865
2025-04-21T00:00:00,AAPL,193.21,-0.01903939886271324,0.036770245668148974
2025-04-22T00:00:00,AAPL,199.57,0.032917550851405131,0.03674036975095013
2025-04-23T00:00:00,AAPL,204.35,0.023951495715788952,0.036433337325640226
2025-04-24T00:00:00,AAPL,208.24,0.019035967702471322,0.036014727392209456
2025-04-25T00:00:00,AAPL,209.13,0.0042739147137917134,0.035429894172024169
2025-04-28T00:00:00,AAPL,210.18,0.0050208004590446675,0.034857680653011425
2025-04-29T00:00:00,AAPL,211.19,0.0048054048910457269,0.034293230947502376
2025-04-30T00:00:00,AAPL,212.4,0.0057294379468725226,0.033742212818985748
2025-05-01T00:00:00,AAPL,213,0.00282485875706212,0.033187903431011828
2025-05-02T00:00:00,AAPL,205.3,-0.036150234741783985,0.033287337981459678
2025-05-05T00:00:00,AAPL,198.89,-0.031222601071602653,0.03318552210131355
2025-05-06T00:00:00,AAPL,198.39,-0.0025139524360199106,0.032637126595493546
2025-05-07T00:00:00,AAPL,196.23,-0.01088764554665052,0.032137666671535371
2025-05-08T00:00:00,AAPL,197.39,0.0059114304642511172,0.031640398227103531
2025-05-09T00:00:00,AAPL,198.45,0.0053700795379705273,0.031145385568423153
2025-05-12T00:00:00,AAPL,210.77,0.062081128747795526,0.03270466172732487
2025-05-13T00:00:00,AAPL,212.9,0.010105802533567373,0.032211724543658865
2025-05-14T00:00:00,AAPL,212.23,-0.0031470173790512724,0.03168667941583965
2025-05-15T00:00:00,AAPL,211.33,-0.0042406822786598374,0.031174746309857407
2025-05-16T00:00:00,AAPL,211.27,-0.00028391615009701543,0.03065966344807514
2025-05-19T00:00:00,AAPL,208.81,-0.011643868036162294,0.030229895774727039
2025-05-20T00:00:00,AAPL,206.87,-0.0092907427805181634,0.029776696994559756
2025-05-21T00:00:00,AAPL,202.12,-0.022961280030937302,0.029565127276988137
2025-05-22T00:00:00,AAPL,201.25,-0.0043043736394221483,0.0290822033497956
2025-05-23T00:00:00,AAPL,195.34,-0.029366459627329176,0.029045951261439173
2025-05-27T00:00:00,AAPL,200.17,0.024726118562506318,0.028969288645233605
2025-05-28T00:00:00,AAPL,200.43,0.0012988959384524121,0.028494025504425424
2025-05-29T00:00:00,AAPL,199.79,-0.0031931347602655031,0.028025440747013353
2025-05-30T00:00:00,AAPL,200.82,0.0051554131838430408,0.027585859305710347
2025-06-02T00:00:00,AAPL,201.68,0.004282441987849884,0.027146440313486037
2025-06-03T00:00:00,AAPL,203.25,0.0077846092820309061,0.026742454393418925
2025-06-04T00:00:00,AAPL,202.91,-0.0016728167281672985,0.026301181061652568
2025-06-05T00:00:00,AAPL,200.38,-0.012468582130008383,0.025954363772796436
2025-06-06T00:00:00,AAPL,203.86,0.01736700269487982,0.025736889394305053
2025-06-09T00:00:00,AAPL,201.38,-0.012165211419601776,0.025399939861867969
2025-06-10T00:00:00,AAPL,202.6,0.0060581984308272861,0.025010034788590981
2025-06-11T00:00:00,AAPL,198.76,-0.018953603158933876,0.024818068870851511
2025-06-12T00:00:00,AAPL,199.01,0.0012577983497685651,0.024411612592595361
2025-06-13T00:00:00,AAPL,196.27,-0.013768152354152961,0.024116338863269061
2025-06-16T00:00:00,AAPL,198.25,0.01008814388342584,0.023808422872860717
2025-06-17T00:00:00,AAPL,195.6,-0.013366960907944543,0.023518335621677829
2025-06-18T00:00:00,AAPL,196.55,0.0048568507157465083,0.023157714785845687
2025-06-20T00:00:00,AAPL,200.87,0.021979140167896174,0.023155089533439289
2025-06-23T00:00:00,AAPL,201.49,0.0030865734056852918,0.022781578466645948
2025-06-24T00:00:00,AAPL,200.27,-0.0060548910615911399,0.022427930867569022
2025-06-25T00:00:00,AAPL,201.49,0.0060917761022619404,0.02208984506172532
2025-06-26T00:00:00,AAPL,200.78,-0.0035237480768276733,0.021732058851915561
2025-06-27T00:00:00,AAPL,201.01,0.0011455324235481112,0.021374814275660566
2025-06-30T00:00:00,AAPL,205.25,0.021093477936421121,0.021373701074097546
2025-07-01T00:00:00,AAPL,207.8,0.012423873325213211,0.021133197034277362
2025-07-02T00:00:00,AAPL,212.37,0.02199230028873914,0.021133345072248687
2025-07-03T00:00:00,AAPL,213.27,0.0042378867071620552,0.020790354144898333
2025-07-07T00:00:00,AAPL,209.83,-0.016129788530970121,0.020689571169184046
2025-07-08T00:00:00,AAPL,210.03,0.00095315255206590392,0.020347573945040463
2025-07-09T00:00:00,AAPL,211.03,0.0047612245869637672,0.020023258572422629
2025-07-10T00:00:00,AAPL,212.11,0.0051177557693219567,0.019705995713402973
2025-07-11T00:00:00,AAPL,210.99,-0.0052802791004667605,0.019414706703113037
2025-07-14T00:00:00,AAPL,208.69,-0.010900990568273431,0.019211949861467896
2025-07-15T00:00:00,AAPL,208.97,0.0013417030044563761,0.018894899262517254
2025-07-16T00:00:00,AAPL,210.09,0.005359620998229433,0.018602347437646091
2025-07-17T00:00:00,AAPL,209.68,-0.0019515445761340215,0.018301234697054296
2025-07-18T00:00:00,AAPL,211.14,0.0069629912247232903,0.018034360300835574
2025-07-21T00:00:00,AAPL,212.37,0.0058255186132424846,0.017758662677921599
2025-07-22T00:00:00,AAPL,214.34,0.0092762631256768785,0.017527905215341869
2025-07-23T00:00:00,AAPL,214.01,-0.0015396099654754712,0.017245668473638173
2025-07-24T00:00:00,AAPL,213.71,-0.0014018036540347785,0.016967028820379502
2025-07-25T00:00:00,AAPL,213.96,0.0011698095550044451,0.016686565726799031
2025-07-28T00:00:00,AAPL,213.92,-0.00018695083193129774,0.016412403959301911
2025-07-29T00:00:00,AAPL,211.22,-0.012621540762901968,0.016327390744406686
2025-07-30T00:00:00,AAPL,208.87,-0.011125840356026864,0.016195549345284926
2025-07-31T00:00:00,AAPL,207.86,-0.0048355436395843866,0.015953884878324748
2025-08-01T00:00:00,AAPL,202.31,-0.026700663908399938,0.016410305692648636
2025-08-04T00:00:00,AAPL,203.17,0.0042509020809647826,0.01616456251185858
2025-08-05T00:00:00,AAPL,202.75,-0.0020672343357778585,0.015899429201195005
2025-08-06T00:00:00,AAPL,213.05,0.050801479654747281,0.018165790404902776
2025-08-07T00:00:00,AAPL,220.02,0.032715325041070165,0.018751287857876782
2025-08-08T00:00:00,AAPL,229.26,0.041996182165257613,0.019787978418053624
2025-08-11T00:00:00,AAPL,227.25,-0.0087673383930907747,0.019582197460229777
2025-08-12T00:00:00,AAPL,229.59,0.010297029702970311,0.01930359091417377
2025-08-13T00:00:00,AAPL,233.39,0.016551243521059206,0.019135415325239064
2025-08-14T00:00:00,AAPL,232.78,-0.0026136509704785347,0.01885251036276709
2025-08-15T00:00:00,AAPL,231.6,-0.0050691640175273079,0.018603567296359671
2025-08-18T00:00:00,AAPL,230.85,-0.0032383419689119173,0.018331977186658164
2025-08-19T00:00:00,AAPL,230.54,-0.0013428633311674345,0.018045347895377421
2025-08-20T00:00:00,AAPL,225.96,-0.019866400624620389,0.018207864134936139
2025-08-21T00:00:00,AAPL,224.79,-0.0051779075942645419,0.01795395431132037
2025-08-22T00:00:00,AAPL,227.76,0.013212331509408776,0.017775312488812544
2025-08-25T00:00:00,AAPL,227.16,-0.0026343519494204178,0.01750296644599587
2025-08-26T00:00:00,AAPL,229.32,0.0095087163232963397,0.017265889486354196
2025-08-27T00:00:00,AAPL,230.54,0.0053200767486481721,0.016989258830990124
2025-08-28T00:00:00,AAPL,232.6,0.0089355426390214376,0.016749855169229437
2025-08-29T00:00:00,AAPL,231.96,-0.0027515047291486947,0.016500929365706962
2025-09-02T00:00:00,AAPL,229.45,-0.010820831177789357,0.016401420928767351
2025-09-03T00:00:00,AAPL,238.3,0.038570494661146322,0.017417017533125155
2025-09-04T00:00:00,AAPL,239.66,0.0057070919009651073,0.017135102312549267
2025-09-05T00:00:00,AAPL,239.4,-0.0010848702328298044,0.016869971678385158
2025-09-08T00:00:00,AAPL,237.82,-0.0065998329156224415,0.016682761742276505
2025-09-09T00:00:00,AAPL,234.45,-0.014170380960390231,0.01668782016123117
2025-09-10T00:00:00,AAPL,226.71,-0.033013435700575737,0.017591280697566006
2025-09-11T00:00:00,AAPL,229.99,0.014467822328084341,0.017466429142975508
2025-09-12T00:00:00,AAPL,234.02,0.01752250097830341,0.017416091172973786
2025-09-15T00:00:00,AAPL,236.68,0.011366549867532674,0.017209620060649928
2025-09-16T00:00:00,AAPL,238.03,0.005703904005408122,0.016935786793879165
2025-09-17T00:00:00,AAPL,238.71,0.0028567827584758511,0.016655981495933083
2025-09-18T00:00:00,AAPL,237.88,-0.0034770223283482572,0.016415590245333275
2025-09-19T00:00:00,AAPL,245.34,0.031360349756179622,0.016967436915917455
2025-09-22T00:00:00,AAPL,256.11,0.043898263634140421,0.018214368584030347
2025-09-23T00:00:00,AAPL,254.32,-0.0069891843348561964,0.018033241440528289
2025-09-24T00:00:00,AAPL,252.14,-0.0085718779490406051,0.017882728831140438
2025-09-25T00:00:00,AAPL,256.85,0.018680098358055196,0.017789610830945522
2025-09-26T00:00:00,AAPL,255.32,-0.0059567841152424741,0.017591582688328011
2025-09-29T00:00:00,AAPL,254.28,-0.0040733197556007839,0.017360387417059055
2025-09-30T00:00:00,AAPL,254.72,0.0017303759635047889,0.017076962668085022
2025-10-01T00:00:00,AAPL,255.41,0.0027088567839195889,0.016795448657353534
2025-10-02T00:00:00,AAPL,257.3,0.0073998668807016754,0.016532096763035832
2025-10-03T00:00:00,AAPL,257.86,0.0021764477263894375,0.016261122214047404
2025-10-06T00:00:00,AAPL,256.57,-0.0050027146513612827,0.016067638447042201
2025-10-07T00:00:00,AAPL,256.4,-0.00066258720816937255,0.015818594896521616
2025-10-08T00:00:00,AAPL,257.92,0.0059282371294853307,0.015564632734828677
2025-10-09T00:00:00,AAPL,253.94,-0.015431141439206025,0.01567345380161967
2025-10-10T00:00:00,AAPL,245.04,-0.03504764905095694,0.016839637136146016
2025-10-13T00:00:00,AAPL,247.54,0.01020241593209272,0.016635358254261261
2025-10-14T00:00:00,AAPL,247.93,0.0015755029490184002,0.016360406890721015
2025-10-15T00:00:00,AAPL,249.28,0.0054450853063364429,0.016103643705541879
2025-10-16T00:00:00,AAPL,247.48,-0.007220795892169494,0.015921394401357741
2025-10-17T00:00:00,AAPL,252.27,0.01935509940197196,0.015980508218428936
2025-10-20T00:00:00,AAPL,262.22,0.039441867840012752,0.017083242342427953
2025-10-21T00:00:00,AAPL,262.76,0.0020593394859277081,0.016802526037490516
2025-10-22T00:00:00,AAPL,258.39,-0.016631146293195329,0.016909320708096382
2025-10-23T00:00:00,AAPL,259.61,0.0047215449514301146,0.016633845894394941
2025-10-24T00:00:00,AAPL,262.79,0.012249142945187037,0.016447630072837796
2025-10-27T00:00:00,AAPL,268.74,0.022641653030937205,0.016553594766866568
2025-10-28T00:00:00,AAPL,269,0.00096747785964125511,0.016287363876494116
2025-10-29T00:00:00,AAPL,269.19,0.00070631970260222202,0.016026627933144817
2025-10-30T00:00:00,AAPL,271.5,0.0085812994539173158,0.015787928352260276
2025-10-31T00:00:00,AAPL,270.64,-0.0031675874769797924,0.015575607018785922
2025-11-03T00:00:00,AAPL,268.97,-0.0061705586757314478,0.015415421394269373
2025-11-04T00:00:00,AAPL,270.06,0.0040524965609546595,0.015161484731552731
2025-11-05T00:00:00,AAPL,270.13,0.00025920165889059164,0.014920037170712578
2025-11-06T00:00:00,AAPL,269.69,-0.0016288453707474096,0.014697718723246581
2025-11-07T00:00:00,AAPL,268.43,-0.0046720308502354218,0.014518958752188459
2025-11-10T00:00:00,AAPL,269.41,0.0036508586968670349,0.014280038528681926
2025-11-11T00:00:00,AAPL,275.27,0.021751234178389652,0.014454478117246879
2025-11-12T00:00:00,AAPL,273.36,-0.0069386420605222808,0.014334647630054804
2025-11-13T00:00:00,AAPL,272.99,-0.0013535264852209707,0.01411928851681468
2025-11-14T00:00:00,AAPL,272.25,-0.0027107220044690615,0.013921764614161737
2025-11-17T00:00:00,AAPL,267.31,-0.018145087235996317,0.014192647726233255
2025-11-18T00:00:00,AAPL,267.52,0.00078560472859219457,0.013959706543324105
2025-11-19T00:00:00,AAPL,268.45,0.0034763755980861503,0.013731700269859093
2025-11-20T00:00:00,AAPL,266.2,-0.0083814490594151612,0.013632708998316303
2025-11-21T00:00:00,AAPL,271.43,0.019646882043576328,0.013791121074653202
2025-11-24T00:00:00,AAPL,275.77,0.015989389529528698,0.013785868402704191
2025-11-25T00:00:00,AAPL,276.87,0.0039888312724372585,0.013559972141332501
2025-11-26T00:00:00,AAPL,277.62,0.002708852530068263,0.013335826047606757
2025-11-28T00:00:00,AAPL,278.67,0.0037821482602118412,0.013116723732171086
2025-12-01T00:00:00,AAPL,283.07,0.015789284817167175,0.01310998766071029
2025-12-02T00:00:00,AAPL,286.12,0.010774720033913913,0.012964851040749943
2025-12-03T00:00:00,AAPL,284.17,-0.0068153222424157294,0.012883053255679481
2025-12-04T00:00:00,AAPL,280.41,-0.013231516345849282,0.013005558475280021
2025-12-05T00:00:00,AAPL,278.79,-0.0057772547341393117,0.012878226305839695
2025-12-08T00:00:00,AAPL,277.86,-0.0033358441837942781,0.012705742984702719
2025-12-09T00:00:00,AAPL,277.13,-0.0026272223421867783,0.01252472214952745
2025-12-10T00:00:00,AAPL,278.54,0.0050878649009491036,0.012330479520834697
2025-12-11T00:00:00,AAPL,277.91,-0.0022617936382566075,0.012151507636468821
2025-12-12T00:00:00,AAPL,278.28,0.0013313662696554556,0.011951112771554376
2025-12-15T00:00:00,AAPL,274.2,-0.014661492022423403,0.012124117557734522
2025-12-16T00:00:00,AAPL,274.54,0.001239970824216017,0.01192372438781142
2025-12-17T00:00:00,AAPL,272.08,-0.0089604429227072048,0.011872051777902863
2025-12-18T00:00:00,AAPL,272.5,0.0015436636283446632,0.01167618875910556
2025-12-19T00:00:00,AAPL,273.69,0.0043669724770642121,0.011498764526848696
2025-12-22T00:00:00,AAPL,270.85,-0.010376703569732087,0.011496373488203529
2025-12-23T00:00:00,AAPL,272.23,0.0050950710725493646,0.011333033600877156
2025-12-24T00:00:00,AAPL,273.78,0.0056937148734524275,0.011178783773867464
2025-12-26T00:00:00,AAPL,273.13,-0.0023741690408356246,0.011011330397936126
2025-12-29T00:00:00,AAPL,273.68,0.0020136931131695948,0.010830990321708952
2025-12-30T00:00:00,AAPL,272.93,-0.0027404267757965505,0.010672963600585599
2025-12-31T00:00:00,AAPL,271.96,-0.0035540248415345593,0.010526490446812907
2026-01-02T00:00:00,AAPL,270.8,-0.0042653331372259455,0.01039112313686056
2026-01-05T00:00:00,AAPL,267.06,-0.013810930576070935,0.010540026857494635
2026-01-06T00:00:00,AAPL,262.26,-0.017973489103572275,0.010861260910738489
2026-01-07T00:00:00,AAPL,260.29,-0.0075116296804696508,0.010755539574767284
2026-01-08T00:00:00,AAPL,259.18,-0.0042644742402705195,0.010596707022997859
2026-01-09T00:00:00,AAPL,259.35,0.00065591480824143803,0.010425060861061361
2026-01-12T00:00:00,AAPL,260.21,0.0033159822633505175,0.010279377883736937
2026-01-13T00:00:00,AAPL,260.97,0.0029207178817111097,0.010129976077123685
2026-01-14T00:00:00,AAPL,259.79,-0.0045215925202130771,0.0099880245496789602
2026-01-15T00:00:00,AAPL,258,-0.0068901805304285016,0.0098860232228730333
2026-01-16T00:00:00,AAPL,255.43,-0.0099612403100774929,0.0098583175019819735
2026-01-20T00:00:00,AAPL,246.37,-0.035469600281877629,0.011485421906089416
2026-01-21T00:00:00,AAPL,247.55,0.0047895441815156339,0.011367203677182807
2026-01-22T00:00:00,AAPL,248.25,0.0028277115734194652,0.011213890944765534
2026-01-23T00:00:00,AAPL,247.93,-0.0012890231621349171,0.011029092616245267
2026-01-26T00:00:00,AAPL,255.5,0.030532811680716303,0.01231090628744839
2026-01-27T00:00:00,AAPL,258.19,0.010528375733855178,0.012277987350058889
2026-01-28T00:00:00,AAPL,256.45,-0.0067392230527906155,0.012127629053866539
2026-01-29T00:00:00,AAPL,258.13,0.0065509845973874322,0.011997297423984584
2026-01-30T00:00:00,AAPL,259.37,0.004803781040560993,0.011836298766580189
2026-02-02T00:00:00,AAPL,269.9,0.040598372980683861,0.013759625431910861
2026-02-03T00:00:00,AAPL,269.46,-0.0016302334197850973,0.013540960006174444
2026-02-04T00:00:00,AAPL,276.54,0.026274771765753883,0.014069605723384709
2026-02-05T00:00:00,AAPL,276.04,-0.0018080567006581326,0.013852405192809088
2026-02-06T00:00:00,AAPL,278.22,0.0078974061730184269,0.013668725036916275
2026-02-09T00:00:00,AAPL,274.73,-0.01254402990439224,0.013691041689572159
2026-02-10T00:00:00,AAPL,273.72,-0.0036763367670075743,0.01349597642692079
2026-02-11T00:00:00,AAPL,275.59,0.0068317989186027599,0.013310451135064861
2026-02-12T00:00:00,AAPL,261.72,-0.05032838637105827,0.016056741772203766
2026-02-13T00:00:00,AAPL,255.69,-0.023039889958734638,0.016313140373447856
2026-02-17T00:00:00,AAPL,263.69,0.031287887676483245,0.017058829266078396
2026-02-18T00:00:00,AAPL,264.22,0.0020099359095909195,0.016780487663161293
2026-02-19T00:00:00,AAPL,260.32,-0.014760426916963264,0.01671825791522873
2026-02-20T00:00:00,AAPL,264.29,0.015250460971112581,0.016679208942278919
