timestamp,asset_id,macd_8_24,macd_16_28,macd_32_96
2020-09-22T00:00:00,AVAUSD,,,
2020-09-23T00:00:00,AVAUSD,,,
2020-09-24T00:00:00,AVAUSD,,,
2020-09-25T00:00:00,AVAUSD,,,
2020-09-26T00:00:00,AVAUSD,,,
2020-09-27T00:00:00,AVAUSD,,,
2020-09-28T00:00:00,AVAUSD,,,
2020-09-29T00:00:00,AVAUSD,,,
2020-09-30T00:00:00,AVAUSD,,,
2020-10-01T00:00:00,AVAUSD,,,
2020-10-02T00:00:00,AVAUSD,,,
2020-10-03T00:00:00,AVAUSD,,,
2020-10-04T00:00:00,AVAUSD,,,
2020-10-05T00:00:00,AVAUSD,,,
2020-10-06T00:00:00,AVAUSD,,,
2020-10-07T00:00:00,AVAUSD,,,
2020-10-08T00:00:00,AVAUSD,,,
2020-10-09T00:00:00,AVAUSD,,,
2020-10-10T00:00:00,AVAUSD,,,
2020-10-11T00:00:00,AVAUSD,,,
2020-10-12T00:00:00,AVAUSD,,,
2020-10-13T00:00:00,AVAUSD,,,
2020-10-14T00:00:00,AVAUSD,,,
2020-10-15T00:00:00,AVAUSD,,,
2020-10-16T00:00:00,AVAUSD,,,
2020-10-17T00:00:00,AVAUSD,,,
2020-10-18T00:00:00,AVAUSD,,,
2020-10-19T00:00:00,AVAUSD,,,
2020-10-20T00:00:00,AVAUSD,,,
2020-10-21T00:00:00,AVAUSD,,,
2020-10-22T00:00:00,AVAUSD,,,
2020-10-23T00:00:00,AVAUSD,,,
2020-10-24T00:00:00,AVAUSD,,,
2020-10-25T00:00:00,AVAUSD,,,
2020-10-26T00:00:00,AVAUSD,,,
2020-10-27T00:00:00,AVAUSD,,,
2020-10-28T00:00:00,AVAUSD,,,
2020-10-29T00:00:00,AVAUSD,,,
2020-10-30T00:00:00,AVAUSD,,,
2020-10-31T00:00:00,AVAUSD,,,
2020-11-01T00:00:00,AVAUSD,,,
2020-11-02T00:00:00,AVAUSD,,,
2020-11-03T00:00:00,AVAUSD,,,
2020-11-04T00:00:00,AVAUSD,,,
2020-11-05T00:00:00,AVAUSD,,,
2020-11-06T00:00:00,AVAUSD,,,
2020-11-07T00:00:00,AVAUSD,,,
2020-11-08T00:00:00,AVAUSD,,,
2020-11-09T00:00:00,AVAUSD,,,
2020-11-10T00:00:00,AVAUSD,,,
2020-11-11T00:00:00,AVAUSD,,,
2020-11-12T00:00:00,AVAUSD,,,
2020-11-13T00:00:00,AVAUSD,,,
2020-11-14T00:00:00,AVAUSD,,,
2020-11-15T00:00:00,AVAUSD,,,
2020-11-16T00:00:00,AVAUSD,,,
2020-11-17T00:00:00,AVAUSD,,,
2020-11-18T00:00:00,AVAUSD,,,
2020-11-19T00:00:00,AVAUSD,,,
2020-11-20T00:00:00,AVAUSD,,,
2020-11-21T00:00:00,AVAUSD,,,
2020-11-22T00:00:00,AVAUSD,,,
2020-11-23T00:00:00,AVAUSD,,,
2020-11-24T00:00:00,AVAUSD,,,
2020-11-25T00:00:00,AVAUSD,,,
2020-11-26T00:00:00,AVAUSD,,,
2020-11-27T00:00:00,AVAUSD,,,
2020-11-28T00:00:00,AVAUSD,,,
2020-11-29T00:00:00,AVAUSD,,,
2020-11-30T00:00:00,AVAUSD,,,
2020-12-01T00:00:00,AVAUSD,,,
2020-12-02T00:00:00,AVAUSD,,,
2020-12-03T00:00:00,AVAUSD,,,
2020-12-04T00:00:00,AVAUSD,,,
2020-12-05T00:00:00,AVAUSD,,,
2020-12-06T00:00:00,AVAUSD,,,
2020-12-07T00:00:00,AVAUSD,,,
2020-12-08T00:00:00,AVAUSD,,,
2020-12-09T00:00:00,AVAUSD,,,
2020-12-10T00:00:00,AVAUSD,,,
2020-12-11T00:00:00,AVAUSD,,,
2020-12-12T00:00:00,AVAUSD,,,
2020-12-13T00:00:00,AVAUSD,,,
2020-12-14T00:00:00,AVAUSD,,,
2020-12-15T00:00:00,AVAUSD,,,
2020-12-16T00:00:00,AVAUSD,,,
2020-12-17T00:00:00,AVAUSD,,,
2020-12-18T00:00:00,AVAUSD,,,
2020-12-19T00:00:00,AVAUSD,,,
2020-12-20T00:00:00,AVAUSD,,,
2020-12-21T00:00:00,AVAUSD,,,
2020-12-22T00:00:00,AVAUSD,,,
2020-12-23T00:00:00,AVAUSD,,,
2020-12-24T00:00:00,AVAUSD,,,
2020-12-25T00:00:00,AVAUSD,,,
2020-12-26T00:00:00,AVAUSD,,,
2020-12-27T00:00:00,AVAUSD,,,
2020-12-28T00:00:00,AVAUSD,,,
2020-12-29T00:00:00,AVAUSD,,,
2020-12-30T00:00:00,AVAUSD,,,
2020-12-31T00:00:00,AVAUSD,,,
2021-01-01T00:00:00,AVAUSD,,,
2021-01-02T00:00:00,AVAUSD,,,
2021-01-03T00:00:00,AVAUSD,,,
2021-01-04T00:00:00,AVAUSD,,,
2021-01-05T00:00:00,AVAUSD,,,
2021-01-06T00:00:00,AVAUSD,,,
2021-01-07T00:00:00,AVAUSD,,,
2021-01-08T00:00:00,AVAUSD,,,
2021-01-09T00:00:00,AVAUSD,,,
2021-01-10T00:00:00,AVAUSD,,,
2021-01-11T00:00:00,AVAUSD,,,
2021-01-12T00:00:00,AVAUSD,,,
2021-01-13T00:00:00,AVAUSD,,,
2021-01-14T00:00:00,AVAUSD,,,
2021-01-15T00:00:00,AVAUSD,,,
2021-01-16T00:00:00,AVAUSD,,,
2021-01-17T00:00:00,AVAUSD,,,
2021-01-18T00:00:00,AVAUSD,,,
2021-01-19T00:00:00,AVAUSD,,,
2021-01-20T00:00:00,AVAUSD,,,
2021-01-21T00:00:00,AVAUSD,,,
2021-01-22T00:00:00,AVAUSD,,,
2021-01-23T00:00:00,AVAUSD,,,
2021-01-24T00:00:00,AVAUSD,,,
2021-01-25T00:00:00,AVAUSD,,,
2021-01-26T00:00:00,AVAUSD,,,
2021-01-27T00:00:00,AVAUSD,,,
2021-01-28T00:00:00,AVAUSD,,,
2021-01-29T00:00:00,AVAUSD,,,
2021-01-30T00:00:00,AVAUSD,,,
2021-01-31T00:00:00,AVAUSD,,,
2021-02-01T00:00:00,AVAUSD,,,
2021-02-02T00:00:00,AVAUSD,,,
2021-02-03T00:00:00,AVAUSD,,,
2021-02-04T00:00:00,AVAUSD,,,
2021-02-05T00:00:00,AVAUSD,,,
2021-02-06T00:00:00,AVAUSD,,,
2021-02-07T00:00:00,AVAUSD,,,
2021-02-08T00:00:00,AVAUSD,,,
2021-02-09T00:00:00,AVAUSD,,,
2021-02-10T00:00:00,AVAUSD,,,
2021-02-11T00:00:00,AVAUSD,,,
2021-02-12T00:00:00,AVAUSD,,,
2021-02-13T00:00:00,AVAUSD,,,
2021-02-14T00:00:00,AVAUSD,,,
2021-02-15T00:00:00,AVAUSD,,,
2021-02-16T00:00:00,AVAUSD,,,
2021-02-17T00:00:00,AVAUSD,,,
2021-02-18T00:00:00,AVAUSD,,,
2021-02-19T00:00:00,AVAUSD,,,
2021-02-20T00:00:00,AVAUSD,,,
2021-02-21T00:00:00,AVAUSD,,,
2021-02-22T00:00:00,AVAUSD,,,
2021-02-23T00:00:00,AVAUSD,,,
2021-02-24T00:00:00,AVAUSD,,,
2021-02-25T00:00:00,AVAUSD,,,
2021-02-26T00:00:00,AVAUSD,,,
2021-02-27T00:00:00,AVAUSD,,,
2021-02-28T00:00:00,AVAUSD,,,
2021-03-01T00:00:00,AVAUSD,,,
2021-03-02T00:00:00,AVAUSD,,,
2021-03-03T00:00:00,AVAUSD,,,
2021-03-04T00:00:00,AVAUSD,,,
2021-03-05T00:00:00,AVAUSD,,,
2021-03-06T00:00:00,AVAUSD,,,
2021-03-07T00:00:00,AVAUSD,,,
2021-03-08T00:00:00,AVAUSD,,,
2021-03-09T00:00:00,AVAUSD,,,
2021-03-10T00:00:00,AVAUSD,,,
2021-03-11T00:00:00,AVAUSD,,,
2021-03-12T00:00:00,AVAUSD,,,
2021-03-13T00:00:00,AVAUSD,,,
2021-03-14T00:00:00,AVAUSD,,,
2021-03-15T00:00:00,AVAUSD,,,
2021-03-16T00:00:00,AVAUSD,,,
2021-03-17T00:00:00,AVAUSD,,,
2021-03-18T00:00:00,AVAUSD,,,
2021-03-19T00:00:00,AVAUSD,,,
2021-03-20T00:00:00,AVAUSD,,,
2021-03-21T00:00:00,AVAUSD,,,
2021-03-22T00:00:00,AVAUSD,,,
2021-03-23T00:00:00,AVAUSD,,,
2021-03-24T00:00:00,AVAUSD,,,
2021-03-25T00:00:00,AVAUSD,,,
2021-03-26T00:00:00,AVAUSD,,,
2021-03-27T00:00:00,AVAUSD,,,
2021-03-28T00:00:00,AVAUSD,,,
2021-03-29T00:00:00,AVAUSD,,,
2021-03-30T00:00:00,AVAUSD,,,
2021-03-31T00:00:00,AVAUSD,,,
2021-04-01T00:00:00,AVAUSD,,,
2021-04-02T00:00:00,AVAUSD,,,
2021-04-03T00:00:00,AVAUSD,,,
2021-04-04T00:00:00,AVAUSD,,,
2021-04-05T00:00:00,AVAUSD,,,
2021-04-06T00:00:00,AVAUSD,,,
2021-04-07T00:00:00,AVAUSD,,,
2021-04-08T00:00:00,AVAUSD,,,
2021-04-09T00:00:00,AVAUSD,,,
2021-04-10T00:00:00,AVAUSD,,,
2021-04-11T00:00:00,AVAUSD,,,
2021-04-12T00:00:00,AVAUSD,,,
2021-04-13T00:00:00,AVAUSD,,,
2021-04-14T00:00:00,AVAUSD,,,
2021-04-15T00:00:00,AVAUSD,,,
2021-04-16T00:00:00,AVAUSD,,,
2021-04-17T00:00:00,AVAUSD,,,
2021-04-18T00:00:00,AVAUSD,,,
2021-04-19T00:00:00,AVAUSD,,,
2021-04-20T00:00:00,AVAUSD,,,
2021-04-21T00:00:00,AVAUSD,,,
2021-04-22T00:00:00,AVAUSD,,,
2021-04-23T00:00:00,AVAUSD,,,
2021-04-24T00:00:00,AVAUSD,,,
2021-04-25T00:00:00,AVAUSD,,,
2021-04-26T00:00:00,AVAUSD,,,
2021-04-27T00:00:00,AVAUSD,,,
2021-04-28T00:00:00,AVAUSD,,,
2021-04-29T00:00:00,AVAUSD,,,
2021-04-30T00:00:00,AVAUSD,,,
2021-05-01T00:00:00,AVAUSD,,,
2021-05-02T00:00:00,AVAUSD,,,
2021-05-03T00:00:00,AVAUSD,,,
2021-05-04T00:00:00,AVAUSD,,,
2021-05-05T00:00:00,AVAUSD,,,
2021-05-06T00:00:00,AVAUSD,,,
2021-05-07T00:00:00,AVAUSD,,,
2021-05-08T00:00:00,AVAUSD,,,
2021-05-09T00:00:00,AVAUSD,,,
2021-05-10T00:00:00,AVAUSD,,,
2021-05-11T00:00:00,AVAUSD,,,
2021-05-12T00:00:00,AVAUSD,,,
2021-05-13T00:00:00,AVAUSD,,,
2021-05-14T00:00:00,AVAUSD,,,
2021-05-15T00:00:00,AVAUSD,,,
2021-05-16T00:00:00,AVAUSD,,,
2021-05-17T00:00:00,AVAUSD,,,
2021-05-18T00:00:00,AVAUSD,,,
2021-05-19T00:00:00,AVAUSD,,,
2021-05-20T00:00:00,AVAUSD,,,
2021-05-21T00:00:00,AVAUSD,,,
2021-05-22T00:00:00,AVAUSD,,,
2021-05-23T00:00:00,AVAUSD,,,
2021-05-24T00:00:00,AVAUSD,,,
2021-05-25T00:00:00,AVAUSD,,,
2021-05-26T00:00:00,AVAUSD,,,
2021-05-27T00:00:00,AVAUSD,,,
2021-05-28T00:00:00,AVAUSD,,,
2021-05-29T00:00:00,AVAUSD,,,
2021-05-30T00:00:00,AVAUSD,,,
2021-05-31T00:00:00,AVAUSD,,,
2021-06-01T00:00:00,AVAUSD,,,
2021-06-02T00:00:00,AVAUSD,,,
2021-06-03T00:00:00,AVAUSD,,,
2021-06-04T00:00:00,AVAUSD,,,
2021-06-05T00:00:00,AVAUSD,,,
2021-06-06T00:00:00,AVAUSD,,,
2021-06-07T00:00:00,AVAUSD,,,
2021-06-08T00:00:00,AVAUSD,,,
2021-06-09T00:00:00,AVAUSD,,,
2021-06-10T00:00:00,AVAUSD,,,
2021-06-11T00:00:00,AVAUSD,,,
2021-06-12T00:00:00,AVAUSD,,,
2021-06-13T00:00:00,AVAUSD,,,
2021-06-14T00:00:00,AVAUSD,,,
2021-06-15T00:00:00,AVAUSD,,,
2021-06-16T00:00:00,AVAUSD,,,
2021-06-17T00:00:00,AVAUSD,,,
2021-06-18T00:00:00,AVAUSD,,,
2021-06-19T00:00:00,AVAUSD,,,
2021-06-20T00:00:00,AVAUSD,,,
2021-06-21T00:00:00,AVAUSD,,,
2021-06-22T00:00:00,AVAUSD,,,
2021-06-23T00:00:00,AVAUSD,,,
2021-06-24T00:00:00,AVAUSD,,,
2021-06-25T00:00:00,AVAUSD,,,
2021-06-26T00:00:00,AVAUSD,,,
2021-06-27T00:00:00,AVAUSD,,,
2021-06-28T00:00:00,AVAUSD,,,
2021-06-29T00:00:00,AVAUSD,,,
2021-06-30T00:00:00,AVAUSD,,,
2021-07-01T00:00:00,AVAUSD,,,
2021-07-02T00:00:00,AVAUSD,,,
2021-07-03T00:00:00,AVAUSD,,,
2021-07-04T00:00:00,AVAUSD,,,
2021-07-05T00:00:00,AVAUSD,,,
2021-07-06T00:00:00,AVAUSD,,,
2021-07-07T00:00:00,AVAUSD,,,
2021-07-08T00:00:00,AVAUSD,,,
2021-07-09T00:00:00,AVAUSD,,,
2021-07-10T00:00:00,AVAUSD,,,
2021-07-11T00:00:00,AVAUSD,,,
2021-07-12T00:00:00,AVAUSD,,,
2021-07-13T00:00:00,AVAUSD,,,
2021-07-14T00:00:00,AVAUSD,,,
2021-07-15T00:00:00,AVAUSD,,,
2021-07-16T00:00:00,AVAUSD,,,
2021-07-17T00:00:00,AVAUSD,,,
2021-07-18T00:00:00,AVAUSD,,,
2021-07-19T00:00:00,AVAUSD,,,
2021-07-20T00:00:00,AVAUSD,,,
2021-07-21T00:00:00,AVAUSD,,,
2021-07-22T00:00:00,AVAUSD,,,
2021-07-23T00:00:00,AVAUSD,,,
2021-07-24T00:00:00,AVAUSD,,,
2021-07-25T00:00:00,AVAUSD,,,
2021-07-26T00:00:00,AVAUSD,,,
2021-07-27T00:00:00,AVAUSD,,,
2021-07-28T00:00:00,AVAUSD,,,
2021-07-29T00:00:00,AVAUSD,,,
2021-07-30T00:00:00,AVAUSD,,,
2021-07-31T00:00:00,AVAUSD,,,
2021-08-01T00:00:00,AVAUSD,-0.70186807035958787,-1.5967943141867313,-1.0914781152560449
2021-08-02T00:00:00,AVAUSD,-0.64744935972898976,-1.5772137700555779,-1.1346528428857505
2021-08-03T00:00:00,AVAUSD,-0.62155406248234712,-1.5677141458061779,-1.1801931926697582
2021-08-04T00:00:00,AVAUSD,-0.53957902344967856,-1.5565348150999925,-1.245536824332639
2021-08-05T00:00:00,AVAUSD,-0.47941518607827788,-1.632882822067357,-1.391934886141216
2021-08-06T00:00:00,AVAUSD,-0.32629456446191485,-1.5968896854641914,-1.4731394382834944
2021-08-07T00:00:00,AVAUSD,-0.084350641189474496,-1.4557599125773979,-1.4880554530476053
2021-08-08T00:00:00,AVAUSD,0.048944350127247849,-1.3982468712842355,-1.5524570452381108
2021-08-09T00:00:00,AVAUSD,0.2753312407787552,-1.192153487574787,-1.495034094210238
2021-08-10T00:00:00,AVAUSD,0.47000209224654754,-0.97983463920692582,-1.4130985015738962
2021-08-11T00:00:00,AVAUSD,0.64074376442196512,-0.78843981469129809,-1.3412291346721024
2021-08-12T00:00:00,AVAUSD,0.75391955235626751,-0.61718640349466591,-1.2608413198825434
2021-08-13T00:00:00,AVAUSD,0.906835331234776,-0.40171191469336348,-1.1340288636421318
2021-08-14T00:00:00,AVAUSD,1.0098980530779975,-0.22973665620829242,-1.0314408061203362
2021-08-15T00:00:00,AVAUSD,1.1116112137558321,-0.066409929240606499,-0.93219452812507331
2021-08-16T00:00:00,AVAUSD,1.1894297176829953,0.074767334925444753,-0.84361470562513952
2021-08-17T00:00:00,AVAUSD,1.3386913868540269,0.28331852953182307,-0.67114977212620641
2021-08-18T00:00:00,AVAUSD,1.4823323505717372,0.50204862404460882,-0.44439311556163058
2021-08-19T00:00:00,AVAUSD,1.5720062482196884,0.64656691453806803,-0.31045954184456004
2021-08-20T00:00:00,AVAUSD,1.6445722023022458,0.77210885141683316,-0.16872182523737683
2021-08-21T00:00:00,AVAUSD,1.6975265136407507,0.86747328338581142,-0.066989790103764185
2021-08-22T00:00:00,AVAUSD,1.7263571294850673,0.93969136018226596,-0.00028685686528512555
2021-08-23T00:00:00,AVAUSD,1.7457073461420125,0.99985767754325228,0.05451062245670904
2021-08-24T00:00:00,AVAUSD,1.7692895975791594,1.0521293905862108,0.10768139019591656
2021-08-25T00:00:00,AVAUSD,1.7411649281444586,1.0846901427632258,0.14103235039877607
2021-08-26T00:00:00,AVAUSD,1.6780307497194551,1.0983232674933392,0.16568125843856216
2021-08-27T00:00:00,AVAUSD,1.6654514527355282,1.1263556577462108,0.19561939960342395
2021-08-28T00:00:00,AVAUSD,1.6414902649144849,1.1472038837545835,0.22236554913930931
2021-08-29T00:00:00,AVAUSD,1.5948585777066382,1.1565635041296052,0.24493040915076517
2021-08-30T00:00:00,AVAUSD,1.5096646650782555,1.1468705712083263,0.26162707250812761
2021-08-31T00:00:00,AVAUSD,1.4180118745315387,1.1298406042356632,0.27591309076435477
2021-09-01T00:00:00,AVAUSD,1.356447480134825,1.1216745787534916,0.29192940702386866
2021-09-02T00:00:00,AVAUSD,1.3333828341074174,1.126984575905106,0.31098424141000203
2021-09-03T00:00:00,AVAUSD,1.2959107406898902,1.125397403354244,0.32828153921173125
2021-09-04T00:00:00,AVAUSD,1.266762490437229,1.1254688334045106,0.34576631339701958
2021-09-05T00:00:00,AVAUSD,1.241811738147649,1.1256715441180198,0.36309741266500856
2021-09-06T00:00:00,AVAUSD,1.2080858883403001,1.121619775771165,0.37955775238137573
2021-09-07T00:00:00,AVAUSD,1.1085709548697844,1.0868478148555678,0.38899780723161154
2021-09-08T00:00:00,AVAUSD,1.0140476431013774,1.0512519111791399,0.39794877173208848
2021-09-09T00:00:00,AVAUSD,0.95903432473833405,1.0315539871549171,0.41051697646815399
2021-09-10T00:00:00,AVAUSD,0.96976754007542021,1.0385482048537562,0.4286832861973171
2021-09-11T00:00:00,AVAUSD,1.0239352780873865,1.0631568075939313,0.45019781162862937
2021-09-12T00:00:00,AVAUSD,1.0722335355916994,1.0865129806393714,0.47183243901435568
2021-09-13T00:00:00,AVAUSD,1.0666670987179188,1.0900216974156911,0.49108353483874473
2021-09-14T00:00:00,AVAUSD,1.0447552908068067,1.0857121754604615,0.50891944002604927
2021-09-15T00:00:00,AVAUSD,1.0606157385780148,1.0954611702452481,0.52854769465724194
2021-09-16T00:00:00,AVAUSD,1.0990574541371783,1.1138957956886355,0.54898184926855498
2021-09-17T00:00:00,AVAUSD,1.138431336971957,1.1329705302043849,0.56827756719945233
2021-09-18T00:00:00,AVAUSD,1.1801144948092741,1.1529916094570065,0.58603746634410236
2021-09-19T00:00:00,AVAUSD,1.2248982279540643,1.1746721764119628,0.6033112695256253
2021-09-20T00:00:00,AVAUSD,1.1872044646806146,1.1662845077837598,0.61804801409731114
2021-09-21T00:00:00,AVAUSD,1.1418892444059785,1.1540535259076461,0.63224824943873881
2021-09-22T00:00:00,AVAUSD,1.1711641333654139,1.1698957789027884,0.64903654816956358
2021-09-23T00:00:00,AVAUSD,1.2083364046988356,1.1887723602329718,0.66544470705550018
2021-09-24T00:00:00,AVAUSD,1.2291033679494656,1.2024220546389086,0.68157047896452738
2021-09-25T00:00:00,AVAUSD,1.2147400989149131,1.2034083489341452,0.69711636882247985
2021-09-26T00:00:00,AVAUSD,1.1936896151345655,1.2015018118607712,0.71259630613012359
2021-09-27T00:00:00,AVAUSD,1.1689060620102503,1.1977656883645318,0.72813905734495021
2021-09-28T00:00:00,AVAUSD,1.1238573713016888,1.1851866930111297,0.74273617312940599
2021-09-29T00:00:00,AVAUSD,1.0808594717248865,1.1725541106478956,0.75756304203451552
2021-09-30T00:00:00,AVAUSD,1.0530710552896396,1.1657914587889253,0.77370952312262642
2021-10-01T00:00:00,AVAUSD,1.0434459109567311,1.1659971916749496,0.79092648217761519
2021-10-02T00:00:00,AVAUSD,1.0499379309452532,1.1726011430875896,0.80898194351238528
2021-10-03T00:00:00,AVAUSD,1.0402156852529236,1.1744982539624649,0.82827159444581577
2021-10-04T00:00:00,AVAUSD,1.0099115499807179,1.1685894100674485,0.8477850405477616
2021-10-05T00:00:00,AVAUSD,0.97719518375119974,1.1624856957527288,0.86910135148614565
2021-10-06T00:00:00,AVAUSD,0.91439987913206255,1.1424746321824448,0.88864978881155476
2021-10-07T00:00:00,AVAUSD,0.86414999478683507,1.1275599792880329,0.91062693779892423
2021-10-08T00:00:00,AVAUSD,0.81794678690417644,1.1135941589896929,0.93371486610093546
2021-10-09T00:00:00,AVAUSD,0.77742456095461343,1.1012656209317833,0.95791449502637782
2021-10-10T00:00:00,AVAUSD,0.72539333204863021,1.086026063816534,0.98555000096736467
2021-10-11T00:00:00,AVAUSD,0.64448788456101125,1.0560080712713578,1.010862073060196
2021-10-12T00:00:00,AVAUSD,0.57261896779721366,1.0299919529764903,1.0399135880417285
2021-10-13T00:00:00,AVAUSD,0.51427210128997636,1.0109185387345923,1.0742306204433423
2021-10-14T00:00:00,AVAUSD,0.47462472497718883,1.0030407419205305,1.1167647112770385
2021-10-15T00:00:00,AVAUSD,0.44354352123911256,0.99959006624471802,1.1635834573216226
2021-10-16T00:00:00,AVAUSD,0.44459262466040106,1.015804209565474,1.2231342436279691
2021-10-17T00:00:00,AVAUSD,0.39945463909845702,1.0150561128726885,1.2874265941712
2021-10-18T00:00:00,AVAUSD,0.37480466394174367,1.0308141359229075,1.3691389665707596
2021-10-19T00:00:00,AVAUSD,0.35628619311208271,1.0438233393945113,1.4473087111611973
2021-10-20T00:00:00,AVAUSD,0.38964947714102888,1.0651746534211655,1.5088007252219315
2021-10-21T00:00:00,AVAUSD,0.42042193038038916,1.0896160086635913,1.5777213850304617
2021-10-22T00:00:00,AVAUSD,0.51186843109697644,1.1184996089667645,1.6113684081347954
2021-10-23T00:00:00,AVAUSD,0.59239472852917852,1.1361897015648388,1.6281850332847796
2021-10-24T00:00:00,AVAUSD,0.64057785109521892,1.1444823272033353,1.6470497810505094
2021-10-25T00:00:00,AVAUSD,0.72057477310377049,1.1627602000487205,1.6566551756444861
2021-10-26T00:00:00,AVAUSD,0.82335497147585646,1.182980813565252,1.6463880618621016
2021-10-27T00:00:00,AVAUSD,0.7983275263757641,1.1650373356298425,1.6569956447158991
2021-10-28T00:00:00,AVAUSD,0.76218058444174075,1.1526180217752526,1.6882943020215539
2021-10-29T00:00:00,AVAUSD,0.73223457332851161,1.1268065986722451,1.689216306084464
2021-10-30T00:00:00,AVAUSD,0.65413598544721996,1.0789902987192921,1.6857065647132763
2021-10-31T00:00:00,AVAUSD,0.61568984848094543,1.051987543012912,1.6942476381072029
2021-11-01T00:00:00,AVAUSD,0.60162548566187712,1.0493790427790117,1.7347326475293976
2021-11-02T00:00:00,AVAUSD,0.64059579147668144,1.0784089061219992,1.7980322216212448
2021-11-03T00:00:00,AVAUSD,0.79720310112790738,1.1475877374180117,1.8413439090001666
2021-11-04T00:00:00,AVAUSD,0.9594514168980911,1.2075486029897482,1.8491080260629396
2021-11-05T00:00:00,AVAUSD,1.0596548494935831,1.2552010944742202,1.876857118996301
2021-11-06T00:00:00,AVAUSD,1.2032121797924031,1.3154267386063054,1.8861356573516666
2021-11-07T00:00:00,AVAUSD,1.4356463614633321,1.3908516011586873,1.8356682875057591
2021-11-08T00:00:00,AVAUSD,1.6329554747599926,1.4586746159873729,1.7850025047879332
2021-11-09T00:00:00,AVAUSD,1.8207036876010372,1.5648316702439784,1.8170996962824069
2021-11-10T00:00:00,AVAUSD,1.9506670535904351,1.6712662220049823,1.8938711526003507
2021-11-11T00:00:00,AVAUSD,2.0697649103872742,1.7539931541750569,1.9252252590275869
2021-11-12T00:00:00,AVAUSD,2.07217378706035,1.772958053547685,1.9210965720350384
2021-11-13T00:00:00,AVAUSD,2.1087843481007491,1.7532435764485781,1.8100749887164542
2021-11-14T00:00:00,AVAUSD,2.0813929981727495,1.7347978849112378,1.7539813504259862
2021-11-15T00:00:00,AVAUSD,2.0607428397165015,1.7302317554949378,1.7231757625328297
2021-11-16T00:00:00,AVAUSD,2.0440697098745977,1.7299226203279319,1.7004965787738171
2021-11-17T00:00:00,AVAUSD,2.05417847458807,1.7059335299410354,1.6148017723003742
2021-11-18T00:00:00,AVAUSD,2.0210888995386305,1.6788940078041736,1.5563143333106559
2021-11-19T00:00:00,AVAUSD,1.9967102785524162,1.6501230603369736,1.4909147026935601
2021-11-20T00:00:00,AVAUSD,2.0082246898407439,1.6049568973829871,1.3721204938474463
2021-11-21T00:00:00,AVAUSD,2.0049468013516316,1.5691374635929227,1.2791764230880385
2021-11-22T00:00:00,AVAUSD,2.0005740979425242,1.5443921312255975,1.2065809049954226
2021-11-23T00:00:00,AVAUSD,1.9612604579242328,1.5295325742981996,1.1747296964995435
2021-11-24T00:00:00,AVAUSD,1.8727081108739563,1.5012359185195745,1.1569715826707205
2021-11-25T00:00:00,AVAUSD,1.7867263302828107,1.4718800222641535,1.14156454464305
2021-11-26T00:00:00,AVAUSD,1.6709586412311757,1.4317875332847541,1.1328231058351004
2021-11-27T00:00:00,AVAUSD,1.5708500278359743,1.3950628460804047,1.125384401741361
2021-11-28T00:00:00,AVAUSD,1.4627139775414155,1.3534197095778364,1.1199453200623473
2021-11-29T00:00:00,AVAUSD,1.4061354329201807,1.3278016423625707,1.1123180372088364
2021-11-30T00:00:00,AVAUSD,1.369897428571458,1.309336084109801,1.1053548285188235
2021-12-01T00:00:00,AVAUSD,1.3284843277609901,1.289147850731434,1.1001088961142604
2021-12-02T00:00:00,AVAUSD,1.2536610561099486,1.2560516526717014,1.0968937386737445
2021-12-03T00:00:00,AVAUSD,1.1544626236450679,1.2110932044454006,1.0931893121798795
2021-12-04T00:00:00,AVAUSD,0.99736788947682264,1.1376931395247036,1.0850287147529862
2021-12-05T00:00:00,AVAUSD,0.81984277949143136,1.0502201116918253,1.0732447025779348
2021-12-06T00:00:00,AVAUSD,0.69443947668505457,0.9832126714916094,1.0663365230172965
2021-12-07T00:00:00,AVAUSD,0.58586792874138138,0.92116435718021084,1.0602130913978904
2021-12-08T00:00:00,AVAUSD,0.49991180654392614,0.86889218216167963,1.0580003071296846
2021-12-09T00:00:00,AVAUSD,0.38628325647934569,0.80110755940216427,1.0510996324393147
2021-12-10T00:00:00,AVAUSD,0.29067491400420792,0.73933689255356061,1.0451669333980791
2021-12-11T00:00:00,AVAUSD,0.20112481512017819,0.67826033797625196,1.0386445611918105
2021-12-12T00:00:00,AVAUSD,0.1515753209140403,0.6358879762023627,1.0381688324052649
2021-12-13T00:00:00,AVAUSD,0.05210750950496866,0.56993346548053414,1.0333289532659373
2021-12-14T00:00:00,AVAUSD,-0.017150576730760331,0.51690929355560433,1.0323118831477449
2021-12-15T00:00:00,AVAUSD,0.052786688247549354,0.52930984409906068,1.046040688632905
2021-12-16T00:00:00,AVAUSD,0.11932063183763873,0.5432665579166237,1.0602179192925356
2021-12-17T00:00:00,AVAUSD,0.20769092461036318,0.570102054098236,1.0763423810599693
2021-12-18T00:00:00,AVAUSD,0.30960977676486739,0.60539612737808346,1.0912837317900839
2021-12-19T00:00:00,AVAUSD,0.3614773481592648,0.62491344875810084,1.1122181645010019
2021-12-20T00:00:00,AVAUSD,0.44189513076281822,0.65891829538160673,1.134114028441751
2021-12-21T00:00:00,AVAUSD,0.53299691246738534,0.70036234508294148,1.1568702834466997
2021-12-22T00:00:00,AVAUSD,0.6180433974523829,0.7402573707156298,1.1763035130619663
2021-12-23T00:00:00,AVAUSD,0.69944689773139246,0.78159420392888668,1.1977118829167701
2021-12-24T00:00:00,AVAUSD,0.7472536491576609,0.80874571563308284,1.2157825439888557
2021-12-25T00:00:00,AVAUSD,0.75773200591284173,0.8211870221331169,1.2358476545939492
2021-12-26T00:00:00,AVAUSD,0.77251199316645769,0.83686397171932569,1.2599071780527373
2021-12-27T00:00:00,AVAUSD,0.78601731358494786,0.85086731192100895,1.2815778678497574
2021-12-28T00:00:00,AVAUSD,0.74948168033124385,0.84113532537048019,1.2990343623826548
2021-12-29T00:00:00,AVAUSD,0.70380611654756553,0.83110166653450424,1.3299137800825311
2021-12-30T00:00:00,AVAUSD,0.63517772163356778,0.81036255595235829,1.3649612841383392
2021-12-31T00:00:00,AVAUSD,0.60853609113714491,0.80748409280866507,1.4059505050461976
2022-01-01T00:00:00,AVAUSD,0.63448264847579883,0.83242232702000962,1.4630237550301166
2022-01-02T00:00:00,AVAUSD,0.65724675983136416,0.85696756880470859,1.5230687111774281
2022-01-03T00:00:00,AVAUSD,0.64255642335221697,0.86699136411888289,1.5885877594651128
2022-01-04T00:00:00,AVAUSD,0.60705021061692488,0.86629940988827914,1.6531483972812273
2022-01-05T00:00:00,AVAUSD,0.49784232853857252,0.82072998416745846,1.6872588084828608
2022-01-06T00:00:00,AVAUSD,0.3790439519535741,0.76437841378387217,1.7117471169073091
2022-01-07T00:00:00,AVAUSD,0.20679410639921203,0.67877904996006244,1.7285790787902575
2022-01-08T00:00:00,AVAUSD,-0.011896793636379759,0.55449977938426998,1.7045418889674682
2022-01-09T00:00:00,AVAUSD,-0.10700041177264691,0.48176797893560175,1.6877619080426998
2022-01-10T00:00:00,AVAUSD,-0.24245433507301808,0.38182395492556576,1.6443538526827173
2022-01-11T00:00:00,AVAUSD,-0.31110590881231187,0.31543143059558243,1.6211063048087833
2022-01-12T00:00:00,AVAUSD,-0.31835313062093956,0.28322456423324005,1.623671556737047
2022-01-13T00:00:00,AVAUSD,-0.35511890302170518,0.23409255353783018,1.607306723342125
2022-01-14T00:00:00,AVAUSD,-0.40233919425689957,0.18121758490338533,1.5932153264225479
2022-01-15T00:00:00,AVAUSD,-0.40498909068627248,0.14673570266047442,1.5691112415952604
2022-01-16T00:00:00,AVAUSD,-0.40947951861598136,0.11428437581151642,1.5502304754180176
2022-01-17T00:00:00,AVAUSD,-0.45900647277165174,0.059398489699990967,1.5151678019780608
2022-01-18T00:00:00,AVAUSD,-0.51409096512530628,0.00094453169713834518,1.4731281717337039
2022-01-19T00:00:00,AVAUSD,-0.56924776626843621,-0.058862276122646003,1.4222039629594598
2022-01-20T00:00:00,AVAUSD,-0.5905629889336883,-0.10105688601292165,1.3818807463520253
2022-01-21T00:00:00,AVAUSD,-0.70730465685067301,-0.19230355743849686,1.2989893383989433
2022-01-22T00:00:00,AVAUSD,-0.89071164428366756,-0.31869369077316118,1.1992836049386186
2022-01-23T00:00:00,AVAUSD,-1.0256849661862066,-0.42303719062752349,1.131707460996396
2022-01-24T00:00:00,AVAUSD,-1.1356587587891382,-0.51661265998398476,1.0936709012983605
2022-01-25T00:00:00,AVAUSD,-1.1762443599407186,-0.57802038666041433,1.0578861430880233
2022-01-26T00:00:00,AVAUSD,-1.1930929016242309,-0.62673680607876814,1.0059882076426014
2022-01-27T00:00:00,AVAUSD,-1.230929042994898,-0.68355057046209389,0.94237307276850069
2022-01-28T00:00:00,AVAUSD,-1.2161232037216458,-0.71272329880324747,0.89083427310706409
2022-01-29T00:00:00,AVAUSD,-1.1636188574100734,-0.72087313412160403,0.85751983913276586
2022-01-30T00:00:00,AVAUSD,-1.1410260265745715,-0.73832796905548614,0.81277269290956111
2022-01-31T00:00:00,AVAUSD,-1.1116091603009013,-0.75190380963642345,0.78335332459110907
2022-02-01T00:00:00,AVAUSD,-1.0809749885909854,-0.76402835245242007,0.76337211333805632
2022-02-02T00:00:00,AVAUSD,-1.0534290697496771,-0.77539210728772556,0.74411897736312305
2022-02-03T00:00:00,AVAUSD,-1.0504896998110771,-0.79301167016517859,0.70875455558475098
2022-02-04T00:00:00,AVAUSD,-0.9727051625010904,-0.77349321544104599,0.69101769351389208
2022-02-05T00:00:00,AVAUSD,-0.89140012832041471,-0.74700466209873617,0.67155873614635431
2022-02-06T00:00:00,AVAUSD,-0.82796726318341285,-0.7259913830891831,0.65140374089705988
2022-02-07T00:00:00,AVAUSD,-0.71614786559490162,-0.67947706427403787,0.64316268432424106
2022-02-08T00:00:00,AVAUSD,-0.58661040897675643,-0.62058754502132141,0.64091009863713777
2022-02-09T00:00:00,AVAUSD,-0.44891118668953378,-0.55346900857428005,0.64267806808568007
2022-02-10T00:00:00,AVAUSD,-0.32984335052573832,-0.49165046897615866,0.64506545777249125
2022-02-11T00:00:00,AVAUSD,-0.29401171755694777,-0.46662636252413048,0.63562780305867217
2022-02-12T00:00:00,AVAUSD,-0.25988180199519467,-0.44197933295636771,0.62716207451215844
2022-02-13T00:00:00,AVAUSD,-0.25708055916944006,-0.43112339643496711,0.6126534219291474
2022-02-14T00:00:00,AVAUSD,-0.24492216225274135,-0.41757925347189528,0.60280085808106543
2022-02-15T00:00:00,AVAUSD,-0.16058513591834728,-0.36931501948862167,0.6050106534770332
2022-02-16T00:00:00,AVAUSD,-0.048855228261265517,-0.30582957179062464,0.61363418082993237
2022-02-17T00:00:00,AVAUSD,-0.015434528356499718,-0.27761158059704255,0.61319322281473065
2022-02-18T00:00:00,AVAUSD,-0.012481494751264042,-0.26483894905095817,0.61148652609690701
2022-02-19T00:00:00,AVAUSD,-0.016042951996675867,-0.25725547620777556,0.61281020564504141
2022-02-20T00:00:00,AVAUSD,-0.060985804374175091,-0.26799565995555841,0.60252597451994194
2022-02-21T00:00:00,AVAUSD,-0.1314740306243509,-0.29443587475476735,0.59156147168050954
2022-02-22T00:00:00,AVAUSD,-0.20902918085424829,-0.32847285695818096,0.5826827212163499
2022-02-23T00:00:00,AVAUSD,-0.24496324438186834,-0.34750648449695221,0.5848341575617626
2022-02-24T00:00:00,AVAUSD,-0.28085615230380556,-0.3696735526687388,0.59182597028644224
2022-02-25T00:00:00,AVAUSD,-0.29952194745738459,-0.38459431819748058,0.60063709837871138
2022-02-26T00:00:00,AVAUSD,-0.25968113533019327,-0.37088353861766199,0.61479354903354644
2022-02-27T00:00:00,AVAUSD,-0.31306756662139612,-0.40091331226103222,0.61780850350194805
2022-02-28T00:00:00,AVAUSD,-0.28585309472306231,-0.39722251539922465,0.63987910874164722
2022-03-01T00:00:00,AVAUSD,-0.20296777996794088,-0.36200365839892312,0.66070132347897814
2022-03-02T00:00:00,AVAUSD,-0.17009458702285701,-0.34664023516280135,0.67283349897332922
2022-03-03T00:00:00,AVAUSD,-0.19999491374458836,-0.35759537361910337,0.66996202964548668
2022-03-04T00:00:00,AVAUSD,-0.23757302633837063,-0.37692854825245092,0.67526499444260479
2022-03-05T00:00:00,AVAUSD,-0.27735626073347858,-0.40576043622288777,0.69936232770283102
2022-03-06T00:00:00,AVAUSD,-0.37264575495997787,-0.46415416957253486,0.72104171418936913
2022-03-07T00:00:00,AVAUSD,-0.49120836306376531,-0.53273730461463409,0.72808902885578564
2022-03-08T00:00:00,AVAUSD,-0.56979826156911484,-0.586253073050512,0.73933638293087089
2022-03-09T00:00:00,AVAUSD,-0.57373999600606107,-0.59950864557003736,0.74186647476107037
2022-03-10T00:00:00,AVAUSD,-0.62138221628820522,-0.63102286858542367,0.73233701884449509
2022-03-11T00:00:00,AVAUSD,-0.69648856996347697,-0.66983147595595194,0.70113317250476115
2022-03-12T00:00:00,AVAUSD,-0.74521891949039798,-0.69626706562316887,0.66754030159135236
2022-03-13T00:00:00,AVAUSD,-0.81277422114464637,-0.73732310406985013,0.639760140278963
2022-03-14T00:00:00,AVAUSD,-0.90620066551669942,-0.78640023863383934,0.59412603093316052
2022-03-15T00:00:00,AVAUSD,-0.92311793915008133,-0.80841409914806517,0.57094309685639444
2022-03-16T00:00:00,AVAUSD,-0.90328010344408793,-0.82124584816100843,0.56787287924711038
2022-03-17T00:00:00,AVAUSD,-0.79315491450620812,-0.78630550996020354,0.57251398428391964
2022-03-18T00:00:00,AVAUSD,-0.55601717098117553,-0.68108012568007037,0.58919623973664781
2022-03-19T00:00:00,AVAUSD,-0.26496819442086594,-0.54114037695687223,0.61689414795697928
2022-03-20T00:00:00,AVAUSD,-0.102902672721032,-0.45828723120174852,0.63888980897766023
2022-03-21T00:00:00,AVAUSD,0.039851140947836476,-0.37335649562048917,0.65083530329553574
2022-03-22T00:00:00,AVAUSD,0.14373832786204355,-0.30244728933997461,0.65843776367006557
2022-03-23T00:00:00,AVAUSD,0.2169816098749886,-0.24344825146823224,0.6627050697308654
2022-03-24T00:00:00,AVAUSD,0.30722092255550842,-0.17554673147161085,0.67150677746574305
2022-03-25T00:00:00,AVAUSD,0.34126479595301307,-0.13295430682063161,0.67399139671041419
2022-03-26T00:00:00,AVAUSD,0.41104048341417221,-0.082849109806224078,0.70388005473779469
2022-03-27T00:00:00,AVAUSD,0.49419932144420448,-0.022582923950605967,0.73315412491709653
2022-03-28T00:00:00,AVAUSD,0.69554234030608841,0.10319306984625271,0.76305899130254529
2022-03-29T00:00:00,AVAUSD,0.81494443840735753,0.19573949168975313,0.7828140432336953
2022-03-30T00:00:00,AVAUSD,0.97437086110277826,0.31152376026963363,0.80538185655018102
2022-03-31T00:00:00,AVAUSD,1.1105686425369263,0.41646567118958494,0.8476867147106153
2022-04-01T00:00:00,AVAUSD,1.2329107751971684,0.52090049149056872,0.87587681446287213
2022-04-02T00:00:00,AVAUSD,1.3203063881437347,0.61163913925390601,0.89169765859243133
2022-04-03T00:00:00,AVAUSD,1.3815570926471759,0.69053722501621562,0.92078464999141574
2022-04-04T00:00:00,AVAUSD,1.3855099338408632,0.74212339066855249,0.9457882583778926
2022-04-05T00:00:00,AVAUSD,1.3501761526496492,0.77326652505729154,0.96854668317254455
2022-04-06T00:00:00,AVAUSD,1.2159317884064769,0.75405588253414846,0.98613770136153434
2022-04-07T00:00:00,AVAUSD,1.1441690132709113,0.76342937519513843,1.027224789372067
2022-04-08T00:00:00,AVAUSD,1.023493331975329,0.7389833870557867,1.0390121033772663
2022-04-09T00:00:00,AVAUSD,0.84778665019890576,0.68014169739157926,1.0409284767610403
2022-04-10T00:00:00,AVAUSD,0.72834240039430442,0.64254840050494832,1.05110319967309
2022-04-11T00:00:00,AVAUSD,0.40673058428351994,0.48918346445403077,1.0123397536360244
2022-04-12T00:00:00,AVAUSD,0.15992979626282694,0.36219059581086782,0.9853268519483821
2022-04-13T00:00:00,AVAUSD,0.055224876817665025,0.30315368291276412,0.99053382995336003
2022-04-14T00:00:00,AVAUSD,-0.099822501363184893,0.21184368020796771,0.98726337832079214
2022-04-15T00:00:00,AVAUSD,-0.22326465470424431,0.12759974347775879,0.9793095693731837
2022-04-16T00:00:00,AVAUSD,-0.32007017221829637,0.052009884117369135,0.97503891317189639
2022-04-17T00:00:00,AVAUSD,-0.40211152329930749,-0.019642903498425353,0.97531597181496754
2022-04-18T00:00:00,AVAUSD,-0.4785437810480031,-0.091934908852009195,0.97289801390874231
2022-04-19T00:00:00,AVAUSD,-0.49173479241183216,-0.12881150860409385,0.99143612580231888
2022-04-20T00:00:00,AVAUSD,-0.52872752948522195,-0.1770908755467939,1.020793221375851
2022-04-21T00:00:00,AVAUSD,-0.61118537559394481,-0.25509687909044548,1.0134394865495047
2022-04-22T00:00:00,AVAUSD,-0.69138660729811374,-0.33393418427952648,0.99469104894881699
2022-04-23T00:00:00,AVAUSD,-0.770076806092448,-0.4132183149112188,0.9679067411429525
2022-04-24T00:00:00,AVAUSD,-0.86133551326006541,-0.50076056409885294,0.92812934742925368
2022-04-25T00:00:00,AVAUSD,-0.93194561214095251,-0.57736837424549203,0.89195051300716977
2022-04-26T00:00:00,AVAUSD,-1.0507594474898541,-0.68182907719762331,0.82621560189465137
2022-04-27T00:00:00,AVAUSD,-1.119763185306242,-0.75811357624116082,0.75835048774923397
2022-04-28T00:00:00,AVAUSD,-1.188272859716639,-0.8330762335493429,0.6813141149282228
2022-04-29T00:00:00,AVAUSD,-1.2974664239998441,-0.92853673600719844,0.57342383124091312
2022-04-30T00:00:00,AVAUSD,-1.4195919756603834,-1.0297075899396553,0.448056198435901
2022-05-01T00:00:00,AVAUSD,-1.5017018425134576,-1.1100458531262318,0.3373176741975133
2022-05-02T00:00:00,AVAUSD,-1.5447079938644575,-1.1679112293261737,0.23955109572084612
2022-05-03T00:00:00,AVAUSD,-1.5795959619730482,-1.2205584033210357,0.14860069251745817
2022-05-04T00:00:00,AVAUSD,-1.5042270971946037,-1.2141777558478233,0.099760703039949133
2022-05-05T00:00:00,AVAUSD,-1.5086744619077084,-1.2418800127975596,0.025132432226381528
2022-05-06T00:00:00,AVAUSD,-1.5211657519038795,-1.2704409735284012,-0.050370983675432475
2022-05-07T00:00:00,AVAUSD,-1.5264916945611302,-1.2932550197797668,-0.12103386881938047
2022-05-08T00:00:00,AVAUSD,-1.5561522480118755,-1.3246468709074077,-0.1972917329022934
2022-05-09T00:00:00,AVAUSD,-1.6202055246072322,-1.3672929809133654,-0.28318282313029192
2022-05-10T00:00:00,AVAUSD,-1.6549264120719664,-1.3963429154663949,-0.3577809075859274
2022-05-11T00:00:00,AVAUSD,-1.7440851382259561,-1.435626788215788,-0.44499588570001947
2022-05-12T00:00:00,AVAUSD,-1.7801146586543195,-1.4605976868837778,-0.51350605363048651
2022-05-13T00:00:00,AVAUSD,-1.7750726758151327,-1.4719192346363579,-0.56777023745025246
2022-05-14T00:00:00,AVAUSD,-1.7559564474718505,-1.4759562363353305,-0.6141628187361412
2022-05-15T00:00:00,AVAUSD,-1.7042162114842885,-1.4662754369197721,-0.64980943306813532
2022-05-16T00:00:00,AVAUSD,-1.6628463066952646,-1.458249697668863,-0.68318329670569999
2022-05-17T00:00:00,AVAUSD,-1.6137408923457484,-1.4442947749190913,-0.71111200800766983
2022-05-18T00:00:00,AVAUSD,-1.5722283257862397,-1.4312084933649429,-0.73677172080736941
2022-05-19T00:00:00,AVAUSD,-1.5307839045566065,-1.4174995246168294,-0.75995545575575818
2022-05-20T00:00:00,AVAUSD,-1.4950832435463131,-1.4075717225291573,-0.78320355101159067
2022-05-21T00:00:00,AVAUSD,-1.4581977227418381,-1.3989392796000442,-0.80615038205024481
2022-05-22T00:00:00,AVAUSD,-1.4081253010456325,-1.3811903778053027,-0.82336226061030149
2022-05-23T00:00:00,AVAUSD,-1.3623345099854047,-1.3640394829428579,-0.8393326872200314
2022-05-24T00:00:00,AVAUSD,-1.3237407658500786,-1.3484185391500716,-0.85423358942063887
2022-05-25T00:00:00,AVAUSD,-1.2893753970916368,-1.333493777531789,-0.86792769589744967
2022-05-26T00:00:00,AVAUSD,-1.2705693353543681,-1.3252374366090762,-0.88283089631931244
2022-05-27T00:00:00,AVAUSD,-1.2528544988411925,-1.3162179004677685,-0.89580660166975923
2022-05-28T00:00:00,AVAUSD,-1.2213304503421525,-1.3023759808704058,-0.90736608672578367
2022-05-29T00:00:00,AVAUSD,-1.1890776174745656,-1.2885434151363859,-0.91871679172123544
2022-05-30T00:00:00,AVAUSD,-1.1541088102352666,-1.2780902830104668,-0.93419407621210526
2022-05-31T00:00:00,AVAUSD,-1.1239292570985848,-1.267784177713229,-0.94833989549349318
2022-06-01T00:00:00,AVAUSD,-1.111887127765697,-1.2681863150428068,-0.9674692124242994
2022-06-02T00:00:00,AVAUSD,-1.0960348736408059,-1.266664879008655,-0.98578530161855216
2022-06-03T00:00:00,AVAUSD,-1.0880193938247218,-1.2707014564843637,-1.0072868494713256
2022-06-04T00:00:00,AVAUSD,-1.0795720633886614,-1.2762622574857341,-1.0307179629108496
2022-06-05T00:00:00,AVAUSD,-1.0626190216991693,-1.2779362218967618,-1.0533161642421947
2022-06-06T00:00:00,AVAUSD,-1.0400415689120057,-1.2757278754817489,-1.0741167029493206
2022-06-07T00:00:00,AVAUSD,-1.0180886476380071,-1.2726737512341388,-1.0941465909801107
2022-06-08T00:00:00,AVAUSD,-0.99755909885436622,-1.2651223666597853,-1.1084765867852522
2022-06-09T00:00:00,AVAUSD,-0.97892655804082174,-1.2606597256314735,-1.1259421546599917
2022-06-10T00:00:00,AVAUSD,-0.97101021017797784,-1.2604262568626543,-1.1439245724457796
2022-06-11T00:00:00,AVAUSD,-0.97228210768840484,-1.2618529632942439,-1.159467177492137
2022-06-12T00:00:00,AVAUSD,-0.98367866351947231,-1.2707086531200071,-1.179197148828635
2022-06-13T00:00:00,AVAUSD,-0.99102873580503859,-1.2693941290930602,-1.1868553166980218
2022-06-14T00:00:00,AVAUSD,-0.99696588968961874,-1.2697623535256126,-1.1965383892073762
2022-06-15T00:00:00,AVAUSD,-0.99752164982224556,-1.2743437364815902,-1.2141463857827768
2022-06-16T00:00:00,AVAUSD,-0.99855126228784108,-1.2771123271741716,-1.228844512580531
2022-06-17T00:00:00,AVAUSD,-0.99779394691704193,-1.2808436729159089,-1.2456221603223765
2022-06-18T00:00:00,AVAUSD,-1.0086172814978527,-1.2911010314072893,-1.265019217937025
2022-06-19T00:00:00,AVAUSD,-1.0032023289883807,-1.2963370735185098,-1.28618558238519
2022-06-20T00:00:00,AVAUSD,-0.99287305193738118,-1.300411802314912,-1.3089877133393886
2022-06-21T00:00:00,AVAUSD,-0.9890747837315087,-1.3129214750177638,-1.3409784603379682
2022-06-22T00:00:00,AVAUSD,-0.99052268473911764,-1.3288861257653763,-1.3757408491775198
2022-06-23T00:00:00,AVAUSD,-0.97726635566645714,-1.3365603122678225,-1.4078037069202001
2022-06-24T00:00:00,AVAUSD,-0.95225673389369925,-1.3403612680846264,-1.442518870195366
2022-06-25T00:00:00,AVAUSD,-0.92779353116256258,-1.3457449003602171,-1.4810168518076587
2022-06-26T00:00:00,AVAUSD,-0.90292873174583266,-1.3509488093837256,-1.5214601925230453
2022-06-27T00:00:00,AVAUSD,-0.89544881669779319,-1.3682239942562096,-1.571461001011478
2022-06-28T00:00:00,AVAUSD,-0.89130090271475804,-1.383272159035666,-1.6173513157388706
2022-06-29T00:00:00,AVAUSD,-0.90106718902828364,-1.4120013281220438,-1.6770135226555269
2022-06-30T00:00:00,AVAUSD,-0.92897012425870118,-1.451908251110051,-1.7434501005184446
2022-07-01T00:00:00,AVAUSD,-0.94629900879741691,-1.4811698097918509,-1.7999281976961303
2022-07-02T00:00:00,AVAUSD,-0.95658821027458496,-1.501594734107474,-1.8468650306295975
2022-07-03T00:00:00,AVAUSD,-0.96909375869849379,-1.5286342946295324,-1.9036580494792248
2022-07-04T00:00:00,AVAUSD,-0.97749829717090286,-1.5625834618187462,-1.9756681867607235
2022-07-05T00:00:00,AVAUSD,-0.98559357259383418,-1.6024714894503895,-2.0589887885624227
2022-07-06T00:00:00,AVAUSD,-1.031101841418419,-1.7193583727098996,-2.2501046535931182
2022-07-07T00:00:00,AVAUSD,-1.0479221395067038,-1.8105678681909609,-2.4205421528221565
2022-07-08T00:00:00,AVAUSD,-1.0794148395753684,-1.9249178628354269,-2.6232967994747063
2022-07-09T00:00:00,AVAUSD,-1.1411241770110012,-2.0925261293901243,-2.8994422990839639
2022-07-10T00:00:00,AVAUSD,-1.2252876912924726,-2.2801161157836738,-3.1937531315291254
2022-07-11T00:00:00,AVAUSD,-1.2911856415504868,-2.4022576840376297,-3.3826418116373693
2022-07-12T00:00:00,AVAUSD,-1.3967869162011659,-2.5654994878583945,-3.611663743662084
2022-07-13T00:00:00,AVAUSD,-1.3573421982020364,-2.4881813600486544,-3.5158250135122464
2022-07-14T00:00:00,AVAUSD,-1.2832282759917941,-2.4150342105123697,-3.4556383660379373
2022-07-15T00:00:00,AVAUSD,-1.2398154276253648,-2.3828079226361201,-3.448185696922188
2022-07-16T00:00:00,AVAUSD,-1.1594476743895161,-2.3321483689161755,-3.4365661424298666
2022-07-17T00:00:00,AVAUSD,-1.1286636371576648,-2.3652734324765468,-3.5400501797939574
2022-07-18T00:00:00,AVAUSD,-1.0445169983720919,-2.3440301414892466,-3.5836645815590158
2022-07-19T00:00:00,AVAUSD,-0.88579004174106835,-2.2869231066297657,-3.6196426574031224
2022-07-20T00:00:00,AVAUSD,-0.76788906137042345,-2.2226200029946179,-3.6135363028082068
2022-07-21T00:00:00,AVAUSD,-0.61608443834129256,-2.129329750600415,-3.5817643839576347
2022-07-22T00:00:00,AVAUSD,-0.52562864195807268,-2.0610437886666859,-3.5525906116686619
2022-07-23T00:00:00,AVAUSD,-0.46629049971512987,-2.0210641494246548,-3.5535192296514828
2022-07-24T00:00:00,AVAUSD,-0.39096244909224348,-2.0020025601361735,-3.6067172274001336
2022-07-25T00:00:00,AVAUSD,-0.40602306919525261,-2.028990253925838,-3.6761980459980403
2022-07-26T00:00:00,AVAUSD,-0.50511794820846578,-2.0748442648401269,-3.7119240518537211
2022-07-27T00:00:00,AVAUSD,-0.45511288079767626,-2.0354787456140775,-3.6953663421764431
2022-07-28T00:00:00,AVAUSD,-0.32284004864734883,-1.9042464726313839,-3.5671203603590005
2022-07-29T00:00:00,AVAUSD,-0.20544068963633941,-1.7710607039107455,-3.4291889355841962
2022-07-30T00:00:00,AVAUSD,-0.098915122782612094,-1.6623413806883207,-3.3359039890200584
2022-07-31T00:00:00,AVAUSD,-0.011960091853039952,-1.5670613334468333,-3.2572647846538767
2022-08-01T00:00:00,AVAUSD,0.0059967412206323959,-1.5393058917508387,-3.2621346593472103
2022-08-02T00:00:00,AVAUSD,0.01118763440031131,-1.5051241690454291,-3.2418863367083306
2022-08-03T00:00:00,AVAUSD,0.051001841620666143,-1.4256041691671799,-3.1540093390396495
2022-08-04T00:00:00,AVAUSD,0.048931427892535684,-1.3739088594316611,-3.090780431265514
2022-08-05T00:00:00,AVAUSD,0.11157951436873534,-1.281587204336291,-2.9933955616441517
2022-08-06T00:00:00,AVAUSD,0.27778615329654072,-1.128989733102683,-2.8544331826424068
2022-08-07T00:00:00,AVAUSD,0.50506171088796759,-0.94031631613207467,-2.6952809381330027
2022-08-08T00:00:00,AVAUSD,0.71751925490426893,-0.75796644870619889,-2.5469189125477518
2022-08-09T00:00:00,AVAUSD,0.82048908843812918,-0.63661085767532088,-2.4493981981598858
2022-08-10T00:00:00,AVAUSD,0.95493952382296288,-0.48643392997021923,-2.3119300569907346
2022-08-11T00:00:00,AVAUSD,1.0539125340967206,-0.35607042596205651,-2.1921218707726897
2022-08-12T00:00:00,AVAUSD,1.1268682614760268,-0.23531629318436295,-2.0697368825624478
2022-08-13T00:00:00,AVAUSD,1.1740984993860359,-0.13000386325566934,-1.960248730877018
2022-08-14T00:00:00,AVAUSD,1.1684908269660885,-0.058481651738334445,-1.8854365955847436
2022-08-15T00:00:00,AVAUSD,1.1444163540703121,-0.0050709944987074778,-1.8378880735309515
2022-08-16T00:00:00,AVAUSD,1.1110708306597261,0.038332470608486539,-1.8025443767609037
2022-08-17T00:00:00,AVAUSD,1.0231405130406541,0.053282551644634607,-1.7746718423508203
2022-08-18T00:00:00,AVAUSD,0.91348092797307956,0.049909700740738382,-1.7659803774095109
2022-08-19T00:00:00,AVAUSD,0.70361294776094019,-0.0060750052715116661,-1.7752792540561499
2022-08-20T00:00:00,AVAUSD,0.478462706734818,-0.082501344735818327,-1.8161617967781016
2022-08-21T00:00:00,AVAUSD,0.33994748757991433,-0.12440169661666453,-1.8280324134912751
2022-08-22T00:00:00,AVAUSD,0.17691307241363283,-0.18210908983503535,-1.8371551766026464
2022-08-23T00:00:00,AVAUSD,0.086172878609791254,-0.21332999410072698,-1.845571055216261
2022-08-24T00:00:00,AVAUSD,0.016009772709777197,-0.24006683789026903,-1.8643044852609933
2022-08-25T00:00:00,AVAUSD,-0.059246579781349833,-0.26950914402872694,-1.8669857488006001
2022-08-26T00:00:00,AVAUSD,-0.20882635602230346,-0.33370117261910481,-1.857900144331617
2022-08-27T00:00:00,AVAUSD,-0.39765129478341349,-0.42022300720511513,-1.8447498922632453
2022-08-28T00:00:00,AVAUSD,-0.57924139312243617,-0.50912875029646931,-1.8283053144932899
2022-08-29T00:00:00,AVAUSD,-0.75992213247930529,-0.6039007147161356,-1.8165822727614762
2022-08-30T00:00:00,AVAUSD,-0.88257911809635614,-0.67878476532696663,-1.8126538582942577
2022-08-31T00:00:00,AVAUSD,-1.0036051812398659,-0.75725599170017066,-1.8150136112527069
2022-09-01T00:00:00,AVAUSD,-1.1303551693195431,-0.8455032782082248,-1.8392472792492591
2022-09-02T00:00:00,AVAUSD,-1.2507985245071866,-0.93365574409528451,-1.859211129069082
2022-09-03T00:00:00,AVAUSD,-1.3610978804683289,-1.0205836178736154,-1.8793738546879142
2022-09-04T00:00:00,AVAUSD,-1.4430867957623212,-1.097811156097716,-1.9006532717717193
2022-09-05T00:00:00,AVAUSD,-1.5100571512374488,-1.1661708266164017,-1.906014955098136
2022-09-06T00:00:00,AVAUSD,-1.5719779345157887,-1.2309803443705549,-1.9019418935041421
2022-09-07T00:00:00,AVAUSD,-1.5734881802572376,-1.2669978915436528,-1.8909296612417343
2022-09-08T00:00:00,AVAUSD,-1.5667770571615793,-1.2945223489327351,-1.8684843143055181
2022-09-09T00:00:00,AVAUSD,-1.4887365508763508,-1.2901931708542262,-1.8543843434100933
2022-09-10T00:00:00,AVAUSD,-1.4146165309751817,-1.2842844303280234,-1.8415117166497343
2022-09-11T00:00:00,AVAUSD,-1.3433116846314239,-1.2791039624253202,-1.8365632474581635
2022-09-12T00:00:00,AVAUSD,-1.2300893449723183,-1.2566180436855492,-1.845986842185114
2022-09-13T00:00:00,AVAUSD,-1.2635489602869785,-1.3006856586399831,-1.8613524422169161
2022-09-14T00:00:00,AVAUSD,-1.3052307316809502,-1.3446114012122836,-1.8645447619545366
2022-09-15T00:00:00,AVAUSD,-1.3342365485181615,-1.3732118081198725,-1.8425005465626256
2022-09-16T00:00:00,AVAUSD,-1.3772871113797807,-1.4076699912874771,-1.8182991930169385
2022-09-17T00:00:00,AVAUSD,-1.3735033825923297,-1.4173051742639107,-1.7884560184049398
2022-09-18T00:00:00,AVAUSD,-1.3981375935776768,-1.437106752320223,-1.7537905417002175
2022-09-19T00:00:00,AVAUSD,-1.4305860489574229,-1.457232417955262,-1.7127761711182359
2022-09-20T00:00:00,AVAUSD,-1.4697142083698502,-1.4834906940170438,-1.6780232019232104
2022-09-21T00:00:00,AVAUSD,-1.4831834121337895,-1.4977226433631381,-1.6432462673971469
2022-09-22T00:00:00,AVAUSD,-1.4563268545686132,-1.4980556411820842,-1.6220293290561416
2022-09-23T00:00:00,AVAUSD,-1.4171947296560856,-1.4886134951809091,-1.5979269261171378
2022-09-24T00:00:00,AVAUSD,-1.3634110659282015,-1.4705037657333289,-1.5757693838477145
2022-09-25T00:00:00,AVAUSD,-1.3347645021037302,-1.4624810284803085,-1.5544796443927955
2022-09-26T00:00:00,AVAUSD,-1.3016312559555654,-1.4492277327651923,-1.531226049655364
2022-09-27T00:00:00,AVAUSD,-1.2788282764542256,-1.4408409413900141,-1.5112462141572871
2022-09-28T00:00:00,AVAUSD,-1.2406799427501152,-1.4228957014785919,-1.4906954844558593
2022-09-29T00:00:00,AVAUSD,-1.2097615045566652,-1.40976293975001,-1.4757658743063051
2022-09-30T00:00:00,AVAUSD,-1.1801924722325898,-1.3959542695930567,-1.4619856561965998
2022-10-01T00:00:00,AVAUSD,-1.162453796715375,-1.3863345633574153,-1.4489379844824291
2022-10-02T00:00:00,AVAUSD,-1.1488157248720536,-1.3773546526752736,-1.4360020857394216
2022-10-03T00:00:00,AVAUSD,-1.1168553967588197,-1.3567834456075771,-1.420894062550728
2022-10-04T00:00:00,AVAUSD,-1.0661063776745825,-1.3263802637953492,-1.407398844560092
2022-10-05T00:00:00,AVAUSD,-1.031731887216542,-1.3036517108943519,-1.3961369358712401
2022-10-06T00:00:00,AVAUSD,-1.0008673457270936,-1.2805043585321778,-1.3831740694375405
2022-10-07T00:00:00,AVAUSD,-0.9853489550868465,-1.2667915201863311,-1.3747757613588238
2022-10-08T00:00:00,AVAUSD,-0.98053548074786367,-1.2662242841308327,-1.3805933724931569
2022-10-09T00:00:00,AVAUSD,-0.97942050303772521,-1.2786199523259825,-1.4065009530153612
2022-10-10T00:00:00,AVAUSD,-1.0041986314954083,-1.3103015767746891,-1.4449374464536235
2022-10-11T00:00:00,AVAUSD,-1.0478081420989975,-1.3432088623290406,-1.4691316719936409
2022-10-12T00:00:00,AVAUSD,-1.1008312916702587,-1.3969669689254156,-1.5203595710367428
2022-10-13T00:00:00,AVAUSD,-1.170610711277932,-1.4653522475249252,-1.5818406086294254
2022-10-14T00:00:00,AVAUSD,-1.2487094609187857,-1.5509613061540588,-1.664589517096835
2022-10-15T00:00:00,AVAUSD,-1.3450323282354752,-1.6604612155651086,-1.7720062301353223
2022-10-16T00:00:00,AVAUSD,-1.4253553812208233,-1.7646106468822123,-1.8819668175930675
2022-10-17T00:00:00,AVAUSD,-1.4890588790184593,-1.8719187826997039,-2.0107748313057852
2022-10-18T00:00:00,AVAUSD,-1.589099166417929,-2.0139807300443024,-2.1698324884199858
2022-10-19T00:00:00,AVAUSD,-1.6995628982579902,-2.1511890509030658,-2.3109488072665987
2022-10-20T00:00:00,AVAUSD,-1.8176657217341015,-2.2865378574770285,-2.4405090426746647
2022-10-21T00:00:00,AVAUSD,-1.8341906026444572,-2.3166559893311263,-2.4714140493937196
2022-10-22T00:00:00,AVAUSD,-1.7995914630520555,-2.3065439442517444,-2.4763231079555093
2022-10-23T00:00:00,AVAUSD,-1.7891320706195082,-2.3464935108057476,-2.5494447723304892
2022-10-24T00:00:00,AVAUSD,-1.7779563564435239,-2.366751511098578,-2.5922798610380737
2022-10-25T00:00:00,AVAUSD,-1.743020971624877,-2.4237354175881687,-2.7197985185103057
2022-10-26T00:00:00,AVAUSD,-1.6903675831767646,-2.5025769311140729,-2.9046862308270347
2022-10-27T00:00:00,AVAUSD,-1.6450776918376218,-2.601741277416195,-3.1253195039041262
2022-10-28T00:00:00,AVAUSD,-1.3825290831015278,-2.520047025384581,-3.2223387822702017
2022-10-29T00:00:00,AVAUSD,-1.0852796523330082,-2.3631966405753664,-3.2321336061405237
2022-10-30T00:00:00,AVAUSD,-0.83701622558872968,-2.2096342046905413,-3.2196978901122844
2022-10-31T00:00:00,AVAUSD,-0.52079210955332422,-1.9917014594779952,-3.162304731945162
2022-11-01T00:00:00,AVAUSD,-0.28361066884755443,-1.8252798529723129,-3.143070235801857
2022-11-02T00:00:00,AVAUSD,-0.23784793062122658,-1.7519708931291456,-3.1343782306561812
2022-11-03T00:00:00,AVAUSD,-0.11241090977057849,-1.6304738386297717,-3.1076513178108485
2022-11-04T00:00:00,AVAUSD,0.16941442261387835,-1.4019622699144603,-3.0264765769011586
2022-11-05T00:00:00,AVAUSD,0.46209794196264853,-1.1488314102892681,-2.9206697633388639
2022-11-06T00:00:00,AVAUSD,0.58549518493119801,-0.9987079244948549,-2.8698963521124594
2022-11-07T00:00:00,AVAUSD,0.62792494377609875,-0.89268977382707926,-2.829758344585998
2022-11-08T00:00:00,AVAUSD,0.23334480463810561,-1.0058373311656799,-2.7770228332758276
2022-11-09T00:00:00,AVAUSD,-0.44186490988047167,-1.2331600480574008,-2.6040632444676328
2022-11-10T00:00:00,AVAUSD,-0.64696630839312064,-1.308074904159535,-2.5808388074233095
2022-11-11T00:00:00,AVAUSD,-1.0569907949460284,-1.4883471794729384,-2.5381624525511888
2022-11-12T00:00:00,AVAUSD,-1.4343812476862696,-1.6642311357881763,-2.4871360992024001
2022-11-13T00:00:00,AVAUSD,-1.773940535270409,-1.8349135939922456,-2.4373539312737806
2022-11-14T00:00:00,AVAUSD,-2.0890678405186978,-2.0382479867518746,-2.4716525463304584
2022-11-15T00:00:00,AVAUSD,-2.2070213842260298,-2.1177813158914951,-2.425316870457753
2022-11-16T00:00:00,AVAUSD,-2.3134753791226155,-2.1828784358538291,-2.352864421690263
2022-11-17T00:00:00,AVAUSD,-2.3786790461499128,-2.2292716592975284,-2.2821356915882105
2022-11-18T00:00:00,AVAUSD,-2.4024499337700269,-2.2543500694569283,-2.2116354438593691
2022-11-19T00:00:00,AVAUSD,-2.4209078834796292,-2.2817155718778448,-2.1549374677263855
2022-11-20T00:00:00,AVAUSD,-2.4258411857612137,-2.2927834218680938,-2.0833455907713416
2022-11-21T00:00:00,AVAUSD,-2.4376548204792403,-2.2978631453533342,-1.9977579701333681
2022-11-22T00:00:00,AVAUSD,-2.4018960185206941,-2.2877092944116599,-1.9332860656330988
2022-11-23T00:00:00,AVAUSD,-2.3201324581949425,-2.2618256937511898,-1.8900407490361026
2022-11-24T00:00:00,AVAUSD,-2.2343912789573137,-2.2363985580525738,-1.8597895456544236
2022-11-25T00:00:00,AVAUSD,-2.1554489699568999,-2.2120106526557328,-1.8332052811391288
2022-11-26T00:00:00,AVAUSD,-2.0905469526736806,-2.1935899356069806,-1.8113418812464663
2022-11-27T00:00:00,AVAUSD,-1.9919628643409579,-2.1563129751775798,-1.7932530615534052
2022-11-28T00:00:00,AVAUSD,-1.9504708306938894,-2.1389996861479599,-1.7669974075061985
2022-11-29T00:00:00,AVAUSD,-1.9041887981006302,-2.1179858078623388,-1.7419497816428609
2022-11-30T00:00:00,AVAUSD,-1.823044328584229,-2.0842581230914896,-1.7281324285583164
2022-12-01T00:00:00,AVAUSD,-1.7537696386064383,-2.0535163272387802,-1.7143850598316512
2022-12-02T00:00:00,AVAUSD,-1.6426529315520624,-2.0030844766844265,-1.7073725341703678
2022-12-03T00:00:00,AVAUSD,-1.5287906961851525,-1.9470969435684458,-1.70029182445119
2022-12-04T00:00:00,AVAUSD,-1.4210248821726774,-1.8906330749785762,-1.6934380389286332
2022-12-05T00:00:00,AVAUSD,-1.341707717669917,-1.8476762923697638,-1.6890960689989767
2022-12-06T00:00:00,AVAUSD,-1.2788044127233524,-1.8150263118087033,-1.6900119765170782
2022-12-07T00:00:00,AVAUSD,-1.2499515685238936,-1.7964255424481732,-1.6872924421579871
2022-12-08T00:00:00,AVAUSD,-1.2032495068495146,-1.7703726974891294,-1.6865943755078003
2022-12-09T00:00:00,AVAUSD,-1.1631471843159782,-1.7465313387826125,-1.6842866059378425
2022-12-10T00:00:00,AVAUSD,-1.1157067388315141,-1.7200110888132005,-1.6830189412326082
2022-12-11T00:00:00,AVAUSD,-1.0976266408448099,-1.7095742492858479,-1.6832874594439327
2022-12-12T00:00:00,AVAUSD,-1.1113873550945921,-1.713001068004544,-1.6788712816429043
2022-12-13T00:00:00,AVAUSD,-1.050931296468099,-1.6807390350843923,-1.6742205847912213
2022-12-14T00:00:00,AVAUSD,-0.98945726406896339,-1.6476154907862612,-1.6705735830468391
2022-12-15T00:00:00,AVAUSD,-0.97384367129357607,-1.6354057128356865,-1.6647541554492478
2022-12-16T00:00:00,AVAUSD,-1.0203800141205055,-1.6531651808427348,-1.6559002597664931
2022-12-17T00:00:00,AVAUSD,-1.1300566106975289,-1.7011321628561407,-1.6404738590307111
2022-12-18T00:00:00,AVAUSD,-1.2063494192069935,-1.7398824153230434,-1.6286851729753167
2022-12-19T00:00:00,AVAUSD,-1.2833181149667408,-1.7822302948806552,-1.6183598222826494
2022-12-20T00:00:00,AVAUSD,-1.3196060994553005,-1.8067714630013156,-1.6095391331788687
2022-12-21T00:00:00,AVAUSD,-1.3566395156841837,-1.8316400520359741,-1.5985701146009788
2022-12-22T00:00:00,AVAUSD,-1.3767602526322105,-1.848478623983862,-1.5877323092834399
2022-12-23T00:00:00,AVAUSD,-1.3847166226338306,-1.8603617760749438,-1.5789878579207324
2022-12-24T00:00:00,AVAUSD,-1.3901130869383935,-1.872023119038827,-1.5725016585918852
2022-12-25T00:00:00,AVAUSD,-1.3967055851164496,-1.885381244059771,-1.568298396461417
2022-12-26T00:00:00,AVAUSD,-1.390721393406755,-1.8911232318292992,-1.5639971970603201
2022-12-27T00:00:00,AVAUSD,-1.3856506121533152,-1.9025429533238434,-1.5676958887940027
2022-12-28T00:00:00,AVAUSD,-1.4103974685300431,-1.9335024419249016,-1.5768261291407883
2022-12-29T00:00:00,AVAUSD,-1.4775609263454677,-1.9872470103071207,-1.584982407638633
2022-12-30T00:00:00,AVAUSD,-1.5362760966848437,-2.056138084973135,-1.6178722759818478
2022-12-31T00:00:00,AVAUSD,-1.5840965125615676,-2.1270058949332364,-1.6611562717199284
2023-01-01T00:00:00,AVAUSD,-1.6338429923620945,-2.200349060879585,-1.7071848961770724
2023-01-02T00:00:00,AVAUSD,-1.6689310659954746,-2.2876729565510381,-1.783816991193883
2023-01-03T00:00:00,AVAUSD,-1.6912756009230407,-2.3723998066156868,-1.8705859926817083
2023-01-04T00:00:00,AVAUSD,-1.6110234818215368,-2.3805970797165679,-1.9384697219053155
2023-01-05T00:00:00,AVAUSD,-1.58746994681301,-2.4410340672877795,-2.0420737978245214
2023-01-06T00:00:00,AVAUSD,-1.6633361555746895,-2.628694034859266,-2.2481161486834003
2023-01-07T00:00:00,AVAUSD,-1.8195182548386155,-2.9664291741716151,-2.603689801179645
2023-01-08T00:00:00,AVAUSD,-1.9865834341974562,-3.3743459593093728,-3.0598700743203424
2023-01-09T00:00:00,AVAUSD,-2.2487361698125889,-4.0187081613710252,-3.7868092402642204
2023-01-10T00:00:00,AVAUSD,-2.0575998772524828,-4.0631552256254224,-4.0582012409702113
2023-01-11T00:00:00,AVAUSD,-1.2573711206030813,-3.4378802140488762,-3.8793961355586135
2023-01-12T00:00:00,AVAUSD,-0.36643257438636151,-2.8454639114032272,-3.8443027335799829
2023-01-13T00:00:00,AVAUSD,0.47427567640630564,-2.0281327735931951,-3.4850313842862937
2023-01-14T00:00:00,AVAUSD,1.2144197867507687,-1.1890928109449832,-3.0377435930449916
2023-01-15T00:00:00,AVAUSD,1.6767753080138201,-0.57890694137684451,-2.7171125204567428
2023-01-16T00:00:00,AVAUSD,1.9613712375317367,-0.12170550355555607,-2.4774752163107845
2023-01-17T00:00:00,AVAUSD,2.1908419339254825,0.29169936476375347,-2.2351997046626577
2023-01-18T00:00:00,AVAUSD,2.1882897977276872,0.48817717396833454,-2.1317160835655224
2023-01-19T00:00:00,AVAUSD,2.1727238962661342,0.65464116306103115,-2.0338117535243385
2023-01-20T00:00:00,AVAUSD,2.2191041152373669,0.85086218594692387,-1.8975597963777249
2023-01-21T00:00:00,AVAUSD,2.228528845894977,1.0023634112986792,-1.7796738085311274
2023-01-22T00:00:00,AVAUSD,2.2047649080752265,1.113065560618743,-1.6825499017662093
2023-01-23T00:00:00,AVAUSD,2.2004463780649264,1.2199558160767554,-1.5841165053204505
2023-01-24T00:00:00,AVAUSD,2.1779504883288086,1.301442766365932,-1.4918419056670633
2023-01-25T00:00:00,AVAUSD,2.1193648425981615,1.3477083326644024,-1.4159479564622326
2023-01-26T00:00:00,AVAUSD,2.077848047079879,1.3916996040568685,-1.3363513458867742
2023-01-27T00:00:00,AVAUSD,2.0874578820434087,1.4535784879983547,-1.2338847853871848
2023-01-28T00:00:00,AVAUSD,2.1121427132409618,1.5144688675374609,-1.122531480127821
2023-01-29T00:00:00,AVAUSD,2.1116386916357963,1.5550481558510321,-1.0239571017800988
2023-01-30T00:00:00,AVAUSD,2.06025453637199,1.5655177670942648,-0.95654086175776942
2023-01-31T00:00:00,AVAUSD,1.99883428960107,1.5646632541656622,-0.89800148631476218
2023-02-01T00:00:00,AVAUSD,1.9404235112942203,1.5586864428435503,-0.84109961546664769
2023-02-02T00:00:00,AVAUSD,1.9412986701462029,1.5739058587420247,-0.76579373988305721
2023-02-03T00:00:00,AVAUSD,1.8892088195676251,1.5630080214481408,-0.71148894401794871
2023-02-04T00:00:00,AVAUSD,1.8329506031386442,1.546710144450278,-0.66227088561084524
2023-02-05T00:00:00,AVAUSD,1.720980189797592,1.5020266625147463,-0.63088001249106351
2023-02-06T00:00:00,AVAUSD,1.6300196214168086,1.4634847481620332,-0.5995598836335112
2023-02-07T00:00:00,AVAUSD,1.5559196851695949,1.4299447985089329,-0.56837323755013069
2023-02-08T00:00:00,AVAUSD,1.4608620617270622,1.3850796078621903,-0.54471636498493736
2023-02-09T00:00:00,AVAUSD,1.3246861213069401,1.3174219038581987,-0.52994164097727636
2023-02-10T00:00:00,AVAUSD,1.1870480883058108,1.2455516408118859,-0.51833828078919675
2023-02-11T00:00:00,AVAUSD,1.0561697502472103,1.1735973016065595,-0.50835582566086468
2023-02-12T00:00:00,AVAUSD,0.96563517468368798,1.1193639253546785,-0.4962349729827259
2023-02-13T00:00:00,AVAUSD,0.8462979480137155,1.0498073061472031,-0.48977440675348527
2023-02-14T00:00:00,AVAUSD,0.77000123624880978,0.9984111728288837,-0.47942566175066392
2023-02-15T00:00:00,AVAUSD,0.76171092658075434,0.97894900535568885,-0.46194617525449055
2023-02-16T00:00:00,AVAUSD,0.75706664981509886,0.96290439591965882,-0.4450556010615962
2023-02-17T00:00:00,AVAUSD,0.74690364768680761,0.94661058374870077,-0.43049129076518389
2023-02-18T00:00:00,AVAUSD,0.72878880390410694,0.9293660486779346,-0.41924827473485049
2023-02-19T00:00:00,AVAUSD,0.72115460684545707,0.91722731175859862,-0.4071271455232896
2023-02-20T00:00:00,AVAUSD,0.76277171501708985,0.92894509333370645,-0.38956060122014019
2023-02-21T00:00:00,AVAUSD,0.80348980593634156,0.94151290474076954,-0.37134922209549209
2023-02-22T00:00:00,AVAUSD,0.78550650244126574,0.92988973654674134,-0.36101442051395038
2023-02-23T00:00:00,AVAUSD,0.76130329972806843,0.91560352989016691,-0.35211616077059998
2023-02-24T00:00:00,AVAUSD,0.68312204763679663,0.87575374930835848,-0.34969778545940089
2023-02-25T00:00:00,AVAUSD,0.58163198624786427,0.82319147896611011,-0.35090028823301656
2023-02-26T00:00:00,AVAUSD,0.53259945341710446,0.79456525931750188,-0.34917274516934271
2023-02-27T00:00:00,AVAUSD,0.45975335997456868,0.75394954493183808,-0.35061679096920551
2023-02-28T00:00:00,AVAUSD,0.36539781909946806,0.70169069501164327,-0.3551368653591323
2023-03-01T00:00:00,AVAUSD,0.29637482895012285,0.66181055448592974,-0.36020583887454988
2023-03-02T00:00:00,AVAUSD,0.23246189230190628,0.62666019269857409,-0.36850142750685727
2023-03-03T00:00:00,AVAUSD,0.12874564942428024,0.57063266808096114,-0.38093102533707951
2023-03-04T00:00:00,AVAUSD,0.019187779359031324,0.50970329065940467,-0.39555236858705944
2023-03-05T00:00:00,AVAUSD,-0.068910093046628235,0.45890640921207282,-0.41185660509638888
2023-03-06T00:00:00,AVAUSD,-0.15318455741067516,0.40756683798329413,-0.42896099750822558
2023-03-07T00:00:00,AVAUSD,-0.25008992512225686,0.34832053865239043,-0.4486429396245839
2023-03-08T00:00:00,AVAUSD,-0.35721406726850963,0.27785216099340843,-0.46692841696302462
2023-03-09T00:00:00,AVAUSD,-0.5363931576662565,0.16756943371228353,-0.48999784311699068
2023-03-10T00:00:00,AVAUSD,-0.67058485777441923,0.078167037405477008,-0.51621543764618749
2023-03-11T00:00:00,AVAUSD,-0.82226801365707525,-0.024977241922019101,-0.54406281296952907
2023-03-12T00:00:00,AVAUSD,-0.90579606288523529,-0.096633457360537273,-0.57287181884163052
2023-03-13T00:00:00,AVAUSD,-0.90162565951250784,-0.12463913748838351,-0.60243074604559854
2023-03-14T00:00:00,AVAUSD,-0.83578974376761017,-0.12286463310716092,-0.62752768876649034
2023-03-15T00:00:00,AVAUSD,-0.87036022403601443,-0.17740546695832843,-0.63811478880017691
2023-03-16T00:00:00,AVAUSD,-0.88544705961278514,-0.22525168432225048,-0.63932788956992737
2023-03-17T00:00:00,AVAUSD,-0.80438575854839167,-0.22382974982132595,-0.6360486094568768
2023-03-18T00:00:00,AVAUSD,-0.67948171967948345,-0.19705643430407072,-0.62598724978165554
2023-03-19T00:00:00,AVAUSD,-0.55049776510868698,-0.16222822570935813,-0.61490627668800102
2023-03-20T00:00:00,AVAUSD,-0.4913170181718074,-0.15621507994796846,-0.60641381792854798
2023-03-21T00:00:00,AVAUSD,-0.40156450618911577,-0.13201448225768139,-0.59477233178044808
2023-03-22T00:00:00,AVAUSD,-0.3846532338252362,-0.13958642185891126,-0.59069199471115152
2023-03-23T00:00:00,AVAUSD,-0.29880040945051883,-0.11130719467321638,-0.58332959638389659
2023-03-24T00:00:00,AVAUSD,-0.27564990112919774,-0.11104156194051798,-0.57446806684468832
2023-03-25T00:00:00,AVAUSD,-0.28842246925230081,-0.12769969337675255,-0.56650494431317455
2023-03-26T00:00:00,AVAUSD,-0.25110516542758515,-0.11905227140215244,-0.55749073948475325
2023-03-27T00:00:00,AVAUSD,-0.27378883290521111,-0.13931228042149221,-0.54955035732192747
2023-03-28T00:00:00,AVAUSD,-0.2607743344261943,-0.14186263029965315,-0.541023755523517
2023-03-29T00:00:00,AVAUSD,-0.2021137048976753,-0.11990278114104636,-0.53108107252890424
2023-03-30T00:00:00,AVAUSD,-0.14674147668717821,-0.096868750692380254,-0.52107813092751221
2023-03-31T00:00:00,AVAUSD,-0.077843079430864853,-0.064334211874560399,-0.51257758350738358
2023-04-01T00:00:00,AVAUSD,-0.007262326683318083,-0.028178659429461919,-0.50869161006177011
2023-04-02T00:00:00,AVAUSD,0.0087256401298039989,-0.018073233765847192,-0.50996436716483518
2023-04-03T00:00:00,AVAUSD,-0.012393263919258065,-0.026961518577297085,-0.50903377505851588
2023-04-04T00:00:00,AVAUSD,0.037173293668384073,0.00095801510702293131,-0.50529373514824683
2023-04-05T00:00:00,AVAUSD,0.11003911665239277,0.043463911329472971,-0.50189744337146391
2023-04-06T00:00:00,AVAUSD,0.18878798620226475,0.09176713450841148,-0.51678094346848635
2023-04-07T00:00:00,AVAUSD,0.20931855354670836,0.11180872155038162,-0.52756500417927787
2023-04-08T00:00:00,AVAUSD,0.21885002428899231,0.12655793773711169,-0.54298803449250166
2023-04-09T00:00:00,AVAUSD,0.22494351212330468,0.13924161547790312,-0.54431588490576555
2023-04-10T00:00:00,AVAUSD,0.2573507936325124,0.16640920815142224,-0.54788516404438281
2023-04-11T00:00:00,AVAUSD,0.34577895925164726,0.22559673239427663,-0.55157648050423902
2023-04-12T00:00:00,AVAUSD,0.4010083725168187,0.26920724252840167,-0.55011052627368939
2023-04-13T00:00:00,AVAUSD,0.5222884568164331,0.34942385238112961,-0.53055389427974398
2023-04-14T00:00:00,AVAUSD,0.63398088196430991,0.42774025118820463,-0.50801066677017437
2023-04-15T00:00:00,AVAUSD,0.72944202851566509,0.49978327160641589,-0.48476723695366547
2023-04-16T00:00:00,AVAUSD,0.87552900369270092,0.60057590987749165,-0.45339944351052747
2023-04-17T00:00:00,AVAUSD,1.0612189580858746,0.72384291039595483,-0.40963804432009826
2023-04-18T00:00:00,AVAUSD,1.2338488459451742,0.84309087096838276,-0.3634906446391763
2023-04-19T00:00:00,AVAUSD,1.2363767412899349,0.88049414383663682,-0.34714887842656755
2023-04-20T00:00:00,AVAUSD,1.1468669193979133,0.86749409565750224,-0.34145280559272961
2023-04-21T00:00:00,AVAUSD,0.89264428311485555,0.75934369790795986,-0.34732802015262337
2023-04-22T00:00:00,AVAUSD,0.71061475118642858,0.68008015091294627,-0.35035000000601196
2023-04-23T00:00:00,AVAUSD,0.50702420618704203,0.58308324788489063,-0.35739110060879931
2023-04-24T00:00:00,AVAUSD,0.37526936514875475,0.52721254360862835,-0.37327351180019491
2023-04-25T00:00:00,AVAUSD,0.31619556882240252,0.5109276981214228,-0.39208801547357686
2023-04-26T00:00:00,AVAUSD,0.19158031959282559,0.44728538634725484,-0.40365693131565317
2023-04-27T00:00:00,AVAUSD,0.17942372407888971,0.43859143478702994,-0.40822616197955547
2023-04-28T00:00:00,AVAUSD,0.13410610325571778,0.40459599540424324,-0.40588177656584296
2023-04-29T00:00:00,AVAUSD,0.085491117158053159,0.36601454458827132,-0.40187700065178228
2023-04-30T00:00:00,AVAUSD,0.0060130226464115855,0.31260548762734902,-0.40351311179529115
2023-05-01T00:00:00,AVAUSD,-0.14603352390402646,0.21610516370872868,-0.40693926545136039
2023-05-02T00:00:00,AVAUSD,-0.23031465597518591,0.15094355321989752,-0.40727949922502582
2023-05-03T00:00:00,AVAUSD,-0.27045733361670704,0.10751669819164694,-0.40597675036567149
2023-05-04T00:00:00,AVAUSD,-0.32822658273715521,0.054477228636408234,-0.40595867318373907
2023-05-05T00:00:00,AVAUSD,-0.3193794114687768,0.036334954286054377,-0.4034294669966334
2023-05-06T00:00:00,AVAUSD,-0.40246358908939611,-0.028472590517828564,-0.40713267563045619
2023-05-07T00:00:00,AVAUSD,-0.46862965213469177,-0.086555826376156858,-0.40975456569187613
2023-05-08T00:00:00,AVAUSD,-0.68415209728621451,-0.22664396605880224,-0.415988438768431
2023-05-09T00:00:00,AVAUSD,-0.8586834770026035,-0.35069985748515486,-0.42297403727067451
2023-05-10T00:00:00,AVAUSD,-0.96470494405355645,-0.44226531117403317,-0.43109814776091615
2023-05-11T00:00:00,AVAUSD,-1.1462588687251449,-0.57524220163948137,-0.45157113564073381
2023-05-12T00:00:00,AVAUSD,-1.2837308338212712,-0.69041964339128525,-0.46596384522510786
2023-05-13T00:00:00,AVAUSD,-1.4137264976524162,-0.80568026006860471,-0.48603478376499121
2023-05-14T00:00:00,AVAUSD,-1.4909183697939143,-0.89403770500964241,-0.49497759733384339
2023-05-15T00:00:00,AVAUSD,-1.499962754789389,-0.94450260449915091,-0.49497676201646301
2023-05-16T00:00:00,AVAUSD,-1.52321069582889,-0.99785539614324248,-0.49213446802042482
2023-05-17T00:00:00,AVAUSD,-1.505703705038167,-1.0323526817672326,-0.49592533360210223
2023-05-18T00:00:00,AVAUSD,-1.5405853851307347,-1.0879472842281914,-0.49735865972977888
2023-05-19T00:00:00,AVAUSD,-1.5317730572629025,-1.1174082080679621,-0.49416476697373257
2023-05-20T00:00:00,AVAUSD,-1.5183606594380987,-1.1416598709036463,-0.49080391607448276
2023-05-21T00:00:00,AVAUSD,-1.5208901460442188,-1.170656942579166,-0.48735817849983692
2023-05-22T00:00:00,AVAUSD,-1.4741967054831175,-1.1749543745226541,-0.48472779260852866
2023-05-23T00:00:00,AVAUSD,-1.4309601825066649,-1.1778262962879618,-0.48249918662703811
2023-05-24T00:00:00,AVAUSD,-1.4271655178946343,-1.1949410543202028,-0.47922415999024109
2023-05-25T00:00:00,AVAUSD,-1.4198079646311406,-1.2095692641619478,-0.47666610733688008
2023-05-26T00:00:00,AVAUSD,-1.3802372402474443,-1.2076760374484203,-0.47413515492027647
2023-05-27T00:00:00,AVAUSD,-1.3331984636339285,-1.2001646092251512,-0.47181773141409378
2023-05-28T00:00:00,AVAUSD,-1.2637796182396586,-1.1799392401796487,-0.46950610751110822
2023-05-29T00:00:00,AVAUSD,-1.2196159090390415,-1.1683946005304076,-0.46723351454863915
2023-05-30T00:00:00,AVAUSD,-1.1712680941906493,-1.15276829239506,-0.46478179181695994
2023-05-31T00:00:00,AVAUSD,-1.1630037662348931,-1.1540334136565653,-0.4627629840059132
2023-06-01T00:00:00,AVAUSD,-1.1412695752946895,-1.1490305594872163,-0.46107394970083621
2023-06-02T00:00:00,AVAUSD,-1.0910134121771706,-1.131008349905553,-0.46001433840989026
2023-06-03T00:00:00,AVAUSD,-1.039645513688974,-1.1113486375494703,-0.45942151991237884
2023-06-04T00:00:00,AVAUSD,-0.96026390297026087,-1.0749528054121757,-0.45713751150088694
2023-06-05T00:00:00,AVAUSD,-0.96603493452205424,-1.0752347971668039,-0.45525319746006027
2023-06-06T00:00:00,AVAUSD,-0.91531905502849464,-1.0517754731139253,-0.4544086596075913
2023-06-07T00:00:00,AVAUSD,-0.90714304705357551,-1.0484730290890873,-0.45527737217790737
2023-06-08T00:00:00,AVAUSD,-0.90355146291743238,-1.0479324570659689,-0.45679346608842269
2023-06-09T00:00:00,AVAUSD,-0.90731420058849654,-1.0486321663033742,-0.45688732222120698
2023-06-10T00:00:00,AVAUSD,-1.0596286842921134,-1.1110592694135419,-0.45278870820390904
2023-06-11T00:00:00,AVAUSD,-1.1579572083828691,-1.156556657355104,-0.4505944569141791
2023-06-12T00:00:00,AVAUSD,-1.2389890421781824,-1.1984303858926406,-0.44941886133071141
2023-06-13T00:00:00,AVAUSD,-1.2899423599199855,-1.2329539957388096,-0.45122690466198739
2023-06-14T00:00:00,AVAUSD,-1.3469502119627637,-1.2693959044856766,-0.4519434204922706
2023-06-15T00:00:00,AVAUSD,-1.3805974561876844,-1.3028660380386441,-0.45711268763273877
2023-06-16T00:00:00,AVAUSD,-1.3976738007099658,-1.331380172020159,-0.4639556633793111
2023-06-17T00:00:00,AVAUSD,-1.405254927559628,-1.3570235841822063,-0.47210287974319354
2023-06-18T00:00:00,AVAUSD,-1.4369716472597516,-1.4010264097392997,-0.48572723775709065
2023-06-19T00:00:00,AVAUSD,-1.486297466490561,-1.4681452835711306,-0.50939378081818509
2023-06-20T00:00:00,AVAUSD,-1.5246339671595481,-1.5485360948649354,-0.54497373032195495
2023-06-21T00:00:00,AVAUSD,-1.4624044503959786,-1.5598974750495318,-0.56657230821341609
2023-06-22T00:00:00,AVAUSD,-1.3896013730974217,-1.5514123391528492,-0.58110865108772847
2023-06-23T00:00:00,AVAUSD,-1.2526921770845221,-1.4912514167148523,-0.58317866382888939
2023-06-24T00:00:00,AVAUSD,-1.1760680715535581,-1.459779572846396,-0.58891990350155798
2023-06-25T00:00:00,AVAUSD,-1.0657288821826834,-1.4066635507750418,-0.59189495785736324
2023-06-26T00:00:00,AVAUSD,-0.99533625160031847,-1.3737928247488815,-0.59836269177540424
2023-06-27T00:00:00,AVAUSD,-0.9260694181390634,-1.3473456752688593,-0.61007746735696189
2023-06-28T00:00:00,AVAUSD,-0.94039385937977282,-1.3524953233226928,-0.61944240389270655
2023-06-29T00:00:00,AVAUSD,-0.93487586619832663,-1.364105531141222,-0.63904310663724262
2023-06-30T00:00:00,AVAUSD,-0.90131801531504019,-1.3613507632389876,-0.65835305234135721
2023-07-01T00:00:00,AVAUSD,-0.87037855639494988,-1.3604961386031715,-0.67963512565910666
2023-07-02T00:00:00,AVAUSD,-0.83327231767897603,-1.3532920016514318,-0.69999929837563923
2023-07-03T00:00:00,AVAUSD,-0.77155234285814678,-1.3237164415166351,-0.71382927205805502
2023-07-04T00:00:00,AVAUSD,-0.73285034298235119,-1.3119259044318046,-0.7351284435357851
2023-07-05T00:00:00,AVAUSD,-0.75130603307803234,-1.335235120460702,-0.76550387542276965
2023-07-06T00:00:00,AVAUSD,-0.76681376982980609,-1.3579442978414034,-0.79854148629960753
2023-07-07T00:00:00,AVAUSD,-0.7924854430736693,-1.4036378396904372,-0.84920077194493604
2023-07-08T00:00:00,AVAUSD,-0.69602309931300788,-1.3727934221268632,-0.88746860558476148
2023-07-09T00:00:00,AVAUSD,-0.59739371585930245,-1.3413259640938859,-0.93210661832680419
2023-07-10T00:00:00,AVAUSD,-0.51374553022035219,-1.2827060805112931,-0.95153585533574903
2023-07-11T00:00:00,AVAUSD,-0.48056164605983187,-1.2489827820103172,-0.97493585929952686
2023-07-12T00:00:00,AVAUSD,-0.48475960045288258,-1.2426417613532141,-1.0094804440277101
2023-07-13T00:00:00,AVAUSD,-0.35046636771840928,-1.1487451657784733,-1.0243760484828113
2023-07-14T00:00:00,AVAUSD,-0.1701433665139051,-1.0212785870131895,-1.0310123875815169
2023-07-15T00:00:00,AVAUSD,0.070735661300573141,-0.84550017477739725,-1.0203951309838646
2023-07-16T00:00:00,AVAUSD,0.17959051030384524,-0.74480937705363659,-1.0273651829161408
2023-07-17T00:00:00,AVAUSD,0.23041793407175087,-0.67994203287584354,-1.0454748302347534
2023-07-18T00:00:00,AVAUSD,0.22697364855101199,-0.64126069691592058,-1.062602091080769
2023-07-19T00:00:00,AVAUSD,0.27825112340146846,-0.5797913985924833,-1.0820363444404435
2023-07-20T00:00:00,AVAUSD,0.27212953512799198,-0.54207030838962245,-1.0940987121223744
2023-07-21T00:00:00,AVAUSD,0.29558371965608399,-0.49089690169843125,-1.1049752415214986
2023-07-22T00:00:00,AVAUSD,0.27480842702043956,-0.46585036305376554,-1.1196216139037809
2023-07-23T00:00:00,AVAUSD,0.24770559508489987,-0.44461829366459432,-1.1298737207115639
2023-07-24T00:00:00,AVAUSD,0.1359382738384175,-0.47829112850146643,-1.157821796605611
2023-07-25T00:00:00,AVAUSD,0.080521493796271285,-0.48642296586636136,-1.1829939421573654
2023-07-26T00:00:00,AVAUSD,0.044400422084373087,-0.48249454678868797,-1.1961192649612737
2023-07-27T00:00:00,AVAUSD,-0.032493959299799258,-0.50344717438391817,-1.2112639305750936
2023-07-28T00:00:00,AVAUSD,-0.084174113044730978,-0.51655748772759058,-1.2301553505352136
2023-07-29T00:00:00,AVAUSD,-0.12394026638088058,-0.52656012744783876,-1.2504207937384468
2023-07-30T00:00:00,AVAUSD,-0.17431012076580618,-0.54764453935603707,-1.2802289294408353
2023-07-31T00:00:00,AVAUSD,-0.27321871126697317,-0.59495349355178695,-1.3058298715044538
2023-08-01T00:00:00,AVAUSD,-0.37477273978292514,-0.64837143002683917,-1.3341556402166248
2023-08-02T00:00:00,AVAUSD,-0.49243866326743035,-0.70979371114550727,-1.3504507692570846
2023-08-03T00:00:00,AVAUSD,-0.5921456025202948,-0.7668548398052959,-1.3693516556772334
2023-08-04T00:00:00,AVAUSD,-0.71207085966273365,-0.84165015036890256,-1.3996537913168905
2023-08-05T00:00:00,AVAUSD,-0.82000668236819385,-0.91551175566097076,-1.4344961392966509
2023-08-06T00:00:00,AVAUSD,-0.87827282873385626,-0.97416352364882575,-1.491158295232093
2023-08-07T00:00:00,AVAUSD,-0.93498404520053702,-1.0193842158149458,-1.5086974119452075
2023-08-08T00:00:00,AVAUSD,-0.94768142181954107,-1.053309579621543,-1.5547746151747559
2023-08-09T00:00:00,AVAUSD,-0.96693383885622619,-1.0833506536152377,-1.5824121146818599
2023-08-10T00:00:00,AVAUSD,-0.99691369420125364,-1.1181931491495511,-1.6082983169522898
2023-08-11T00:00:00,AVAUSD,-1.0310607725847372,-1.1532013202997538,-1.6283258521150046
2023-08-12T00:00:00,AVAUSD,-1.0802049558516844,-1.203848007457226,-1.6677334567418027
2023-08-13T00:00:00,AVAUSD,-1.1121031890368946,-1.2428249268387574,-1.6985453327255469
2023-08-14T00:00:00,AVAUSD,-1.1496196389227988,-1.2894663771717951,-1.7411051420746471
2023-08-15T00:00:00,AVAUSD,-1.2832978774928081,-1.377651792361249,-1.7623254626303499
2023-08-16T00:00:00,AVAUSD,-1.4854538559416304,-1.5104399670450501,-1.7959594390414584
2023-08-17T00:00:00,AVAUSD,-1.6542965874032014,-1.6192448870962781,-1.7994755256566064
2023-08-18T00:00:00,AVAUSD,-1.8188411562307765,-1.7148516305955921,-1.7666224376189377
2023-08-19T00:00:00,AVAUSD,-1.9231621998511477,-1.7839163464082584,-1.7345554515669621
2023-08-20T00:00:00,AVAUSD,-1.9843384631409697,-1.8439951852031562,-1.72735932724116
2023-08-21T00:00:00,AVAUSD,-2.0590256864858865,-1.8961093257052004,-1.6892294081036265
2023-08-22T00:00:00,AVAUSD,-2.0997853309988441,-1.9116373513074152,-1.6124598166022432
2023-08-23T00:00:00,AVAUSD,-2.0650570850581125,-1.9014149951496706,-1.562398178221438
2023-08-24T00:00:00,AVAUSD,-2.0462219856125965,-1.8927800706699476,-1.506485605153925
2023-08-25T00:00:00,AVAUSD,-2.018280357354969,-1.8854869492320547,-1.4655756581573596
2023-08-26T00:00:00,AVAUSD,-1.9724659407828755,-1.8685832903760025,-1.4285963083179587
2023-08-27T00:00:00,AVAUSD,-1.9120794358220825,-1.8496158672713512,-1.4057129223892446
2023-08-28T00:00:00,AVAUSD,-1.837041068554413,-1.8215788925717276,-1.3860807869834673
2023-08-29T00:00:00,AVAUSD,-1.7195099053082037,-1.775546427041776,-1.3781326815564316
2023-08-30T00:00:00,AVAUSD,-1.645432693444987,-1.7414932218999135,-1.3624544189477337
2023-08-31T00:00:00,AVAUSD,-1.6087572105189929,-1.7197368380112201,-1.3412118443386087
2023-09-01T00:00:00,AVAUSD,-1.5764331156378124,-1.7002313713717943,-1.3220915129279773
2023-09-02T00:00:00,AVAUSD,-1.5419970660669267,-1.6798608257165679,-1.3050319995519091
2023-09-03T00:00:00,AVAUSD,-1.4995238090774232,-1.6565478079723917,-1.2913886384537887
2023-09-04T00:00:00,AVAUSD,-1.4633197703731127,-1.6367196611797101,-1.2803628348556741
2023-09-05T00:00:00,AVAUSD,-1.4200252678869163,-1.6129186880886242,-1.2706195527472106
2023-09-06T00:00:00,AVAUSD,-1.3699865463351657,-1.5833961924774458,-1.2596505987933644
2023-09-07T00:00:00,AVAUSD,-1.3128631438810252,-1.5501732551306826,-1.2505673926274778
2023-09-08T00:00:00,AVAUSD,-1.2662008903222901,-1.5208014608173868,-1.2420251703842093
2023-09-09T00:00:00,AVAUSD,-1.2315490028537028,-1.5027013499376527,-1.2428869041323984
2023-09-10T00:00:00,AVAUSD,-1.2250415425777998,-1.4979316404485998,-1.2445057272879472
2023-09-11T00:00:00,AVAUSD,-1.2385224457200652,-1.500461968083399,-1.2430689618861424
2023-09-12T00:00:00,AVAUSD,-1.2320993519411465,-1.4932547829013123,-1.2418194778586535
2023-09-13T00:00:00,AVAUSD,-1.2134527687584895,-1.4797437624936618,-1.2411235904847422
2023-09-14T00:00:00,AVAUSD,-1.1991168752456776,-1.4780635933438333,-1.256208280720297
2023-09-15T00:00:00,AVAUSD,-1.1976304841174201,-1.4897951728850085,-1.285581134693351
2023-09-16T00:00:00,AVAUSD,-1.2016476138967498,-1.5186989213862925,-1.3443194579811053
2023-09-17T00:00:00,AVAUSD,-1.2181978992770364,-1.5436480480812014,-1.4036133461662648
2023-09-18T00:00:00,AVAUSD,-1.2184763841286061,-1.5620911898675405,-1.5006723376393778
2023-09-19T00:00:00,AVAUSD,-1.2063715454217685,-1.5718842583507189,-1.633112530992364
2023-09-20T00:00:00,AVAUSD,-1.2110331078001837,-1.5932659453623785,-1.7985675587203327
2023-09-21T00:00:00,AVAUSD,-1.221821018231525,-1.6095598230140984,-1.999540286757532
2023-09-22T00:00:00,AVAUSD,-1.2358323119339658,-1.6293693105892313,-2.2239666619720144
2023-09-23T00:00:00,AVAUSD,-1.2359683187529986,-1.6368824969484901,-2.4289555630741964
2023-09-24T00:00:00,AVAUSD,-1.2360254361880865,-1.6439497261229212,-2.6253641393457627
2023-09-25T00:00:00,AVAUSD,-1.2250984072931834,-1.6358699556863421,-2.788569134867573
2023-09-26T00:00:00,AVAUSD,-1.214818470329345,-1.6345685797029834,-2.9509218223086622
2023-09-27T00:00:00,AVAUSD,-1.2118784543172658,-1.6402653179303575,-3.1235252549669177
2023-09-28T00:00:00,AVAUSD,-1.1726663743477934,-1.625710828048657,-3.2876765637948986
2023-09-29T00:00:00,AVAUSD,-1.1499119103110818,-1.6223834383480553,-3.4524371266078941
2023-09-30T00:00:00,AVAUSD,-1.1224217602951891,-1.6202720247787015,-3.6190363116230966
2023-10-01T00:00:00,AVAUSD,-1.0674023784464808,-1.605803540455685,-3.78154355662492
2023-10-02T00:00:00,AVAUSD,-1.0388845727875125,-1.5974794325377528,-3.913575048769423
2023-10-03T00:00:00,AVAUSD,-1.0075175306428357,-1.5881093598558396,-4.0355611663833306
2023-10-04T00:00:00,AVAUSD,-0.89577859883599986,-1.5364284744223697,-4.1340201704885091
2023-10-05T00:00:00,AVAUSD,-0.77333976467403565,-1.4788250834043648,-4.2266911469653605
2023-10-06T00:00:00,AVAUSD,-0.58946813685832233,-1.3818009972792324,-4.2762836867668925
2023-10-07T00:00:00,AVAUSD,-0.47018929728665093,-1.3169922799776432,-4.3349789210362424
2023-10-08T00:00:00,AVAUSD,-0.39452709993016749,-1.283618428104818,-4.4363708189819686
2023-10-09T00:00:00,AVAUSD,-0.44809473942857853,-1.3117004440496054,-4.5409583275741401
2023-10-10T00:00:00,AVAUSD,-0.48955818822071023,-1.3527220405322526,-4.7078090590595183
2023-10-11T00:00:00,AVAUSD,-0.56980863947566007,-1.4166856412536071,-4.8830735855877814
2023-10-12T00:00:00,AVAUSD,-0.69259510645128319,-1.5068910224054017,-5.0680700581745226
2023-10-13T00:00:00,AVAUSD,-0.78283868461097295,-1.5938423132590658,-5.2795939165539236
2023-10-14T00:00:00,AVAUSD,-0.89452633681525151,-1.7037545335436544,-5.5233807669238875
2023-10-15T00:00:00,AVAUSD,-1.0163939240051474,-1.8437494210688739,-5.8406685337841493
2023-10-16T00:00:00,AVAUSD,-1.1088723002301331,-2.0064723832713174,-6.2574873979501628
2023-10-17T00:00:00,AVAUSD,-1.2619042594904306,-2.1595761317882038,-6.4809428749163045
2023-10-18T00:00:00,AVAUSD,-1.4509641509720723,-2.2931422718094754,-6.5311814454441484
2023-10-19T00:00:00,AVAUSD,-1.5723587758053019,-2.3991166998787512,-6.5643944932576987
2023-10-20T00:00:00,AVAUSD,-1.6015662913419368,-2.4342020438030381,-6.4776217273006873
2023-10-21T00:00:00,AVAUSD,-1.4659264089674013,-2.402509437466041,-6.4166971378139523
2023-10-22T00:00:00,AVAUSD,-1.2426248653315506,-2.343138425593001,-6.4053776110977241
2023-10-23T00:00:00,AVAUSD,-0.90195421277063881,-2.1583216101325666,-6.1750642426985474
2023-10-24T00:00:00,AVAUSD,-0.56685935204932247,-1.9372261787994656,-5.8689741370002233
2023-10-25T00:00:00,AVAUSD,-0.19297704735086724,-1.6989581448393873,-5.61459052141696
2023-10-26T00:00:00,AVAUSD,0.26757872377165914,-1.3550366988754148,-5.1945925559859045
2023-10-27T00:00:00,AVAUSD,0.55868501864736975,-1.1069904430408899,-4.9034870439699985
2023-10-28T00:00:00,AVAUSD,0.90864642779720028,-0.79836520509990816,-4.5374232960766587
2023-10-29T00:00:00,AVAUSD,1.2584794711293292,-0.46928969055550307,-4.1447763073585513
2023-10-30T00:00:00,AVAUSD,1.5502334798810407,-0.16346484146876447,-3.7786087230573484
2023-10-31T00:00:00,AVAUSD,1.7327982888409883,0.056395778638747139,-3.586432648378493
2023-11-01T00:00:00,AVAUSD,1.9738185116241376,0.35699551942519059,-3.1672949608298193
2023-11-02T00:00:00,AVAUSD,2.0673486625127278,0.55886775295760804,-2.8810364729826135
2023-11-03T00:00:00,AVAUSD,2.1377555485047788,0.74189644535060428,-2.6058222349612472
2023-11-04T00:00:00,AVAUSD,2.1536930092964517,0.88191946543611732,-2.3884082127605843
2023-11-05T00:00:00,AVAUSD,2.1695028775864089,1.0124091237796087,-2.1736195847601101
2023-11-06T00:00:00,AVAUSD,2.2148446809311904,1.1516237856594791,-1.9224932361772311
2023-11-07T00:00:00,AVAUSD,2.2141726197455776,1.2545502632047998,-1.7255249699980355
2023-11-08T00:00:00,AVAUSD,2.1886914697164812,1.3332814462880613,-1.5596058874745655
2023-11-09T00:00:00,AVAUSD,2.098890296364555,1.3671057169674568,-1.4515003924264003
2023-11-10T00:00:00,AVAUSD,2.1482653899584396,1.4592665420321056,-1.2355491760121917
2023-11-11T00:00:00,AVAUSD,2.2269416929285644,1.5509043855936135,-0.96206391089430865
2023-11-12T00:00:00,AVAUSD,2.2922925933092309,1.6222417681334371,-0.68625087747057356
2023-11-13T00:00:00,AVAUSD,2.2816574640333336,1.6733662865054344,-0.547762660607643
2023-11-14T00:00:00,AVAUSD,2.2374073740825104,1.7032345577399963,-0.44322933263866299
2023-11-15T00:00:00,AVAUSD,2.2607160620892808,1.7371094701119421,-0.28789609463021559
2023-11-16T00:00:00,AVAUSD,2.2597541917147344,1.7617367518952622,-0.16741258450061078
2023-11-17T00:00:00,AVAUSD,2.2309052722640623,1.7770797231576951,-0.07837679834325062
2023-11-18T00:00:00,AVAUSD,2.1960733574207509,1.7845923358438838,-0.0018209505741187551
2023-11-19T00:00:00,AVAUSD,2.1463134876661463,1.7848410249027837,0.059536276811519663
2023-11-20T00:00:00,AVAUSD,2.0701299752856075,1.772037224514541,0.10644196869226399
2023-11-21T00:00:00,AVAUSD,1.9808061183123071,1.7498143422863053,0.14454061191445819
2023-11-22T00:00:00,AVAUSD,1.9042282700122781,1.7285919467322837,0.18003649427623805
2023-11-23T00:00:00,AVAUSD,1.8193528306045592,1.7009110370780161,0.20976595350705943
2023-11-24T00:00:00,AVAUSD,1.7501450068935556,1.6767949873980144,0.23847180007849866
2023-11-25T00:00:00,AVAUSD,1.682367994377781,1.6508906068363451,0.26438312398245911
2023-11-26T00:00:00,AVAUSD,1.6188697445972475,1.6249465114711534,0.28824642202165196
2023-11-27T00:00:00,AVAUSD,1.5260968350171515,1.5841617295797481,0.30571676751054472
2023-11-28T00:00:00,AVAUSD,1.4590404329164088,1.5526274885198303,0.32419854291752292
2023-11-29T00:00:00,AVAUSD,1.4009120183197041,1.5237270125115419,0.34195214829367787
2023-11-30T00:00:00,AVAUSD,1.3543772660814648,1.4981595274501529,0.35931420399536812
2023-12-01T00:00:00,AVAUSD,1.3180572948848179,1.4767098753569745,0.37654541410529996
2023-12-02T00:00:00,AVAUSD,1.2902322533002011,1.4583685976348431,0.39349298271598748
2023-12-03T00:00:00,AVAUSD,1.2472949823189385,1.4326254129963498,0.40767820996490572
2023-12-04T00:00:00,AVAUSD,1.2103290723386366,1.4097294918645658,0.42167243410909905
2023-12-05T00:00:00,AVAUSD,1.204304703004063,1.4000588131023033,0.43770735217642992
2023-12-06T00:00:00,AVAUSD,1.2537126458422476,1.4106746796222465,0.45635024340386143
2023-12-07T00:00:00,AVAUSD,1.2791130103002895,1.4137625014475543,0.4729390540485629
2023-12-08T00:00:00,AVAUSD,1.3331518107464755,1.4261171814424851,0.48933895125692284
2023-12-09T00:00:00,AVAUSD,1.4025929968746438,1.4439469652689374,0.50485715356822791
2023-12-10T00:00:00,AVAUSD,1.4968493647185068,1.4653906054284218,0.51686358183102432
2023-12-11T00:00:00,AVAUSD,1.540415105650462,1.4794321284131056,0.53048523332424991
2023-12-12T00:00:00,AVAUSD,1.5678536202982236,1.4888509298202464,0.54294850590729116
2023-12-13T00:00:00,AVAUSD,1.6031584156078402,1.4991501369673847,0.55339642910329523
2023-12-14T00:00:00,AVAUSD,1.5991785629580417,1.5008904063513333,0.56495339439947134
2023-12-15T00:00:00,AVAUSD,1.6040433713657332,1.5035891126501324,0.57489339076938561
2023-12-16T00:00:00,AVAUSD,1.60470968538609,1.5047468750246504,0.58412313953922768
2023-12-17T00:00:00,AVAUSD,1.5831471356938513,1.4995780420605156,0.59365581681461699
2023-12-18T00:00:00,AVAUSD,1.5397707020339129,1.4864680095012424,0.60289954864475515
2023-12-19T00:00:00,AVAUSD,1.4963546061047706,1.4729273843476796,0.61216628487295333
2023-12-20T00:00:00,AVAUSD,1.4710257200531645,1.4652093556529111,0.62137386215659196
2023-12-21T00:00:00,AVAUSD,1.4702411586475359,1.4644006558877929,0.62930988679867672
2023-12-22T00:00:00,AVAUSD,1.4490917367502998,1.4573875490991839,0.63761962602214728
2023-12-23T00:00:00,AVAUSD,1.4297296594150311,1.4500946746260881,0.6452654568624745
2023-12-24T00:00:00,AVAUSD,1.4191087184122755,1.4451842667133969,0.65221873377464434
2023-12-25T00:00:00,AVAUSD,1.3975113679217719,1.4367735503972612,0.65933681127613297
2023-12-26T00:00:00,AVAUSD,1.3432317872531825,1.4164732338691006,0.66672970521805486
2023-12-27T00:00:00,AVAUSD,1.2918008540010755,1.3962743365163985,0.67404815991389766
2023-12-28T00:00:00,AVAUSD,1.2134273799597388,1.3633183620625162,0.68010121840762927
2023-12-29T00:00:00,AVAUSD,1.1460722424693013,1.3338715229910401,0.68684471114099055
2023-12-30T00:00:00,AVAUSD,1.0793578838200053,1.3029371686653226,0.69326531457173468
2023-12-31T00:00:00,AVAUSD,1.0174098317318383,1.2725170017394418,0.69965319364243006
2024-01-01T00:00:00,AVAUSD,0.9773457086755476,1.250885446728965,0.7070338177492379
2024-01-02T00:00:00,AVAUSD,0.93374628934921822,1.2279504264165597,0.71484368573168444
2024-01-03T00:00:00,AVAUSD,0.86000191843158502,1.1892059488720401,0.72004577839428707
2024-01-04T00:00:00,AVAUSD,0.81186951223596915,1.1621766321361975,0.72753416929008941
2024-01-05T00:00:00,AVAUSD,0.74496360118115079,1.1253618409683628,0.7337739512880026
2024-01-06T00:00:00,AVAUSD,0.66766122617793056,1.0824480266801808,0.73942969707176087
2024-01-07T00:00:00,AVAUSD,0.59943036283181572,1.0425685994176048,0.74578930877058547
2024-01-08T00:00:00,AVAUSD,0.54869381307331466,1.0097249433876472,0.75317802485052421
2024-01-09T00:00:00,AVAUSD,0.48904578910103941,0.97218242334805338,0.76042771540393084
2024-01-10T00:00:00,AVAUSD,0.45328767137208864,0.94668182087611163,0.77070488977883245
2024-01-11T00:00:00,AVAUSD,0.46526088325900089,0.94674339849871381,0.78703401650677796
2024-01-12T00:00:00,AVAUSD,0.44509671495674952,0.92939195829060328,0.79893468538494739
2024-01-13T00:00:00,AVAUSD,0.41864856274620277,0.90619914590386175,0.80761271066175577
2024-01-14T00:00:00,AVAUSD,0.38692567418945617,0.87710945674605112,0.81239808073731157
2024-01-15T00:00:00,AVAUSD,0.3623175640805199,0.85471369577728729,0.82162730499460801
2024-01-16T00:00:00,AVAUSD,0.33726103446083344,0.83339878928428834,0.83266979013231368
2024-01-17T00:00:00,AVAUSD,0.31948714661303423,0.80941048487777878,0.83670853032813597
2024-01-18T00:00:00,AVAUSD,0.2620490788940435,0.76396875139788856,0.83542930905231327
2024-01-19T00:00:00,AVAUSD,0.20277506173306589,0.71701030720608172,0.83399028511211104
2024-01-20T00:00:00,AVAUSD,0.15031822101385925,0.67184516011116657,0.83164643184176679
2024-01-21T00:00:00,AVAUSD,0.10684037302902309,0.63126371322901487,0.83058543198151069
2024-01-22T00:00:00,AVAUSD,0.031782961170196147,0.57419090564729347,0.8266121049242815
2024-01-23T00:00:00,AVAUSD,-0.053559503684187285,0.51055255526537624,0.82138942103129298
2024-01-24T00:00:00,AVAUSD,-0.11144215696237933,0.45994552643508191,0.81908658031366233
2024-01-25T00:00:00,AVAUSD,-0.15490240524648397,0.41756647026839688,0.8205128380786828
2024-01-26T00:00:00,AVAUSD,-0.16444124464113732,0.39298780637754432,0.82633127741826473
2024-01-27T00:00:00,AVAUSD,-0.16431997443815746,0.37481500696996034,0.83482000909620135
2024-01-28T00:00:00,AVAUSD,-0.12667686245795884,0.37814072141060207,0.8496823163980497
2024-01-29T00:00:00,AVAUSD,-0.076332860457208093,0.3938463087596028,0.87437087072445541
2024-01-30T00:00:00,AVAUSD,-0.027325581541318623,0.41097870474226006,0.90005969975575506
2024-01-31T00:00:00,AVAUSD,-0.016674821164237772,0.41106287602063141,0.92482974492635783
2024-02-01T00:00:00,AVAUSD,-0.023498141441022278,0.40298434851211345,0.94923516269014419
2024-02-02T00:00:00,AVAUSD,0.02463045853191111,0.42491715177951023,0.9834768340331056
2024-02-03T00:00:00,AVAUSD,0.068130734988531241,0.44723347292006949,1.0209272874033106
2024-02-04T00:00:00,AVAUSD,0.092787135239357041,0.46552955862264683,1.0682493856350193
2024-02-05T00:00:00,AVAUSD,0.094020357955579337,0.4751572598201525,1.1214584192253974
2024-02-06T00:00:00,AVAUSD,0.08383806010430031,0.47689934428965192,1.1698263371836022
2024-02-07T00:00:00,AVAUSD,0.10802413188481928,0.48747803516902388,1.1995974886791887
2024-02-08T00:00:00,AVAUSD,0.13702100695156366,0.50380956200052474,1.2370807737970848
2024-02-09T00:00:00,AVAUSD,0.23419365238252771,0.5490439280223981,1.2615713475964194
2024-02-10T00:00:00,AVAUSD,0.37403644031422351,0.6124587569814145,1.2702992778337661
2024-02-11T00:00:00,AVAUSD,0.4689220350517585,0.65372363718261806,1.2641485092892302
2024-02-12T00:00:00,AVAUSD,0.57876058707111322,0.70550956618079419,1.2589461026347828
2024-02-13T00:00:00,AVAUSD,0.64715769156410874,0.74027740769617567,1.2524253766616034
2024-02-14T00:00:00,AVAUSD,0.76215242307052,0.8005878204887068,1.2499429987034265
2024-02-15T00:00:00,AVAUSD,0.83826942988195319,0.84375349492321294,1.2427342558992582
2024-02-16T00:00:00,AVAUSD,0.85963676929461075,0.86515955081625573,1.242556700466992
2024-02-17T00:00:00,AVAUSD,0.87098531085173359,0.88425703821886226,1.2490997889785589
2024-02-18T00:00:00,AVAUSD,0.88455457868950438,0.90168927565244539,1.2496804630367586
2024-02-19T00:00:00,AVAUSD,0.86693317735005171,0.90117618069046257,1.2429142399325797
2024-02-20T00:00:00,AVAUSD,0.81675770387362046,0.88350451370145056,1.2344432724835839
2024-02-21T00:00:00,AVAUSD,0.72861232805835618,0.84799362288583124,1.230729825843919
2024-02-22T00:00:00,AVAUSD,0.69877076697781315,0.85208840549699161,1.2636873824599129
2024-02-23T00:00:00,AVAUSD,0.62613035509521564,0.82893620770116794,1.2827522308148342
2024-02-24T00:00:00,AVAUSD,0.57542831847543319,0.82108238766551511,1.3198021047894055
2024-02-25T00:00:00,AVAUSD,0.56287596335303225,0.84838760711221262,1.4029333791522514
2024-02-26T00:00:00,AVAUSD,0.62900982627133262,0.91674267858418157,1.5001082526207148
2024-02-27T00:00:00,AVAUSD,0.67458391461238953,0.94935416817180573,1.5322819025352807
2024-02-28T00:00:00,AVAUSD,0.70622560377761623,0.97840751665199888,1.5687406327538751
2024-02-29T00:00:00,AVAUSD,0.83243748412143614,1.023486860356478,1.537903545855152
2024-03-01T00:00:00,AVAUSD,0.93271215201477831,1.0620307942759251,1.5107351687910582
2024-03-02T00:00:00,AVAUSD,1.0233354205553638,1.0951191278742709,1.4744043095049668
2024-03-03T00:00:00,AVAUSD,1.0772665272150377,1.1156627612616599,1.442418456180089
2024-03-04T00:00:00,AVAUSD,1.1157573143003581,1.1375815742989914,1.4269566219616994
2024-03-05T00:00:00,AVAUSD,0.9685378232638896,1.0786299843953366,1.4197254526126009
2024-03-06T00:00:00,AVAUSD,0.96083306528351264,1.0691783082264557,1.3917280937193539
2024-03-07T00:00:00,AVAUSD,1.0357703342569278,1.0903750000744825,1.3488152251175027
2024-03-08T00:00:00,AVAUSD,1.0499651382777631,1.0909263614915283,1.3164441096541886
2024-03-09T00:00:00,AVAUSD,1.0654890815884819,1.0948724274722634,1.2895555390726265
2024-03-10T00:00:00,AVAUSD,1.0456360759922614,1.0863445435689534,1.2699615312645667
2024-03-11T00:00:00,AVAUSD,1.1926835256550055,1.1241874198429307,1.191448870513097
2024-03-12T00:00:00,AVAUSD,1.3854399427152693,1.1593315390596537,1.0569726703195061
2024-03-13T00:00:00,AVAUSD,1.4729299833085285,1.1865445879909311,0.99026219814905003
2024-03-14T00:00:00,AVAUSD,1.5138468372287588,1.2036967672955894,0.94215309195309027
2024-03-15T00:00:00,AVAUSD,1.5512846348130453,1.2190042250377087,0.89462786654422322
2024-03-16T00:00:00,AVAUSD,1.5505730534787585,1.2264597427604387,0.86395135445223326
2024-03-17T00:00:00,AVAUSD,1.5648310742134712,1.2365956026462703,0.83000837686754025
2024-03-18T00:00:00,AVAUSD,1.6092001156740516,1.2481934523125757,0.78057166854804116
2024-03-19T00:00:00,AVAUSD,1.5795126625616984,1.2479578342866973,0.76207088448389071
2024-03-20T00:00:00,AVAUSD,1.5328249573142543,1.2409580289149589,0.74835403656276345
2024-03-21T00:00:00,AVAUSD,1.472062569924661,1.2307934196254193,0.74257491350732507
2024-03-22T00:00:00,AVAUSD,1.4027589238365388,1.2162024252655059,0.74015609335872867
2024-03-23T00:00:00,AVAUSD,1.3532029415145346,1.2065349226364805,0.73745306731842009
2024-03-24T00:00:00,AVAUSD,1.3097500892693166,1.1973077036247108,0.73512119620823158
2024-03-25T00:00:00,AVAUSD,1.3177634014467601,1.2090804072288766,0.73361302082457103
2024-03-26T00:00:00,AVAUSD,1.2926985709615324,1.2130395905111766,0.74014101648898756
2024-03-27T00:00:00,AVAUSD,1.2457154703493987,1.2060077806532183,0.74687605919729783
2024-03-28T00:00:00,AVAUSD,1.2068611321059752,1.2002246896447537,0.75345382284600027
2024-03-29T00:00:00,AVAUSD,1.1434414624123523,1.1805143854881102,0.75832285356985663
2024-03-30T00:00:00,AVAUSD,1.0887956495209803,1.1621659828660067,0.76298628775795108
2024-03-31T00:00:00,AVAUSD,1.0440555924464721,1.1430041645047242,0.76405052314332145
2024-04-01T00:00:00,AVAUSD,0.96836063205087475,1.1089713723263961,0.76479495055114444
2024-04-02T00:00:00,AVAUSD,0.83477367633847899,1.0463928985573936,0.76383318562599989
2024-04-03T00:00:00,AVAUSD,0.69078631682963354,0.97721162277597229,0.76441920276940634
2024-04-04T00:00:00,AVAUSD,0.58788062701047306,0.92571223858630158,0.76912590060483699
2024-04-05T00:00:00,AVAUSD,0.47453190061448375,0.86196693171764283,0.76787017073174513
2024-04-06T00:00:00,AVAUSD,0.4206503110459564,0.8247044767106223,0.77029426181964178
2024-04-07T00:00:00,AVAUSD,0.37916307697931873,0.79396269702684064,0.77514681417219955
2024-04-08T00:00:00,AVAUSD,0.3716556424607057,0.78089558300156936,0.78421600053067475
2024-04-09T00:00:00,AVAUSD,0.31820536224602608,0.74784633543967771,0.79341025788503627
2024-04-10T00:00:00,AVAUSD,0.26651352316392235,0.71259007568779531,0.80021052875660315
2024-04-11T00:00:00,AVAUSD,0.20621811753971303,0.6720319896082908,0.80637036363535786
2024-04-12T00:00:00,AVAUSD,0.017541457609619514,0.55599672382347565,0.78848822143450881
2024-04-13T00:00:00,AVAUSD,-0.29055361826202214,0.35483125385331743,0.72995657364605782
2024-04-14T00:00:00,AVAUSD,-0.45517882423740669,0.23049354761797067,0.69904675798543958
2024-04-15T00:00:00,AVAUSD,-0.59182371935290701,0.11582775341936384,0.66704694702261669
2024-04-16T00:00:00,AVAUSD,-0.70762574443825055,0.0096324061418835167,0.6357976880061853
2024-04-17T00:00:00,AVAUSD,-0.8022247838259593,-0.088366699221416725,0.60282584301910258
2024-04-18T00:00:00,AVAUSD,-0.8567993836906006,-0.16467318918745741,0.57612177372163387
2024-04-19T00:00:00,AVAUSD,-0.89669754211929187,-0.23191238010903131,0.55206902892176568
2024-04-20T00:00:00,AVAUSD,-0.88228242837977522,-0.26832392908566638,0.53747007968883986
2024-04-21T00:00:00,AVAUSD,-0.875832091643169,-0.30628067129506814,0.52121579885885394
2024-04-22T00:00:00,AVAUSD,-0.83575563698387612,-0.32370253668947785,0.51121153012454112
2024-04-23T00:00:00,AVAUSD,-0.81119932656738469,-0.34559220357969944,0.50067605127203696
2024-04-24T00:00:00,AVAUSD,-0.81512773177905917,-0.3795008930776807,0.4878328861530451
2024-04-25T00:00:00,AVAUSD,-0.82538126837477399,-0.41516179448962059,0.47227687359470921
2024-04-26T00:00:00,AVAUSD,-0.84616813819994308,-0.45487856352763112,0.45580087493148475
2024-04-27T00:00:00,AVAUSD,-0.86694841711423598,-0.49359102541558825,0.43816773716859786
2024-04-28T00:00:00,AVAUSD,-0.86957785178923253,-0.52207453208663146,0.4225966135135808
2024-04-29T00:00:00,AVAUSD,-0.87256974351994598,-0.54878683032346787,0.40478073267548137
2024-04-30T00:00:00,AVAUSD,-0.89802685395430271,-0.58494852518920637,0.38232814462064935
2024-05-01T00:00:00,AVAUSD,-0.90944242572831546,-0.61349702204808676,0.36202639375105056
2024-05-02T00:00:00,AVAUSD,-0.90005234263094858,-0.63010100887401344,0.34353402899414104
2024-05-03T00:00:00,AVAUSD,-0.85845061448084847,-0.62929596286127365,0.33050095315076428
2024-05-04T00:00:00,AVAUSD,-0.79463986904903572,-0.61497570336731922,0.32128534330562863
2024-05-05T00:00:00,AVAUSD,-0.73989996769433219,-0.60212853385084952,0.3120893835939263
2024-05-06T00:00:00,AVAUSD,-0.68451050990220608,-0.58645824578708516,0.30397600533764491
2024-05-07T00:00:00,AVAUSD,-0.65862723127347222,-0.58405792196925077,0.29481743414543815
2024-05-08T00:00:00,AVAUSD,-0.66324328297805213,-0.59382532058563098,0.28048763574993441
2024-05-09T00:00:00,AVAUSD,-0.65213854954795936,-0.59547141612250898,0.26796729937054337
2024-05-10T00:00:00,AVAUSD,-0.64843485151457148,-0.59998048686594063,0.25493955644483562
2024-05-11T00:00:00,AVAUSD,-0.64366649776267038,-0.6034875082774388,0.2422755651920232
2024-05-12T00:00:00,AVAUSD,-0.64038282010254977,-0.60730739640408404,0.22976483994666891
2024-05-13T00:00:00,AVAUSD,-0.64218047614209606,-0.61383587168453924,0.21752659771102192
2024-05-14T00:00:00,AVAUSD,-0.66206573936802204,-0.63246612196912966,0.20659973661532216
2024-05-15T00:00:00,AVAUSD,-0.63564126699362133,-0.62804380720636688,0.19983309754421805
2024-05-16T00:00:00,AVAUSD,-0.61430962370973974,-0.62483337869629207,0.19285782925057637
2024-05-17T00:00:00,AVAUSD,-0.56623355191892466,-0.60938648516696958,0.19039222403237355
2024-05-18T00:00:00,AVAUSD,-0.51060460749418368,-0.58770656227029494,0.18882938644455918
2024-05-19T00:00:00,AVAUSD,-0.48436749471554413,-0.58121807192916053,0.1868905366060043
2024-05-20T00:00:00,AVAUSD,-0.43089932860130253,-0.5691718057621733,0.19389218517834772
2024-05-21T00:00:00,AVAUSD,-0.33356731951384766,-0.52611248338821626,0.20111045261956775
2024-05-22T00:00:00,AVAUSD,-0.26461121995353215,-0.49359978286302347,0.20662893618146938
2024-05-23T00:00:00,AVAUSD,-0.24315117255758817,-0.48126071884533805,0.20768715840720908
2024-05-24T00:00:00,AVAUSD,-0.21276169697805111,-0.46321323193108543,0.20940767254535109
2024-05-25T00:00:00,AVAUSD,-0.19047884866636072,-0.45072177410342357,0.21223837121573055
2024-05-26T00:00:00,AVAUSD,-0.19339158795726763,-0.45181391900868978,0.21405077997369343
2024-05-27T00:00:00,AVAUSD,-0.1683032112752437,-0.44804135509092102,0.22440124457695743
2024-05-28T00:00:00,AVAUSD,-0.16967183712021164,-0.45350262387118223,0.23079505567864095
2024-05-29T00:00:00,AVAUSD,-0.18781493502288488,-0.46639210427950278,0.23511180528346048
2024-05-30T00:00:00,AVAUSD,-0.20998784819072577,-0.48562695459048616,0.2415307214857452
2024-05-31T00:00:00,AVAUSD,-0.22879603842864399,-0.50247023085399301,0.24724172059416205
2024-06-01T00:00:00,AVAUSD,-0.25738935420251768,-0.52891032364952584,0.2548698724164315
2024-06-02T00:00:00,AVAUSD,-0.31569823044079443,-0.57899787789854518,0.26519409074144989
2024-06-03T00:00:00,AVAUSD,-0.35083843578111074,-0.61611474406801825,0.27513765028727477
2024-06-04T00:00:00,AVAUSD,-0.37343114756338119,-0.63444279474915999,0.27668221257332715
2024-06-05T00:00:00,AVAUSD,-0.35894147580172048,-0.63024506241903633,0.27820808130308056
2024-06-06T00:00:00,AVAUSD,-0.36588544204401463,-0.64219391072571486,0.28200498369109317
2024-06-07T00:00:00,AVAUSD,-0.46666231994913149,-0.69770396056924666,0.27454861206254816
2024-06-08T00:00:00,AVAUSD,-0.62234029109721023,-0.7977826751188154,0.26987123300160137
2024-06-09T00:00:00,AVAUSD,-0.75736723188737587,-0.9025538427603168,0.27159331249257124
2024-06-10T00:00:00,AVAUSD,-0.94883734091889227,-1.0700120197303689,0.28511466343188585
2024-06-11T00:00:00,AVAUSD,-1.1702198001272008,-1.2466030476227541,0.285515324907955
2024-06-12T00:00:00,AVAUSD,-1.3476803082819839,-1.4381610846508144,0.30368814376086678
2024-06-13T00:00:00,AVAUSD,-1.6686703637054956,-1.7230600785109498,0.31325365649624792
2024-06-14T00:00:00,AVAUSD,-1.8160056231513801,-1.7890873122143467,0.26168019352187122
2024-06-15T00:00:00,AVAUSD,-1.9278129881827366,-1.8657067711895832,0.22274176351795211
2024-06-16T00:00:00,AVAUSD,-1.9399081644912048,-1.8621724666140365,0.17788115599040749
2024-06-17T00:00:00,AVAUSD,-1.96366731155289,-1.8558722330136577,0.12892434501090588
2024-06-18T00:00:00,AVAUSD,-2.0015416930330265,-1.8417466004524405,0.073743127097667449
2024-06-19T00:00:00,AVAUSD,-1.9960775959975303,-1.8274990608517698,0.03044478335160905
2024-06-20T00:00:00,AVAUSD,-1.9551521528604485,-1.8066531927008727,-0.0046331628432733172
2024-06-21T00:00:00,AVAUSD,-1.9056171860173041,-1.7836928588434546,-0.036322033682854762
2024-06-22T00:00:00,AVAUSD,-1.9028196727305788,-1.7785247254151804,-0.072199012683815095
2024-06-23T00:00:00,AVAUSD,-1.8871790125637731,-1.7669527184747889,-0.105912511170108
2024-06-24T00:00:00,AVAUSD,-1.8916948404311751,-1.7738907484980313,-0.14044071365329922
2024-06-25T00:00:00,AVAUSD,-1.8527928586990441,-1.7693246400257219,-0.16979474220867355
2024-06-26T00:00:00,AVAUSD,-1.7810685895097076,-1.7475685640932317,-0.19524696262527508
2024-06-27T00:00:00,AVAUSD,-1.6694462985836955,-1.7089551611079852,-0.21588844002776833
2024-06-28T00:00:00,AVAUSD,-1.564030856565259,-1.6679487236500687,-0.23630361794500368
2024-06-29T00:00:00,AVAUSD,-1.4736076578232074,-1.6293688416686609,-0.25794282303666066
2024-06-30T00:00:00,AVAUSD,-1.3715528568279631,-1.5843836540350282,-0.2789329954055435
2024-07-01T00:00:00,AVAUSD,-1.2553566057263199,-1.5280202705356003,-0.29824475072588436
2024-07-02T00:00:00,AVAUSD,-1.1723411225203795,-1.481554295834691,-0.320692031131041
2024-07-03T00:00:00,AVAUSD,-1.1494680116087956,-1.4570162151825998,-0.349798760867359
2024-07-04T00:00:00,AVAUSD,-1.1462374022512334,-1.4383224006193536,-0.38130263791892299
2024-07-05T00:00:00,AVAUSD,-1.1445577121747672,-1.4231209788425137,-0.41511619961873375
2024-07-06T00:00:00,AVAUSD,-1.0921754567772193,-1.3923373870600431,-0.44643765207561703
2024-07-07T00:00:00,AVAUSD,-1.0731130241384592,-1.3736115615817241,-0.48079385966648219
2024-07-08T00:00:00,AVAUSD,-1.068449253844302,-1.3620228143736506,-0.51713015793318962
2024-07-09T00:00:00,AVAUSD,-1.0359348148908369,-1.3344825579431976,-0.54939340798355996
2024-07-10T00:00:00,AVAUSD,-1.0025238307798683,-1.3018293320001164,-0.57722333232311973
2024-07-11T00:00:00,AVAUSD,-0.98561343681509861,-1.2775638039958732,-0.60582420759559785
2024-07-12T00:00:00,AVAUSD,-0.95718352118307726,-1.2481376808582869,-0.63108372133640367
2024-07-13T00:00:00,AVAUSD,-0.92708880396288518,-1.218272320174715,-0.65449404224939445
2024-07-14T00:00:00,AVAUSD,-0.89523054356921705,-1.187681342315754,-0.67568558907873444
2024-07-15T00:00:00,AVAUSD,-0.82956867474783924,-1.1413064767667411,-0.68993744721797534
2024-07-16T00:00:00,AVAUSD,-0.74618086549278206,-1.0848642348899937,-0.69839601835486043
2024-07-17T00:00:00,AVAUSD,-0.68665543795157158,-1.0415350775694203,-0.70986607848050398
2024-07-18T00:00:00,AVAUSD,-0.64855483972905426,-1.0076529622570791,-0.72233965384355681
2024-07-19T00:00:00,AVAUSD,-0.58964191915180864,-0.96795412552143323,-0.73361036738565588
2024-07-20T00:00:00,AVAUSD,-0.52204493689226172,-0.92528485751823142,-0.74298476832750926
2024-07-21T00:00:00,AVAUSD,-0.37107581024275843,-0.83296761714489798,-0.729467998989759
2024-07-22T00:00:00,AVAUSD,-0.24164552889318988,-0.75602961381401401,-0.72443450487808736
2024-07-23T00:00:00,AVAUSD,-0.19587412739208857,-0.73302360937608868,-0.74714328211642711
2024-07-24T00:00:00,AVAUSD,-0.18527757429082026,-0.72460307933317114,-0.77260236736780408
2024-07-25T00:00:00,AVAUSD,-0.23159057383260612,-0.73572554578277993,-0.79614890894105717
2024-07-26T00:00:00,AVAUSD,-0.23324834102854311,-0.73109515641159728,-0.81894466291732804
2024-07-27T00:00:00,AVAUSD,-0.24260423303493209,-0.73173832253981352,-0.84436923164030675
2024-07-28T00:00:00,AVAUSD,-0.27275622886030881,-0.73950242907142894,-0.86812144787237422
2024-07-29T00:00:00,AVAUSD,-0.30587356389583631,-0.76052400231000528,-0.90755679950539636
2024-07-30T00:00:00,AVAUSD,-0.36676498267332891,-0.79149603534623603,-0.94528070574537648
2024-07-31T00:00:00,AVAUSD,-0.45313043518765,-0.83367760234358257,-0.9830260392862763
2024-08-01T00:00:00,AVAUSD,-0.54349943139088475,-0.8813134574446313,-1.0238425500073467
2024-08-02T00:00:00,AVAUSD,-0.67902283321746315,-0.95270277247522839,-1.0707710931523275
2024-08-03T00:00:00,AVAUSD,-0.84418732511952954,-1.0378321524464849,-1.116179274058122
2024-08-04T00:00:00,AVAUSD,-1.0017586480814933,-1.1173554724709107,-1.1516603119788202
2024-08-05T00:00:00,AVAUSD,-1.2006082389115484,-1.2161261590706445,-1.1856409978816349
2024-08-06T00:00:00,AVAUSD,-1.3269526620656718,-1.297573400306659,-1.2312681945179906
2024-08-07T00:00:00,AVAUSD,-1.4831767374692915,-1.4016943372897264,-1.2903153667141551
2024-08-08T00:00:00,AVAUSD,-1.5690275927813055,-1.4874844694561942,-1.3607457689204223
2024-08-09T00:00:00,AVAUSD,-1.602965103814723,-1.5273841508744606,-1.391020844470324
2024-08-10T00:00:00,AVAUSD,-1.6064461071468314,-1.5450770789721846,-1.405910525674601
2024-08-11T00:00:00,AVAUSD,-1.6449615794379284,-1.5783326566674865,-1.424132051370087
2024-08-12T00:00:00,AVAUSD,-1.6552088427395772,-1.601433385171992,-1.4436808191861172
2024-08-13T00:00:00,AVAUSD,-1.638381759791933,-1.6071230221482049,-1.4539487159262428
2024-08-14T00:00:00,AVAUSD,-1.654343092559992,-1.6427733626768903,-1.4913127417100558
2024-08-15T00:00:00,AVAUSD,-1.6647609175068225,-1.6536990266912774,-1.4957782055806719
2024-08-16T00:00:00,AVAUSD,-1.6335341512283392,-1.6388502070904816,-1.4866210076922046
2024-08-17T00:00:00,AVAUSD,-1.6044765367015854,-1.6284700469960838,-1.4841733893184974
2024-08-18T00:00:00,AVAUSD,-1.5458741994816179,-1.6083861803595541,-1.4862509960386143
2024-08-19T00:00:00,AVAUSD,-1.4990482416073805,-1.5832628567332663,-1.4762961844836864
2024-08-20T00:00:00,AVAUSD,-1.3906507952958744,-1.528904356197651,-1.4605005660358463
2024-08-21T00:00:00,AVAUSD,-1.2535081209479841,-1.4615297850516209,-1.4454765571079646
2024-08-22T00:00:00,AVAUSD,-1.0903435418731409,-1.3805510069147924,-1.4293683178587582
2024-08-23T00:00:00,AVAUSD,-0.86898984886992514,-1.2649309969748743,-1.4001776672124309
2024-08-24T00:00:00,AVAUSD,-0.6429287532951532,-1.1359903147515591,-1.3592938461237436
2024-08-25T00:00:00,AVAUSD,-0.46932572652430682,-1.0285285301703255,-1.3248376449162937
2024-08-26T00:00:00,AVAUSD,-0.34126322356747163,-0.94132673083978291,-1.2974465985589376
2024-08-27T00:00:00,AVAUSD,-0.27666485092624343,-0.88260354113367379,-1.277361178005711
2024-08-28T00:00:00,AVAUSD,-0.29078934347682034,-0.86076687565950916,-1.2660113246447655
2024-08-29T00:00:00,AVAUSD,-0.3261560437709195,-0.85397328203805545,-1.2627300772740426
2024-08-30T00:00:00,AVAUSD,-0.35620796121911441,-0.84753061156776421,-1.260327742999255
2024-08-31T00:00:00,AVAUSD,-0.39829510955480946,-0.84748024969374602,-1.2574706606204795
2024-09-01T00:00:00,AVAUSD,-0.46021856492859081,-0.86068863287684916,-1.2605320690238144
2024-09-02T00:00:00,AVAUSD,-0.50276551857471563,-0.87238556029305903,-1.2714709722037054
2024-09-03T00:00:00,AVAUSD,-0.56758147281696458,-0.89169222919024016,-1.2766946687332643
2024-09-04T00:00:00,AVAUSD,-0.60425773057508592,-0.8953357066850357,-1.2697476364709548
2024-09-05T00:00:00,AVAUSD,-0.6561921070447948,-0.90531927711045579,-1.2599297963465557
2024-09-06T00:00:00,AVAUSD,-0.72596766219458086,-0.92390802520169069,-1.248797689079133
2024-09-07T00:00:00,AVAUSD,-0.7385168549777863,-0.92547342662257204,-1.2460858888625643
2024-09-08T00:00:00,AVAUSD,-0.68824868122141036,-0.89811499164088704,-1.2362598392457671
2024-09-09T00:00:00,AVAUSD,-0.59239384419075447,-0.84802356694223957,-1.2207476252945999
2024-09-10T00:00:00,AVAUSD,-0.4961602474039522,-0.79605014881268632,-1.2061993950637966
2024-09-11T00:00:00,AVAUSD,-0.45401464477745185,-0.76642180989543762,-1.1959365907917414
2024-09-12T00:00:00,AVAUSD,-0.39816232066047774,-0.72897055746544548,-1.1825921356395401
2024-09-13T00:00:00,AVAUSD,-0.30722396537688712,-0.67402490490281652,-1.1653324851389377
2024-09-14T00:00:00,AVAUSD,-0.19868964690047131,-0.60797329499223862,-1.1442271638860377
2024-09-15T00:00:00,AVAUSD,-0.16369288062103979,-0.57454652213960378,-1.1318281943708799
2024-09-16T00:00:00,AVAUSD,-0.17008060451060616,-0.56286098456088351,-1.1294737223393956
2024-09-17T00:00:00,AVAUSD,-0.15482134850917365,-0.54494650508062215,-1.1323323911837595
2024-09-18T00:00:00,AVAUSD,-0.1515492489148372,-0.53156467030193499,-1.13376398895604
2024-09-19T00:00:00,AVAUSD,-0.007779740176543236,-0.44781527132203491,-1.1100414331232751
2024-09-20T00:00:00,AVAUSD,0.15719554910252359,-0.35090483148039076,-1.0854537605039285
2024-09-21T00:00:00,AVAUSD,0.30234781794455462,-0.2605968465981276,-1.0668545668301681
2024-09-22T00:00:00,AVAUSD,0.4340368233634449,-0.18962493726341897,-1.0974742310393546
2024-09-23T00:00:00,AVAUSD,0.56752086458959983,-0.11602257829141185,-1.137950125542182
2024-09-24T00:00:00,AVAUSD,0.68947609673437282,-0.029515356378977967,-1.1368745221364491
2024-09-25T00:00:00,AVAUSD,0.78452608147343217,0.052479824794180799,-1.1211869136907477
2024-09-26T00:00:00,AVAUSD,0.9060390324998121,0.15968315768546476,-1.0619587524055256
2024-09-27T00:00:00,AVAUSD,1.070821567461901,0.29178593945043202,-0.98943987893029572
2024-09-28T00:00:00,AVAUSD,1.1498441397235108,0.38213227554689178,-0.93933914230452675
2024-09-29T00:00:00,AVAUSD,1.1913287285496139,0.45445911648988524,-0.88965507285508483
2024-09-30T00:00:00,AVAUSD,1.1790661994345097,0.49746747336426955,-0.85582019696946587
2024-10-01T00:00:00,AVAUSD,1.0470491876626211,0.47653682022028593,-0.84650773345949237
2024-10-02T00:00:00,AVAUSD,0.90831090716340679,0.44490024786376742,-0.83757834254535679
2024-10-03T00:00:00,AVAUSD,0.73840907955320889,0.39036337588947273,-0.83558338551272826
2024-10-04T00:00:00,AVAUSD,0.68213108101378206,0.38500518302206554,-0.8160943019306357
2024-10-05T00:00:00,AVAUSD,0.57481755546676805,0.35095811177729491,-0.80996321767570678
2024-10-06T00:00:00,AVAUSD,0.56820603057523023,0.36268347196593081,-0.79058624733405602
2024-10-07T00:00:00,AVAUSD,0.5695746237835877,0.3789324554539038,-0.78439529816349307
2024-10-08T00:00:00,AVAUSD,0.54768492496866972,0.38202033245961076,-0.77407921073144326
2024-10-09T00:00:00,AVAUSD,0.49014851360507028,0.36722903788020711,-0.77983666097157744
2024-10-10T00:00:00,AVAUSD,0.42535407349005222,0.34458028191505491,-0.7770929832621869
2024-10-11T00:00:00,AVAUSD,0.46153858894942001,0.36968037834182726,-0.75845117564304254
2024-10-12T00:00:00,AVAUSD,0.55907415095575774,0.42562184436891209,-0.72426313122765484
2024-10-13T00:00:00,AVAUSD,0.63142515338668515,0.47394956996405041,-0.70237867752027572
2024-10-14T00:00:00,AVAUSD,0.71596730527496932,0.52947095611263861,-0.67264684365875971
2024-10-15T00:00:00,AVAUSD,0.71634914568437513,0.54636843988230221,-0.66006411640411733
2024-10-16T00:00:00,AVAUSD,0.72234036964118131,0.56594120876244347,-0.64881841213550828
2024-10-17T00:00:00,AVAUSD,0.69784321625499357,0.57314353792848427,-0.65393168999783324
2024-10-18T00:00:00,AVAUSD,0.70666711829996742,0.59462922943321417,-0.65110904472389708
2024-10-19T00:00:00,AVAUSD,0.72425055243255565,0.62082414563505128,-0.64824733553017544
2024-10-20T00:00:00,AVAUSD,0.75798282426189212,0.65236645672785376,-0.63453982817614352
2024-10-21T00:00:00,AVAUSD,0.75938386360398058,0.67183179793861947,-0.63424791702681449
2024-10-22T00:00:00,AVAUSD,0.73734605961240562,0.67434084224634583,-0.62606277839225999
2024-10-23T00:00:00,AVAUSD,0.65293161772103026,0.64219285133763004,-0.62314250578696051
2024-10-24T00:00:00,AVAUSD,0.59073254517359586,0.61626516759621208,-0.61502258885433037
2024-10-25T00:00:00,AVAUSD,0.46646540137024012,0.55635788708162659,-0.61645242766102459
2024-10-26T00:00:00,AVAUSD,0.33965817802873971,0.491462168746439,-0.62190437866085069
2024-10-27T00:00:00,AVAUSD,0.23958809076282547,0.43551196825973082,-0.62519340808019219
2024-10-28T00:00:00,AVAUSD,0.17587428720559203,0.39472168897180765,-0.62491991741995589
2024-10-29T00:00:00,AVAUSD,0.15631434532230329,0.37454643397248222,-0.61957277529124122
2024-10-30T00:00:00,AVAUSD,0.13370307196401235,0.35450347291569478,-0.61912153563665906
2024-10-31T00:00:00,AVAUSD,0.017369817431410285,0.28677364311057252,-0.63306427379975549
2024-11-01T00:00:00,AVAUSD,-0.086920426827905142,0.22148816900371071,-0.64784062579087398
2024-11-02T00:00:00,AVAUSD,-0.21438563811892347,0.14136626586379664,-0.66872237540878832
2024-11-03T00:00:00,AVAUSD,-0.36998972142575848,0.043172615558806249,-0.69779171784612903
2024-11-04T00:00:00,AVAUSD,-0.54251572477786558,-0.070863521255517203,-0.72700089088158126
2024-11-05T00:00:00,AVAUSD,-0.6277221793884914,-0.14141706494950418,-0.76185848748967366
2024-11-06T00:00:00,AVAUSD,-0.52347290681668956,-0.11498459513254902,-0.77913210982099979
2024-11-07T00:00:00,AVAUSD,-0.36704987945775797,-0.055075323507879824,-0.79657490330834302
2024-11-08T00:00:00,AVAUSD,-0.16189276977099246,0.038812894147914417,-0.81975936800005311
2024-11-09T00:00:00,AVAUSD,0.11356354103685629,0.17417201535527382,-0.80869290836611074
2024-11-10T00:00:00,AVAUSD,0.45243480836616595,0.34862192230080036,-0.74962130134338678
2024-11-11T00:00:00,AVAUSD,0.90744226447410103,0.58645290220059831,-0.59979577315052479
2024-11-12T00:00:00,AVAUSD,1.2111007725011178,0.76427971316099319,-0.48567611859330756
2024-11-13T00:00:00,AVAUSD,1.3712234785795232,0.88394932137918703,-0.42244392775114659
2024-11-14T00:00:00,AVAUSD,1.4536333670964954,0.96850304509392737,-0.37454211490948569
2024-11-15T00:00:00,AVAUSD,1.5436117487357643,1.0534973552974725,-0.31354935291772246
2024-11-16T00:00:00,AVAUSD,1.656385624442976,1.1439346334726119,-0.23416947860150139
2024-11-17T00:00:00,AVAUSD,1.7418132641966406,1.2252843273769982,-0.16507368677842862
2024-11-18T00:00:00,AVAUSD,1.8036569562380866,1.2983300700390421,-0.1048107373498727
2024-11-19T00:00:00,AVAUSD,1.808335600294551,1.3443913602613999,-0.058326706897046797
2024-11-20T00:00:00,AVAUSD,1.7933247134259911,1.3803593921942805,-0.018203319160037264
2024-11-21T00:00:00,AVAUSD,1.8045409898100944,1.411257588502991,0.034325964574876994
2024-11-22T00:00:00,AVAUSD,1.8748131113290589,1.4467135067689552,0.1053485466337009
2024-11-23T00:00:00,AVAUSD,1.9159338210779771,1.4743293685950518,0.16622692402199207
2024-11-24T00:00:00,AVAUSD,1.9214067630625675,1.4942610178627476,0.21566619769446538
2024-11-25T00:00:00,AVAUSD,1.9338205742382304,1.5114041857149787,0.26355538273036438
2024-11-26T00:00:00,AVAUSD,1.9132380647139138,1.5200712257171856,0.30315971522646668
2024-11-27T00:00:00,AVAUSD,1.8979422117428857,1.5274965029275764,0.34094137493877685
2024-11-28T00:00:00,AVAUSD,1.8510417949863662,1.524047002187952,0.37246101386257363
2024-11-29T00:00:00,AVAUSD,1.8265527909604411,1.5239875373196261,0.40416932922609494
2024-11-30T00:00:00,AVAUSD,1.8070296720234151,1.5235485451603545,0.43430757646578499
2024-12-01T00:00:00,AVAUSD,1.7630709049375615,1.5157369563452252,0.46084348176782458
2024-12-02T00:00:00,AVAUSD,1.7567188437497829,1.5168631778621073,0.48829707992445637
2024-12-03T00:00:00,AVAUSD,1.7641659748329914,1.523816329088602,0.51608798965142644
2024-12-04T00:00:00,AVAUSD,1.7804666998658369,1.5319648916035054,0.54258702904955836
2024-12-05T00:00:00,AVAUSD,1.7567959893805838,1.5344383429721706,0.56896450997556713
2024-12-06T00:00:00,AVAUSD,1.7284513240432768,1.5314201612942171,0.59281358516592741
2024-12-07T00:00:00,AVAUSD,1.6928730628557556,1.5274432410620176,0.61686046508082049
2024-12-08T00:00:00,AVAUSD,1.6573178851709358,1.5198356792508114,0.63884698316773159
2024-12-09T00:00:00,AVAUSD,1.5403548525613424,1.4805885533703729,0.65511510037837184
2024-12-10T00:00:00,AVAUSD,1.4179489430405299,1.4349870702581926,0.66954705786595947
2024-12-11T00:00:00,AVAUSD,1.3524634495518675,1.4113362311915238,0.68887553982152649
2024-12-12T00:00:00,AVAUSD,1.3484915386767387,1.4099916856643973,0.71157203000067326
2024-12-13T00:00:00,AVAUSD,1.3170961599595763,1.3960732288851216,0.73141534911301942
2024-12-14T00:00:00,AVAUSD,1.2577373029035035,1.3687688342129536,0.74823299138992294
2024-12-15T00:00:00,AVAUSD,1.2084578065298985,1.3446034335391592,0.76559332652747913
2024-12-16T00:00:00,AVAUSD,1.1555967816182511,1.3174473002886027,0.78203903982060075
2024-12-17T00:00:00,AVAUSD,1.0970303264681973,1.2880709084428585,0.79903569051868961
2024-12-18T00:00:00,AVAUSD,0.9861073768931895,1.2321468018561632,0.8096538811445092
2024-12-19T00:00:00,AVAUSD,0.82325051306170505,1.1459426446821888,0.81101482457109664
2024-12-20T00:00:00,AVAUSD,0.67982151719418593,1.0635818968931852,0.81149742985090512
2024-12-21T00:00:00,AVAUSD,0.54296259019497417,0.97921801579527601,0.80881121429489977
2024-12-22T00:00:00,AVAUSD,0.40929959035818386,0.89152159956911525,0.80238781163892914
2024-12-23T00:00:00,AVAUSD,0.31769978396402598,0.82396092003568822,0.80129788503414057
2024-12-24T00:00:00,AVAUSD,0.27139954799009797,0.7792615044846759,0.80646705221632731
2024-12-25T00:00:00,AVAUSD,0.22466658665661424,0.73523930838408502,0.81188778235809678
2024-12-26T00:00:00,AVAUSD,0.1443209841433036,0.67205631345628958,0.80930215931500971
2024-12-27T00:00:00,AVAUSD,0.069434118105387729,0.61178023165434892,0.80779122047265239
2024-12-28T00:00:00,AVAUSD,0.012753729302719575,0.5608613006812796,0.80928231839722842
2024-12-29T00:00:00,AVAUSD,-0.057265181570842469,0.5015215640017503,0.80644755878062113
2024-12-30T00:00:00,AVAUSD,-0.1087278028653212,0.45099358181465699,0.80563276999926181
2024-12-31T00:00:00,AVAUSD,-0.16699235591464756,0.39531450706945653,0.80097994345027035
2025-01-01T00:00:00,AVAUSD,-0.18917154516810317,0.35937898414569008,0.80365103106075675
2025-01-02T00:00:00,AVAUSD,-0.18632109899304736,0.340142917426136,0.81588458080251169
2025-01-03T00:00:00,AVAUSD,-0.1438603005493298,0.34425465151608048,0.8376901803248008
2025-01-04T00:00:00,AVAUSD,-0.090172143013487846,0.35845909899299011,0.86648128337359442
2025-01-05T00:00:00,AVAUSD,-0.04338627204352092,0.37386241216395333,0.90102703958434838
2025-01-06T00:00:00,AVAUSD,0.031972660745247315,0.40930866834585722,0.9488353788770616
2025-01-07T00:00:00,AVAUSD,0.016856128201859666,0.39911928827402243,0.98224512391087271
2025-01-08T00:00:00,AVAUSD,-0.052073050396701598,0.35485495723069971,0.99352285033471188
2025-01-09T00:00:00,AVAUSD,-0.13464200586641967,0.29953279234609675,0.99665666502957473
2025-01-10T00:00:00,AVAUSD,-0.1960026408979689,0.25258179693825039,1.0008437627247813
2025-01-11T00:00:00,AVAUSD,-0.23288277402024274,0.21637972364326286,1.0064727295076943
2025-01-12T00:00:00,AVAUSD,-0.27675483210248136,0.17357009678249433,1.0032525112627229
2025-01-13T00:00:00,AVAUSD,-0.35502507743580752,0.10586732245933582,0.97308437849484741
2025-01-14T00:00:00,AVAUSD,-0.38293821859201316,0.065050726871633199,0.95580857850162282
2025-01-15T00:00:00,AVAUSD,-0.34535915355649255,0.062461746915398048,0.96175196767503479
2025-01-16T00:00:00,AVAUSD,-0.29267951290926136,0.071475806873101261,0.97661051149938616
2025-01-17T00:00:00,AVAUSD,-0.21054081381318801,0.098401768462542533,0.99543594648851419
2025-01-18T00:00:00,AVAUSD,-0.20569795307881564,0.085483315348407779,0.99085204764573931
2025-01-19T00:00:00,AVAUSD,-0.2028071553726081,0.072234560320051544,0.98503304195623054
2025-01-20T00:00:00,AVAUSD,-0.25084656557668428,0.031527328792190709,0.96426027628001021
2025-01-21T00:00:00,AVAUSD,-0.27562491696607222,0.0031963026707147344,0.95286167696882895
2025-01-22T00:00:00,AVAUSD,-0.29813792027962333,-0.023918181573562389,0.9432619966582545
2025-01-23T00:00:00,AVAUSD,-0.35860432999539166,-0.073406455430068046,0.91159751636383868
2025-01-24T00:00:00,AVAUSD,-0.39401628449667064,-0.11155421808241871,0.8761171572422819
2025-01-25T00:00:00,AVAUSD,-0.38861187742634135,-0.12756041706225693,0.85209109470006916
2025-01-26T00:00:00,AVAUSD,-0.36738937147438172,-0.13365189106892467,0.83344225759595036
2025-01-27T00:00:00,AVAUSD,-0.42616683406912054,-0.18159493814248601,0.79120281464219644
2025-01-28T00:00:00,AVAUSD,-0.50493799968531949,-0.24164458511556092,0.73989080183513189
2025-01-29T00:00:00,AVAUSD,-0.54820348628587079,-0.28420202098729491,0.69906162996323196
2025-01-30T00:00:00,AVAUSD,-0.5601281769219939,-0.31025526909220452,0.66678517334794007
2025-01-31T00:00:00,AVAUSD,-0.56470971237208267,-0.331673428922521,0.63858740179668638
2025-02-01T00:00:00,AVAUSD,-0.60261538590500252,-0.37006112970272143,0.6025494892006974
2025-02-02T00:00:00,AVAUSD,-0.71384652304930052,-0.44724369839947437,0.53840651130344785
2025-02-03T00:00:00,AVAUSD,-0.81708789711485108,-0.5236535279217045,0.4802217183421032
2025-02-04T00:00:00,AVAUSD,-0.91887951625975861,-0.60260270428303209,0.4255851021965299
2025-02-05T00:00:00,AVAUSD,-1.0222447453122776,-0.68701092530896402,0.3781082954102879
2025-02-06T00:00:00,AVAUSD,-1.107230187834495,-0.76190254718885064,0.32398533693201281
2025-02-07T00:00:00,AVAUSD,-1.1952871138276351,-0.84071504871877867,0.26922036626838358
2025-02-08T00:00:00,AVAUSD,-1.2554063567723375,-0.90746814622152905,0.22113799350869578
2025-02-09T00:00:00,AVAUSD,-1.3048969819017553,-0.97223537679086769,0.17899438170480123
2025-02-10T00:00:00,AVAUSD,-1.2953921761538563,-0.99771276070781423,0.13682526696681435
2025-02-11T00:00:00,AVAUSD,-1.2795637213582396,-1.0165407602978933,0.095917821126266373
2025-02-12T00:00:00,AVAUSD,-1.2602814100412467,-1.0368134115472425,0.062251713146447743
2025-02-13T00:00:00,AVAUSD,-1.2859532060234831,-1.0894402232683051,0.027482608775914481
2025-02-14T00:00:00,AVAUSD,-1.289270706304015,-1.1297066533267037,-0.004319569876780208
2025-02-15T00:00:00,AVAUSD,-1.2910010810292369,-1.1635661570401601,-0.039080724592258427
2025-02-16T00:00:00,AVAUSD,-1.3109933438343815,-1.2087796941082036,-0.077311467389574742
2025-02-17T00:00:00,AVAUSD,-1.3279420128209174,-1.2537139224085865,-0.11575251215640547
2025-02-18T00:00:00,AVAUSD,-1.3693625569253349,-1.3067448447138734,-0.1617656423352572
2025-02-19T00:00:00,AVAUSD,-1.3622074097725663,-1.3227810012403458,-0.20092223624424202
2025-02-20T00:00:00,AVAUSD,-1.3057334637927445,-1.3061268938471193,-0.22936025522899955
2025-02-21T00:00:00,AVAUSD,-1.2710029807668273,-1.2967367328234842,-0.25991040725814124
2025-02-22T00:00:00,AVAUSD,-1.2046369378396231,-1.2717958191630163,-0.28207656607201248
2025-02-23T00:00:00,AVAUSD,-1.1621950461011423,-1.2540716931848337,-0.30651298726911819
2025-02-24T00:00:00,AVAUSD,-1.1527344767579148,-1.2513226229682055,-0.33566155675164566
2025-02-25T00:00:00,AVAUSD,-1.1616235564197721,-1.2606038193941089,-0.36796336617239023
2025-02-26T00:00:00,AVAUSD,-1.1678875112201723,-1.2680489983366456,-0.3991173432517543
2025-02-27T00:00:00,AVAUSD,-1.1536158524345073,-1.2622164510915006,-0.42491637772148411
2025-02-28T00:00:00,AVAUSD,-1.1375475152692693,-1.254979765682972,-0.44932131563023381
2025-03-01T00:00:00,AVAUSD,-1.1253568073472697,-1.2500676127442378,-0.47369782612264094
2025-03-02T00:00:00,AVAUSD,-1.0558149777362233,-1.2180820870588656,-0.48746468069346161
2025-03-03T00:00:00,AVAUSD,-1.0528358883321944,-1.2145067616644263,-0.51016085970944824
2025-03-04T00:00:00,AVAUSD,-1.0655252374093542,-1.2165039095934496,-0.53381041151679232
2025-03-05T00:00:00,AVAUSD,-1.044308056982246,-1.2078359725602827,-0.55407261550201758
2025-03-06T00:00:00,AVAUSD,-1.0347816805544441,-1.2067725102585485,-0.5770435105979288
2025-03-07T00:00:00,AVAUSD,-1.0380124524740022,-1.2174092664911262,-0.60533555960032259
2025-03-08T00:00:00,AVAUSD,-1.0406528228284899,-1.2317167852233719,-0.63633807403029652
2025-03-09T00:00:00,AVAUSD,-1.0830991797316336,-1.2633699697255611,-0.67294104717519354
2025-03-10T00:00:00,AVAUSD,-1.1533853490656272,-1.3151247592993371,-0.71894634259735435
2025-03-11T00:00:00,AVAUSD,-1.1755761777659481,-1.3342695770901645,-0.75103729143452058
2025-03-12T00:00:00,AVAUSD,-1.1641088683613889,-1.3330423834587406,-0.77482496062027695
2025-03-13T00:00:00,AVAUSD,-1.1572327161969538,-1.3313038292393722,-0.79705805772213822
2025-03-14T00:00:00,AVAUSD,-1.1333544730562253,-1.3242676389802484,-0.81899415333769998
2025-03-15T00:00:00,AVAUSD,-1.1080300861693106,-1.318646034997087,-0.84278557515680763
2025-03-16T00:00:00,AVAUSD,-1.0929940754504559,-1.3157551935524507,-0.86647155974300427
2025-03-17T00:00:00,AVAUSD,-1.0632162801116112,-1.3016920205538371,-0.88445661627582983
2025-03-18T00:00:00,AVAUSD,-1.0424414366192825,-1.2956472496049862,-0.90742036134066517
2025-03-19T00:00:00,AVAUSD,-1.0181252098137932,-1.2977488103196086,-0.94017445714284642
2025-03-20T00:00:00,AVAUSD,-1.0154718084665624,-1.3144758254950673,-0.98152544586344215
2025-03-21T00:00:00,AVAUSD,-1.0171239594816275,-1.3437903311901631,-1.0360638056127873
2025-03-22T00:00:00,AVAUSD,-0.99658080196135068,-1.3521600330816763,-1.0788800146346185
2025-03-23T00:00:00,AVAUSD,-0.98416652709765007,-1.3664120914807392,-1.1269747297475716
2025-03-24T00:00:00,AVAUSD,-0.92297883876671349,-1.3494188752447747,-1.1620906810098823
2025-03-25T00:00:00,AVAUSD,-0.82454585422132787,-1.3181978867026667,-1.1997543429826125
2025-03-26T00:00:00,AVAUSD,-0.7681285958003784,-1.308612043334284,-1.2485417777211785
2025-03-27T00:00:00,AVAUSD,-0.71448126080791186,-1.2908005250609622,-1.2890880793530899
2025-03-28T00:00:00,AVAUSD,-0.73144831611858385,-1.3115191503429782,-1.3467347856868881
2025-03-29T00:00:00,AVAUSD,-0.76494865517005506,-1.3578947214621282,-1.4317543390602494
2025-03-30T00:00:00,AVAUSD,-0.82781579926656979,-1.436393922556189,-1.5484100557269049
2025-03-31T00:00:00,AVAUSD,-0.87869489713507298,-1.4838157613442997,-1.6311423533585083
2025-04-01T00:00:00,AVAUSD,-0.89111590872237734,-1.5063671091436508,-1.7013941385310054
2025-04-02T00:00:00,AVAUSD,-0.92242520672190087,-1.5542253163290742,-1.8002371917127626
2025-04-03T00:00:00,AVAUSD,-1.0182214993917686,-1.6565606681302629,-1.9456917085240408
2025-04-04T00:00:00,AVAUSD,-1.130247545414633,-1.7955432806156564,-2.142408127576807
2025-04-05T00:00:00,AVAUSD,-1.2464914921045747,-1.9273728379728008,-2.3296204884140268
2025-04-06T00:00:00,AVAUSD,-1.3516518784950322,-1.9658091725602083,-2.3705219330233294
2025-04-07T00:00:00,AVAUSD,-1.3989281823849231,-1.9818338375646871,-2.4089163114642282
2025-04-08T00:00:00,AVAUSD,-1.4485169173470582,-1.9856065594806522,-2.4209788548416462
2025-04-09T00:00:00,AVAUSD,-1.3882868340005869,-1.9530626963723874,-2.4461474909967347
2025-04-10T00:00:00,AVAUSD,-1.3348825007333522,-1.9139695806477484,-2.4555842313991301
2025-04-11T00:00:00,AVAUSD,-1.2398209830130849,-1.8493236746700523,-2.4505160592544288
2025-04-12T00:00:00,AVAUSD,-1.1111786909384336,-1.7734550125419946,-2.4524446867682466
2025-04-13T00:00:00,AVAUSD,-1.0377115170825135,-1.7262222453113094,-2.4675825691470084
2025-04-14T00:00:00,AVAUSD,-0.94168752100278774,-1.6761096438987171,-2.4969850382254055
2025-04-15T00:00:00,AVAUSD,-0.90829731631260768,-1.6522219469873041,-2.5283826127381013
2025-04-16T00:00:00,AVAUSD,-0.91041919639044921,-1.6592801134480473,-2.591316935677725
2025-04-17T00:00:00,AVAUSD,-0.88969011638717665,-1.6492353275661145,-2.6386301737635858
2025-04-18T00:00:00,AVAUSD,-0.88513976023680951,-1.6647730198633235,-2.7250427819025718
2025-04-19T00:00:00,AVAUSD,-0.81206862343009978,-1.6414708023630966,-2.7922789075992043
2025-04-20T00:00:00,AVAUSD,-0.78378424672457736,-1.6292746621869882,-2.8452765153952977
2025-04-21T00:00:00,AVAUSD,-0.72990460403171764,-1.6099276912157949,-2.9072186355175695
2025-04-22T00:00:00,AVAUSD,-0.56632656904827461,-1.5032630698538094,-2.8815814043543972
2025-04-23T00:00:00,AVAUSD,-0.36872898479128779,-1.3779058628474914,-2.8524344080955557
2025-04-24T00:00:00,AVAUSD,-0.20602718850997254,-1.2952586314960934,-2.896066431677121
2025-04-25T00:00:00,AVAUSD,-0.052007264974636674,-1.1925098184347338,-2.8910794311647372
2025-04-26T00:00:00,AVAUSD,0.068693904819042029,-1.1496299941776389,-3.005696470558032
2025-04-27T00:00:00,AVAUSD,0.1767292940908986,-1.0852471165216504,-3.0606064229155701
2025-04-28T00:00:00,AVAUSD,0.24996072790774906,-1.0040487707196422,-3.0368985234373742
2025-04-29T00:00:00,AVAUSD,0.30678705677271478,-0.91766056553299813,-2.9805523332906372
2025-04-30T00:00:00,AVAUSD,0.29652355862300039,-0.86770758143714255,-2.9416011439020271
2025-05-01T00:00:00,AVAUSD,0.33130837310679251,-0.79799855067267689,-2.898226200664761
2025-05-02T00:00:00,AVAUSD,0.31561986897560124,-0.75640317966495563,-2.8693064667139692
2025-05-03T00:00:00,AVAUSD,0.27499580254201733,-0.72817618138009166,-2.8400537767541993
2025-05-04T00:00:00,AVAUSD,0.18103062276208182,-0.78094216079866308,-2.991170916282226
2025-05-05T00:00:00,AVAUSD,0.040620148011179941,-0.80953837334524503,-2.9738572109942747
2025-05-06T00:00:00,AVAUSD,-0.071984664190832701,-0.82564029375859482,-2.9366439214067976
2025-05-07T00:00:00,AVAUSD,-0.19360310649466198,-0.86054515235339624,-2.9350740994286273
2025-05-08T00:00:00,AVAUSD,-0.054691672031068971,-0.75540252791983897,-2.8452807462076173
2025-05-09T00:00:00,AVAUSD,0.17082320469490617,-0.58804979463226337,-2.6829568477465142
2025-05-10T00:00:00,AVAUSD,0.47910704651139674,-0.35383068743697693,-2.4265421194110011
2025-05-11T00:00:00,AVAUSD,0.68699541504401795,-0.17862333656487786,-2.2439282278402568
2025-05-12T00:00:00,AVAUSD,0.86806907032622971,-0.025152321558660418,-2.1163320689818854
2025-05-13T00:00:00,AVAUSD,1.0493427162501885,0.14116717438226309,-1.9357975549094204
2025-05-14T00:00:00,AVAUSD,1.1375110319635013,0.25478826241947089,-1.8039187183796803
2025-05-15T00:00:00,AVAUSD,1.1082223468922254,0.29661872596758054,-1.7566544528102672
2025-05-16T00:00:00,AVAUSD,1.0580032937713164,0.32378016961536493,-1.7097126316407885
2025-05-17T00:00:00,AVAUSD,0.97369212073333045,0.32758297956119758,-1.6780894752106572
2025-05-18T00:00:00,AVAUSD,0.87136308632952642,0.31540507777919613,-1.6647749511255321
2025-05-19T00:00:00,AVAUSD,0.79010282917105013,0.3086790078428156,-1.6451603890465385
2025-05-20T00:00:00,AVAUSD,0.73945690718039814,0.31301325907722483,-1.622941740506151
2025-05-21T00:00:00,AVAUSD,0.7004336915552265,0.32019148670817421,-1.5916857874569561
2025-05-22T00:00:00,AVAUSD,0.80249084073119215,0.39756494631222439,-1.5120357299249769
2025-05-23T00:00:00,AVAUSD,0.81000874480757512,0.42826836233324816,-1.467516156934783
2025-05-24T00:00:00,AVAUSD,0.76346585121287658,0.42992493580972996,-1.4384343568647862
2025-05-25T00:00:00,AVAUSD,0.68668665334923651,0.41312535145153101,-1.4213780657576609
2025-05-26T00:00:00,AVAUSD,0.65809437421999906,0.41676003127500821,-1.3888143283848888
2025-05-27T00:00:00,AVAUSD,0.65875489492990569,0.43399694911220438,-1.3613951709819878
2025-05-28T00:00:00,AVAUSD,0.62444622005761963,0.43199979849298259,-1.3348562933132913
2025-05-29T00:00:00,AVAUSD,0.57034013902786396,0.4178905179081987,-1.3142207203265674
2025-05-30T00:00:00,AVAUSD,0.43360288285462423,0.35907686746730322,-1.3127831558997014
2025-05-31T00:00:00,AVAUSD,0.30008824017245128,0.29666638386721972,-1.3144770713359959
2025-06-01T00:00:00,AVAUSD,0.16857383381470739,0.23078379044207323,-1.3224723875320312
2025-06-02T00:00:00,AVAUSD,0.052375674794188747,0.16859007918845537,-1.3345800153281564
2025-06-03T00:00:00,AVAUSD,-0.0084170935197733863,0.13044053542662615,-1.334638835968786
2025-06-04T00:00:00,AVAUSD,-0.12822248339064057,0.06021338318786934,-1.3432565748773706
2025-06-05T00:00:00,AVAUSD,-0.33518593364579452,-0.058313709591251074,-1.3665504561100361
2025-06-06T00:00:00,AVAUSD,-0.44972112764545202,-0.13514182681656561,-1.3878880385576331
2025-06-07T00:00:00,AVAUSD,-0.46508740074727994,-0.16338004992988217,-1.4099413882770613
2025-06-08T00:00:00,AVAUSD,-0.44852752691237929,-0.1731790793042072,-1.4724117423352563
2025-06-09T00:00:00,AVAUSD,-0.44032098776787904,-0.18698483195695351,-1.522810635114044
2025-06-10T00:00:00,AVAUSD,-0.36778195749206133,-0.16702517457768246,-1.5981648170298863
2025-06-11T00:00:00,AVAUSD,-0.32296924295129731,-0.15902890902727942,-1.61335142183057
2025-06-12T00:00:00,AVAUSD,-0.41621443409782249,-0.21941177227764738,-1.646821569850565
2025-06-13T00:00:00,AVAUSD,-0.56713234458962114,-0.31165482812251033,-1.6544653916340373
2025-06-14T00:00:00,AVAUSD,-0.70930055277828896,-0.40339753246547322,-1.6406119388460696
2025-06-15T00:00:00,AVAUSD,-0.82618984337982548,-0.48639947085042401,-1.6365693427506094
2025-06-16T00:00:00,AVAUSD,-0.83045469395533389,-0.51505805862618048,-1.6289869682264937
2025-06-17T00:00:00,AVAUSD,-0.93127085957441391,-0.59129256587490542,-1.6264990865365914
2025-06-18T00:00:00,AVAUSD,-1.0145734723602347,-0.66152395965843358,-1.6313707707998848
2025-06-19T00:00:00,AVAUSD,-1.1133971453244091,-0.73903143405142357,-1.6192275484994143
2025-06-20T00:00:00,AVAUSD,-1.209483813957354,-0.81580079275155393,-1.6000410207226361
2025-06-21T00:00:00,AVAUSD,-1.2896477523593486,-0.88252418053394843,-1.5597985954035558
2025-06-22T00:00:00,AVAUSD,-1.3896165913721532,-0.95783606693220258,-1.5124262749263022
2025-06-23T00:00:00,AVAUSD,-1.386426303910786,-0.98749420633568163,-1.4879300908722661
2025-06-24T00:00:00,AVAUSD,-1.3358674929409462,-0.9920752337473151,-1.4667516911326404
2025-06-25T00:00:00,AVAUSD,-1.309801897343833,-1.0049279607119024,-1.4467074540519436
2025-06-26T00:00:00,AVAUSD,-1.2908988178185676,-1.0183918213631722,-1.4265515884085394
2025-06-27T00:00:00,AVAUSD,-1.2695657314745605,-1.0288871090916549,-1.408479721367903
2025-06-28T00:00:00,AVAUSD,-1.2199703410997265,-1.0245314687203004,-1.3936939313471146
2025-06-29T00:00:00,AVAUSD,-1.1652722242530171,-1.0152058922489562,-1.3803382555189072
2025-06-30T00:00:00,AVAUSD,-1.1070684716780164,-1.001412196229428,-1.3672979262916571
2025-07-01T00:00:00,AVAUSD,-1.1054105967864418,-1.0103441629589516,-1.3504187842056923
2025-07-02T00:00:00,AVAUSD,-1.0141236121227837,-0.97734282009728435,-1.3375452522599323
2025-07-03T00:00:00,AVAUSD,-0.93617800805058093,-0.94762395136271782,-1.3262132504456705
2025-07-04T00:00:00,AVAUSD,-0.91472307919123874,-0.94087263055804904,-1.3129395885263766
2025-07-05T00:00:00,AVAUSD,-0.88107686088343895,-0.92755884997640003,-1.3003029918062758
2025-07-06T00:00:00,AVAUSD,-0.83094887068025047,-0.90554668192106835,-1.2888390932206966
2025-07-07T00:00:00,AVAUSD,-0.80183689793140489,-0.89213849064835005,-1.2785547999430673
2025-07-08T00:00:00,AVAUSD,-0.75294691416693782,-0.86832452809282257,-1.2681542873599636
2025-07-09T00:00:00,AVAUSD,-0.65718984879326592,-0.82046382394521078,-1.2569735880997588
2025-07-10T00:00:00,AVAUSD,-0.53383331825845526,-0.75540524003822751,-1.2430628185133432
2025-07-11T00:00:00,AVAUSD,-0.36211495352019996,-0.66348045441116432,-1.2285460237536316
2025-07-12T00:00:00,AVAUSD,-0.25804092774116016,-0.60920753445632414,-1.2411305221979048
2025-07-13T00:00:00,AVAUSD,-0.10083554167624222,-0.52162127171757655,-1.2417079919438516
2025-07-14T00:00:00,AVAUSD,0.027072188538040994,-0.44610744006014069,-1.2500226201586153
2025-07-15T00:00:00,AVAUSD,0.15861724905451022,-0.37243713771047593,-1.2795825462928299
2025-07-16T00:00:00,AVAUSD,0.35088847128746847,-0.25521344133304147,-1.2806867449429009
2025-07-17T00:00:00,AVAUSD,0.49525493065070431,-0.14698553626960967,-1.2552324706590903
2025-07-18T00:00:00,AVAUSD,0.66984151023079297,-0.014425872334260712,-1.2085012731085683
2025-07-21T00:00:00,AVAUSD,0.90528769831672096,0.16493637045953097,-1.1123405963454351
2025-07-22T00:00:00,AVAUSD,1.0751822285485853,0.31383514571231291,-1.0238894476278813
2025-07-23T00:00:00,AVAUSD,1.127319970899006,0.39667749560854432,-0.97573333302928567
2025-07-24T00:00:00,AVAUSD,1.1927378710166539,0.48521973262154144,-0.92202519751563916
2025-07-25T00:00:00,AVAUSD,1.2225867195669748,0.55287441695075967,-0.87859170267734488
2025-07-26T00:00:00,AVAUSD,1.2897202697089447,0.63742356413272072,-0.84875778744620767
2025-07-28T00:00:00,AVAUSD,1.368723522703875,0.72867046132059099,-0.789457763594555
2025-07-29T00:00:00,AVAUSD,1.3571497978386717,0.77115640313137268,-0.75160270178658328
2025-07-30T00:00:00,AVAUSD,1.296514200648899,0.78407439749655383,-0.7246027823068365
2025-07-31T00:00:00,AVAUSD,1.2235684704804113,0.78637865148552544,-0.70716690366718815
2025-08-01T00:00:00,AVAUSD,1.0999191560252479,0.75842848848731093,-0.70513153420855001
2025-08-03T00:00:00,AVAUSD,0.97184163981148786,0.721625422836776,-0.70349061538970736
2025-08-04T00:00:00,AVAUSD,0.92688725967445507,0.72109587262130137,-0.68663782209881319
2025-08-05T00:00:00,AVAUSD,0.82832387980959965,0.6887519347377713,-0.67620439467119609
2025-08-06T00:00:00,AVAUSD,0.76899301174691703,0.6718765863176468,-0.66064862658194046
2025-08-07T00:00:00,AVAUSD,0.76323382661879469,0.67886377060792447,-0.63571595172551854
2025-08-08T00:00:00,AVAUSD,0.79592222365285314,0.70353915006245293,-0.60277372834940746
2025-08-09T00:00:00,AVAUSD,0.86922962728967579,0.74773792991939791,-0.55992790695192551
2025-08-10T00:00:00,AVAUSD,0.87910629554356945,0.76348004539034642,-0.53065862940344422
2025-08-11T00:00:00,AVAUSD,0.85203504918086526,0.76296525919119351,-0.51277058819642296
2025-08-12T00:00:00,AVAUSD,0.91274633817506834,0.80081316824361348,-0.47498118888865665
2025-08-13T00:00:00,AVAUSD,0.97625262373085187,0.84020351721138931,-0.43456708569903024
2025-08-14T00:00:00,AVAUSD,0.92899098620314247,0.82976129770282125,-0.41645362558881094
2025-08-15T00:00:00,AVAUSD,0.89552482340907835,0.823555265752555,-0.39721041857572981
2025-08-16T00:00:00,AVAUSD,0.88121980810365474,0.82533371952588352,-0.37660206696533277
2025-08-17T00:00:00,AVAUSD,0.92489734819308145,0.85192875860948614,-0.34521431562490384
2025-08-18T00:00:00,AVAUSD,0.88311390455005512,0.84025580373936759,-0.32893899128579651
2025-08-19T00:00:00,AVAUSD,0.78717743200064583,0.80227401937962939,-0.32333291387503682
2025-08-20T00:00:00,AVAUSD,0.75140108791313898,0.79056332575908772,-0.31147309808688928
2025-08-21T00:00:00,AVAUSD,0.6890550254976896,0.76519783023038324,-0.30454837670684781
2025-08-22T00:00:00,AVAUSD,0.74833651118199951,0.79246486528585669,-0.27848848119853864
2025-08-23T00:00:00,AVAUSD,0.87548438111944249,0.85337435205127854,-0.24164502267934457
2025-08-24T00:00:00,AVAUSD,0.92645148236833619,0.88505152405501208,-0.21603894221894801
2025-08-25T00:00:00,AVAUSD,0.83622227215022671,0.85500386102458059,-0.2122437544749563
2025-08-26T00:00:00,AVAUSD,0.81592658280989627,0.85665615609779533,-0.20168062212629595
2025-08-27T00:00:00,AVAUSD,0.83639706748476172,0.87877080626668369,-0.18725280149220522
2025-08-28T00:00:00,AVAUSD,0.82605584972778356,0.8934639567220497,-0.18048892118836216
2025-08-29T00:00:00,AVAUSD,0.75029902281482852,0.87024623538497736,-0.17889649800110333
2025-08-31T00:00:00,AVAUSD,0.70767967635181428,0.85772515460006793,-0.17288958406460919
2025-09-01T00:00:00,AVAUSD,0.63231679516535155,0.83081573417581489,-0.17297886409492419
2025-09-02T00:00:00,AVAUSD,0.63157516055454976,0.83930563747779052,-0.16572257654842362
2025-09-03T00:00:00,AVAUSD,0.70731832833129316,0.8843915790233412,-0.14867013127516499
2025-09-04T00:00:00,AVAUSD,0.71390561157486243,0.89815702253700258,-0.13873815416001517
2025-09-05T00:00:00,AVAUSD,0.72649796218049922,0.91504324269774528,-0.1278463231393373
2025-09-07T00:00:00,AVAUSD,0.73492770330228274,0.93077983142016463,-0.11730649091511319
2025-09-08T00:00:00,AVAUSD,0.81700417307264184,0.99291318875901291,-0.10078762111706401
2025-09-09T00:00:00,AVAUSD,0.91526978307674367,1.0502536584470392,-0.075616702258311172
2025-09-10T00:00:00,AVAUSD,1.1830097148558769,1.1759574940153263,-0.02223572899552196
2025-09-11T00:00:00,AVAUSD,1.4153427850389506,1.3059328319983838,0.028107015117620125
2025-09-12T00:00:00,AVAUSD,1.5961356619532201,1.4202089897068249,0.075970342201052754
2025-09-13T00:00:00,AVAUSD,1.7889122680394693,1.5328813872557101,0.13102268667887632
2025-09-14T00:00:00,AVAUSD,1.9263150743611901,1.6379916248523896,0.1812437645890147
2025-09-15T00:00:00,AVAUSD,2.0523320015358402,1.7319356192046651,0.23366435084220188
2025-09-16T00:00:00,AVAUSD,2.1189570928722712,1.7901035118063695,0.28101308887673099
2025-09-17T00:00:00,AVAUSD,2.1391546877554211,1.8221888151976819,0.32318405794073563
2025-09-18T00:00:00,AVAUSD,2.2139102949915634,1.8108300863216407,0.36434736550659397
2025-09-19T00:00:00,AVAUSD,2.2400104129319227,1.8216555777949801,0.40306103566217544
2025-09-20T00:00:00,AVAUSD,2.2135367970901241,1.8143266752433203,0.43488920653622021
2025-09-21T00:00:00,AVAUSD,2.1698197013946348,1.8057770259515857,0.46462838182404587
2025-09-22T00:00:00,AVAUSD,2.0915347884431168,1.7867622874715512,0.49076049673227162
2025-09-23T00:00:00,AVAUSD,2.0452771304339215,1.765321539888004,0.51417519356315489
2025-09-24T00:00:00,AVAUSD,1.9910631180940248,1.7433688781961798,0.53654091037321605
2025-09-25T00:00:00,AVAUSD,1.7922688732373651,1.6661349606921991,0.54599950821893184
2025-09-26T00:00:00,AVAUSD,1.6024361192493,1.5830294984181761,0.55183095168379792
2025-09-27T00:00:00,AVAUSD,1.4358737738482856,1.5046490854960946,0.55707360803221961
2025-09-28T00:00:00,AVAUSD,1.3041172460813064,1.4399890690601096,0.56465059665365713
2025-09-29T00:00:00,AVAUSD,1.2518424231497882,1.4050361065423449,0.57710519768628399
2025-09-30T00:00:00,AVAUSD,1.1856188393666913,1.3650657638501018,0.5881208407485865
2025-10-01T00:00:00,AVAUSD,1.1350290966938976,1.3299467122316255,0.59899775507439224
2025-10-02T00:00:00,AVAUSD,1.0943408445096834,1.2971874356946138,0.60898199044950696
2025-10-03T00:00:00,AVAUSD,1.066645913197966,1.2722238630944958,0.62079371987219878
2025-10-04T00:00:00,AVAUSD,1.0034154199179763,1.2350136262225397,0.63088869294493832
2025-10-05T00:00:00,AVAUSD,0.93907886035351584,1.1979922245245624,0.64123067142922963
2025-10-06T00:00:00,AVAUSD,0.921428680008191,1.1854925906699694,0.6588187188014476
2025-10-07T00:00:00,AVAUSD,0.81682075844954338,1.1354364350386994,0.66901599548196833
2025-10-08T00:00:00,AVAUSD,0.74248650574345954,1.0920306410259497,0.67752931454942178
2025-10-09T00:00:00,AVAUSD,0.64285005934234218,1.0395500386492087,0.68575447173889525
2025-10-10T00:00:00,AVAUSD,0.47712531750504505,0.94850490852060421,0.68092878541871371
2025-10-11T00:00:00,AVAUSD,0.12170940491122417,0.73630982193821914,0.62742737821278904
2025-10-12T00:00:00,AVAUSD,-0.099836608152541473,0.58862070100892117,0.59224921255267926
2025-10-13T00:00:00,AVAUSD,-0.25033163250502233,0.4723525453145182,0.563649725954674
2025-10-14T00:00:00,AVAUSD,-0.42195676394823461,0.34111665980642142,0.52736340476954113
2025-10-15T00:00:00,AVAUSD,-0.59253690000412707,0.2063188519709597,0.48698147146947657
2025-10-16T00:00:00,AVAUSD,-0.76391089551462865,0.061458537841745237,0.43529944107763113
2025-10-17T00:00:00,AVAUSD,-0.91513077211506511,-0.076776221752414262,0.38151858577909276
2025-10-18T00:00:00,AVAUSD,-1.0299827374027164,-0.19436790949843,0.33499738923927702
2025-10-19T00:00:00,AVAUSD,-1.0973706473206044,-0.2863938601015964,0.29587531007993861
2025-10-20T00:00:00,AVAUSD,-1.1500943686728229,-0.36984109131322007,0.25727178394041061
2025-10-21T00:00:00,AVAUSD,-1.1905815546355774,-0.44559230262164284,0.21847160380140915
2025-10-22T00:00:00,AVAUSD,-1.2516687544620642,-0.52990654372475332,0.17486544612270774
2025-10-23T00:00:00,AVAUSD,-1.2860043786004225,-0.59800065351937548,0.13758959916563204
2025-10-24T00:00:00,AVAUSD,-1.2926766835667529,-0.64944097910756249,0.10462701640301514
2025-10-25T00:00:00,AVAUSD,-1.2877397352272584,-0.69178746914688116,0.07480655577337017
2025-10-26T00:00:00,AVAUSD,-1.2564974031031,-0.71731727392629041,0.049382538609672767
2025-10-27T00:00:00,AVAUSD,-1.2143805607479157,-0.7334776107340556,0.027105969524987901
2025-10-28T00:00:00,AVAUSD,-1.1993412390688332,-0.75904760991001829,0.0012238118369598623
2025-10-29T00:00:00,AVAUSD,-1.1660073243807942,-0.77361560510127825,-0.019741654913818574
2025-10-30T00:00:00,AVAUSD,-1.1835727609600479,-0.80869325378318013,-0.049121273078506396
2025-10-31T00:00:00,AVAUSD,-1.1833947890199297,-0.83381349672961835,-0.075164088626377759
2025-11-01T00:00:00,AVAUSD,-1.1613218151821338,-0.84709748274916774,-0.096759458511781582
2025-11-02T00:00:00,AVAUSD,-1.1453099725929894,-0.86121833904613521,-0.11825436656149151
2025-11-03T00:00:00,AVAUSD,-1.1587750484720458,-0.88624442715803964,-0.14355857731110536
2025-11-04T00:00:00,AVAUSD,-1.1919129734417055,-0.91887294434767675,-0.17141371866857771
2025-11-05T00:00:00,AVAUSD,-1.1799382893907377,-0.93095364843520989,-0.19242675691264086
2025-11-06T00:00:00,AVAUSD,-1.1698546110374624,-0.94200220476731877,-0.21285414474643358
2025-11-07T00:00:00,AVAUSD,-1.1152796265457252,-0.93197096267453305,-0.22637014798389277
2025-11-08T00:00:00,AVAUSD,-1.0771634494988769,-0.92671604948067465,-0.24079852597024115
2025-11-09T00:00:00,AVAUSD,-1.0307211867249841,-0.91575769088589898,-0.25305178559437497
2025-11-10T00:00:00,AVAUSD,-0.98332076416413028,-0.90230609100779413,-0.26403321715244282
2025-11-11T00:00:00,AVAUSD,-0.95551820816150879,-0.89593118765991553,-0.27647451096458281
2025-11-12T00:00:00,AVAUSD,-0.93335386930723119,-0.89262405312975568,-0.28948411360997101
2025-11-13T00:00:00,AVAUSD,-0.93074387746863363,-0.89722781457024514,-0.30434762637807139
2025-11-14T00:00:00,AVAUSD,-0.93477009362352215,-0.90445391316353829,-0.31968678285007124
2025-11-15T00:00:00,AVAUSD,-0.93248548647285046,-0.91028928914939866,-0.33480496666320575
2025-11-16T00:00:00,AVAUSD,-0.93575647353343416,-0.91773262569735181,-0.35007605468518449
2025-11-17T00:00:00,AVAUSD,-0.94546443040668793,-0.92887707603495895,-0.36639555890819442
2025-11-18T00:00:00,AVAUSD,-0.94637499706234673,-0.93655307049283054,-0.38192566783522719
2025-11-19T00:00:00,AVAUSD,-0.94735524110963709,-0.94422277549830025,-0.39744033353715863
2025-11-20T00:00:00,AVAUSD,-0.9692592360523079,-0.97122175888690077,-0.42109863552781396
2025-11-21T00:00:00,AVAUSD,-0.99396453271468455,-0.99787111918381155,-0.44448289890175224
2025-11-22T00:00:00,AVAUSD,-1.0140468077066405,-1.0227404864036604,-0.46785020276308698
2025-11-23T00:00:00,AVAUSD,-1.0256564951715279,-1.0445297576916839,-0.49110671090600816
2025-11-24T00:00:00,AVAUSD,-1.0203257665612897,-1.0572207064187937,-0.51208126982018576
2025-11-25T00:00:00,AVAUSD,-1.0211747688511963,-1.0792364034305779,-0.53890072350592377
2025-11-26T00:00:00,AVAUSD,-1.00985967765134,-1.0975378099735627,-0.56677975914023315
2025-11-27T00:00:00,AVAUSD,-0.96960084222209686,-1.0879704187888024,-0.58195370670374524
2025-11-28T00:00:00,AVAUSD,-0.93667806474445403,-1.0802100773000862,-0.59743301600576793
2025-11-29T00:00:00,AVAUSD,-0.9179569691519065,-1.0783605941822574,-0.61451261120847023
2025-11-30T00:00:00,AVAUSD,-0.91380120413309118,-1.0839763847688244,-0.63419409047148767
2025-12-01T00:00:00,AVAUSD,-0.94461371406997396,-1.1127320869683064,-0.66366474149303478
2025-12-02T00:00:00,AVAUSD,-0.94709557244719,-1.1300324537516304,-0.69204057817412779
2025-12-03T00:00:00,AVAUSD,-0.92445770908093716,-1.1403636417656948,-0.72290994541310105
2025-12-04T00:00:00,AVAUSD,-0.92038258466443201,-1.1634828725992437,-0.76097486949941739
2025-12-05T00:00:00,AVAUSD,-0.95710149487907048,-1.2110887014414673,-0.80989482486002407
2025-12-06T00:00:00,AVAUSD,-0.98479003397891351,-1.2537907329521178,-0.85863718412732337
2025-12-07T00:00:00,AVAUSD,-1.0125403974654335,-1.3016051924683549,-0.91404579847843159
2025-12-08T00:00:00,AVAUSD,-1.0536927350051859,-1.3757727861245008,-0.99330268121275256
2025-12-09T00:00:00,AVAUSD,-1.0492950999799331,-1.4165459554579567,-1.0591368056562402
2025-12-10T00:00:00,AVAUSD,-1.0753431293533406,-1.4912132182760642,-1.1526454304498959
2025-12-11T00:00:00,AVAUSD,-1.1377857526835478,-1.5851988577816007,-1.2569271467603917
2025-12-12T00:00:00,AVAUSD,-1.20148589962129,-1.6651711650715397,-1.3490467546036469
2025-12-13T00:00:00,AVAUSD,-1.1892449897199011,-1.6540453627746967,-1.3723235057655532
2025-12-14T00:00:00,AVAUSD,-1.2159955336224193,-1.6815467775521247,-1.4228900040015391
2025-12-15T00:00:00,AVAUSD,-1.2801548975090609,-1.7422566146578349,-1.4965063745554921
2025-12-16T00:00:00,AVAUSD,-1.3236693231224188,-1.7822715353247336,-1.55537885087404
2025-12-17T00:00:00,AVAUSD,-1.3728046213215475,-1.8157333342868016,-1.6028405530463219
2025-12-18T00:00:00,AVAUSD,-1.4103919989098461,-1.8317563030623711,-1.6319518474907193
2025-12-19T00:00:00,AVAUSD,-1.3984490014218005,-1.827997117506529,-1.658923298607722
2025-12-20T00:00:00,AVAUSD,-1.3909860031159522,-1.8295046809157076,-1.6905362052791848
2025-12-21T00:00:00,AVAUSD,-1.4019908063649753,-1.8486973596399456,-1.7363615287865364
2025-12-22T00:00:00,AVAUSD,-1.3940867226123617,-1.8613201637059336,-1.7846293042285895
2025-12-23T00:00:00,AVAUSD,-1.3858467932367922,-1.8713149096627482,-1.831228556030978
2025-12-24T00:00:00,AVAUSD,-1.3685455755503257,-1.8604261350473503,-1.8548147841252989
2025-12-25T00:00:00,AVAUSD,-1.3374995070756417,-1.8513153301659937,-1.8902901589649364
2025-12-26T00:00:00,AVAUSD,-1.3165677887280276,-1.8530140248117584,-1.9379080450489969
2025-12-27T00:00:00,AVAUSD,-1.2895513023235647,-1.8576671404179892,-1.9964478548421833
2025-12-28T00:00:00,AVAUSD,-1.2806463997235344,-1.8845407108075853,-2.081193519186165
2025-12-29T00:00:00,AVAUSD,-1.2952559790878628,-1.9364744566478771,-2.1940790378552206
2025-12-30T00:00:00,AVAUSD,-1.2874363510616604,-1.9605490431576478,-2.2820505512563467
2025-12-31T00:00:00,AVAUSD,-1.3169584358214637,-2.0295631882373861,-2.4219516480579517
2026-01-01T00:00:00,AVAUSD,-1.2141713836962373,-1.9887515236845414,-2.4781167444646264
2026-01-02T00:00:00,AVAUSD,-1.1073521541556675,-1.9516810997838823,-2.5501218938535604
2026-01-03T00:00:00,AVAUSD,-1.0231606716623349,-1.9469670762719304,-2.6692280064865228
2026-01-04T00:00:00,AVAUSD,-0.90639468377442678,-1.9198113437475532,-2.7826096934510454
2026-01-05T00:00:00,AVAUSD,-0.76443231348331842,-1.8334274598905513,-2.8163286623223365
2026-01-06T00:00:00,AVAUSD,-0.61892628399048277,-1.7154742424291909,-2.7986602974390138
2026-01-07T00:00:00,AVAUSD,-0.54949094074883265,-1.6591398277955287,-2.8400397797103025
2026-01-08T00:00:00,AVAUSD,-0.49420316412369142,-1.6007359422715814,-2.8669469895133615
2026-01-09T00:00:00,AVAUSD,-0.47600782174324202,-1.6196757180329362,-3.0250726946582982
2026-01-10T00:00:00,AVAUSD,-0.46178066682837215,-1.6245393272335154,-3.1559037974563422
2026-01-11T00:00:00,AVAUSD,-0.45990466685358306,-1.6651753824595985,-3.3579678384773755
2026-01-12T00:00:00,AVAUSD,-0.50361873399476387,-1.7603808965356154,-3.6426222742895282
2026-01-13T00:00:00,AVAUSD,-0.39609232987447257,-1.7453588494098662,-3.8283920912081193
2026-01-14T00:00:00,AVAUSD,-0.27957365545064772,-1.726963065090648,-4.0210812834659446
2026-01-15T00:00:00,AVAUSD,-0.29913891433099504,-1.7313340882964399,-4.1231427109761887
2026-01-16T00:00:00,AVAUSD,-0.32592209226711405,-1.7147950389172659,-4.1572370174468789
2026-01-17T00:00:00,AVAUSD,-0.32107677757892678,-1.6941793029916246,-4.214125072598347
2026-01-18T00:00:00,AVAUSD,-0.32956667540474532,-1.657878035063991,-4.2075237301990676
2026-01-19T00:00:00,AVAUSD,-0.48159577737764508,-1.6725357252347741,-4.1558891860395306
2026-01-20T00:00:00,AVAUSD,-0.70064075455575392,-1.7174871572357493,-4.087275279343797
2026-01-21T00:00:00,AVAUSD,-0.81436684426407313,-1.7270572665282373,-4.030746703762456
2026-01-22T00:00:00,AVAUSD,-0.96547900405641407,-1.7432462787860088,-3.9296008776878608
2026-01-23T00:00:00,AVAUSD,-1.0850640504121405,-1.7483711136801636,-3.8191767643980685
2026-01-24T00:00:00,AVAUSD,-1.180047490901827,-1.7483385199510644,-3.7125221221722042
2026-01-25T00:00:00,AVAUSD,-1.3257424850607811,-1.7594979141912639,-3.5610867037022595
2026-01-26T00:00:00,AVAUSD,-1.3962148733982696,-1.7604711983893433,-3.4658575618207599
2026-01-27T00:00:00,AVAUSD,-1.4183769279103073,-1.7520811145085258,-3.4004245927500594
2026-01-28T00:00:00,AVAUSD,-1.4401616667353845,-1.7608038420967085,-3.3841346821438725
2026-01-29T00:00:00,AVAUSD,-1.5845210730349262,-1.8126565330360638,-3.3324527472012391
2026-01-30T00:00:00,AVAUSD,-1.6976599846235625,-1.8491040470452864,-3.2648900018869993
2026-01-31T00:00:00,AVAUSD,-1.825418453257539,-1.8538269784417418,-3.0780271783196391
2026-02-01T00:00:00,AVAUSD,-1.8972911151142273,-1.8395792386180208,-2.8978959283308159
2026-02-02T00:00:00,AVAUSD,-1.9069346024692158,-1.8155141649110955,-2.7633348734307828
2026-02-03T00:00:00,AVAUSD,-1.9068613373733101,-1.7961443630750629,-2.654734222836399
2026-02-04T00:00:00,AVAUSD,-1.9470669739673971,-1.805918956529506,-2.5787909931326776
2026-02-05T00:00:00,AVAUSD,-2.0046365625091109,-1.7888554286231448,-2.410145591376867
2026-02-06T00:00:00,AVAUSD,-1.9769119069489842,-1.7603332853636284,-2.3066621404529606
2026-02-07T00:00:00,AVAUSD,-1.9357266175585253,-1.7331290347405481,-2.2259929868724559
2026-02-08T00:00:00,AVAUSD,-1.8998034277619218,-1.7080366553241022,-2.1501445620909538
2026-02-09T00:00:00,AVAUSD,-1.8568864785650738,-1.6855138883536054,-2.0924356363151615
2026-02-10T00:00:00,AVAUSD,-1.844008672320548,-1.6798558977976694,-2.0481268141249975
2026-02-11T00:00:00,AVAUSD,-1.8155041867009352,-1.6687001030297581,-2.009561997894012
2026-02-12T00:00:00,AVAUSD,-1.76767824852383,-1.6435426847395529,-1.9620870147799483
2026-02-13T00:00:00,AVAUSD,-1.6883461069064511,-1.6078267854531032,-1.9261692833505935
2026-02-14T00:00:00,AVAUSD,-1.5911102289400583,-1.5674443487785683,-1.9034471131618829
2026-02-15T00:00:00,AVAUSD,-1.5212149966334376,-1.5318044901357972,-1.872398416255759
2026-02-16T00:00:00,AVAUSD,-1.4529255925885531,-1.4942891879755109,-1.8404371956806425
2026-02-17T00:00:00,AVAUSD,-1.3913005377080656,-1.4583363403725067,-1.8098030406594621
2026-02-18T00:00:00,AVAUSD,-1.3471187198790673,-1.4267791915123089,-1.7760599465354159
2026-02-19T00:00:00,AVAUSD,-1.2995524985185092,-1.3942665326217683,-1.745519524461089
2026-02-20T00:00:00,AVAUSD,-1.2382947998746707,-1.3576428336263699,-1.7209701077043646
2026-02-21T00:00:00,AVAUSD,-1.1778653084892199,-1.320801115101075,-1.6981705769614839
2026-02-22T00:00:00,AVAUSD,-1.1407800493804305,-1.291438478266919,-1.6724697297257738
2026-02-23T00:00:00,AVAUSD,-1.1279437062677788,-1.2711841639885013,-1.644690289607915
