timestamp,asset_id,lbw,nu,gamma,status,window_size,nlml_baseline,nlml_changepoint,retry_used,fallback_used,location_c,steepness_s,fallback_source_timestamp,failure_stage,failure_message
2019-03-04T00:00:00,ALVG,126,,,invalid_window,1,,,false,false,,,,window_length,"Expected 127 returns for lbw=126, got 1"
2019-03-05T00:00:00,ALVG,126,,,invalid_window,2,,,false,false,,,,window_length,"Expected 127 returns for lbw=126, got 2"
2019-03-06T00:00:00,ALVG,126,,,invalid_window,3,,,false,false,,,,window_length,"Expected 127 returns for lbw=126, got 3"
2019-03-07T00:00:00,ALVG,126,,,invalid_window,4,,,false,false,,,,window_length,"Expected 127 returns for lbw=126, got 4"
2019-03-08T00:00:00,ALVG,126,,,invalid_window,5,,,false,false,,,,window_length,"Expected 127 returns for lbw=126, got 5"
2019-03-11T00:00:00,ALVG,126,,,invalid_window,6,,,false,false,,,,window_length,"Expected 127 returns for lbw=126, got 6"
2019-03-12T00:00:00,ALVG,126,,,invalid_window,7,,,false,false,,,,window_length,"Expected 127 returns for lbw=126, got 7"
2019-03-13T00:00:00,ALVG,126,,,invalid_window,8,,,false,false,,,,window_length,"Expected 127 returns for lbw=126, got 8"
2019-03-14T00:00:00,ALVG,126,,,invalid_window,9,,,false,false,,,,window_length,"Expected 127 returns for lbw=126, got 9"
2019-03-15T00:00:00,ALVG,126,,,invalid_window,10,,,false,false,,,,window_length,"Expected 127 returns for lbw=126, got 10"
2019-03-18T00:00:00,ALVG,126,,,invalid_window,11,,,false,false,,,,window_length,"Expected 127 returns for lbw=126, got 11"
2019-03-19T00:00:00,ALVG,126,,,invalid_window,12,,,false,false,,,,window_length,"Expected 127 returns for lbw=126, got 12"
2019-03-20T00:00:00,ALVG,126,,,invalid_window,13,,,false,false,,,,window_length,"Expected 127 returns for lbw=126, got 13"
2019-03-21T00:00:00,ALVG,126,,,invalid_window,14,,,false,false,,,,window_length,"Expected 127 returns for lbw=126, got 14"
2019-03-22T00:00:00,ALVG,126,,,invalid_window,15,,,false,false,,,,window_length,"Expected 127 returns for lbw=126, got 15"
2019-03-25T00:00:00,ALVG,126,,,invalid_window,16,,,false,false,,,,window_length,"Expected 127 returns for lbw=126, got 16"
2019-03-26T00:00:00,ALVG,126,,,invalid_window,17,,,false,false,,,,window_length,"Expected 127 returns for lbw=126, got 17"
2019-03-27T00:00:00,ALVG,126,,,invalid_window,18,,,false,false,,,,window_length,"Expected 127 returns for lbw=126, got 18"
2019-03-28T00:00:00,ALVG,126,,,invalid_window,19,,,false,false,,,,window_length,"Expected 127 returns for lbw=126, got 19"
2019-03-29T00:00:00,ALVG,126,,,invalid_window,20,,,false,false,,,,window_length,"Expected 127 returns for lbw=126, got 20"
2019-04-01T00:00:00,ALVG,126,,,invalid_window,21,,,false,false,,,,window_length,"Expected 127 returns for lbw=126, got 21"
2019-04-02T00:00:00,ALVG,126,,,invalid_window,22,,,false,false,,,,window_length,"Expected 127 returns for lbw=126, got 22"
2019-04-03T00:00:00,ALVG,126,,,invalid_window,23,,,false,false,,,,window_length,"Expected 127 returns for lbw=126, got 23"
2019-04-04T00:00:00,ALVG,126,,,invalid_window,24,,,false,false,,,,window_length,"Expected 127 returns for lbw=126, got 24"
2019-04-05T00:00:00,ALVG,126,,,invalid_window,25,,,false,false,,,,window_length,"Expected 127 returns for lbw=126, got 25"
2019-04-08T00:00:00,ALVG,126,,,invalid_window,26,,,false,false,,,,window_length,"Expected 127 returns for lbw=126, got 26"
2019-04-09T00:00:00,ALVG,126,,,invalid_window,27,,,false,false,,,,window_length,"Expected 127 returns for lbw=126, got 27"
2019-04-10T00:00:00,ALVG,126,,,invalid_window,28,,,false,false,,,,window_length,"Expected 127 returns for lbw=126, got 28"
2019-04-11T00:00:00,ALVG,126,,,invalid_window,29,,,false,false,,,,window_length,"Expected 127 returns for lbw=126, got 29"
2019-04-12T00:00:00,ALVG,126,,,invalid_window,30,,,false,false,,,,window_length,"Expected 127 returns for lbw=126, got 30"
2019-04-15T00:00:00,ALVG,126,,,invalid_window,31,,,false,false,,,,window_length,"Expected 127 returns for lbw=126, got 31"
2019-04-16T00:00:00,ALVG,126,,,invalid_window,32,,,false,false,,,,window_length,"Expected 127 returns for lbw=126, got 32"
2019-04-17T00:00:00,ALVG,126,,,invalid_window,33,,,false,false,,,,window_length,"Expected 127 returns for lbw=126, got 33"
2019-04-18T00:00:00,ALVG,126,,,invalid_window,34,,,false,false,,,,window_length,"Expected 127 returns for lbw=126, got 34"
2019-04-23T00:00:00,ALVG,126,,,invalid_window,35,,,false,false,,,,window_length,"Expected 127 returns for lbw=126, got 35"
2019-04-24T00:00:00,ALVG,126,,,invalid_window,36,,,false,false,,,,window_length,"Expected 127 returns for lbw=126, got 36"
2019-04-25T00:00:00,ALVG,126,,,invalid_window,37,,,false,false,,,,window_length,"Expected 127 returns for lbw=126, got 37"
2019-04-26T00:00:00,ALVG,126,,,invalid_window,38,,,false,false,,,,window_length,"Expected 127 returns for lbw=126, got 38"
2019-04-29T00:00:00,ALVG,126,,,invalid_window,39,,,false,false,,,,window_length,"Expected 127 returns for lbw=126, got 39"
2019-04-30T00:00:00,ALVG,126,,,invalid_window,40,,,false,false,,,,window_length,"Expected 127 returns for lbw=126, got 40"
2019-05-02T00:00:00,ALVG,126,,,invalid_window,41,,,false,false,,,,window_length,"Expected 127 returns for lbw=126, got 41"
2019-05-03T00:00:00,ALVG,126,,,invalid_window,42,,,false,false,,,,window_length,"Expected 127 returns for lbw=126, got 42"
2019-05-06T00:00:00,ALVG,126,,,invalid_window,43,,,false,false,,,,window_length,"Expected 127 returns for lbw=126, got 43"
2019-05-07T00:00:00,ALVG,126,,,invalid_window,44,,,false,false,,,,window_length,"Expected 127 returns for lbw=126, got 44"
2019-05-08T00:00:00,ALVG,126,,,invalid_window,45,,,false,false,,,,window_length,"Expected 127 returns for lbw=126, got 45"
2019-05-09T00:00:00,ALVG,126,,,invalid_window,46,,,false,false,,,,window_length,"Expected 127 returns for lbw=126, got 46"
2019-05-10T00:00:00,ALVG,126,,,invalid_window,47,,,false,false,,,,window_length,"Expected 127 returns for lbw=126, got 47"
2019-05-13T00:00:00,ALVG,126,,,invalid_window,48,,,false,false,,,,window_length,"Expected 127 returns for lbw=126, got 48"
2019-05-14T00:00:00,ALVG,126,,,invalid_window,49,,,false,false,,,,window_length,"Expected 127 returns for lbw=126, got 49"
2019-05-15T00:00:00,ALVG,126,,,invalid_window,50,,,false,false,,,,window_length,"Expected 127 returns for lbw=126, got 50"
2019-05-16T00:00:00,ALVG,126,,,invalid_window,51,,,false,false,,,,window_length,"Expected 127 returns for lbw=126, got 51"
2019-05-17T00:00:00,ALVG,126,,,invalid_window,52,,,false,false,,,,window_length,"Expected 127 returns for lbw=126, got 52"
2019-05-20T00:00:00,ALVG,126,,,invalid_window,53,,,false,false,,,,window_length,"Expected 127 returns for lbw=126, got 53"
2019-05-21T00:00:00,ALVG,126,,,invalid_window,54,,,false,false,,,,window_length,"Expected 127 returns for lbw=126, got 54"
2019-05-22T00:00:00,ALVG,126,,,invalid_window,55,,,false,false,,,,window_length,"Expected 127 returns for lbw=126, got 55"
2019-05-23T00:00:00,ALVG,126,,,invalid_window,56,,,false,false,,,,window_length,"Expected 127 returns for lbw=126, got 56"
2019-05-24T00:00:00,ALVG,126,,,invalid_window,57,,,false,false,,,,window_length,"Expected 127 returns for lbw=126, got 57"
2019-05-27T00:00:00,ALVG,126,,,invalid_window,58,,,false,false,,,,window_length,"Expected 127 returns for lbw=126, got 58"
2019-05-28T00:00:00,ALVG,126,,,invalid_window,59,,,false,false,,,,window_length,"Expected 127 returns for lbw=126, got 59"
2019-05-29T00:00:00,ALVG,126,,,invalid_window,60,,,false,false,,,,window_length,"Expected 127 returns for lbw=126, got 60"
2019-05-30T00:00:00,ALVG,126,,,invalid_window,61,,,false,false,,,,window_length,"Expected 127 returns for lbw=126, got 61"
2019-05-31T00:00:00,ALVG,126,,,invalid_window,62,,,false,false,,,,window_length,"Expected 127 returns for lbw=126, got 62"
2019-06-03T00:00:00,ALVG,126,,,invalid_window,63,,,false,false,,,,window_length,"Expected 127 returns for lbw=126, got 63"
2019-06-04T00:00:00,ALVG,126,,,invalid_window,64,,,false,false,,,,window_length,"Expected 127 returns for lbw=126, got 64"
2019-06-05T00:00:00,ALVG,126,,,invalid_window,65,,,false,false,,,,window_length,"Expected 127 returns for lbw=126, got 65"
2019-06-06T00:00:00,ALVG,126,,,invalid_window,66,,,false,false,,,,window_length,"Expected 127 returns for lbw=126, got 66"
2019-06-07T00:00:00,ALVG,126,,,invalid_window,67,,,false,false,,,,window_length,"Expected 127 returns for lbw=126, got 67"
2019-06-11T00:00:00,ALVG,126,,,invalid_window,68,,,false,false,,,,window_length,"Expected 127 returns for lbw=126, got 68"
2019-06-12T00:00:00,ALVG,126,,,invalid_window,69,,,false,false,,,,window_length,"Expected 127 returns for lbw=126, got 69"
2019-06-13T00:00:00,ALVG,126,,,invalid_window,70,,,false,false,,,,window_length,"Expected 127 returns for lbw=126, got 70"
2019-06-14T00:00:00,ALVG,126,,,invalid_window,71,,,false,false,,,,window_length,"Expected 127 returns for lbw=126, got 71"
2019-06-17T00:00:00,ALVG,126,,,invalid_window,72,,,false,false,,,,window_length,"Expected 127 returns for lbw=126, got 72"
2019-06-18T00:00:00,ALVG,126,,,invalid_window,73,,,false,false,,,,window_length,"Expected 127 returns for lbw=126, got 73"
2019-06-19T00:00:00,ALVG,126,,,invalid_window,74,,,false,false,,,,window_length,"Expected 127 returns for lbw=126, got 74"
2019-06-20T00:00:00,ALVG,126,,,invalid_window,75,,,false,false,,,,window_length,"Expected 127 returns for lbw=126, got 75"
2019-06-21T00:00:00,ALVG,126,,,invalid_window,76,,,false,false,,,,window_length,"Expected 127 returns for lbw=126, got 76"
2019-06-24T00:00:00,ALVG,126,,,invalid_window,77,,,false,false,,,,window_length,"Expected 127 returns for lbw=126, got 77"
2019-06-25T00:00:00,ALVG,126,,,invalid_window,78,,,false,false,,,,window_length,"Expected 127 returns for lbw=126, got 78"
2019-06-26T00:00:00,ALVG,126,,,invalid_window,79,,,false,false,,,,window_length,"Expected 127 returns for lbw=126, got 79"
2019-06-27T00:00:00,ALVG,126,,,invalid_window,80,,,false,false,,,,window_length,"Expected 127 returns for lbw=126, got 80"
2019-06-28T00:00:00,ALVG,126,,,invalid_window,81,,,false,false,,,,window_length,"Expected 127 returns for lbw=126, got 81"
2019-07-01T00:00:00,ALVG,126,,,invalid_window,82,,,false,false,,,,window_length,"Expected 127 returns for lbw=126, got 82"
2019-07-02T00:00:00,ALVG,126,,,invalid_window,83,,,false,false,,,,window_length,"Expected 127 returns for lbw=126, got 83"
2019-07-03T00:00:00,ALVG,126,,,invalid_window,84,,,false,false,,,,window_length,"Expected 127 returns for lbw=126, got 84"
2019-07-04T00:00:00,ALVG,126,,,invalid_window,85,,,false,false,,,,window_length,"Expected 127 returns for lbw=126, got 85"
2019-07-05T00:00:00,ALVG,126,,,invalid_window,86,,,false,false,,,,window_length,"Expected 127 returns for lbw=126, got 86"
2019-07-08T00:00:00,ALVG,126,,,invalid_window,87,,,false,false,,,,window_length,"Expected 127 returns for lbw=126, got 87"
2019-07-09T00:00:00,ALVG,126,,,invalid_window,88,,,false,false,,,,window_length,"Expected 127 returns for lbw=126, got 88"
2019-07-10T00:00:00,ALVG,126,,,invalid_window,89,,,false,false,,,,window_length,"Expected 127 returns for lbw=126, got 89"
2019-07-11T00:00:00,ALVG,126,,,invalid_window,90,,,false,false,,,,window_length,"Expected 127 returns for lbw=126, got 90"
2019-07-12T00:00:00,ALVG,126,,,invalid_window,91,,,false,false,,,,window_length,"Expected 127 returns for lbw=126, got 91"
2019-07-15T00:00:00,ALVG,126,,,invalid_window,92,,,false,false,,,,window_length,"Expected 127 returns for lbw=126, got 92"
2019-07-16T00:00:00,ALVG,126,,,invalid_window,93,,,false,false,,,,window_length,"Expected 127 returns for lbw=126, got 93"
2019-07-17T00:00:00,ALVG,126,,,invalid_window,94,,,false,false,,,,window_length,"Expected 127 returns for lbw=126, got 94"
2019-07-18T00:00:00,ALVG,126,,,invalid_window,95,,,false,false,,,,window_length,"Expected 127 returns for lbw=126, got 95"
2019-07-19T00:00:00,ALVG,126,,,invalid_window,96,,,false,false,,,,window_length,"Expected 127 returns for lbw=126, got 96"
2019-07-22T00:00:00,ALVG,126,,,invalid_window,97,,,false,false,,,,window_length,"Expected 127 returns for lbw=126, got 97"
2019-07-23T00:00:00,ALVG,126,,,invalid_window,98,,,false,false,,,,window_length,"Expected 127 returns for lbw=126, got 98"
2019-07-24T00:00:00,ALVG,126,,,invalid_window,99,,,false,false,,,,window_length,"Expected 127 returns for lbw=126, got 99"
2019-07-25T00:00:00,ALVG,126,,,invalid_window,100,,,false,false,,,,window_length,"Expected 127 returns for lbw=126, got 100"
2019-07-26T00:00:00,ALVG,126,,,invalid_window,101,,,false,false,,,,window_length,"Expected 127 returns for lbw=126, got 101"
2019-07-29T00:00:00,ALVG,126,,,invalid_window,102,,,false,false,,,,window_length,"Expected 127 returns for lbw=126, got 102"
2019-07-30T00:00:00,ALVG,126,,,invalid_window,103,,,false,false,,,,window_length,"Expected 127 returns for lbw=126, got 103"
2019-07-31T00:00:00,ALVG,126,,,invalid_window,104,,,false,false,,,,window_length,"Expected 127 returns for lbw=126, got 104"
2019-08-01T00:00:00,ALVG,126,,,invalid_window,105,,,false,false,,,,window_length,"Expected 127 returns for lbw=126, got 105"
2019-08-02T00:00:00,ALVG,126,,,invalid_window,106,,,false,false,,,,window_length,"Expected 127 returns for lbw=126, got 106"
2019-08-05T00:00:00,ALVG,126,,,invalid_window,107,,,false,false,,,,window_length,"Expected 127 returns for lbw=126, got 107"
2019-08-06T00:00:00,ALVG,126,,,invalid_window,108,,,false,false,,,,window_length,"Expected 127 returns for lbw=126, got 108"
2019-08-07T00:00:00,ALVG,126,,,invalid_window,109,,,false,false,,,,window_length,"Expected 127 returns for lbw=126, got 109"
2019-08-08T00:00:00,ALVG,126,,,invalid_window,110,,,false,false,,,,window_length,"Expected 127 returns for lbw=126, got 110"
2019-08-09T00:00:00,ALVG,126,,,invalid_window,111,,,false,false,,,,window_length,"Expected 127 returns for lbw=126, got 111"
2019-08-12T00:00:00,ALVG,126,,,invalid_window,112,,,false,false,,,,window_length,"Expected 127 returns for lbw=126, got 112"
2019-08-13T00:00:00,ALVG,126,,,invalid_window,113,,,false,false,,,,window_length,"Expected 127 returns for lbw=126, got 113"
2019-08-14T00:00:00,ALVG,126,,,invalid_window,114,,,false,false,,,,window_length,"Expected 127 returns for lbw=126, got 114"
2019-08-15T00:00:00,ALVG,126,,,invalid_window,115,,,false,false,,,,window_length,"Expected 127 returns for lbw=126, got 115"
2019-08-16T00:00:00,ALVG,126,,,invalid_window,116,,,false,false,,,,window_length,"Expected 127 returns for lbw=126, got 116"
2019-08-19T00:00:00,ALVG,126,,,invalid_window,117,,,false,false,,,,window_length,"Expected 127 returns for lbw=126, got 117"
2019-08-20T00:00:00,ALVG,126,,,invalid_window,118,,,false,false,,,,window_length,"Expected 127 returns for lbw=126, got 118"
2019-08-21T00:00:00,ALVG,126,,,invalid_window,119,,,false,false,,,,window_length,"Expected 127 returns for lbw=126, got 119"
2019-08-22T00:00:00,ALVG,126,,,invalid_window,120,,,false,false,,,,window_length,"Expected 127 returns for lbw=126, got 120"
2019-08-23T00:00:00,ALVG,126,,,invalid_window,121,,,false,false,,,,window_length,"Expected 127 returns for lbw=126, got 121"
2019-08-26T00:00:00,ALVG,126,,,invalid_window,122,,,false,false,,,,window_length,"Expected 127 returns for lbw=126, got 122"
2019-08-27T00:00:00,ALVG,126,,,invalid_window,123,,,false,false,,,,window_length,"Expected 127 returns for lbw=126, got 123"
2019-08-28T00:00:00,ALVG,126,,,invalid_window,124,,,false,false,,,,window_length,"Expected 127 returns for lbw=126, got 124"
2019-08-29T00:00:00,ALVG,126,,,invalid_window,125,,,false,false,,,,window_length,"Expected 127 returns for lbw=126, got 125"
2019-08-30T00:00:00,ALVG,126,,,invalid_window,126,,,false,false,,,,window_length,"Expected 127 returns for lbw=126, got 126"
2019-09-02T00:00:00,ALVG,126,,,invalid_window,127,,,false,false,,,,window_standardization,window returns must be finite
2019-09-03T00:00:00,ALVG,126,0.11139178498699914,0.49999144894789643,success,127,180.205193996189,178.1285911422255,false,false,62.998922567434953,443.30226542132237,,,
2019-09-04T00:00:00,ALVG,126,0.16076700980208469,0.4283688476100887,success,127,180.20519404284289,178.55266184782255,false,false,53.974474798871178,22.427960166825184,,,
2019-09-05T00:00:00,ALVG,126,0.085980777876437417,0.48408997645229179,success,127,180.20519391743056,177.84146607363385,false,false,60.995337032988765,110.56972786377861,,,
2019-09-06T00:00:00,ALVG,126,0.076190486067282168,0.47618592334773863,success,127,180.20519418013811,177.70992488363902,false,false,59.999426341815067,548.01760913681778,,,
2019-09-09T00:00:00,ALVG,126,0.053519575668669259,0.46745192806928376,success,127,179.94884951028993,177.07614670934461,false,false,58.898942936729753,11.802824073061474,,,
2019-09-10T00:00:00,ALVG,126,0.040889902532830723,0.45970686708968145,success,127,179.89877157590342,176.74364885389045,false,false,57.92306525329986,14.742187612059748,,,
2019-09-11T00:00:00,ALVG,126,0.030210386605179669,0.45186294360440532,success,127,179.85421812458878,176.38532476259874,false,false,56.934730894155074,17.498233897928216,,,
2019-09-12T00:00:00,ALVG,126,0.0256499624693712,0.4438913937044015,success,127,179.76518957111509,176.12796105901961,false,false,55.93031560675459,14.70637411109818,,,
2019-09-13T00:00:00,ALVG,126,0.32622093316205486,0.7049659249750263,success,127,179.68908906718093,178.96376166492547,false,false,88.825706546853311,15.343120696970672,,,
2019-09-16T00:00:00,ALVG,126,0.019210789568452992,0.42774618561038108,success,127,179.70994310126886,175.77705761481639,false,false,53.896019386908016,11.338022574497831,,,
2019-09-17T00:00:00,ALVG,126,0.016371844922907119,0.41986040168965394,success,127,179.77736701441714,175.6816821664587,false,false,52.902410612896396,13.723898700154521,,,
2019-09-18T00:00:00,ALVG,126,0.030137584993809197,0.32557840335816929,success,127,179.76737169059132,176.29599053305833,false,false,41.022878823129332,7.5674261803024567,,,
2019-09-19T00:00:00,ALVG,126,0.0078662558962930718,0.40405723944096661,success,127,179.75578055482873,174.91850483937364,false,false,50.911212169561793,15.476697845587536,,,
2019-09-20T00:00:00,ALVG,126,0.0072378418926988004,0.3960817594763178,success,127,179.69242399132071,174.7712559553307,false,false,49.906301694016044,14.450664281529528,,,
2019-09-23T00:00:00,ALVG,126,0.079706054681011676,0.25761929617186469,success,127,179.63646385674099,177.19011628325234,false,false,32.460031317654952,24.687894944105231,,,
2019-09-24T00:00:00,ALVG,126,0.077089332215115464,0.25210770982066383,success,127,179.68942462454095,177.20685708738137,false,false,31.765571437403644,67.825776059421997,,,
2019-09-25T00:00:00,ALVG,126,0.07541921311687616,0.24184259083341428,success,127,179.70798823229165,177.20170985930406,false,false,30.472166445010199,24.746538388901186,,,
2019-09-26T00:00:00,ALVG,126,0.072274156729822459,0.23599921319969347,success,127,179.78736653035665,177.23509688904034,false,false,29.735900863161376,51.493966899329578,,,
2019-09-27T00:00:00,ALVG,126,0.34679517914359836,0.74991875059322233,success,127,179.72276298898043,179.08960659138307,false,false,94.48976257474601,29.70432364666004,,,
2019-09-30T00:00:00,ALVG,126,0.34615949607488183,0.74255764046051298,success,127,179.74629039348321,179.11032658971715,false,false,93.562262698024639,27.206005811727426,,,
2019-10-01T00:00:00,ALVG,126,0.001154777530733428,0.3377715714132476,success,127,180.20036148323911,173.43766936039469,false,false,42.559217998069194,23.525486011610493,,,
2019-10-02T00:00:00,ALVG,126,0.0066463187947541089,0.26908633554693245,success,127,180.20031135592902,175.1932877175683,false,false,33.904878278913486,14.673536442391445,,,
2019-10-04T00:00:00,ALVG,126,0.0049505092638989882,0.32449394719648222,success,127,180.02808463531559,174.7247826128451,false,false,40.886237346756758,15.310457216779122,,,
2019-10-07T00:00:00,ALVG,126,0.0052606735611422477,0.30827634947932392,success,127,180.06400452754704,174.82178288019122,false,false,38.842820034394812,0.34111409682775484,,,
2019-10-08T00:00:00,ALVG,126,0.0024108639188330852,0.30933320017598825,success,127,180.19872225247209,174.17336590403201,false,false,38.97598322217452,36.796131004340907,,,
2019-12-05T00:00:00,ALVG,126,0.039476708492450545,0.2166595722886237,success,127,180.20519733302439,177.01342994132384,false,false,27.299106108366587,2.1840078351207808,,,
2019-12-06T00:00:00,ALVG,126,0.36439317138415128,0.59024696512644914,success,127,180.124795393234,179.56844864092406,false,false,74.371117605932596,18.878869021037019,,,
2019-12-09T00:00:00,ALVG,126,0.35017119369246019,0.60703497219965352,success,127,180.16346467610998,179.54517788255754,false,false,76.486406497156338,29.937257608013546,,,
2019-12-10T00:00:00,ALVG,126,0.016141424030660125,0.1851142974011,success,127,180.17349612643412,176.06340285217385,false,false,23.3244014725386,1.6177322836599239,,,
2019-12-11T00:00:00,ALVG,126,0.0091246284176138351,0.18362261125550738,success,127,180.1767737392214,175.48916215034188,false,false,23.136449018193929,1.9801327589111593,,,
2019-12-12T00:00:00,ALVG,126,0.0062333881681252762,0.17519711559349066,success,127,180.19492625225647,175.12334390229802,false,false,22.074836564779822,1.8990238091912262,,,
2019-12-13T00:00:00,ALVG,126,0.0050151810521174905,0.16703945857596705,success,127,180.19946706326033,174.90920910643632,false,false,21.046971780571848,1.8542845410693207,,,
2019-12-16T00:00:00,ALVG,126,0.0037689934602999019,0.15867406293856015,success,127,180.19925519186455,174.62208400605053,false,false,19.992931930258578,1.7820184744359568,,,
2019-12-17T00:00:00,ALVG,126,0.45286104877726235,0.49624033496941611,success,127,180.15753002204502,179.96841257054754,false,false,62.526282206146426,0.81701661820712768,,,
2019-12-18T00:00:00,ALVG,126,0.0014206348374412661,0.14122167689781526,success,127,180.19834890660093,173.64311911284301,false,false,17.793931289124721,1.5368840337728458,,,
2019-12-19T00:00:00,ALVG,126,0.42948372230082266,0.54349293860438108,success,127,180.16518736670673,179.88122950699596,false,false,68.480110264152017,29.294611163793153,,,
2019-12-20T00:00:00,ALVG,126,0.47805951333477853,0.51098186594179507,success,127,180.17944507008983,180.09162672855257,false,false,64.383715108666181,9.4276989936893081,,,
2019-12-23T00:00:00,ALVG,126,0.00037240383622656373,0.10274082416286545,success,127,180.1792634366297,172.2841041985713,false,false,12.945343844521046,28.878870445532769,,,
2019-12-27T00:00:00,ALVG,126,0.00069686100567020932,0.19756894333725095,success,127,180.1934501572201,172.92522267607936,false,false,24.89368686049362,10.04921043584843,,,
2019-12-30T00:00:00,ALVG,126,0.0001166765756079515,0.091152284142883649,success,127,180.17742782087018,171.12143974227988,false,false,11.48518780200334,0.69898722416491432,,,
2020-01-02T00:00:00,ALVG,126,6.2127810793235173e-05,0.079114859747759003,success,127,180.19968084570937,170.51342614503591,false,false,9.9684723282176346,0.5840391431533376,,,
2020-01-03T00:00:00,ALVG,126,3.6977916595487202e-05,0.061277482922176461,success,127,180.20519387442894,170.00004118075344,false,false,7.7209628481942341,0.52171643200616447,,,
2020-01-06T00:00:00,ALVG,126,0.23941740426612004,0.58713606525299722,success,127,180.20519409676606,179.04931787382461,false,false,73.979144221877647,16.977261036224352,,,
2020-01-07T00:00:00,ALVG,126,1.2709254346902011e-05,2.9604934504396944e-07,success,127,180.20519397218229,168.93202654038538,false,false,3.730221747554015e-05,0.26947528160774392,,,
2020-01-08T00:00:00,ALVG,126,3.4711089764667902e-06,4.0080736109632385e-05,success,127,180.20103826188031,167.63000530769176,false,false,0.0050501727498136802,0.33284921852326632,,,
2020-01-09T00:00:00,ALVG,126,0.016729992072533589,0.28333694821477229,success,127,180.11512525017329,176.04144453145031,false,false,35.700455475061311,0.13054013209010337,,,
2020-01-10T00:00:00,ALVG,126,0.017135187533264533,0.26647823259842923,success,127,180.07273222211765,176.02339473661749,false,false,33.576257307402081,0.12781584024621878,,,
2020-01-13T00:00:00,ALVG,126,0.020707223238562441,0.27098644692356733,success,127,179.95111096249883,176.09476289584509,false,false,34.14429231236948,0.13477017554990786,,,
2020-01-14T00:00:00,ALVG,126,0.020973761784749956,0.2619729586548169,success,127,180.013843819165,176.17055759365914,false,false,33.008592790506931,0.13497455729565894,,,
2020-01-15T00:00:00,ALVG,126,0.098521931463194878,0.69916985806066034,success,127,180.11861079928801,177.90485426252965,false,false,88.095402115643196,0.32533390866277762,,,
2020-01-16T00:00:00,ALVG,126,0.10031656118269715,0.6958495339644637,success,127,180.01987008454657,177.82615791555804,false,false,87.677041279522427,0.36184703188516154,,,
2020-01-17T00:00:00,ALVG,126,0.10109095459653322,0.68661418087561421,success,127,180.08589187905841,177.90073067494009,false,false,86.513386790327388,0.35746757678767638,,,
2020-01-20T00:00:00,ALVG,126,0.18454509242068395,0.73189922861470313,success,127,179.93110003331086,178.44524774396237,false,false,92.2193028054526,2.1787328063683704,,,
2020-01-21T00:00:00,ALVG,126,0.10268178593555174,0.67039613120004793,success,127,179.96165341164647,177.79387760787182,false,false,84.469912531206035,0.35618004847200085,,,
2020-01-22T00:00:00,ALVG,126,0.10727244077286642,0.66177791487138682,success,127,179.97282745528091,177.85391777970065,false,false,83.38401727379474,0.35916592725758262,,,
2020-01-23T00:00:00,ALVG,126,0.11562204726735864,0.65431820410194375,success,127,179.84434694071899,177.80978907947335,false,false,82.444093716844918,0.36915688922574436,,,
2020-01-24T00:00:00,ALVG,126,0.11306419923326798,0.6460822804598868,success,127,179.92575328442538,177.86593647486831,false,false,81.406367337945738,0.36609971065381502,,,
2020-01-27T00:00:00,ALVG,126,0.065284675433510089,0.64504156220505471,success,127,180.08607816732683,177.42459347941681,false,false,81.2752368378369,0.36830015508368996,,,
2020-01-28T00:00:00,ALVG,126,0.0092299871950646331,0.25559978385710819,success,127,180.20519397816756,175.52916920784617,false,false,32.205572765995633,0.22792106766203193,,,
2020-01-29T00:00:00,ALVG,126,0.0071142877394147026,0.25226764521378575,success,127,180.19763902594434,175.25912858154803,false,false,31.785723296937004,0.24596909111539289,,,
2020-01-30T00:00:00,ALVG,126,0.040742828625624013,0.62320665731092473,success,127,180.19690465878926,177.03802529322036,false,false,78.524038821176518,0.37033297894974798,,,
2020-01-31T00:00:00,ALVG,126,0.03819625855215196,0.61594711776619548,success,127,180.16072187197156,176.93464902024269,false,false,77.609336838540628,0.37509395007719443,,,
2020-02-03T00:00:00,ALVG,126,0.046659837554561941,0.6063630835379642,success,127,180.1759651547614,177.15887716135316,false,false,76.401748525783489,0.37005275001530846,,,
2020-02-04T00:00:00,ALVG,126,0.029168169854599801,0.60212896934676607,success,127,180.13683270666277,176.63175748704563,false,false,75.868250137692527,0.39809268888265542,,,
2020-02-05T00:00:00,ALVG,126,0.020769972387357626,0.59493293956535209,success,127,180.02466428692273,176.17140601861954,false,false,74.961550385234361,0.37723401950859531,,,
2020-02-06T00:00:00,ALVG,126,0.024015678595987619,0.58546353955704133,success,127,179.86397151950609,176.15923188924691,false,false,73.768405984187211,0.36554875264659553,,,
2020-02-07T00:00:00,ALVG,126,0.029382528768589031,0.5764490254458452,success,127,179.90924790575787,176.41171570663491,false,false,72.632577206176492,0.36528606473632702,,,
2020-02-10T00:00:00,ALVG,126,0.028994791805520188,0.56935093271760873,success,127,179.89147839232075,176.38026278124542,false,false,71.738217522418694,0.3789332575501434,,,
2020-02-11T00:00:00,ALVG,126,0.034833921208057179,0.55990413317694054,success,127,179.89469175649222,176.57298322696676,false,false,70.547920780294504,0.37131678052059225,,,
2020-02-12T00:00:00,ALVG,126,0.041650229097889596,0.55068608773698846,success,127,179.86171038100886,176.72580443349423,false,false,69.38644705486054,0.36740556645921191,,,
2020-02-13T00:00:00,ALVG,126,0.049934595833500635,0.54127641355422462,success,127,179.86152816914159,176.91571140623611,false,false,68.200828107832308,0.36237524868753518,,,
2020-02-14T00:00:00,ALVG,126,0.058770848135402884,0.53190790416430689,success,127,179.92188276191985,177.14834208441937,false,false,67.020395924702669,0.35805211398239117,,,
2020-02-17T00:00:00,ALVG,126,0.054090658901174961,0.52587737736807172,success,127,179.887976713505,177.02649149035921,false,false,66.260549548377043,0.37748075931231023,,,
2020-02-18T00:00:00,ALVG,126,0.064427495300371979,0.51643590835154851,success,127,179.89380697534179,177.21818881659632,false,false,65.070924452295117,0.37190362498776769,,,
2020-02-19T00:00:00,ALVG,126,0.075850029030235133,0.5069054935059264,success,127,179.89391299034401,177.39379671415486,false,false,63.87009218174672,0.36627463121076004,,,
2020-02-20T00:00:00,ALVG,126,0.077133579604318617,0.49894925804071893,success,127,179.88197299078055,177.40002720893162,false,false,62.867606513130589,0.3641632687098133,,,
2020-02-21T00:00:00,ALVG,126,0.085042747250890241,0.48931955393316701,success,127,179.96174631779181,177.58602301082266,false,false,61.654263795579041,0.35543374935438277,,,
2020-02-24T00:00:00,ALVG,126,0.038019604919109433,0.48846313560632876,success,127,180.12293187925047,176.89203975373613,false,false,61.546355086397426,0.35961117916878205,,,
2020-02-25T00:00:00,ALVG,126,0.023008349459050895,0.52732937132136071,success,127,179.18816866440912,175.43954772843239,false,false,66.443500786491455,1.756614074847147,,,
2020-02-26T00:00:00,ALVG,126,0.028468556264811887,0.51928374605732419,success,127,179.08303440434977,175.55296095913434,false,false,65.429752003222845,1.7897838009026208,,,
2020-02-27T00:00:00,ALVG,126,6.9903940257634264e-06,0.9756818810829222,success,127,178.32328045720791,166.45231381424233,false,false,122.9359170164482,17.423373821578465,,,
2020-02-28T00:00:00,ALVG,126,4.9698141716455785e-07,0.99999977635633408,success,127,174.2459777173315,159.73126501275328,false,false,125.9999718208981,0.47524798196923662,,,
2020-03-02T00:00:00,ALVG,126,1.3428098900588865e-07,0.95973022082501547,success,127,175.36993769921807,159.54660653388825,false,false,120.92600782395195,15.341731283769198,,,
2020-03-03T00:00:00,ALVG,126,0.00039756423596032435,0.48935909871288746,success,127,176.6140333927203,168.78427699898032,false,false,61.659246437823818,1.0101279012801743,,,
2020-03-04T00:00:00,ALVG,126,0.00048840225592536681,0.48146059281165571,success,127,176.41349925904962,168.78961658388619,false,false,60.664034694268622,1.0164484406148215,,,
2020-03-05T00:00:00,ALVG,126,0.00065189187021628687,0.47331328043940002,success,127,176.81557471568982,169.48059496711625,false,false,59.637473335364405,0.96742957254120054,,,
2020-03-06T00:00:00,ALVG,126,1.0903514931859067e-06,0.99999998045759464,success,127,176.24286112182125,162.51385176928034,false,false,125.99999753765692,0.11501031051694556,,,
2020-03-09T00:00:00,ALVG,126,1.9680962293374973e-06,0.44555824995062149,success,127,173.55036880926696,160.41192691385658,false,false,56.140339493778306,0.30110640547085987,,,
2020-03-10T00:00:00,ALVG,126,4.598400212477622e-14,0.91211498262497814,success,127,176.86707214327072,146.15658930446355,false,false,114.92648781074725,13.81113306484264,,,
2020-03-11T00:00:00,ALVG,126,1.2772840933290415e-13,0.90426848599742926,success,127,177.17800480395951,147.48913461667061,false,false,113.93782923567609,19.870410338926689,,,
2020-03-12T00:00:00,ALVG,126,2.5855673296593934e-25,0.99999978814849622,success,127,177.12259708090929,120.50791470982612,false,false,125.99997330671053,0.1833131400042757,,,
2020-03-13T00:00:00,ALVG,126,1.1141943488320803e-24,0.95477514717371637,success,127,177.83653036311014,122.68261971789366,false,false,120.30166854388827,0.21017166216736191,,,
2020-03-16T00:00:00,ALVG,126,1.4095222781525381e-25,0.9999999920634921,retry_success,127,167.68005178946385,110.45867530177287,true,false,125.999999,0.17142294575110958,,,
2020-03-17T00:00:00,ALVG,126,0.00014549046597262482,0.94442892300208203,success,127,169.33720044201701,160.50194594360676,false,false,118.99804429826234,209.25459594678671,,,
2020-03-18T00:00:00,ALVG,126,4.9313617992716476e-05,0.96347908093863044,success,127,165.39020320331656,155.472942230124,false,false,121.39836419826743,0.1954364800028095,,,
2020-03-19T00:00:00,ALVG,126,4.7841571474284473e-25,0.86490966627233468,success,127,170.22882028098047,114.22950282078089,false,false,108.97861795031417,22.452477010427867,,,
2020-03-20T00:00:00,ALVG,126,2.1431529617507656e-30,0.9114700268438648,success,127,176.34004326661503,108.02476856812972,false,false,114.84522338232696,0.22110281649556171,,,
2020-03-23T00:00:00,ALVG,126,1.0130274462052706e-29,0.89545248090633445,success,127,176.75101157472179,109.98898719677746,false,false,112.82701259419814,0.23633251344887737,,,
2020-03-24T00:00:00,ALVG,126,1.5014591148065194e-38,0.93501265502574549,success,127,177.36295282309624,90.271156667826929,false,false,117.81159453324393,0.17018893751293948,,,
2020-03-25T00:00:00,ALVG,126,5.6594901602264783e-38,0.89849811366031651,success,127,177.20995029870807,91.44505057539368,false,false,113.21076232119988,0.20144438968634412,,,
2020-03-26T00:00:00,ALVG,126,3.2327617085780878e-37,0.87629620143386699,success,127,176.8485445972517,92.826232946522424,false,false,110.41332138066724,0.22700466018381596,,,
2020-03-27T00:00:00,ALVG,126,5.4154287614242104e-32,0.88158832021067646,success,127,177.37467544326509,105.3812045250924,false,false,111.08012834654524,7.0465107191420371,,,
2020-03-30T00:00:00,ALVG,126,3.9456054156287424e-37,0.83664341298666522,success,127,177.46454674198029,93.641500707761736,false,false,105.41707003631981,0.29986228343391635,,,
2020-03-31T00:00:00,ALVG,126,1.6158589018307701e-36,0.82569493418583517,success,127,177.40032899137853,94.987132286656234,false,false,104.03756170741524,0.31454047048728062,,,
2020-04-01T00:00:00,ALVG,126,7.4773821671846183e-36,0.8146090545528698,success,127,177.46738295714803,96.586202362443188,false,false,102.6407408736616,0.33212446547063867,,,
2020-04-02T00:00:00,ALVG,126,1.2822671116272509e-36,0.8013526173562332,success,127,177.53067667707745,94.886243021490785,false,false,100.97042978688539,0.37032270240167309,,,
2020-04-03T00:00:00,ALVG,126,2.5749863929776764e-36,0.78653591807212442,success,127,177.53116138576664,95.583942287802216,false,false,99.103525677087674,0.44499736673813967,,,
2020-04-06T00:00:00,ALVG,126,1.8716637492226833e-36,0.76188596703281053,success,127,177.81259562942429,95.546360022418511,false,false,95.997631846134126,73.184440649919381,,,
2020-04-07T00:00:00,ALVG,126,4.0863106339703321e-36,0.77212156577007274,success,127,177.65065912849465,96.165238298191838,false,false,97.287317287029168,0.42101794693247563,,,
2020-04-08T00:00:00,ALVG,126,1.7483712127104065e-35,0.75903056600917784,success,127,177.75161974052378,97.719826104670233,false,false,95.637851317156404,0.50287137621062805,,,
2020-04-09T00:00:00,ALVG,126,2.7657396319748481e-35,0.75230808169623986,success,127,177.63473343568651,98.061563278099754,false,false,94.790818293726218,0.47449257876352663,,,
2020-04-14T00:00:00,ALVG,126,1.2902555016754422e-34,0.74020282975784901,success,127,177.51406922056503,99.481016320843409,false,false,93.265556549488977,0.56814009454759207,,,
2020-04-15T00:00:00,ALVG,126,2.6814992860232704e-34,0.73175408429263444,success,127,177.8431780932998,100.54166100468285,false,false,92.201014620871945,0.58047682000774803,,,
2020-04-16T00:00:00,ALVG,126,8.2129656886072833e-30,0.78583558093663464,success,127,177.77259265970042,110.80075395693537,false,false,99.015283198015965,13.939009568090077,,,
2020-04-17T00:00:00,ALVG,126,3.2920023841683879e-34,0.71273672280824052,success,127,177.84145933568121,100.7450621809292,false,false,89.804827073838311,0.68122382367305601,,,
2020-04-20T00:00:00,ALVG,126,1.326641834188387e-33,0.69814083251748704,success,127,177.84246856924082,102.13981131294192,false,false,87.965744897203365,11.661795602854315,,,
2020-04-21T00:00:00,ALVG,126,1.8381744247416315e-28,0.76196677289496473,success,127,177.94047959212543,114.07686990692955,false,false,96.007813384765555,16.80649887326609,,,
2020-04-22T00:00:00,ALVG,126,1.1180560708705981e-32,0.68249619211068124,success,127,177.93762798664466,104.36649653714645,false,false,85.994520205945832,86.557625974187815,,,
2020-04-23T00:00:00,ALVG,126,2.1581230209589764e-27,0.74614124204839505,success,127,177.90909319744077,116.50853455874451,false,false,94.013796498097776,5.6210773403954972,,,
2020-04-24T00:00:00,ALVG,126,8.5646981540607201e-27,0.7381111083158417,success,127,177.88566184601194,117.86351322453686,false,false,93.001999647796055,30.299572775691999,,,
2020-04-27T00:00:00,ALVG,126,2.6153092945238095e-31,0.65869545253694683,success,127,177.96902470375161,107.55026918852346,false,false,82.995627019655302,131.8205771546813,,,
2020-04-28T00:00:00,ALVG,126,2.5331513942877598e-26,0.71824582972662632,success,127,178.00329953078514,119.06555125094079,false,false,90.498974545554915,2.3149733926590041,,,
2020-04-29T00:00:00,ALVG,126,1.2933117284439174e-30,0.64282356193970014,success,127,177.72314979745397,108.90280316764874,false,false,80.995768804402218,129.77239251407769,,,
2020-04-30T00:00:00,ALVG,126,2.2213765548874531e-30,0.63768097319192807,success,127,178.09757109546811,109.81814537913623,false,false,80.34780262218294,0.85729719210103184,,,
2020-05-04T00:00:00,ALVG,126,4.1680721959082932e-30,0.62975689760861131,success,127,178.23766837235283,110.58756920830763,false,false,79.349369098685031,0.85441702379746765,,,
2020-05-05T00:00:00,ALVG,126,7.0237303322992408e-25,0.69046772342486262,success,127,178.26210850945822,122.64677564787647,false,false,86.998933151532697,58.642246897805407,,,
2020-05-06T00:00:00,ALVG,126,2.0223198302790733e-24,0.67829974957441441,success,127,178.25805803062732,123.70026108207233,false,false,85.465768446376217,2.3800493483198708,,,
2020-05-07T00:00:00,ALVG,126,1.7656312169549187e-28,0.6029239930947129,success,127,178.18961769353706,114.28574334615746,false,false,75.968423129933825,20.335018104118443,,,
2020-05-08T00:00:00,ALVG,126,7.9502272015042852e-28,0.59521796854044606,success,127,178.2599585060654,115.86077640929557,false,false,74.997464036096204,279.14338344160183,,,
2020-05-11T00:00:00,ALVG,126,2.8689680658079205e-27,0.58727826647168635,success,127,178.27488473325704,117.15903962858057,false,false,73.997061575432483,248.85444869383525,,,
2020-05-12T00:00:00,ALVG,126,1.0799022711575654e-26,0.5792728320615973,success,127,178.24871748371646,118.45837561324404,false,false,72.988376839761258,60.025549511968322,,,
2020-05-13T00:00:00,ALVG,126,3.6120795085965941e-26,0.5714233434801127,success,127,178.15908924089541,119.57616047070948,false,false,71.9993412784942,1106.7551109132369,,,
2020-05-14T00:00:00,ALVG,126,1.161436158443996e-25,0.56345146105989741,success,127,178.02777155083444,120.61280153295198,false,false,70.994884093547071,136.2136803281139,,,
2020-05-15T00:00:00,ALVG,126,3.7406365896631926e-25,0.55552923407800692,success,127,178.2666851691925,122.02131365242342,false,false,69.996683493828868,230.3381532772508,,,
2020-05-18T00:00:00,ALVG,126,4.825157610412028e-25,0.54761075101284007,success,127,178.38002681759443,122.3892428923711,false,false,68.998954627617849,661.56841727190715,,,
2020-05-19T00:00:00,ALVG,126,1.3652366627470341e-20,0.61100481386949479,success,127,178.22784520832658,132.487471141356,false,false,76.986606547556349,14.844875743059255,,,
2020-05-20T00:00:00,ALVG,126,6.5693881592034893e-24,0.53173859130489776,success,127,178.21605871775216,124.836437187602,false,false,66.999062504417111,783.35539246670908,,,
2020-05-21T00:00:00,ALVG,126,1.4090441323828485e-19,0.59506277913106487,success,127,178.32792167513614,134.92171646245163,false,false,74.977910170514178,10.756752320112984,,,
2020-05-22T00:00:00,ALVG,126,4.6055512233329772e-19,0.58716311561509538,success,127,178.32821720901021,136.10636280571651,false,false,73.982552567502012,15.317067840343908,,,
2020-05-25T00:00:00,ALVG,126,1.4842338843473022e-18,0.57162262562369237,success,127,178.30583845799319,137.25420552043497,false,false,72.024450828585245,35.418298057021403,,,
2020-05-26T00:00:00,ALVG,126,1.2636792505992331e-21,0.49999563192647462,success,127,178.21532699765788,130.09506755086841,false,false,62.999449622735803,1584.0066150946498,,,
2020-05-27T00:00:00,ALVG,126,3.5134258714282536e-21,0.49206050464717943,success,127,178.04736944537316,130.94967408571264,false,false,61.999623585544612,1877.4913543984751,,,
2020-05-28T00:00:00,ALVG,126,9.2170695436356528e-21,0.48412382410358146,success,127,178.15212836933705,132.01889856659386,false,false,60.999601837051266,1891.2211167852076,,,
2020-05-29T00:00:00,ALVG,126,2.3391548879302385e-20,0.47618598292363867,success,127,178.21766871590791,133.01575656115881,false,false,59.999433848378473,1556.5639217173537,,,
2020-06-02T00:00:00,ALVG,126,3.6560339319413748e-20,0.46825023725003911,success,127,178.31540369169053,133.56008076652404,false,false,58.999529893504928,1819.5984172671635,,,
2020-06-03T00:00:00,ALVG,126,3.3442340116032847e-20,0.45988720118945026,success,127,177.98602024200869,133.14155605444822,false,false,57.945787349870734,12.44042932101598,,,
2020-06-04T00:00:00,ALVG,126,1.4762865100658564e-16,0.52365830689635162,success,127,178.07607351836418,141.62424185031108,false,false,65.980946668940305,12.963717839706808,,,
2020-06-05T00:00:00,ALVG,126,5.189250570955901e-16,0.50875091170698583,success,127,177.83833754237205,142.64356534255887,false,false,64.102614875080221,7.1426365073390379,,,
2020-06-08T00:00:00,ALVG,126,1.3194139981061416e-19,0.43622590559368085,success,127,177.87353876957923,134.40160969989105,false,false,54.964464104803788,21.999353796038488,,,
2020-06-09T00:00:00,ALVG,126,3.0584738870468558e-19,0.4285684892439503,success,127,177.97479916215875,135.34359845710588,false,false,53.999629644737738,2428.323765909447,,,
2020-06-10T00:00:00,ALVG,126,1.2451117975669741e-18,0.42063111212292037,success,127,177.9862656847408,136.75895933397567,false,false,52.999520127487969,1901.1084708288633,,,
2020-06-11T00:00:00,ALVG,126,3.7938464076734e-18,0.41269567047304112,success,127,177.89488211465073,137.7817308284975,false,false,51.99965447960318,2708.8251537436004,,,
2020-06-12T00:00:00,ALVG,126,4.413812032032634e-16,0.4692008708697934,success,127,177.93114472041219,142.5745219549388,false,false,59.119309729593965,5.4265485856345208,,,
2020-06-15T00:00:00,ALVG,126,7.4960944570555305e-21,0.39673500998333389,success,127,177.88974923804395,131.54984443102032,false,false,49.988611257900068,80.512485673185822,,,
2020-06-16T00:00:00,ALVG,126,0.16047652473206447,0.57179384191956328,success,127,178.03154352385741,176.37685675285928,false,false,72.046024081864971,14.29587609342353,,,
2020-06-17T00:00:00,ALVG,126,0.33024309291657333,0.74196733350470434,success,127,178.0274483097734,177.32036251694637,false,false,93.487884021592748,26.287699455176746,,,
2020-06-18T00:00:00,ALVG,126,0.31771286567838114,0.73181411753661896,success,127,178.04308681866067,177.27878426812126,false,false,92.208578809613982,80.698043171358904,,,
2020-06-19T00:00:00,ALVG,126,0.30610669534045043,0.72628373689136549,success,127,178.05456530903851,177.23618081879616,false,false,91.511750848312047,24.478542410815571,,,
2020-06-22T00:00:00,ALVG,126,5.0254859658853248e-18,0.35713493655743522,success,127,178.07782896466395,138.24581944966911,false,false,44.999002006236836,991.73628281476101,,,
2020-06-23T00:00:00,ALVG,126,2.1740526589587293e-17,0.34709292393851654,success,127,178.12966778521704,139.76231421487606,false,false,43.733708416253087,3.6339680091921047,,,
2020-06-24T00:00:00,ALVG,126,4.7338000290814903e-17,0.34117310967991854,success,127,178.19259451073506,140.60337619860823,false,false,42.987811819669737,81.506274428189897,,,
2020-06-25T00:00:00,ALVG,126,0.081590461811611767,0.51499913921723728,success,127,178.23517252393214,175.81424147833704,false,false,64.889891541371895,2.9575791762665076,,,
2020-06-26T00:00:00,ALVG,126,0.07348319581314014,0.50823563453052079,success,127,178.25032520184291,175.71594977069196,false,false,64.037689950845618,12.571623501492899,,,
2020-06-29T00:00:00,ALVG,126,0.24751364205071005,0.67850221453370785,success,127,178.26555421587122,177.1536370482701,false,false,85.491279031247188,28.842120205011923,,,
2020-06-30T00:00:00,ALVG,126,0.22932579734935601,0.67053721898110918,success,127,178.26154514271008,177.04942311143787,false,false,84.487689591619755,23.64490474618885,,,
2020-07-01T00:00:00,ALVG,126,0.049867650280050815,0.48217029826562002,success,127,178.27589908056282,175.32867029172212,false,false,60.753457581468126,2.7605660901446698,,,
2020-07-02T00:00:00,ALVG,126,0.044435737089728429,0.47366667806728541,success,127,178.29353351637357,175.22527553425846,false,false,59.682001436477961,2.7434886841844892,,,
2020-07-03T00:00:00,ALVG,126,0.031009328080475278,0.45987098546080218,success,127,178.31961844678423,174.87765152648569,false,false,57.943744168061073,15.003072717698005,,,
2020-07-06T00:00:00,ALVG,126,0.026419234610657601,0.45193579581163923,success,127,178.30347189581221,174.69658343910871,false,false,56.943910272266542,15.753110221169644,,,
2020-07-07T00:00:00,ALVG,126,0.022070898618404354,0.44404195124260126,success,127,178.33418967617141,174.54301243841681,false,false,55.949285856567762,17.826687451454212,,,
2020-07-08T00:00:00,ALVG,126,0.019496638872200697,0.43605841381144084,success,127,178.34216770071433,174.42434371229541,false,false,54.943360140241545,16.175922771090189,,,
2020-07-09T00:00:00,ALVG,126,0.017399033451484251,0.42813428919677088,success,127,178.33568103363052,174.3018925861445,false,false,53.944920438793133,16.867866869402224,,,
2020-07-10T00:00:00,ALVG,126,0.11428179071586882,0.60717225307304823,success,127,178.35027927132106,176.30254766630321,false,false,76.503703887204082,29.488325369944004,,,
2020-07-13T00:00:00,ALVG,126,0.011988672489270144,0.4122460197077219,success,127,178.35958375660672,173.94785183858318,false,false,51.942998483172957,17.248164943722411,,,
2020-07-14T00:00:00,ALVG,126,0.0099028340571886905,0.40424741027342836,success,127,178.35231778435869,173.74733568320568,false,false,50.935173694451976,15.570121854677932,,,
2020-07-15T00:00:00,ALVG,126,0.0081649731406729393,0.39632195307374202,success,127,178.3391719996427,173.53946864660551,false,false,49.936566087291496,16.406084013107549,,,
2020-07-16T00:00:00,ALVG,126,0.0065567202710428776,0.38839638873926358,success,127,178.33281758695821,173.31213113721353,false,false,48.937944981147211,17.192766725642215,,,
2020-07-17T00:00:00,ALVG,126,0.005501323799005556,0.38044537179267557,success,127,178.3492726613876,173.15202264821997,false,false,47.936116845877123,16.921436697746696,,,
2020-07-20T00:00:00,ALVG,126,0.0045974318477905929,0.37248173777480698,success,127,178.37382912224007,172.99617972943102,false,false,46.932698959625682,16.444405143512171,,,
2020-07-21T00:00:00,ALVG,126,0.0038298814753680624,0.36438066534289598,success,127,178.35777927686374,172.79669508846715,false,false,45.911963833204894,12.725670822736703,,,
2020-07-22T00:00:00,ALVG,126,0.0030643255263250757,0.35624690676341092,success,127,178.3536196332486,172.56876087296001,false,false,44.887110252189778,10.14446548077126,,,
2020-07-23T00:00:00,ALVG,126,0.002521707400675241,0.34834877799684405,success,127,178.37532316306098,172.3950289883862,false,false,43.891946027602351,10.740791160233421,,,
2020-07-24T00:00:00,ALVG,126,0.002194231416699592,0.34079898319772445,success,127,178.36734649838701,172.24761969503899,false,false,42.940671882913279,19.731588500324204,,,
2020-07-27T00:00:00,ALVG,126,3.9210543964552783e-06,0.33235436883282765,success,127,178.35325722106964,165.90411118048911,false,false,41.876650472936284,21.545267845566475,,,
2020-07-28T00:00:00,ALVG,126,2.1956058356778295e-06,0.32289086203764822,success,127,178.2979690653905,165.26891871862117,false,false,40.684248616743673,26.290431389408127,,,
2020-07-29T00:00:00,ALVG,126,6.8406066969701514e-08,0.7825788474477452,success,127,178.2969666594187,161.79916240996084,false,false,98.604934778415895,0.053591465235483367,,,
2020-07-30T00:00:00,ALVG,126,1.5855883332797644e-06,0.30702967437729162,success,127,178.3198456154966,164.965292169767,false,false,38.685738971538747,25.976645550982983,,,
2020-07-31T00:00:00,ALVG,126,7.5541592370804644e-07,0.29983560972819595,success,127,178.32800806595449,164.23201147431638,false,false,37.779286825752692,11.390268501403101,,,
2020-08-03T00:00:00,ALVG,126,4.3058093354253152e-07,0.29211539833727818,success,127,178.38996303619135,163.73183293496152,false,false,36.806540190497053,13.544616569269506,,,
2020-08-04T00:00:00,ALVG,126,2.0586247591799191e-07,0.28281573636891671,success,127,178.39791094788356,163.00185367001893,false,false,35.634782782483505,25.764417228059262,,,
2020-08-05T00:00:00,ALVG,126,1.0084136062699638e-07,0.27481036882608023,success,127,178.44101951531289,162.33130237436589,false,false,34.626106472086107,27.079647045359625,,,
2020-08-06T00:00:00,ALVG,126,5.8414133563432958e-08,0.26732147486778546,success,127,178.48126685830195,161.8255589533959,false,false,33.682505833340969,25.601936991883484,,,
2020-08-07T00:00:00,ALVG,126,8.1139469713957937e-09,0.26184071193527625,success,127,178.49007873148975,159.86039733197475,false,false,32.991929703844811,234.43837833104183,,,
2020-08-10T00:00:00,ALVG,126,2.1922165876970987e-05,0.53965250553388777,success,127,178.50667576894242,167.77868539883889,false,false,67.996215697269861,13.53338226384145,,,
2020-08-11T00:00:00,ALVG,126,2.3307108566620986e-08,0.62744422517897147,success,127,178.50042160159956,160.92591419069799,false,false,79.05797237255041,29.149388574312251,,,
2020-08-12T00:00:00,ALVG,126,3.804414552499492e-09,0.23554116182443871,success,127,178.47043285757573,159.08332914122849,false,false,29.678186389879279,25.557164032691635,,,
2020-08-13T00:00:00,ALVG,126,1.7421193373501668e-09,0.22766646354731798,success,127,178.52638258058971,158.35821912741085,false,false,28.685974406962067,17.200244535359332,,,
2020-08-14T00:00:00,ALVG,126,1.7737321522465313e-10,0.22215634668127279,success,127,178.53522470237652,156.08245965989653,false,false,27.991699681840373,250.55776498421085,,,
2020-08-17T00:00:00,ALVG,126,4.7824374339146502e-10,0.51159300353585202,success,127,178.53428399456959,157.07338340505709,false,false,64.460718445517358,0.045728491417749914,,,
2020-08-18T00:00:00,ALVG,126,9.3357134341151599e-07,0.49200296000306903,success,127,178.52919209610636,164.64494457851524,false,false,61.992372960386696,13.793173745566742,,,
2020-08-19T00:00:00,ALVG,126,5.6040931022656434e-11,0.19581825595011615,success,127,178.55080584010128,154.94586705909734,false,false,24.673100249714636,25.496516859697866,,,
2020-08-20T00:00:00,ALVG,126,5.9470763979666375e-12,0.18986608182074502,success,127,178.57099252136103,152.72287114255198,false,false,23.923126309413874,29.338648682895389,,,
2020-08-21T00:00:00,ALVG,126,2.1401244300210878e-12,0.18178906247753607,success,127,178.58992990276587,151.71977275905255,false,false,22.905421872169544,24.416459083043826,,,
2020-08-24T00:00:00,ALVG,126,1.1436736098081424e-12,0.1744413342363221,success,127,178.53619914403077,151.03942357424168,false,false,21.979608113776585,114.81062121749261,,,
2020-08-25T00:00:00,ALVG,126,2.4575489842147261e-11,0.54823167181796573,success,127,178.67823766197992,154.24896614444958,false,false,69.077190649063681,16.478472332448785,,,
2020-08-26T00:00:00,ALVG,126,1.5239344916849549e-13,0.15850518859766774,success,127,178.82214466821452,149.30983393117398,false,false,19.971653763306136,85.382588033459925,,,
2020-08-27T00:00:00,ALVG,126,2.0543929502308115e-13,0.14814364752230963,success,127,178.82125421805057,149.60762841208927,false,false,18.666099587811015,21.850191782521648,,,
2020-08-28T00:00:00,ALVG,126,2.512608182497654e-14,0.13642801500212048,success,127,179.0149460616594,147.70007608991153,false,false,17.18992989026718,379.99968273587507,,,
2020-08-31T00:00:00,ALVG,126,8.5748934965432074e-14,0.13180276695075155,success,127,179.01419502642813,148.92684229725825,false,false,16.607148635794694,41.736007165675161,,,
2020-09-01T00:00:00,ALVG,126,7.8189043953122951e-15,0.12676715277656739,success,127,179.01510980892107,146.53287785585104,false,false,15.972661249847491,94.739424059528986,,,
2020-09-02T00:00:00,ALVG,126,8.4278022439450884e-15,0.11659506690190309,success,127,179.00487860694915,146.59763824353155,false,false,14.69097842963979,29.97003148020854,,,
2020-09-03T00:00:00,ALVG,126,9.8901284551189554e-16,0.1108674951007956,success,127,178.88371118064512,144.33388682667479,false,false,13.969304382700246,89.297482487849081,,,
2020-09-04T00:00:00,ALVG,126,1.1812142449560403e-15,0.10040223897464705,success,127,178.95168463475079,144.57945117038753,false,false,12.650682110805528,22.73332492871679,,,
2020-09-07T00:00:00,ALVG,126,3.6177856901435907e-16,0.087906462563988458,success,127,179.27858107640998,143.72308173937998,false,false,11.076214283062546,228.0606961220243,,,
2020-09-08T00:00:00,ALVG,126,7.2305312203723173e-16,2.1149221973800694e-07,success,127,179.56181892974965,144.69876994978014,false,false,2.6648019686988876e-05,0.029697832955796373,,,
2020-09-09T00:00:00,ALVG,126,5.4632381975844564e-16,0.078212728834780101,success,127,179.43515041588068,144.29183061841309,false,false,9.8548038331822934,105.6296334660355,,,
2020-09-10T00:00:00,ALVG,126,2.1212671576980009e-16,2.4870258718051438e-07,success,127,179.5230058610334,143.43365799914687,false,false,3.1336525984744813e-05,0.031006974531868202,,,
2020-09-11T00:00:00,ALVG,126,8.2963548001348838e-14,3.3114078874579503e-07,success,127,180.14288049304636,150.02250542875763,false,false,4.1723739381970173e-05,0.028916250825003861,,,
2020-09-14T00:00:00,ALVG,126,1.5674432398182545e-12,0.43811360815803074,success,127,180.20519418704475,153.02361885334483,false,false,55.202314627911875,4.6392579871169746,,,
2020-09-15T00:00:00,ALVG,126,1.2355850195366939e-12,1.6165317046378276e-07,success,127,180.20519393552289,152.78571737754478,false,false,2.0368299478436626e-05,0.026523176119006293,,,
2020-09-16T00:00:00,ALVG,126,2.1366225542193912e-08,0.32506039306202528,success,127,180.20519414192759,162.54373975594166,false,false,40.957609525815187,12.911057868175689,,,
2020-09-17T00:00:00,ALVG,126,1.292033874608251e-07,0.23211832733346721,success,127,180.2051939469024,164.34331604890122,false,false,29.246909244016869,7.3780370989967059,,,
2020-09-18T00:00:00,ALVG,126,6.1176691420076616e-08,0.30918364942143617,success,127,180.20519396430913,163.59569444636335,false,false,38.95713982710096,12.819793348011446,,,
2020-09-21T00:00:00,ALVG,126,1.1282857151712862e-08,0.40136681623589598,success,127,180.17208359818395,161.87210228010846,false,false,50.572218845722894,3.7673353524715854,,,
2020-09-22T00:00:00,ALVG,126,2.9070752459776609e-07,0.50690465237875992,success,127,178.96260875311205,163.91166089851228,false,false,63.869986199723755,1.0206588761275801,,,
2020-09-23T00:00:00,ALVG,126,0.00031332441689204299,0.5515610522812654,success,127,179.06564681904837,170.99768876406085,false,false,69.496692587439441,0.16977525027063747,,,
2020-09-24T00:00:00,ALVG,126,0.00019982407784049051,0.54000892495631903,success,127,179.20339578269565,170.68552243744261,false,false,68.041124544496199,0.16637440584694674,,,
2020-09-25T00:00:00,ALVG,126,1.3986994399251025e-05,0.40408352436666994,success,127,179.12415378311084,167.94678513861055,false,false,50.914524070200414,13.320721736659547,,,
2020-09-28T00:00:00,ALVG,126,0.041608507683630745,0.267959017290615,success,127,179.36925737036353,176.23230567799044,false,false,33.762836178617491,2.5640520997015659,,,
2020-09-29T00:00:00,ALVG,126,2.1505487023231427e-05,0.41197323529275731,success,127,179.42432903929316,168.677148100003,false,false,51.908627646887425,13.536404933733795,,,
2020-09-30T00:00:00,ALVG,126,0.01248081027188359,0.67815693834962631,success,127,179.24249727698276,174.87149363422563,false,false,85.447774232052922,0.91519834707960079,,,
2020-10-01T00:00:00,ALVG,126,0.011887493678760137,0.67019754321054437,success,127,179.2648400271548,174.84453035921135,false,false,84.444890444528596,0.91056141186472972,,,
2020-10-02T00:00:00,ALVG,126,0.0086660118281633169,0.66164062872208385,success,127,179.32972554058628,174.59008272988098,false,false,83.366719218982567,0.94490051703796396,,,
2020-10-05T00:00:00,ALVG,126,0.00010111874609623745,0.43967221685290075,success,127,178.9697213345421,169.77060743060255,false,false,55.398699323465493,3.0272568991585325,,,
2020-10-06T00:00:00,ALVG,126,0.00023312781666003728,0.47476399630834443,success,127,179.25418440894796,170.89049387849178,false,false,59.820263534851399,0.15832362505782008,,,
2020-10-07T00:00:00,ALVG,126,1.6004692721268098e-05,0.36415689885859465,success,127,179.20783493114101,168.16522235231398,false,false,45.883769256182923,10.931001900971285,,,
2020-10-08T00:00:00,ALVG,126,0.00013930422801773624,0.45757989746657951,success,127,179.17004407610057,170.29133306427931,false,false,57.655067080789017,0.15927886774041516,,,
2020-10-09T00:00:00,ALVG,126,9.9128254155683915e-05,0.44659672646470927,success,127,179.30489903171605,170.08590211514453,false,false,56.27118753455337,0.15754698458343916,,,
2020-10-12T00:00:00,ALVG,126,8.1273396872984095e-05,0.44085598366122886,success,127,179.02812609033711,169.61051555034311,false,false,55.547853941314834,0.16294717964851735,,,
2020-10-13T00:00:00,ALVG,126,5.1335593867348893e-06,0.30886595539494227,success,127,179.17191089937324,166.99220473114036,false,false,38.917110379762725,14.627078962803422,,,
2020-10-14T00:00:00,ALVG,126,8.8409886918136441e-05,0.42470182650026012,success,127,179.15610320096803,169.82266486315405,false,false,53.512430139032773,0.1634405004591199,,,
2020-10-15T00:00:00,ALVG,126,4.2828293976852731e-06,0.29300606743169361,success,127,179.3222555819419,166.96136317222212,false,false,36.918764496393393,15.306354683611465,,,
2020-10-16T00:00:00,ALVG,126,2.2909906963385763e-06,0.28516680324817084,success,127,179.30804772141133,166.32152379694259,false,false,35.931017209269527,18.602020423093069,,,
2020-10-19T00:00:00,ALVG,126,2.1862868696481278e-06,0.27707268526987283,success,127,179.2880131526214,166.25470939248791,false,false,34.911158344003979,14.303297484256726,,,
2020-10-20T00:00:00,ALVG,126,4.0120454987554931e-05,0.37926160221073196,success,127,179.31300801097967,169.18942387797154,false,false,47.786961878552226,0.14487325341886098,,,
2020-10-21T00:00:00,ALVG,126,0.002950745688922255,0.55808541798700007,success,127,179.34001370184851,173.51727144490343,false,false,70.318762666362005,1.0302517098249453,,,
2020-10-22T00:00:00,ALVG,126,7.1485843695002001e-07,0.25314280661699057,success,127,179.23095715595451,165.07977656667845,false,false,31.895993633740812,12.861934573386625,,,
2020-10-23T00:00:00,ALVG,126,9.1577732593184148e-07,0.26924569338682663,success,127,179.44204037761563,165.53854869760809,false,false,33.924957366740159,19.617035543947264,,,
2020-10-26T00:00:00,ALVG,126,1.9535489106345198e-06,0.23797918283002192,success,127,179.8958289405486,166.74996800877238,false,false,29.985377036582761,92.435306996947006,,,
2020-10-27T00:00:00,ALVG,126,3.2860632957636147e-06,0.22962653932468505,success,127,179.53476867470815,166.90895168449521,false,false,28.932943954910314,20.336256368347012,,,
2020-10-28T00:00:00,ALVG,126,1.0767896607288882e-05,0.22187507249898222,success,127,179.56096018160201,168.12202956259949,false,false,27.956259134871761,30.242629893787488,,,
2020-10-29T00:00:00,ALVG,126,1.3695625391883371e-05,0.21384892627947769,success,127,179.51454552566247,168.31612513079867,false,false,26.944964711214187,23.600979708740191,,,
2020-10-30T00:00:00,ALVG,126,8.1996751952080249e-06,0.20562445958380471,success,127,179.50197061468572,167.79056279957547,false,false,25.908681907559394,14.635040510722172,,,
2020-11-02T00:00:00,ALVG,126,0.016810092753563741,0.48980589861552953,success,127,179.57070918378727,175.50188635596359,false,false,61.715543225556722,18.951031859976307,,,
2020-11-03T00:00:00,ALVG,126,0.058126970905554097,0.48307677669255561,success,127,179.18601254522696,176.40077183976769,false,false,60.867673863262006,12.719801991806607,,,
2020-11-04T00:00:00,ALVG,126,5.2056211062601367e-05,0.18198100713632917,success,127,178.95394207203626,169.09080768835224,false,false,22.929606899177475,17.486171002939177,,,
2020-11-05T00:00:00,ALVG,126,6.7651007511770482e-05,0.1638797859571364,success,127,178.92476022362871,169.32367956647101,false,false,20.648853030599184,0.72148414593430177,,,
2020-11-06T00:00:00,ALVG,126,8.0621953017952314e-05,0.15623015394707046,success,127,179.17282897587995,169.74717002549522,false,false,19.684999397330877,0.70286356687781315,,,
2020-11-09T00:00:00,ALVG,126,0.00028986416045684689,0.99999999206297774,success,127,179.20598419739272,171.06017594663112,false,false,125.9999989999352,16.673767655881914,,,
2020-11-10T00:00:00,ALVG,126,0.00074745381971023006,0.95334265652084282,success,127,177.87120913714389,170.67311883618675,false,false,120.12117472162619,0.26141927738347281,,,
2020-11-11T00:00:00,ALVG,126,0.001820268915344436,0.97240635337006887,success,127,178.49407643338245,172.18712732787594,false,false,122.52320052462868,0.25416218096519022,,,
2020-11-12T00:00:00,ALVG,126,0.00043478218433434871,0.91509775615862787,success,127,178.7931405590827,171.0529100578635,false,false,115.30231727598711,0.29984096590174092,,,
2020-11-13T00:00:00,ALVG,126,0.00061153389693650959,0.90164802470856709,success,127,178.84422520835719,171.44529675738298,false,false,113.60765111327946,0.31665353405746866,,,
2020-11-16T00:00:00,ALVG,126,0.00093328614003173195,0.88803306562108419,success,127,178.78982705075654,171.81396205668003,false,false,111.8921662682566,0.33846662861521271,,,
2020-11-17T00:00:00,ALVG,126,0.056357773570307232,0.6668405521353411,success,127,178.59993902766587,175.78191211331381,false,false,84.02190956905298,22.474708919699204,,,
2020-11-18T00:00:00,ALVG,126,0.054533412980116325,0.63206223734589462,success,127,178.65115315897444,175.79828820646847,false,false,79.639841905582728,0.6880299644924045,,,
2020-11-19T00:00:00,ALVG,126,0.046571531008866525,0.62415378364777041,success,127,178.83731621136741,175.8182412404384,false,false,78.643376739619072,0.68099912147329023,,,
2020-11-20T00:00:00,ALVG,126,0.00147377629527327,0.84685740509756113,success,127,179.07557008708741,172.55711768661192,false,false,106.70403304229271,0.39667530559105069,,,
2020-11-23T00:00:00,ALVG,126,0.0016992169356854167,0.83758155063112827,success,127,178.92423695242371,172.54834985455784,false,false,105.53527537952216,0.41511462489816819,,,
2020-11-24T00:00:00,ALVG,126,0.0022125973730867557,0.82732799758118525,success,127,178.9313652237326,172.81999210089998,false,false,104.24332769522934,0.42386867158705177,,,
2020-11-25T00:00:00,ALVG,126,0.11576077013025077,0.6194322375826179,success,127,178.19067561653699,176.15747370360572,false,false,78.048461935409861,14.78017538387941,,,
2020-11-26T00:00:00,ALVG,126,0.026623275280013334,0.61139181434943879,success,127,179.29632907852874,175.69734373645235,false,false,77.035368608029287,23.563169143384268,,,
2020-11-27T00:00:00,ALVG,126,0.00092725558747223924,0.60407408074489388,success,127,179.40985496325311,172.4275013332483,false,false,76.113334173856629,15.79877419854042,,,
2020-11-30T00:00:00,ALVG,126,0.0013656217897276255,0.59610246435030334,success,127,179.37249692093818,172.77771804558452,false,false,75.108910508138223,16.22761195910272,,,
2020-12-01T00:00:00,ALVG,126,0.00098066603493698586,0.58814278993254643,success,127,179.17480785776021,172.24851041530758,false,false,74.105991531500848,17.253303913764348,,,
2020-12-02T00:00:00,ALVG,126,0.00047508195854565488,0.78772965172590959,success,127,179.18199382906914,171.53044579940783,false,false,99.253936117464605,2.7005732362800643,,,
2020-12-03T00:00:00,ALVG,126,0.00055407420077318767,0.77807462126110516,success,127,179.33528933315674,171.83763161714137,false,false,98.037402278899251,7.407603367950462,,,
2020-12-04T00:00:00,ALVG,126,0.0007521764499381588,0.76998831573740811,success,127,179.41029702036704,172.21850985918053,false,false,97.018527782913424,11.27079153908071,,,
2020-12-07T00:00:00,ALVG,126,0.00089925450495649875,0.55634545139932723,success,127,179.37459794507464,172.36155313843236,false,false,70.099526876315224,16.928310030045726,,,
2020-12-08T00:00:00,ALVG,126,0.0012289722978747839,0.5484053204886985,success,127,179.35669400607256,172.65634674514538,false,false,69.099070381576013,16.933034417508512,,,
2020-12-09T00:00:00,ALVG,126,0.0014900225446721988,0.54044097832923599,success,127,179.3663962629177,172.85892336816315,false,false,68.095563269483733,16.93224882001693,,,
2020-12-10T00:00:00,ALVG,126,0.0010358717618651073,0.73811017748841046,success,127,179.19730884187345,172.32583332573131,false,false,93.001882363539721,20.750873984553383,,,
2020-12-11T00:00:00,ALVG,126,0.0010032927451976343,0.52471106194686679,success,127,179.178594195648,172.27513004902914,false,false,66.113593805305214,15.571027839752066,,,
2020-12-14T00:00:00,ALVG,126,0.0016454841129177353,0.5166540110795268,success,127,179.24234212419833,172.83426831911353,false,false,65.098405396020382,17.437208694758205,,,
2020-12-15T00:00:00,ALVG,126,0.0019276710251198994,0.5087380525718741,success,127,179.39433140278447,173.14481820668124,false,false,64.100994624056142,16.717652202425139,,,
2020-12-16T00:00:00,ALVG,126,0.001897329307148352,0.50086880955165614,success,127,179.21027224503575,172.9448633671042,false,false,63.109470003508669,14.756610525626403,,,
2020-12-17T00:00:00,ALVG,126,0.0019378267854522455,0.49290586541258086,success,127,178.82487235029353,172.58062390959483,false,false,62.106139041985188,15.440742961830656,,,
2020-12-18T00:00:00,ALVG,126,0.00074821981657621696,0.68879487167853704,success,127,178.61887522360374,171.42180997274272,false,false,86.788153831495663,1.3367683834097264,,,
2020-12-21T00:00:00,ALVG,126,0.00044214515508924105,0.68170740565624788,success,127,178.35592178594916,170.63249170425877,false,false,85.895133112687233,1.3424557447228278,,,
2020-12-22T00:00:00,ALVG,126,0.00090317679255613184,0.67283449667183215,success,127,178.44714069834123,171.43845204309491,false,false,84.77714658065085,1.2569206782921167,,,
2020-12-23T00:00:00,ALVG,126,0.0017125177065517021,0.4603399569663903,success,127,178.39554317515064,172.02746651260279,false,false,58.002834577765178,279.37603703549433,,,
2020-12-28T00:00:00,ALVG,126,0.00098694248903407494,0.65673687578895801,success,127,178.23686122860636,171.3169498697595,false,false,82.748846349408709,1.2866477387314901,,,
2020-12-29T00:00:00,ALVG,126,0.0016134359970543166,0.64840907716014207,success,127,178.02538984983499,171.59761537441312,false,false,81.699543722177907,1.2681624137489558,,,
2020-12-30T00:00:00,ALVG,126,0.0010624630329185932,0.64174123270787964,success,127,177.65029050265295,170.80418808018163,false,false,80.859395321192835,1.4472499481272874,,,
2021-01-04T00:00:00,ALVG,126,0.0017709105424347745,0.63340631899236544,success,127,177.48099526133004,171.14650630787185,false,false,79.809196193038048,1.4384277424219707,,,
2021-01-05T00:00:00,ALVG,126,0.0055824833087216707,0.40170249370376881,success,127,177.31139709375097,172.12887365317121,false,false,50.614514206674869,1.1071370406899972,,,
2021-01-06T00:00:00,ALVG,126,0.0096383969263426367,0.53587071045083012,success,127,177.95601854670227,173.3237032154795,false,false,67.519709516804596,1.1276877064647821,,,
2021-01-07T00:00:00,ALVG,126,0.0029103541780574247,0.60236679958156547,success,127,178.48787547968286,172.65130958264444,false,false,75.898216747277246,0.7178851472123865,,,
2021-01-08T00:00:00,ALVG,126,0.0039105811518472533,0.59349729222236713,success,127,178.43706085076926,172.89690981439307,false,false,74.78065882001826,0.71348627643316309,,,
2021-01-11T00:00:00,ALVG,126,0.016349991742144111,0.62702657294350717,success,127,178.45580421182106,174.35876145297917,false,false,79.005348190881904,160.7174941102642,,,
2021-01-12T00:00:00,ALVG,126,0.021959382241999607,0.50372310091810513,success,127,178.46274171702245,174.6663850015893,false,false,63.469110715681239,1.0449535854227592,,,
2021-01-13T00:00:00,ALVG,126,0.007625947141376494,0.3540523389790739,success,127,178.46562001181724,173.59707643623312,false,false,44.610594711363312,1.0750336482596052,,,
2021-01-14T00:00:00,ALVG,126,0.010176726265085418,0.34566877564810877,success,127,178.50184802890706,173.92442498753306,false,false,43.554265731661708,1.0606657233473054,,,
2021-01-15T00:00:00,ALVG,126,0.013944420500175466,0.33723558609987558,success,127,178.53591473056966,174.27728147300985,false,false,42.491683848584323,1.0430113321245604,,,
2021-01-18T00:00:00,ALVG,126,0.012176699294215641,0.54140999122701861,success,127,178.38267751848474,173.98669791382062,false,false,68.217658894604341,0.67789961800856835,,,
2021-01-19T00:00:00,ALVG,126,0.012529004276935821,0.53320040341507646,success,127,178.37509467530478,174.00799384900679,false,false,67.183250830299627,0.68163482483522508,,,
2021-01-20T00:00:00,ALVG,126,0.015167078419679713,0.52437070522775697,success,127,178.37919228755305,174.20584746900022,false,false,66.070708858697373,0.67661906189234655,,,
2021-01-21T00:00:00,ALVG,126,0.017637508725415404,0.51579984157566383,success,127,178.31870811666303,174.29877555259188,false,false,64.990780038533643,0.67216788123520566,,,
2021-01-22T00:00:00,ALVG,126,0.015413210987366418,0.50770563322681905,success,127,178.36924106754782,174.21224401592607,false,false,63.970909786579199,0.66996984476812005,,,
2021-01-25T00:00:00,ALVG,126,0.012618335526985786,0.49996921711744152,success,127,178.17979798718636,173.81989228777033,false,false,62.99612135679763,0.66876625079539453,,,
2021-01-26T00:00:00,ALVG,126,0.017477408513836439,0.49137176228111418,success,127,178.38578555632671,174.35657132384804,false,false,61.912842047420384,0.6665041645428178,,,
2021-01-27T00:00:00,ALVG,126,0.044242939323864583,0.27174105390478281,success,127,178.51275780920079,175.43994984449503,false,false,34.239372792002634,0.98217108791222363,,,
2021-01-28T00:00:00,ALVG,126,0.06303416601615966,0.26306090947200911,success,127,178.40226390617252,175.70329398490375,false,false,33.145674593473146,0.96220416984727808,,,
2021-01-29T00:00:00,ALVG,126,0.054292734555759212,0.51591246269677438,success,127,178.37499862209509,175.51745596156107,false,false,65.00497029979357,138.18516137821499,,,
2021-02-01T00:00:00,ALVG,126,0.074129821801415086,0.5079681273542368,success,127,178.43663961083047,175.9117234871423,false,false,64.003984046633832,163.41939319725515,,,
2021-02-02T00:00:00,ALVG,126,0.018101430263986383,0.45300902101190971,success,127,178.34854535257838,174.35504829429277,false,false,57.079136647500626,0.72344575859282179,,,
2021-02-03T00:00:00,ALVG,126,0.02258612281772324,0.44408139476443875,success,127,178.33462170867122,174.56704720894533,false,false,55.954255740319283,0.7167189933840441,,,
2021-02-04T00:00:00,ALVG,126,0.1337020209786631,0.32548098867148473,success,127,178.34587394647502,176.47725861023235,false,false,41.010604572607079,13.973377362257663,,,
2021-02-05T00:00:00,ALVG,126,0.093429606624878772,0.35843287847562333,success,127,178.4011780871931,176.12871768840981,false,false,45.162542687928543,1.0601649337544581,,,
2021-02-08T00:00:00,ALVG,126,0.16393459396108534,0.30959064048046347,success,127,178.36855952450188,176.73932020855383,false,false,39.008420700538394,11.705380829260408,,,
2021-02-09T00:00:00,ALVG,126,0.15912402259107125,0.30162607577888934,success,127,178.46588964303396,176.80112937877928,false,false,38.004885548140059,14.225375070866994,,,
2021-02-10T00:00:00,ALVG,126,0.02734899836465534,0.40245653157859013,success,127,178.58551112907006,175.01416569935921,false,false,50.709522978902356,0.72743882668110427,,,
2021-02-11T00:00:00,ALVG,126,0.0019205772340567212,0.79756784411215809,success,127,178.49417786919582,172.24097079771462,false,false,100.49354835813192,33.217690774801241,,,
2021-02-12T00:00:00,ALVG,126,0.084139062156773359,0.74922653858632116,success,127,178.5737945261078,176.18640091941728,false,false,94.402543861876467,1.9600206666167683,,,
2021-02-15T00:00:00,ALVG,126,0.0025008722893781988,0.78115791663468881,success,127,178.6617099446369,172.67309825711732,false,false,98.425897495970787,61.38485631302607,,,
2021-02-16T00:00:00,ALVG,126,0.0038035007586767746,0.51387929330601567,success,127,178.70495303089302,173.13693039929558,false,false,64.748790956557968,1.1436764261907262,,,
2021-02-17T00:00:00,ALVG,126,0.0026193528295703435,0.50570625182134243,success,127,178.65864536029559,172.71644014629615,false,false,63.718987729489143,1.1321604593419539,,,
2021-02-18T00:00:00,ALVG,126,0.0025132484099397901,0.49863616436858049,success,127,178.45515860707306,172.47149584364348,false,false,62.828156710441142,1.1464601950770164,,,
2021-02-19T00:00:00,ALVG,126,0.0019078142401452907,0.49012547562701658,success,127,178.52488463796072,172.26499720528633,false,false,61.755809929004087,1.1302813547587103,,,
2021-02-22T00:00:00,ALVG,126,0.001298538556796028,0.48190339695001422,success,127,178.38685707890642,171.74164062732808,false,false,60.719828015701793,1.1222375036293295,,,
2021-02-23T00:00:00,ALVG,126,0.0012643283367859887,0.47412198219224877,success,127,178.4664868663304,171.79453773773079,false,false,59.739369756223347,1.1208556994552357,,,
2021-02-24T00:00:00,ALVG,126,0.0010747827697960592,0.46578944780381593,success,127,178.38129024533208,171.54672889366441,false,false,58.68947042328081,1.1107694237582362,,,
2021-02-25T00:00:00,ALVG,126,0.00074389186599411441,0.45726654058956673,success,127,178.35513120991951,171.15226050351032,false,false,57.615584114285404,1.0974168297330442,,,
2021-02-26T00:00:00,ALVG,126,0.00053858300341183432,0.44912294355743981,success,127,178.38383363339921,170.85780342642818,false,false,56.589490888237414,1.089776875925575,,,
2021-03-01T00:00:00,ALVG,126,0.00037140361501859722,0.44093290904117044,success,127,178.35148446097563,170.45363475797612,false,false,55.557546539187477,1.0843757450167963,,,
2021-03-02T00:00:00,ALVG,126,0.00054647715286800999,0.43169095171368521,success,127,178.23969881658394,170.72822738560833,false,false,54.39305991592434,1.0939334600018384,,,
2021-03-03T00:00:00,ALVG,126,0.00037839413031150919,0.42306488207802528,success,127,178.1819616066642,170.30276583963501,false,false,53.306175141831183,1.0889916916075602,,,
2021-03-04T00:00:00,ALVG,126,0.00025935474060354702,0.41489307323093161,success,127,178.09875970689654,169.84170531672902,false,false,52.276527227097382,1.0818609920396931,,,
2021-03-05T00:00:00,ALVG,126,0.0001843285231110878,0.40637257388450876,success,127,178.23460560211399,169.63599900693893,false,false,51.202944309448107,1.0793160160263646,,,
2021-03-08T00:00:00,ALVG,126,0.00020369593477871675,0.36632218346011108,success,127,178.261461465656,169.76278299050526,false,false,46.156595115974,15.472814016101198,,,
2021-03-09T00:00:00,ALVG,126,0.00026338888607435764,0.38910393042039682,success,127,178.36234084261426,170.12072530254912,false,false,49.027095232969998,1.1075959477122761,,,
2021-03-10T00:00:00,ALVG,126,0.00016815936280232158,0.38098215379922956,success,127,178.19948270202775,169.50905243545358,false,false,48.003751378702923,1.1030377436631866,,,
2021-03-11T00:00:00,ALVG,126,0.0001428027785362382,0.37464724142661515,success,127,178.03877031838815,169.18486708065257,false,false,47.205552419753509,1.0821759671426867,,,
2021-03-12T00:00:00,ALVG,126,9.2872498576999145e-05,0.36605921366316185,success,127,178.03232363551672,168.74813352381707,false,false,46.12346092155839,1.0787780088409409,,,
2021-03-15T00:00:00,ALVG,126,5.5937584948836788e-05,0.35760380407334907,success,127,178.0308838167762,168.23966571263378,false,false,45.058079313241983,1.0730738428664557,,,
2021-03-16T00:00:00,ALVG,126,3.6753760708435058e-05,0.34928020404178201,success,127,178.0367851645299,167.82555191362735,false,false,44.009305709264531,1.0665725977924168,,,
2021-03-17T00:00:00,ALVG,126,0.00030581389533710718,0.6446410063034298,success,127,178.01166738140375,169.91943941586533,false,false,81.224766794232153,0.079195976413909339,,,
2021-03-18T00:00:00,ALVG,126,1.2860263224414222e-05,0.30239655079506211,success,127,178.21510840746495,166.95375289690804,false,false,38.101965400177825,15.046284533898397,,,
2021-03-19T00:00:00,ALVG,126,7.9940789233936909e-06,0.29446499114643643,success,127,178.51187721145331,166.77507578066914,false,false,37.102588884450988,15.112187827893928,,,
2021-03-22T00:00:00,ALVG,126,4.5086142146420955e-06,0.2862250366663926,success,127,178.45928677071313,166.1497705581902,false,false,36.064354619965464,15.154641221401315,,,
2021-03-23T00:00:00,ALVG,126,3.8052777188417668e-05,0.2783245280606792,success,127,178.74644176865056,168.56994333370076,false,false,35.068890535645579,22.347419217283893,,,
2021-03-24T00:00:00,ALVG,126,6.1095677699655234e-05,0.56758087441043348,success,127,178.87242502229918,169.16941668414111,false,false,71.515190175714622,28.564021423341437,,,
2021-03-25T00:00:00,ALVG,126,0.00065864788253016705,0.66261303959528761,success,127,178.78412273200524,171.45946010973449,false,false,83.489242989006243,24.300370986155052,,,
2021-03-26T00:00:00,ALVG,126,0.00028192797140461713,0.69713233380846307,success,127,178.71860977036826,170.54503279788628,false,false,87.838674059866349,0.15502612566682925,,,
2021-03-29T00:00:00,ALVG,126,4.2730196452644726e-05,0.5536813637969823,success,127,178.30636360640008,168.24580162672498,false,false,69.763851838419768,3.861811745177226,,,
2021-03-30T00:00:00,ALVG,126,3.3008903690961675e-05,0.26970758404825784,success,127,177.90931313392809,167.59061291930396,false,false,33.983155590080486,1.0760832799993025,,,
2021-03-31T00:00:00,ALVG,126,2.3920326453576887e-05,0.261428497819367,success,127,178.10761626138341,167.46685820074578,false,false,32.939990725240243,1.0773489496598603,,,
2021-04-01T00:00:00,ALVG,126,1.4340959550145524e-05,0.25294273170502785,success,127,178.13552371419797,166.98314724446499,false,false,31.870784194833508,1.0740077239502819,,,
2021-04-06T00:00:00,ALVG,126,1.2455697016453358e-05,0.24427256523879598,success,127,178.10025106682554,166.80693107456642,false,false,30.778343220088292,1.0920417687826365,,,
2021-04-07T00:00:00,ALVG,126,1.6340415875059087e-05,0.51568909666708185,success,127,178.11708122654065,167.09522854958374,false,false,64.976826180052313,38.742899476882222,,,
2021-04-08T00:00:00,ALVG,126,5.9123834255364825e-05,0.56451219903775673,success,127,178.28447860047103,168.54866129809545,false,false,71.128537078757347,0.10635790553698052,,,
2021-04-09T00:00:00,ALVG,126,3.5186647988123267e-05,0.54974256346620554,success,127,178.12502323091161,167.87021455233975,false,false,69.267562996741901,0.094551584623430218,,,
2021-04-12T00:00:00,ALVG,126,2.1896287314136345e-06,0.48028887874341936,success,127,178.04481857211795,165.01304220420667,false,false,60.516398721670839,32.728532575633956,,,
2021-04-13T00:00:00,ALVG,126,1.1424064962191502e-06,0.46875377170360033,success,127,178.05222473345026,164.36985231694649,false,false,59.062975234653642,297.05447134676041,,,
2021-04-14T00:00:00,ALVG,126,7.9813815299078804e-07,0.46428595863131206,success,127,178.02552806585479,163.98454473356102,false,false,58.50003078754532,34.265049968748428,,,
2021-04-15T00:00:00,ALVG,126,4.5916181298796366e-07,0.45504051627067721,success,127,177.86895599866128,163.27509330255475,false,false,57.335105050105327,345.61421391604586,,,
2021-04-16T00:00:00,ALVG,126,1.395955434011465e-06,0.45829576838980896,success,127,177.84649634409428,164.36456626185645,false,false,57.745266817115926,3.9524184805858056,,,
2021-04-19T00:00:00,ALVG,126,4.7685213985059405e-06,0.58904800070615915,success,127,177.72214788931041,165.46867837737676,false,false,74.220048088976057,0.24569771208649382,,,
2021-04-20T00:00:00,ALVG,126,2.0830278685949556e-06,0.44266578003107382,success,127,177.38895472218672,164.30726878850805,false,false,55.7758882839153,4.1989838408284115,,,
2021-04-21T00:00:00,ALVG,126,2.8703150852437757e-07,0.1550570356650654,success,127,177.4685513391791,162.40487778479707,false,false,19.537186493798242,1.0081670043757354,,,
2021-04-22T00:00:00,ALVG,126,1.8544536484863278e-07,0.17823511380376716,success,127,177.42452948254078,161.92402414058714,false,false,22.457624339274663,0.40597714092241544,,,
2021-04-23T00:00:00,ALVG,126,3.5490198653617444e-07,0.41861049265831568,success,127,177.49956451415443,162.64814068920015,false,false,52.744922074947773,4.0453565478253113,,,
2021-04-26T00:00:00,ALVG,126,2.3788623762638023e-07,0.41063168777443088,success,127,177.57104995598417,162.31957692315387,false,false,51.739592659578292,4.0165081558354307,,,
2021-04-27T00:00:00,ALVG,126,9.5006272648778268e-07,0.54044512881684958,success,127,177.5293945608384,163.66265768425188,false,false,68.096086230923049,0.25910724635453025,,,
2021-04-28T00:00:00,ALVG,126,1.4201135815967941e-07,5.4892048457411204e-06,success,127,177.4875617397588,161.72020308626622,false,false,0.00069163981056338114,0.030093820486926492,,,
2021-04-29T00:00:00,ALVG,126,6.0370495169378253e-08,0.38666693021776327,success,127,177.76916575869035,161.14640047713161,false,false,48.720033207438171,3.9284314165953553,,,
2021-04-30T00:00:00,ALVG,126,3.1243279634519396e-07,0.51189807374718488,success,127,178.34541375575111,163.36653762559169,false,false,64.499157292145298,0.22462291395567455,,,
2021-05-03T00:00:00,ALVG,126,7.0510824302496457e-07,0.51148370946770705,success,127,178.41161594287226,164.24670213826676,false,false,64.446947392931094,0.31336267946278845,,,
2021-05-04T00:00:00,ALVG,126,6.8535566767192884e-07,0.5002743009025975,success,127,178.56319301823646,164.36986579303735,false,false,63.034561913727281,0.25305452283642477,,,
2021-05-05T00:00:00,ALVG,126,6.5063531199308381e-07,0.4889430930644264,success,127,178.67872934115277,164.43341344345049,false,false,61.606829726117724,0.2178761932027613,,,
2021-05-06T00:00:00,ALVG,126,1.5819000526722217e-06,7.9365079365079361e-09,success,127,179.5946293525391,166.23774706599534,false,false,9.9999999999999995e-07,0.037753732506817628,,,
2021-05-07T00:00:00,ALVG,126,2.6253486094276641e-06,0.3390028947448277,success,127,179.89987023967814,167.04957599788338,false,false,42.714364737848292,3.5862163716281272,,,
2021-05-10T00:00:00,ALVG,126,2.6510543590674937e-05,0.44367282547904813,success,127,179.93742845705526,169.39948693519457,false,false,55.902776010360064,10.589869519766362,,,
2021-05-11T00:00:00,ALVG,126,1.8922847148660646e-06,1.4261693324902764e-07,success,127,179.96696926285739,166.78924554003223,false,false,1.7969733589377483e-05,0.03887973324153924,,,
2021-05-12T00:00:00,ALVG,126,2.0498898795486762e-10,7.9365079365079361e-09,success,127,180.17348134967281,157.86541649435151,false,false,9.9999999999999995e-07,1.7359740162908388,,,
2021-05-13T00:00:00,ALVG,126,0.050620199962667187,0.452029510281383,success,127,180.20519400260727,177.273735778652,false,false,56.955718295454254,13.005453405820464,,,
2021-05-14T00:00:00,ALVG,126,0.05343950631718794,0.29347973263737803,success,127,180.20519407904067,177.33090948851287,false,false,36.978446312309629,32.709410997971908,,,
2021-05-17T00:00:00,ALVG,126,0.081999635075125726,0.4363810624307311,success,127,180.20519399438436,177.7897110031933,false,false,54.984013866272122,32.221221092122697,,,
2021-05-18T00:00:00,ALVG,126,0.039949540530648149,0.27763000140818789,success,127,180.20520038831953,177.02583171432769,false,false,34.981380177431674,42.475851514279519,,,
2021-05-19T00:00:00,ALVG,126,0.087637918402917972,0.42051003713889956,success,127,180.20519393258448,177.86237076477335,false,false,52.984264679501344,32.274619735995131,,,
2021-05-20T00:00:00,ALVG,126,0.080053573750626911,0.41241914031667959,success,127,180.20519410327768,177.76357474969436,false,false,51.964811679901629,14.81988715435674,,,
2021-05-21T00:00:00,ALVG,126,0.35505223235578026,0.56098453667197379,success,127,180.20519393417311,179.60828951310191,false,false,70.684051620668697,20.802522530064998,,,
2021-05-25T00:00:00,ALVG,126,0.069572400424374278,0.39657647393101469,success,127,180.20519535535408,177.61191903345392,false,false,49.968635715307855,17.141183559614717,,,
2021-05-26T00:00:00,ALVG,126,0.038930615518479615,0.23799654114866622,success,127,180.20519397806373,176.99892834380785,false,false,29.987564184731944,61.72186199495723,,,
2021-05-27T00:00:00,ALVG,126,0.063346131872770967,0.38084486421515401,success,127,180.20519402981063,177.51149406544357,false,false,47.986452891109408,41.019267039007715,,,
2021-05-28T00:00:00,ALVG,126,0.057134904127980321,0.37287893326269544,success,127,180.20519393540846,177.40168593207525,false,false,46.982745591099629,33.12576500420451,,,
2021-05-31T00:00:00,ALVG,126,0.020880292297713897,0.2142818598509274,success,127,180.20519394592313,176.35734579722924,false,false,26.999514341216852,1626.9102610530458,,,
2021-06-01T00:00:00,ALVG,126,0.015160646904132538,0.2047113174133294,success,127,180.20519465368662,176.03141917019974,false,false,25.793625994079505,19.450183403288321,,,
2021-06-02T00:00:00,ALVG,126,0.031732624464119147,0.34873443330558979,success,127,180.20519465234887,176.78703170338002,false,false,43.940538596504311,10.797684270790878,,,
2021-06-03T00:00:00,ALVG,126,0.024981970927785476,0.34115418502691458,success,127,180.20519452276127,176.54089296239485,false,false,42.985427313391234,45.840003584245579,,,
2021-06-04T00:00:00,ALVG,126,0.0044364326422599134,0.18240482688327483,success,127,180.20519457263745,174.79173619101545,false,false,22.983008187292629,60.110091423355009,,,
2021-06-07T00:00:00,ALVG,126,0.0029938050178122504,0.17265149588800319,success,127,180.20519394423783,174.39698212023779,false,false,21.754088481888402,20.088957194386992,,,
2021-06-08T00:00:00,ALVG,126,0.048093593505460178,0.5787851856160382,success,127,180.2051944602299,177.21987671986358,false,false,72.926933387620807,18.101087937985191,,,
2021-06-09T00:00:00,ALVG,126,0.035910272901728595,0.57033772677506733,success,127,180.20519397193664,176.91503301156649,false,false,71.862553573658488,10.728501815883401,,,
2021-06-10T00:00:00,ALVG,126,0.0046387694544707111,0.30112156624146919,success,127,180.20519394563473,174.83653735587447,false,false,37.941317346425116,14.227929569941157,,,
2021-06-11T00:00:00,ALVG,126,0.012738255665542904,0.4820554103760365,success,127,180.2051946622087,175.85486918894176,false,false,60.738981707380596,17.372894441030059,,,
2021-06-14T00:00:00,ALVG,126,0.0087399407564309819,0.47617528237536411,success,127,180.20519445756838,175.47412094783598,false,false,59.998085579295875,399.93772156483635,,,
2021-06-15T00:00:00,ALVG,126,0.00015341064796282441,0.12468513892358438,success,127,180.20519395377767,171.42295511781037,false,false,15.710327504371632,22.710723486604575,,,
2021-06-16T00:00:00,ALVG,126,8.369132725272154e-05,0.1162477874705989,success,127,180.20519402098606,170.81690251292585,false,false,14.647221221295462,25.439326628491756,,,
2021-06-17T00:00:00,ALVG,126,0.00038319254070159773,0.10919279886266299,success,127,180.20519393361988,172.33860422173055,false,false,13.758292656695536,19.273441630888836,,,
2021-06-18T00:00:00,ALVG,126,0.0039573111314734188,0.25361700352579331,success,127,180.20519396987959,174.67696864033661,false,false,31.955742444249953,19.826183845122667,,,
2021-06-21T00:00:00,ALVG,126,0.0019246227356735663,0.25442720945159158,success,127,180.20519458986348,173.95409575514776,false,false,32.057828390900539,0.2679190704120552,,,
2021-06-22T00:00:00,ALVG,126,0.01601325573250913,0.42845981238362929,success,127,180.20519391998667,176.08699835681679,false,false,53.985936360337291,50.51843960995118,,,
2021-06-23T00:00:00,ALVG,126,0.0040729256648826106,0.11103186341505217,success,127,180.20519403704731,174.70588157847808,false,false,13.990014790296573,0.12186916803288253,,,
2021-06-24T00:00:00,ALVG,126,0.043244654044632166,0.54019203180713149,success,127,180.20519404227355,177.10851995019701,false,false,68.06419600769857,7.523769091482043,,,
2021-06-25T00:00:00,ALVG,126,0.0096907106271835672,0.21423457600237311,success,127,180.2051939926742,175.57834444418097,false,false,26.993556576299014,130.24811900628725,,,
2021-06-28T00:00:00,ALVG,126,0.0075745312870980474,0.20610410554330244,success,127,180.20519490689352,175.32983446483806,false,false,25.969117298456109,28.200126962182875,,,
2021-06-29T00:00:00,ALVG,126,0.0099804349827657731,0.19806465399413628,success,127,180.20519401407282,175.60809598331682,false,false,24.956146403261172,19.503862428803149,,,
2021-06-30T00:00:00,ALVG,126,0.029682037926306692,0.45214459036485882,success,127,180.20527253064682,176.71819079613772,false,false,56.97021838597221,35.211907065859577,,,
2021-07-01T00:00:00,ALVG,126,0.014529246818813908,0.37282276244942741,success,127,180.20519727957068,175.98824147051164,false,false,46.975668068627854,29.827119488260429,,,
2021-07-02T00:00:00,ALVG,126,0.02592234517919257,0.43523193007697614,success,127,180.20519855846533,176.57881287524231,false,false,54.839223189698991,11.564722544501535,,,
2021-07-05T00:00:00,ALVG,126,0.0083858892590452233,7.9365079365079411e-09,success,127,180.20519709463696,175.43241350750719,false,false,1.0000000000000006e-06,0.0082736545656471889,,,
2021-07-06T00:00:00,ALVG,126,0.01556658924026957,0.42965857690968545,success,127,180.20519398671019,176.05825463067785,false,false,54.136980690620369,1.1435433511929849,,,
2021-07-07T00:00:00,ALVG,126,0.25466260953978087,0.47606775365772086,success,127,180.20519396031358,179.13129654059412,false,false,59.98453696087283,19.670605482655869,,,
2021-07-08T00:00:00,ALVG,126,0.28237958242573635,0.46808711663029795,success,127,180.20519401078002,179.27250545066937,false,false,58.978976695417543,12.982000204808093,,,
2021-07-09T00:00:00,ALVG,126,0.27788271371413986,0.32535664982951717,success,127,180.20519410438484,179.25020566385979,false,false,40.994937878519167,66.832999833605172,,,
2021-07-12T00:00:00,ALVG,126,0.27460410177145633,0.38840638543419148,success,127,180.20519556923162,179.23380842737669,false,false,48.939204564708128,13.072827382122625,,,
2021-07-13T00:00:00,ALVG,126,0.25211961669894667,0.44429534810699234,success,127,180.20519553528487,179.11785612980293,false,false,55.981213861481038,16.362467915041307,,,
2021-07-14T00:00:00,ALVG,126,0.22216633099784358,0.37284751530279536,success,127,180.20519397647604,178.95210760827308,false,false,46.978786928152218,55.002005349355784,,,
2021-07-15T00:00:00,ALVG,126,0.18532345508625223,0.2936416190400124,success,127,180.20519398713833,178.72450553434825,false,false,36.998843999041561,380.16101515071296,,,
2021-07-16T00:00:00,ALVG,126,0.23578298262354674,0.41327534132177057,success,127,180.20519408974681,179.02925410357011,false,false,52.072693006543091,9.3075773230679513,,,
2021-07-19T00:00:00,ALVG,126,0.37067422118343124,0.56363680037094666,success,127,180.20519407301541,179.6758685858745,false,false,71.018236846739285,8.8567691216171962,,,
2021-07-20T00:00:00,ALVG,126,0.046278301454834712,0.7891258850158509,success,127,180.20519599810279,177.17949728997326,false,false,99.429861511997217,0.13322278627747849,,,
2021-07-21T00:00:00,ALVG,126,0.35251499384406709,0.54769244423103192,success,127,180.20519507233965,179.59719259262556,false,false,69.009247973110021,20.225692118541016,,,
2021-07-22T00:00:00,ALVG,126,0.36533827922695128,0.53978811338850174,success,127,180.20519553802504,179.65292712105,false,false,68.013302286951216,12.506235593738282,,,
2021-07-23T00:00:00,ALVG,126,0.34836082222823478,0.53190940716979362,success,127,180.20519394340749,179.57894173109815,false,false,67.020585303394,9.3348188318109848,,,
2021-07-26T00:00:00,ALVG,126,0.30992399754622579,0.52389330478386087,success,127,180.20519392424808,179.40471928245353,false,false,66.010556402766468,22.92140636680606,,,
2021-07-27T00:00:00,ALVG,126,0.31596041640055544,0.51600134609367365,success,127,180.20519502798876,179.43279618246669,false,false,65.01616960780288,14.523143507094128,,,
2021-07-28T00:00:00,ALVG,126,0.16279127766501619,0.3887999043269616,success,127,180.20519398595883,178.56758945211786,false,false,48.98878794519716,0.28826099296503127,,,
2021-07-29T00:00:00,ALVG,126,0.15926174004053231,0.37934816019293943,success,127,180.20519398441769,178.54146261022058,false,false,47.797868184310367,0.28490962446590162,,,
2021-07-30T00:00:00,ALVG,126,0.17368982560133706,0.3734422944695589,success,127,180.20519389737086,178.64549477752308,false,false,47.053729103164422,0.30837424611616199,,,
2021-08-02T00:00:00,ALVG,126,0.016678030682526209,0.49191071872402375,success,127,180.2051939820762,176.12834970346719,false,false,61.980750559226991,3.4138075092244367,,,
2021-08-03T00:00:00,ALVG,126,0.011244131788166554,0.47861149098950989,success,127,180.20519412249894,175.72859304218468,false,false,60.305047864678244,1.9306605587575507,,,
2021-08-04T00:00:00,ALVG,126,9.0230524009926948e-07,0.89954204008713168,success,127,180.20519422642428,166.28688215825827,false,false,113.34229705097859,22.040198370198691,,,
2021-08-05T00:00:00,ALVG,126,3.0022236977728665e-07,0.97102917223610974,success,127,180.20519414759448,165.18645204354044,false,false,122.34967570174983,21.610400223710396,,,
2021-08-06T00:00:00,ALVG,126,5.7967708303728863e-07,0.88343657629034955,success,127,180.20519401328565,165.84439995112825,false,false,111.31300861258404,21.886141436313586,,,
2021-08-09T00:00:00,ALVG,126,5.4137459143283581e-07,0.95497490129696816,success,127,180.20519417494643,165.77604032422505,false,false,120.32683756341798,25.301469560099228,,,
2021-08-10T00:00:00,ALVG,126,1.3683969353348451e-06,0.94461777288772253,success,127,180.20519428947384,166.70332503442879,false,false,119.02183938385303,94.77230520928876,,,
2021-08-11T00:00:00,ALVG,126,4.159124024145641e-06,0.85945909214837579,success,127,180.20519444764116,167.81499252979069,false,false,108.29184561069535,20.849476629231084,,,
2021-08-12T00:00:00,ALVG,126,8.1704329126821272e-06,0.84926101216016947,success,127,180.2051943055512,168.4902138136097,false,false,107.00688753218135,211.30958106636572,,,
2021-08-13T00:00:00,ALVG,126,1.6694227906485323e-05,0.84370649726833291,success,127,180.20519395796634,169.20476311970452,false,false,106.30701865580994,22.966477120665019,,,
2021-08-16T00:00:00,ALVG,126,0.037213666361634277,0.40665139674514189,success,127,180.2051939617526,176.95203851946354,false,false,51.238075989887875,1.9075123409260601,,,
2021-08-17T00:00:00,ALVG,126,3.2507350169950313e-05,0.82796171735668356,success,127,180.20519399958982,169.87118217234507,false,false,104.32317638694212,23.966675239281265,,,
2021-08-18T00:00:00,ALVG,126,0.00011244599965340384,0.8991501503693432,success,127,180.20519424514833,171.1122692428315,false,false,113.29291894653724,17.872792983155769,,,
2021-08-19T00:00:00,ALVG,126,6.0098403095450417e-05,0.80958132652563475,success,127,180.20519397425389,170.48572678689567,false,false,102.00724714222997,172.88840179548794,,,
2021-08-20T00:00:00,ALVG,126,0.00027731519396722226,0.88314633488146699,success,127,180.20519419145478,172.01511573078926,false,false,111.27643819506484,23.347618109529634,,,
2021-08-23T00:00:00,ALVG,126,0.00018112041984284745,0.79377608939004141,success,127,180.20519399395823,171.58902668586714,false,false,100.01578726314521,74.117499924227516,,,
2021-08-24T00:00:00,ALVG,126,0.00024442535445927188,0.78579830746827217,success,127,180.20519409892975,171.88883795976338,false,false,99.0105867410023,106.6178570601884,,,
2021-08-25T00:00:00,ALVG,126,0.00035067033743458556,0.77784740603327229,success,127,180.20519396566286,172.24988071207935,false,false,98.008773160192305,124.82704905928499,,,
2021-08-26T00:00:00,ALVG,126,0.00051142549320086429,0.77023371112637284,success,127,180.20519420545082,172.6273971152427,false,false,97.049447601922978,21.450688018435105,,,
2021-08-27T00:00:00,ALVG,126,0.00070698339600129047,0.76211836722495663,success,127,180.20519390437389,172.95139776031033,false,false,96.026914270344534,38.269472966557174,,,
2021-08-30T00:00:00,ALVG,126,0.00097877217926364769,0.75403039060151011,success,127,180.20519388421485,173.27696148559414,false,false,95.007829215790281,128.02477702251196,,,
2021-08-31T00:00:00,ALVG,126,0.00090444410947950924,0.74610675187598563,success,127,180.20519410344039,173.1979089101479,false,false,94.009450736374191,105.59430074191887,,,
2021-09-01T00:00:00,ALVG,126,0.0058677013932529037,0.81759568237294833,success,127,180.2051955155637,175.07278819224777,false,false,103.01705597899149,54.577489746027211,,,
2021-09-02T00:00:00,ALVG,126,0.0018305297640040796,0.73022726715784358,success,127,180.20519412504132,173.90387646677664,false,false,92.008635661888292,108.3037789650289,,,
2021-09-03T00:00:00,ALVG,126,0.075632564479994835,0.55413357167334321,success,127,180.20519459708282,177.70197188452721,false,false,69.82083003084125,6.9555221140704333,,,
2021-09-06T00:00:00,ALVG,126,0.02072292820856694,0.54604356516274077,success,127,180.20519418421679,176.34962029683223,false,false,68.801489210505338,8.0491423125826724,,,
2021-09-07T00:00:00,ALVG,126,0.0014306428289305067,0.62342725609142835,success,127,180.20519543930746,173.65699570148459,false,false,78.551834267519979,0.31156914090907217,,,
2021-09-08T00:00:00,ALVG,126,0.0033344547953856685,0.64337808144290898,success,127,180.20519534842211,174.50508928227774,false,false,81.065638261806527,12.82543458215774,,,
2021-09-09T00:00:00,ALVG,126,0.0017263280062923591,0.69052991470641867,success,127,180.20519471240644,173.84516386626626,false,false,87.006769253008756,135.23424308886237,,,
2021-09-10T00:00:00,ALVG,126,0.0026798924226659527,0.68256773240284596,success,127,180.20519533338037,174.28590019708184,false,false,86.003534282758594,247.31520267288812,,,
2021-09-13T00:00:00,ALVG,126,0.06701229665982629,0.50012737752699465,success,127,180.20519545015782,177.57167956388423,false,false,63.016049568401321,34.777239029070365,,,
2021-09-14T00:00:00,ALVG,126,0.010227722092925037,0.61128238198633456,success,127,180.2051941616192,175.6328211531216,false,false,77.021580130278153,34.478542533223504,,,
2021-09-15T00:00:00,ALVG,126,0.040081089313906096,0.73811794375062856,success,127,180.20519426023057,177.02925008226958,false,false,93.002860912579195,231.37841337745269,,,
2021-09-16T00:00:00,ALVG,126,0.034009495931131555,0.73213350050176851,success,127,180.20519402290685,176.85867979661259,false,false,92.248821063222834,19.640351176196894,,,
2021-09-17T00:00:00,ALVG,126,0.0031796151308686039,0.64319050917905196,success,127,180.20519393266957,174.45738349597423,false,false,81.042004156560552,20.216737810950338,,,
2021-09-20T00:00:00,ALVG,126,0.012449536712689903,0.71441409852333859,success,127,180.20519399415102,175.83164980700451,false,false,90.016176413940656,47.224674525000552,,,
2021-09-21T00:00:00,ALVG,126,0.0011486963716816358,0.62704841398529099,success,127,180.20519427432669,173.43721606150774,false,false,79.008100162146661,113.69757162502805,,,
2021-09-22T00:00:00,ALVG,126,0.0026268346602637029,0.56380339990993611,success,127,180.2051940533965,174.26584863536837,false,false,71.039228388651949,21.653873638798412,,,
2021-09-23T00:00:00,ALVG,126,0.0016548114090207124,0.61116380706054763,success,127,180.2051941149634,173.80278206818571,false,false,77.006639689628997,134.68415956129911,,,
2021-09-24T00:00:00,ALVG,126,0.043585855079493592,0.42879422133715112,success,127,180.20519401025959,177.11673565796664,false,false,54.028071888481044,22.288272938996435,,,
2021-09-27T00:00:00,ALVG,126,0.00085315565874337243,0.5952485435150392,success,127,180.20519801434125,173.13948299089631,false,false,75.001316482894936,344.79512576639053,,,
2021-09-28T00:00:00,ALVG,126,0.0026972974591002166,0.53202318543690896,success,127,180.20519426384004,174.29239025723862,false,false,67.034921365050536,24.445020212426524,,,
2021-09-29T00:00:00,ALVG,126,0.0015455175310441242,0.58158431998609905,success,127,180.20519399179645,173.73434425169842,false,false,73.27962431824848,20.897476296767657,,,
2021-09-30T00:00:00,ALVG,126,0.0047824350179213543,0.51610941874130245,success,127,180.20519423191763,174.86718269515708,false,false,65.029786761404111,27.121629663249898,,,
2021-10-01T00:00:00,ALVG,126,0.051763661387441665,0.38905566751196274,success,127,180.20519401657808,177.29727862852965,false,false,49.021014106507309,29.473267471612644,,,
2021-10-04T00:00:00,ALVG,126,0.06448794577334778,0.38106361625406965,success,127,180.20519414999595,177.53057843813556,false,false,48.014015648012773,42.452321870326763,,,
2021-10-05T00:00:00,ALVG,126,0.005108263056045754,0.54774611973733112,success,127,180.20519524211741,174.93342075364885,false,false,69.016011086903717,50.253075657723237,,,
2021-10-06T00:00:00,ALVG,126,0.0069375213793485034,0.5397106438875644,success,127,180.20519399305317,175.24134497270899,false,false,68.00354112983311,220.53935977301629,,,
2021-10-07T00:00:00,ALVG,126,0.0083167862449456641,0.53411287173613964,success,127,180.20519441974866,175.42406661601254,false,false,67.298221838753591,20.976505650863754,,,
2021-10-08T00:00:00,ALVG,126,0.011947660834843837,0.52628519633170412,success,127,180.2051940685989,175.78999391056922,false,false,66.311934737794715,21.07020218280671,,,
2021-10-11T00:00:00,ALVG,126,0.14759901008898943,0.34136818319326939,success,127,180.20519510206591,178.45163724594968,false,false,43.012391082351947,38.705719704615895,,,
2021-10-12T00:00:00,ALVG,126,0.16875396125712752,0.33351603644519023,success,127,180.20519413465308,178.61071011170992,false,false,42.023020592093971,19.852978036868535,,,
2021-10-13T00:00:00,ALVG,126,0.0157521811929985,0.5000499214515185,success,127,180.20519400249663,176.0702951328991,false,false,63.006290102891327,113.07407910223495,,,
2021-10-14T00:00:00,ALVG,126,0.18216606460131768,0.31759641249130521,success,127,180.20519399384693,178.70345340473239,false,false,40.017147973904457,26.291368965623782,,,
2021-10-15T00:00:00,ALVG,126,0.095636198243969697,0.56365853464692683,success,127,180.20519404714031,177.95851372324242,false,false,71.020975365512783,24.0661345012462,,,
2021-10-18T00:00:00,ALVG,126,0.01068136710466726,0.60387374906982882,success,127,180.20519401498922,175.6766783898087,false,false,76.088092382798436,10.949467788896751,,,
2021-10-19T00:00:00,ALVG,126,0.165535809089432,0.54904369365478567,success,127,180.20519399841916,178.58759170760325,false,false,69.17950540050299,16.208176006199054,,,
2021-10-20T00:00:00,ALVG,126,0.17105680852586305,0.53970141939007965,success,127,180.20519400658085,178.62703809529629,false,false,68.002378843150041,172.00984414140788,,,
2021-10-21T00:00:00,ALVG,126,0.22682958251435212,0.53328643284228328,success,127,180.20519410774213,178.97889361870213,false,false,67.194090538127696,15.37557507768784,,,
2021-10-22T00:00:00,ALVG,126,0.025700307685318342,0.21915331957672637,success,127,180.20519405220159,176.56997806759264,false,false,27.613318266667523,0.14076077879768395,,,
2021-10-25T00:00:00,ALVG,126,0.12106954804075049,0.38119450333273619,success,127,180.20519403585331,178.22285342074591,false,false,48.03050741992476,16.02431697988866,,,
2021-10-26T00:00:00,ALVG,126,0.12450187567563319,0.37315081480769213,success,127,180.20519397750874,178.25472174964921,false,false,47.017002665769212,28.62712050872889,,,
2021-10-27T00:00:00,ALVG,126,0.10481321289810795,0.42076408893391937,success,127,180.20519392755241,178.0603413715919,false,false,53.016275205673843,31.279949656455273,,,
2021-10-28T00:00:00,ALVG,126,0.28192073311121135,0.49211275735243953,success,127,180.20519389551757,179.27023987616366,false,false,62.006207426407379,47.324508993796577,,,
2021-10-29T00:00:00,ALVG,126,0.00082944763534174479,0.53210380418936543,success,127,180.20519406187773,173.11127327539006,false,false,67.045079327860037,14.472150582593034,,,
2021-11-01T00:00:00,ALVG,126,0.00090011536810013539,0.5241053728924574,success,127,180.20394456754349,173.19185747218143,false,false,66.037276984449633,33.165709365362005,,,
2021-11-02T00:00:00,ALVG,126,0.0043016126627971676,0.58964414561914913,success,127,180.15757322195074,174.71311882443541,false,false,74.295162348012795,0.30451020744504015,,,
2021-11-03T00:00:00,ALVG,126,0.0012486649379776808,0.51838996903688039,success,127,180.16574764242011,173.4813167395325,false,false,65.317136098646927,1.2114604430067135,,,
2021-11-04T00:00:00,ALVG,126,0.00092383756721246347,0.51023929976666371,success,127,180.14827776020948,173.16222772994152,false,false,64.290151770599621,1.2162417462979038,,,
2021-11-05T00:00:00,ALVG,126,0.00095155606356977964,0.50221132295078752,success,127,180.08313330973178,173.12667336709879,false,false,63.278626691799232,1.1921431751167468,,,
2021-11-08T00:00:00,ALVG,126,0.00080831832984472893,0.49421001578319268,success,127,180.10568292626317,172.98593696700854,false,false,62.270461988682278,1.2168833598400624,,,
2021-11-09T00:00:00,ALVG,126,0.00053639585197612773,0.48588592554375815,success,127,180.12191685122849,172.59181525132598,false,false,61.221626618513525,1.2403163074734531,,,
2021-11-10T00:00:00,ALVG,126,0.00057362187635369866,0.47804538787965967,success,127,180.12579846790001,172.66283212364615,false,false,60.233718872837116,1.2311586672221835,,,
2021-11-11T00:00:00,ALVG,126,0.00036672556638074101,0.46967241722755609,success,127,180.13094876067632,172.22041878834037,false,false,59.178724570672067,1.2608883060433829,,,
2021-11-12T00:00:00,ALVG,126,0.00022456240586807448,0.46119292430047343,success,127,180.13679935610807,171.73566703146204,false,false,58.110308461859653,1.2984088252503501,,,
2021-11-15T00:00:00,ALVG,126,0.00018353445218021339,0.45302232575773727,success,127,180.12023447263684,171.51730986614189,false,false,57.080813045474898,1.2989538415180357,,,
2021-11-16T00:00:00,ALVG,126,0.00011534714093099358,0.44468766263717824,success,127,180.12762499351086,171.06017598761923,false,false,56.030645492284457,1.3287070394064453,,,
2021-11-17T00:00:00,ALVG,126,8.2125393688913139e-05,0.4365667920914631,success,127,180.11821512154157,170.71103396291346,false,false,55.007415803524353,1.3492489890130057,,,
2021-11-18T00:00:00,ALVG,126,5.1320837080315711e-05,0.42820004607567924,success,127,180.12195639893994,170.24459401374014,false,false,53.953205805535582,1.3877073537289903,,,
2021-11-19T00:00:00,ALVG,126,4.0543606965761934e-05,0.4201179633598246,success,127,180.10210447650238,169.98901257304141,false,false,52.934863383337898,1.3863133557074927,,,
2021-11-22T00:00:00,ALVG,126,2.6216950223031164e-05,0.41190195020972659,success,127,180.1289916571501,169.57991347313907,false,false,51.899645726425547,1.4197090162385499,,,
2021-11-23T00:00:00,ALVG,126,1.7547811092696462e-05,0.40375328690019546,success,127,180.09697224338419,169.14640845145527,false,false,50.872914149424631,1.4340411269439695,,,
2021-11-24T00:00:00,ALVG,126,1.0880877000366469e-05,0.39542016085382858,success,127,180.07076277328665,168.64226994108915,false,false,49.822940267582403,1.4520488565435308,,,
2021-11-25T00:00:00,ALVG,126,7.7629299312398629e-06,0.38739261129872193,success,127,180.07139294122467,168.3052499776133,false,false,48.811469023638963,1.4605415138969435,,,
2021-11-26T00:00:00,ALVG,126,0.0038103639296822932,0.38588653379739307,success,127,179.96745410977314,174.40124117682947,false,false,48.621703258471527,0.9405875915627474,,,
2021-11-29T00:00:00,ALVG,126,0.0027491763788696517,0.3776061049721901,success,127,180.10644642483078,174.21274547638023,false,false,47.578369226495951,0.95214584659754653,,,
2021-11-30T00:00:00,ALVG,126,0.0018548665020671428,0.36890433157533559,success,127,180.10069831563695,173.81261235248101,false,false,46.481945778492282,0.97186764352471178,,,
2021-12-01T00:00:00,ALVG,126,0.005341133783254434,0.36256723916254768,success,127,180.0817813777131,174.85481949676083,false,false,45.683472134481008,0.87862096339745199,,,
2021-12-02T00:00:00,ALVG,126,0.0037628196854746095,0.35402706392105088,success,127,180.14672447413145,174.56790770475473,false,false,44.607410054052409,0.89063526852293329,,,
2021-12-03T00:00:00,ALVG,126,0.0025532800196229237,0.34526119219157841,success,127,180.14322556665866,174.17540564769786,false,false,43.502910216138879,0.91027143399087296,,,
2021-12-06T00:00:00,ALVG,126,0.0061883046608043205,0.33883590444170025,success,127,180.15063638006401,175.0717497982925,false,false,42.693323959654229,0.83011276136161183,,,
2021-12-07T00:00:00,ALVG,126,0.0052809592594270814,0.33006085361832022,success,127,180.06566576330636,174.82731319627553,false,false,41.587667555908347,0.84185686047767905,,,
2021-12-08T00:00:00,ALVG,126,0.0036908256471484551,0.32132898569313745,success,127,180.0788576752162,174.48065023542208,false,false,40.487452197335315,0.85749872721444742,,,
2021-12-09T00:00:00,ALVG,126,0.0028264228426510551,0.31294855550138673,success,127,180.07984322179718,174.21393026645231,false,false,39.431517993174729,0.86634870677020648,,,
2021-12-10T00:00:00,ALVG,126,0.0021442894969651385,0.30446706215356928,success,127,180.09515024661624,173.9523498200744,false,false,38.362849831349727,0.88024684215463211,,,
2021-12-13T00:00:00,ALVG,126,0.0017276925692387547,0.29624190079483709,success,127,179.99580707491413,173.63656772591688,false,false,37.326479500149475,0.8791577960921575,,,
2021-12-14T00:00:00,ALVG,126,0.001958832117308532,0.28820388475369324,success,127,179.99032788570287,173.75688179699085,false,false,36.313689478965351,0.88921580206365791,,,
2021-12-15T00:00:00,ALVG,126,0.0012949937135579479,0.27941003275668219,success,127,179.99154918372926,173.34359557843396,false,false,35.205664127341954,0.90563155985938582,,,
2021-12-16T00:00:00,ALVG,126,0.0011225054575643397,0.27083543250783826,success,127,179.97586379381491,173.18479485336658,false,false,34.125264495987622,0.90847449890461407,,,
2021-12-17T00:00:00,ALVG,126,0.0084434577224807329,0.68897798373583152,success,127,180.00068019098842,175.23479612511665,false,false,86.811225950714771,0.096039014782170654,,,
2021-12-20T00:00:00,ALVG,126,0.008269456495553126,0.68073109556409428,success,127,179.96823573670889,175.18135308272409,false,false,85.772118041075885,0.094107212351780864,,,
2021-12-21T00:00:00,ALVG,126,0.0068097414329694062,0.6679967612573442,success,127,180.06095533587845,175.07838724113441,false,false,84.167591918425373,0.09067529550601526,,,
2021-12-22T00:00:00,ALVG,126,0.00034353655681460064,0.23698751920832331,success,127,180.06977911497029,172.0939056830814,false,false,29.860427420248737,0.92292491731624438,,,
2021-12-23T00:00:00,ALVG,126,0.080404235269879401,0.52479606496995901,success,127,180.08568984078613,177.64882250574792,false,false,66.124304186214829,0.61296634060086086,,,
2021-12-27T00:00:00,ALVG,126,0.0059867355311673523,0.61401797457802121,success,127,180.05159485405554,174.93939058007069,false,false,77.366264796830677,0.083478433617619391,,,
2021-12-28T00:00:00,ALVG,126,0.0055285909993348726,0.59108876619988127,success,127,180.04853879794089,174.85626044008515,false,false,74.477184541185039,0.079007900000769793,,,
2021-12-29T00:00:00,ALVG,126,0.0049692414191965031,0.56146240410673198,success,127,180.07670811612891,174.77720166280827,false,false,70.744262917448225,0.072089239177657305,,,
2021-12-30T00:00:00,ALVG,126,4.4850189775567662e-05,0.19415542045433978,success,127,180.04884568024636,170.03670779331281,false,false,24.463582977246812,0.9493141631139691,,,
2022-01-03T00:00:00,ALVG,126,3.56065064842353e-05,0.1855383967153599,success,127,180.0253928407318,169.78244627747728,false,false,23.377837986135347,0.95203415308464434,,,
2022-01-04T00:00:00,ALVG,126,4.4575595904492539e-05,0.1770216787272714,success,127,179.88732856669739,169.86904911756326,false,false,22.304731519636196,0.9270885280162301,,,
2022-01-05T00:00:00,ALVG,126,4.135966512968149e-05,0.16859526437277239,success,127,179.7029416894899,169.60977862573577,false,false,21.243003310969321,0.93471776747522162,,,
2022-01-06T00:00:00,ALVG,126,4.4773387601636245e-05,0.1604624437387118,success,127,179.72591936255748,169.71206751515112,false,false,20.218267911077685,0.93074767266139258,,,
2022-01-07T00:00:00,ALVG,126,2.8648893474964517e-05,0.15169519551360997,success,127,179.65747922523326,169.19711213682245,false,false,19.113594634714854,0.92725946062248632,,,
2022-01-10T00:00:00,ALVG,126,1.5761668209358397e-05,0.14280989516802742,success,127,179.6163370350254,168.55842316852909,false,false,17.994046791171456,0.92388474510303598,,,
2022-01-11T00:00:00,ALVG,126,8.3095868359149309e-06,0.13392487510638715,success,127,179.60276346882389,167.90467110920918,false,false,16.874534263404779,0.91826893250302777,,,
2022-01-12T00:00:00,ALVG,126,0.024740874824017767,0.42624797865142461,success,127,179.61467777465671,175.94043129660932,false,false,53.7072453100795,0.57003502672662631,,,
2022-01-13T00:00:00,ALVG,126,1.8082354965944656e-06,0.11584852682689765,success,127,179.74592988948541,166.52277264578731,false,false,14.596914380189105,0.89566606353443423,,,
2022-01-14T00:00:00,ALVG,126,2.6829961746600677e-05,0.10971291975766535,success,127,179.42100170047379,168.89503721149808,false,false,13.823827889465834,0.94662329942179368,,,
2022-01-17T00:00:00,ALVG,126,1.7891582913603154e-05,0.10098104421143175,success,127,179.59191458426551,168.6607522920086,false,false,12.723611570640401,0.9322229572842754,,,
2022-01-18T00:00:00,ALVG,126,0.0088261718227120988,0.46587454780359305,success,127,179.62377211042428,174.90260356308502,false,false,58.700193023252723,0.087999635966174064,,,
2022-01-19T00:00:00,ALVG,126,1.2386805059783194e-05,0.083725743027706079,success,127,179.60125573054663,168.30238935742815,false,false,10.549443621490965,0.89505543452764691,,,
2022-01-20T00:00:00,ALVG,126,0.02893914477587899,0.34030342803162977,success,127,179.62179192507998,176.10859795515756,false,false,42.878231931985354,4.2812946168156474,,,
2022-01-21T00:00:00,ALVG,126,3.1845502508288566e-06,0.064481896153369508,success,127,179.64749949280676,166.9903031899201,false,false,8.1247189153245589,0.81315476727991909,,,
2022-01-24T00:00:00,ALVG,126,2.0991141811659715e-06,0.053604464331634905,success,127,179.48540179144948,166.41140876984812,false,false,6.754162505785998,0.74518237844725888,,,
2022-01-25T00:00:00,ALVG,126,7.681125871113964e-07,0.040855262908936547,success,127,179.68199950792766,165.60267075929869,false,false,5.1477631265260051,0.66496100845407879,,,
2022-01-26T00:00:00,ALVG,126,3.4771939441440686e-07,0.020446749509562843,success,127,179.50048813263786,164.62861846003048,false,false,2.5762904382049183,0.56048404189568735,,,
2022-01-27T00:00:00,ALVG,126,4.0528280798865777e-08,7.9365079365079361e-09,success,127,179.45255875233079,162.43129297766322,false,false,9.9999999999999995e-07,9.0130420488839782,,,
2022-01-28T00:00:00,ALVG,126,0.0012430196097321274,0.60905450787318927,success,127,179.84919742356192,173.16022952591535,false,false,76.740867992021847,0.61779901291614292,,,
2022-01-31T00:00:00,ALVG,126,0.00061211349292156594,0.63738730898226659,success,127,179.90006034911303,172.50207980332925,false,false,80.310800931765584,3.4137849783871794,,,
2022-02-01T00:00:00,ALVG,126,0.00082060529156149659,0.62937471723925653,success,127,179.78279267999275,172.6781452925936,false,false,79.301214372146319,3.4335177671086146,,,
2022-02-02T00:00:00,ALVG,126,0.0012644751023463839,0.58433483624817484,success,127,179.96460051669365,173.29276761014899,false,false,73.62618936727003,0.62494186960181086,,,
2022-02-03T00:00:00,ALVG,126,0.00049228910877688326,0.57875903625428904,success,127,180.07325769909207,172.45730571482744,false,false,72.923638568040417,0.66291488207513793,,,
2022-02-04T00:00:00,ALVG,126,0.00014222612112773687,0.60594461168447666,success,127,180.03169657593583,171.17374644758885,false,false,76.349021072244057,3.445692216277453,,,
2022-02-07T00:00:00,ALVG,126,0.00017695733333157365,0.59787490056414239,success,127,180.1287833719071,171.48935843582657,false,false,75.332237471081939,3.4791571045480705,,,
2022-02-08T00:00:00,ALVG,126,0.00044206312329980138,0.55508840727375508,success,127,180.02780274573556,172.30418703340968,false,false,69.941139316493135,0.65788888916454558,,,
2022-02-09T00:00:00,ALVG,126,0.00028332404245331994,0.58195826195716227,success,127,179.96661512558833,171.79797920074773,false,false,73.326741006602447,3.4306906130462815,,,
2022-02-10T00:00:00,ALVG,126,0.00036824012502965209,0.57395086883113766,success,127,180.01255886101143,172.10615185003121,false,false,72.31780947272334,3.4329947120163133,,,
2022-02-11T00:00:00,ALVG,126,0.00053212828085520876,0.5659107701007664,success,127,180.02769132658426,172.48959762823304,false,false,71.304757032696571,3.4356399480589745,,,
2022-02-14T00:00:00,ALVG,126,0.00017451736418164747,0.55832515540769778,success,127,179.97031997150884,171.31700819103483,false,false,70.348969581369914,3.4099570329542837,,,
2022-02-15T00:00:00,ALVG,126,0.00025328012386833561,0.55018370166362007,success,127,180.10460284930329,171.82384168873321,false,false,69.323146409616129,3.4649527039790486,,,
2022-02-16T00:00:00,ALVG,126,0.00030577808602606663,0.54217293616432394,success,127,180.10126171015452,172.00891660683186,false,false,68.313789956704809,3.490695761880183,,,
2022-02-17T00:00:00,ALVG,126,0.0002946127030606959,0.53430176824444509,success,127,180.09105197195828,171.96149769289289,false,false,67.322022798800077,3.4598447595356787,,,
2022-02-18T00:00:00,ALVG,126,8.8980154410546854e-05,0.52699960178331962,success,127,179.83441141364636,170.50740320051179,false,false,66.401949824698278,3.3614421109820496,,,
2022-02-21T00:00:00,ALVG,126,3.4471701215467042e-05,0.52408522925140399,success,127,179.21475429766105,168.93941694481242,false,false,66.034738885676902,17.221060903558456,,,
2022-02-22T00:00:00,ALVG,126,0.00020560194535314486,0.48033131551953689,success,127,179.03365944496991,170.54429650546058,false,false,60.521745755461652,0.69038940296962237,,,
2022-02-23T00:00:00,ALVG,126,6.646069863434021e-05,0.50820446194692848,success,127,179.02693098396853,169.40809766388531,false,false,64.033762205312982,17.361659154556364,,,
2022-02-24T00:00:00,ALVG,126,0.00020545537563456664,0.46550319983972355,success,127,179.063412178085,170.57333595676423,false,false,58.653403179805167,0.69763112645183512,,,
2022-02-25T00:00:00,ALVG,126,2.6818253166379472e-05,0.49230931678469142,success,127,179.83950261999158,169.31310162461926,false,false,62.030973914871119,17.201777436977125,,,
2022-02-28T00:00:00,ALVG,126,0.0012803148233878705,0.95147616112565336,success,127,180.12733277608015,173.4679646356858,false,false,119.88599630183232,0.1470566081858703,,,
2022-03-01T00:00:00,ALVG,126,0.00021615124411508357,0.96785640173018384,success,127,179.86804543409602,171.42872941763196,false,false,121.94990661800317,0.13462288557910257,,,
2022-03-02T00:00:00,ALVG,126,0.00037535032884643016,0.91069050074751223,success,127,180.01750595497779,172.13023061792867,false,false,114.74700309418654,0.1692194515940787,,,
2022-03-03T00:00:00,ALVG,126,0.00069542532176319817,0.87308334761209561,success,127,180.03461157663577,172.76432031805882,false,false,110.00850179912405,0.2629975588531453,,,
2022-03-04T00:00:00,ALVG,126,1.5336629665492432e-05,0.45272314664348645,success,127,179.90889082248535,168.82363966416912,false,false,57.043116477079295,16.667804594638653,,,
2022-03-07T00:00:00,ALVG,126,0.00010490803815123436,0.8731093847785143,success,127,179.51960735606644,170.35728585090931,false,false,110.0117824820928,0.18752804506754589,,,
2022-03-08T00:00:00,ALVG,126,3.4398753894514577e-05,0.8707619331000529,success,127,179.86340944861271,169.58595362972056,false,false,109.71600357060666,0.17634347353023769,,,
2022-03-09T00:00:00,ALVG,126,7.6959110617937385e-08,0.9375120790364978,success,127,178.97590276652301,162.59591125640665,false,false,118.12652195859873,0.10695935398861189,,,
2022-03-10T00:00:00,ALVG,126,9.7380945528879778e-08,0.90217978100464002,success,127,179.59946917933476,163.4548340001592,false,false,113.67465240658464,0.12398127038980568,,,
2022-03-11T00:00:00,ALVG,126,5.8343345192973378e-08,0.84250546576718499,success,127,179.8170050233862,163.16008454719102,false,false,106.15568868666531,10.902080570924099,,,
2022-03-14T00:00:00,ALVG,126,2.3424782847202817e-08,0.87500498740369126,success,127,179.43137532413536,161.86190406856517,false,false,110.2506284128651,0.12007762208938513,,,
2022-03-15T00:00:00,ALVG,126,5.5461290716294228e-08,0.84954169366979981,success,127,179.56960769203494,162.86202722338936,false,false,107.04225340239478,0.13233556415340811,,,
2022-03-16T00:00:00,ALVG,126,1.4489134192933005e-06,0.38924211344335019,success,127,179.70983589902048,166.26514069948348,false,false,49.044506293862121,16.329211658871863,,,
2022-03-17T00:00:00,ALVG,126,1.3237699775556383e-06,0.38130024480968833,success,127,179.97166042222733,166.43663489749139,false,false,48.043830846020732,16.813677588360644,,,
2022-03-18T00:00:00,ALVG,126,1.0495779612958565e-08,0.37337066205907821,success,127,179.75658538218002,161.38429279046969,false,false,47.044703419443856,16.496722562854206,,,
2022-03-21T00:00:00,ALVG,126,2.937025800607869e-09,0.36555165574949039,success,127,179.86717747788882,160.22130908073825,false,false,46.059508624435786,12.701516047505912,,,
2022-03-22T00:00:00,ALVG,126,3.198734844290904e-08,0.77739895018996252,success,127,179.84999889037127,162.59207354887701,false,false,97.952267723935279,0.25685486110943456,,,
2022-03-23T00:00:00,ALVG,126,6.1840298197165923e-08,0.76706331545680306,success,127,179.89508604466087,163.29637549589808,false,false,96.649977747557188,0.26597273816896372,,,
2022-03-24T00:00:00,ALVG,126,1.3534356251489192e-07,0.75613276230129578,success,127,179.9184495182779,164.10300026983768,false,false,95.272728049963263,0.27767669746830231,,,
2022-03-25T00:00:00,ALVG,126,1.5270872664322092e-07,0.74605011603667637,success,127,179.85136409886596,164.15663077416048,false,false,94.00231462062122,0.28704035865482386,,,
2022-03-28T00:00:00,ALVG,126,2.6004422545682765e-07,0.73531477381624899,success,127,179.84040877558374,164.67799491314298,false,false,92.649661500847373,0.30052590360358011,,,
2022-03-29T00:00:00,ALVG,126,1.090661075680178e-06,0.80447089246173886,success,127,179.79551147963841,166.06678601618495,false,false,101.3633324501791,0.014862550580854254,,,
2022-03-30T00:00:00,ALVG,126,2.6011313795538058e-06,0.84913625131353232,success,127,179.84910507541028,166.98954361494188,false,false,106.99116766550507,0.014072964497693546,,,
2022-03-31T00:00:00,ALVG,126,3.3910581441463765e-09,0.30193130542932967,success,127,179.86959573640752,160.36747191245627,false,false,38.043344484095535,16.954306738224375,,,
2022-04-01T00:00:00,ALVG,126,3.2989194338547562e-06,0.65116441406136882,success,127,179.85959273917169,167.2376804506967,false,false,82.04671617173247,0.1385610481657516,,,
2022-04-04T00:00:00,ALVG,126,2.8207635863683602e-06,0.68740692336470688,success,127,179.85030169513917,167.07180158154739,false,false,86.613272343953071,0.33312465434263833,,,
2022-04-05T00:00:00,ALVG,126,3.8825239735485624e-06,0.67779919182963788,success,127,179.75756523886548,167.2985440142254,false,false,85.402698170534379,0.34222719090251774,,,
2022-04-06T00:00:00,ALVG,126,5.0494866932604995e-06,0.66789275915438451,success,127,179.7422947415107,167.54607582626804,false,false,84.154487653452449,0.35601184010148446,,,
2022-04-07T00:00:00,ALVG,126,9.20778688618547e-06,0.65840270507187337,success,127,179.7303775690412,168.13492574563847,false,false,82.958740839056048,0.36463688586685655,,,
2022-04-08T00:00:00,ALVG,126,2.1697293019503253e-05,0.59835043450970971,success,127,179.77914497055227,169.04084361723642,false,false,75.392154748223419,0.14749923120028069,,,
2022-04-11T00:00:00,ALVG,126,3.1960068975898031e-05,0.58400516185362672,success,127,179.7507650581363,169.39977373984203,false,false,73.58465039355697,0.14823960025939864,,,
2022-04-12T00:00:00,ALVG,126,2.3379409334978064e-05,0.63128836837892621,success,127,179.7331976122548,169.0695661260101,false,false,79.542334415744705,0.38978784466540728,,,
2022-04-13T00:00:00,ALVG,126,3.9118067680694728e-05,0.62207267146332845,success,127,179.74276797046133,169.59388098061126,false,false,78.381156604379385,0.39968031935761378,,,
2022-04-14T00:00:00,ALVG,126,0.00010268066787474307,0.54614903853274666,success,127,179.76575445165338,170.58197044003953,false,false,68.814778855126079,0.15439448852061435,,,
2022-04-19T00:00:00,ALVG,126,8.919163840994792e-05,0.60390335651692317,success,127,179.7897111678428,170.46507710088807,false,false,76.091822921132319,0.42081067463927779,,,
2022-04-20T00:00:00,ALVG,126,0.00013772411323627931,0.59503562860668069,success,127,179.8138094937859,170.92368917410303,false,false,74.974489204441767,0.42794976984883454,,,
2022-04-21T00:00:00,ALVG,126,0.00035678042353836883,0.51369791720668423,success,127,179.78063462868647,171.84260144724297,false,false,64.725937568042212,0.15648658599243201,,,
2022-04-22T00:00:00,ALVG,126,0.00045718811889120816,0.50517146923471368,success,127,179.84645722970063,172.15649890930345,false,false,63.65160512357393,0.15599946351662172,,,
2022-04-25T00:00:00,ALVG,126,0.00040954570487364414,0.50043197800120776,success,127,179.66630664446433,171.86625422456976,false,false,63.054429228152173,0.152225867178029,,,
2022-04-26T00:00:00,ALVG,126,0.00023131446355463209,0.6037645871670444,success,127,179.69180683515921,171.32030571727896,false,false,76.074337983047599,13.567942525545208,,,
2022-04-27T00:00:00,ALVG,126,0.00037607889559128084,0.55390180871291717,success,127,179.6774822711688,171.79214681291467,false,false,69.791627897827567,0.42953746080363553,,,
2022-04-28T00:00:00,ALVG,126,0.00048850346841815197,0.5454819413228692,success,127,179.75389997440519,172.13022461086317,false,false,68.73072460668152,0.43192644507971556,,,
2022-04-29T00:00:00,ALVG,126,0.0007227562739109206,0.53672967526007764,success,127,179.71807982251622,172.48636434360893,false,false,67.627939082769785,0.43718787885338412,,,
2022-05-02T00:00:00,ALVG,126,0.00082109705021622161,0.57196204175486487,success,127,179.73738731700988,172.63333950561082,false,false,72.067217261112972,14.217006291899891,,,
2022-05-03T00:00:00,ALVG,126,0.0015698006695427967,0.51915743829296557,success,127,179.75101295056822,173.29577735490889,false,false,65.413837224913664,0.45216228351243215,,,
2022-05-04T00:00:00,ALVG,126,0.0017140653170132799,0.55603604237271498,success,127,179.77693571010894,173.40976389452649,false,false,70.060541338962082,14.875258199178186,,,
2022-05-05T00:00:00,ALVG,126,0.00032120757957265024,0.45297740362996847,success,127,179.60637457566489,171.56327285634583,false,false,57.075152857376025,0.13882874883828922,,,
2022-05-06T00:00:00,ALVG,126,0.00044558637768811411,0.44182463578038256,success,127,179.21651158127526,171.50083782641968,false,false,55.669904108328204,0.13887312659888401,,,
2022-05-09T00:00:00,ALVG,126,0.00051584659749913939,0.43462231557721953,success,127,179.1032238999706,171.53403875131175,false,false,54.762411762729663,0.1382912820057457,,,
2022-05-10T00:00:00,ALVG,126,0.00034354705225439816,0.524485354899073,success,127,179.30290020230669,171.32705733160867,false,false,66.085154717283203,11.746578643904023,,,
2022-05-11T00:00:00,ALVG,126,0.00031595705144258919,0.57993493063075097,success,127,178.92743202331445,170.86784376352009,false,false,73.071801259474626,13.974710904099751,,,
2022-05-12T00:00:00,ALVG,126,7.4853008006268659e-05,0.50859172683569331,success,127,179.68495773598454,170.18504833101255,false,false,64.082557581297351,13.274642723282396,,,
2022-05-13T00:00:00,ALVG,126,0.00020673552837804094,0.42098083296326227,success,127,179.79955876880319,171.31569530344089,false,false,53.043584953371045,0.1292057115718844,,,
2022-05-16T00:00:00,ALVG,126,0.00027250336231165307,0.51941457024828841,success,127,179.8372711518968,171.62968408721616,false,false,65.446235851284342,2.724703361329198,,,
2022-05-17T00:00:00,ALVG,126,0.00036727728424312546,0.5482715581855836,success,127,179.9060718547851,171.99704574724041,false,false,69.082216331383535,11.442857993119048,,,
2022-05-18T00:00:00,ALVG,126,0.00054772989690741623,0.38503100933235235,success,127,179.94612633490181,172.43694593347655,false,false,48.513907175876398,0.12339956315915372,,,
2022-05-19T00:00:00,ALVG,126,0.00052936388011721785,0.43695415752947492,success,127,179.89798272991496,172.35467773549726,false,false,55.056223848713842,0.27296893883878293,,,
2022-05-20T00:00:00,ALVG,126,0.0008427211878857013,0.36364596710866626,success,127,179.94724927798038,172.86921796181247,false,false,45.819391855691947,0.11910041828434957,,,
2022-05-23T00:00:00,ALVG,126,0.0067191215525331423,0.81489916400030327,success,127,179.92106075107094,174.92500469320706,false,false,102.67729466403821,0.20024590722154098,,,
2022-05-24T00:00:00,ALVG,126,0.04433368805893631,0.55575174055386012,success,127,179.94843368188117,176.87776971669831,false,false,70.024719309786377,13.574555787419291,,,
2022-05-25T00:00:00,ALVG,126,0.0018752016890258973,0.32373579798663993,success,127,179.9585084310049,173.68134633522143,false,false,40.790710546316632,0.11429990337031441,,,
2022-05-26T00:00:00,ALVG,126,0.0025015165723450902,0.30878302581777556,success,127,179.95364261875736,173.96528916725501,false,false,38.906661253039722,0.11252863863695176,,,
2022-05-27T00:00:00,ALVG,126,0.0058282920907712053,0.446993428821503,success,127,179.99960985306973,174.86042392255962,false,false,56.321172031509377,2.8346977455550846,,,
2022-05-30T00:00:00,ALVG,126,0.012354418417679308,0.85252900435035162,success,127,179.93423950761189,175.55292936301984,false,false,107.4186545481443,2.8759108173778234,,,
2022-05-31T00:00:00,ALVG,126,0.015804138741902243,0.74750706709359194,success,127,179.91715648875328,175.7856034169352,false,false,94.185890453792581,0.21697239937552856,,,
2022-06-01T00:00:00,ALVG,126,0.020913924776719054,0.73464559935976803,success,127,179.90584339053166,176.05963902466885,false,false,92.565345519330776,0.21734305642171081,,,
2022-06-02T00:00:00,ALVG,126,3.2953406670366511e-05,0.35187041991660201,success,127,179.83586512240464,169.51548216307972,false,false,44.335672909491855,0.42104898090453802,,,
2022-06-03T00:00:00,ALVG,126,0.000122562745006204,0.34571377999421915,success,127,179.84064202788559,170.83387714316305,false,false,43.559936279271611,0.18189503622649905,,,
2022-06-06T00:00:00,ALVG,126,5.2929008245011161e-05,0.33543829942318681,success,127,179.80224557087038,169.9557394919041,false,false,42.265225727321535,0.42177972834495742,,,
2022-06-07T00:00:00,ALVG,126,6.5846742119819911e-06,0.36580868151507018,success,127,179.94233296567259,168.01157385211314,false,false,46.091893870898843,14.397210557062749,,,
2022-06-08T00:00:00,ALVG,126,0.035985337409825881,0.79556245620289778,success,127,179.86738798335833,176.57939304002548,false,false,100.24086948156513,2.8117620750259196,,,
2022-06-09T00:00:00,ALVG,126,0.03624799443702699,0.67606012947623184,success,127,179.81784548620055,176.53739553422102,false,false,85.183576314005208,0.22448426309562206,,,
2022-06-10T00:00:00,ALVG,126,0.032847972608346467,0.7801266328149068,success,127,179.72590183532736,176.34343616311304,false,false,98.295955734678259,2.796875258899838,,,
2022-06-13T00:00:00,ALVG,126,0.044851892646461083,0.76651433890172882,success,127,179.7477391454826,176.68923851788202,false,false,96.580806701617831,1.7762019281578463,,,
2022-06-14T00:00:00,ALVG,126,0.059587603191191281,0.75785865077168613,success,127,179.74725589971109,176.98838495293563,false,false,95.490189997232449,1.7350305007500402,,,
2022-06-15T00:00:00,ALVG,126,0.055471322295097686,0.75011011142556705,success,127,179.74261699302878,176.90779711551082,false,false,94.513874039621442,1.7377894791998005,,,
2022-06-16T00:00:00,ALVG,126,0.060413396975352932,0.74163404980448433,success,127,179.88437324871322,177.1401441387724,false,false,93.445890275365031,1.7125098066609727,,,
2022-06-17T00:00:00,ALVG,126,0.04121971384086473,0.62113575871064042,success,127,179.87442309773127,176.72767778953266,false,false,78.263105597540687,0.21826712512139551,,,
2022-06-20T00:00:00,ALVG,126,0.044805116202466889,0.61039034897549738,success,127,179.88743139910616,176.82783834648896,false,false,76.909183970912665,0.2178975837183082,,,
2022-06-21T00:00:00,ALVG,126,0.047896189969671481,0.60070378101120536,success,127,179.81717992243742,176.82754180935174,false,false,75.688676407411876,0.22019069538932673,,,
2022-06-22T00:00:00,ALVG,126,0.050957668270068736,0.59060958924945273,success,127,179.80929392690712,176.88483577675714,false,false,74.416808245431042,0.22147289833841738,,,
2022-06-23T00:00:00,ALVG,126,0.050945512187098169,0.58167214556614688,success,127,179.7557967273969,176.83108718750699,false,false,73.290690341334511,0.21967157106743698,,,
2022-06-24T00:00:00,ALVG,126,0.051203158754516406,0.57180548228587391,success,127,179.84692184567066,176.92752837120941,false,false,72.047490768020111,0.22018377664223918,,,
2022-06-27T00:00:00,ALVG,126,0.055756204927662048,0.56029344629458933,success,127,179.85337336172282,177.02397767472598,false,false,70.59697423311826,0.22099016996230408,,,
2022-06-28T00:00:00,ALVG,126,0.056143830469208768,0.54968950824311913,success,127,179.83539264872442,177.01333565623784,false,false,69.26087803863301,0.2214192645962427,,,
2022-06-29T00:00:00,ALVG,126,0.057718728164821979,0.53862076296543404,success,127,179.8269632085053,177.03424108753592,false,false,67.866216133644684,0.22216861147294412,,,
2022-06-30T00:00:00,ALVG,126,0.057649885985797365,0.52755673724841712,success,127,179.83631256681022,177.04232395937498,false,false,66.472148893300556,0.22277355481540809,,,
2022-07-01T00:00:00,ALVG,126,0.059210735227732465,0.51634386334330928,success,127,179.91146527283601,177.14584897025696,false,false,65.059326781256971,0.22404682894992739,,,
2022-07-04T00:00:00,ALVG,126,0.062234685394946802,0.50836680563994274,success,127,179.92438724768613,177.21180001495938,false,false,64.054217510632782,0.22676474004205543,,,
2022-07-05T00:00:00,ALVG,126,0.053526461359762093,0.50690228114385538,success,127,180.02452515140746,177.15195827469216,false,false,63.869687424125779,0.21832704732020625,,,
2022-07-06T00:00:00,ALVG,126,0.05344998574005478,0.49636387714055502,success,127,180.09755811925183,177.22348067941138,false,false,62.54184851970993,0.219585906236339,,,
2022-07-07T00:00:00,ALVG,126,0.054422040903911499,0.48731129762995756,success,127,180.09635880674577,177.24133170475423,false,false,61.401223501374652,0.21875204171700841,,,
2022-07-08T00:00:00,ALVG,126,0.055429008450390789,0.47660963563852954,success,127,180.08827619433441,177.25264842206684,false,false,60.052814090454724,0.21943881719376607,,,
2022-07-11T00:00:00,ALVG,126,0.06942758826478776,0.73798087274514024,success,127,180.09837724682023,177.50286166747341,false,false,92.985589965887669,0.55720080222285051,,,
2022-07-12T00:00:00,ALVG,126,0.054949139889683356,0.72904899712915971,success,127,180.10576019639868,177.26092947825873,false,false,91.860173638274119,0.56973515554389131,,,
2022-07-13T00:00:00,ALVG,126,0.047965368389817895,0.44432203006698051,success,127,180.1106851204967,177.12256296725377,false,false,55.984575788439543,0.22177714349635622,,,
2022-07-14T00:00:00,ALVG,126,0.049657695223690762,0.43851134225192051,success,127,180.05335468647519,177.10168581384457,false,false,55.252429123741983,0.21694737094591013,,,
2022-07-15T00:00:00,ALVG,126,0.043117697629536871,0.42903091304137231,success,127,180.13939141660359,177.03964454942675,false,false,54.057895043212909,0.21538857735695699,,,
2022-07-18T00:00:00,ALVG,126,0.040007726604351874,0.41760789965083572,success,127,180.13169741538857,176.95384478007404,false,false,52.618595356005301,0.21580416601717675,,,
2022-07-19T00:00:00,ALVG,126,0.036999995183985522,0.40739554652266868,success,127,180.12042305922793,176.86128742491042,false,false,51.331838861856255,0.21501627187108124,,,
2022-07-20T00:00:00,ALVG,126,0.032526998389667425,0.39598772998711274,success,127,180.12274630480832,176.7301292497672,false,false,49.894453978376205,0.2160617056837863,,,
2022-07-21T00:00:00,ALVG,126,0.035801402638424795,0.67290187078287456,success,127,180.14275067459516,176.84944045982542,false,false,84.785635718642197,0.53293807998654541,,,
2022-07-22T00:00:00,ALVG,126,0.02951992442514511,0.66429941375793278,success,127,180.11208297591713,176.61935754318597,false,false,83.701726133499534,0.54551765833845178,,,
2022-07-25T00:00:00,ALVG,126,0.31790960979688981,0.52062999706869673,success,127,180.14895501103402,179.38555992147101,false,false,65.59937963065579,1.4011074912314909,,,
2022-07-26T00:00:00,ALVG,126,0.33278702249627057,0.51266754156142313,success,127,180.17821083385155,179.48260424558484,false,false,64.596110236739321,1.4095641437166146,,,
2022-07-27T00:00:00,ALVG,126,0.024223248979311843,0.34489508022805954,success,127,180.17671415403564,176.48079320610418,false,false,43.456780108735501,0.22469476304847694,,,
2022-07-28T00:00:00,ALVG,126,0.0194637634066245,0.332541421232741,success,127,180.17695599914467,176.25741084690415,false,false,41.900219075325367,0.22650744628702107,,,
2022-07-29T00:00:00,ALVG,126,0.017190947740516303,0.32236291716715459,success,127,180.17444750833005,176.1284156081642,false,false,40.617727563061479,0.22403091871797928,,,
2022-08-01T00:00:00,ALVG,126,0.01371252531000793,0.30971612904431783,success,127,180.16063583905006,175.88499764182242,false,false,39.024232259584046,0.22625210810335761,,,
2022-08-02T00:00:00,ALVG,126,0.011155630021512236,0.28146323393993239,success,127,180.16469100990733,175.68009835679388,false,false,35.464367476431484,0.25450768744689251,,,
2022-08-03T00:00:00,ALVG,126,0.041200964470655001,0.74150463697911106,success,127,180.18103486666061,177.03381503557861,false,false,93.429584259367999,0.82664835845666174,,,
2022-08-04T00:00:00,ALVG,126,0.0045470512180144822,0.58875203799789666,success,127,180.16029156595656,174.77157264638768,false,false,74.182756787734974,0.5760492142104594,,,
2022-08-05T00:00:00,ALVG,126,0.0059097501700490903,0.21940590809527558,success,127,180.18675438330317,175.06152994428382,false,false,27.645144420004723,0.94174563812067025,,,
2022-08-08T00:00:00,ALVG,126,0.0066617658865994207,0.53588376582376307,success,127,180.20133544045856,175.19664881351298,false,false,67.521354493794149,23.701312721308401,,,
2022-08-09T00:00:00,ALVG,126,0.017659851300522982,0.7038736939871737,success,127,180.19744675569916,176.17880289872872,false,false,88.68808544238388,2.6934535881644153,,,
2022-08-10T00:00:00,ALVG,126,0.011918025423359168,0.69581170663259506,success,127,180.1975078990304,175.77979423001767,false,false,87.672275035706974,2.6485795252294637,,,
2022-08-11T00:00:00,ALVG,126,0.0081236780780472653,0.6877512398777903,success,127,180.1974420425893,175.39262663545151,false,false,86.656656224601576,2.7248019405706789,,,
2022-08-12T00:00:00,ALVG,126,0.0011877927881807661,0.53925748767236337,success,127,180.17247770991355,173.43800771470868,false,false,67.94644344671778,0.59430646464508274,,,
2022-08-15T00:00:00,ALVG,126,0.0010226824260002765,0.53123004458782186,success,127,180.18548601656678,173.30118294806468,false,false,66.934985618065554,0.59005691359901713,,,
2022-08-16T00:00:00,ALVG,126,0.00073248408583175082,0.5227916041491325,success,127,180.19319629354121,172.97486010288856,false,false,65.871742122790693,0.58996395152079695,,,
2022-08-17T00:00:00,ALVG,126,0.00070643702072320199,0.49948682098526154,success,127,180.20519389018227,172.95062407439175,false,false,62.935339444142954,14.792602863017731,,,
2022-08-18T00:00:00,ALVG,126,0.0046496244356005433,0.64805641938643488,success,127,180.20519471775722,174.83888635613837,false,false,81.655108842690794,2.6035878003016144,,,
2022-08-19T00:00:00,ALVG,126,0.00076966664601046562,0.48362487332002929,success,127,180.20519404808542,173.03641094696113,false,false,60.936734038323692,14.961350189704847,,,
2022-08-22T00:00:00,ALVG,126,0.00062005644521715602,0.47557104528931887,success,127,180.20519389979526,172.82011410515872,false,false,59.92195170645418,12.330420499515217,,,
2022-08-23T00:00:00,ALVG,126,0.00038934726442891774,0.46802821454597532,success,127,180.2051950002633,172.35454552138228,false,false,58.971555032792892,34.824635986102429,,,
2022-08-24T00:00:00,ALVG,126,0.0003388646951656416,0.46023311995319233,success,127,180.20519745468619,172.21562671724695,false,false,57.989373114102236,101.43666133103473,,,
2022-08-25T00:00:00,ALVG,126,0.00041341191407628897,0.46700195538242251,success,127,180.19205004390139,172.40139744989162,false,false,58.842246378185237,0.62970312182501997,,,
2022-08-26T00:00:00,ALVG,126,0.00044342455666648639,0.44430293490971401,success,127,180.20519399801699,172.4846546412486,false,false,55.982169798623964,54.883782109202613,,,
2022-08-29T00:00:00,ALVG,126,0.0023200308409073354,0.5951030104451831,success,127,180.20200070614013,174.13814863252466,false,false,74.982979316093065,53.555824464104354,,,
2022-08-30T00:00:00,ALVG,126,0.00037673047013695902,0.44312893357784627,success,127,180.2011582004892,172.31755444241341,false,false,55.834245630808631,0.6414493605649827,,,
2022-08-31T00:00:00,ALVG,126,0.00027068815002621746,0.42018531885369093,success,127,180.20519392321503,171.99092151040526,false,false,52.943350175565058,17.800148602996451,,,
2022-09-01T00:00:00,ALVG,126,0.00053794825164779668,0.41250394162847009,success,127,180.20519601178509,172.67798591582584,false,false,51.975496645187235,39.326816376086754,,,
2022-09-02T00:00:00,ALVG,126,0.002463982143002258,0.40422943783562404,success,127,180.20519481730202,174.2016853595494,false,false,50.932909167288628,12.780659954670689,,,
2022-09-05T00:00:00,ALVG,126,0.0023515359394918572,5.2799452715675098e-07,success,127,180.20519404763758,174.15486177972912,false,false,6.6527310421750623e-05,0.45104585626823568,,,
2022-09-06T00:00:00,ALVG,126,0.023592783248824318,0.38855029825881821,success,127,180.20519412129767,176.48225526234862,false,false,48.957337580611096,15.673264281031022,,,
2022-09-07T00:00:00,ALVG,126,0.059824372684399656,0.53441728993450222,success,127,180.2051941530201,177.45054060553397,false,false,67.336578531747278,4.8956225003480327,,,
2022-09-08T00:00:00,ALVG,126,0.062811428932915039,0.65076580888766844,success,127,180.20519399217588,177.50244652667442,false,false,81.996491919846221,173.66175056989738,,,
2022-09-09T00:00:00,ALVG,126,0.072499226402236883,0.52261546220094468,success,127,180.20519394770395,177.65627621064476,false,false,65.849548237319027,3.5882925925953559,,,
2022-09-12T00:00:00,ALVG,126,0.16890806413130127,0.51571439706713218,success,127,180.20519429052399,178.61180843665232,false,false,64.980014030458648,20.069225087031082,,,
2022-09-13T00:00:00,ALVG,126,0.15566145266571541,0.67448254537102514,success,127,180.20519400075983,178.51432393794502,false,false,84.984800716749163,30.344213249979546,,,
2022-09-14T00:00:00,ALVG,126,0.1453853888953128,0.66644767426591522,success,127,180.20519393143505,178.43393138238329,false,false,83.972406957505314,17.066124513027166,,,
2022-09-15T00:00:00,ALVG,126,0.1260276056040511,0.65857501170153254,success,127,180.2051940539699,178.26864623922248,false,false,82.980451474393107,25.275586732916842,,,
2022-09-16T00:00:00,ALVG,126,0.13298015021014783,0.48401279192498536,success,127,180.20519392738294,178.33033192660963,false,false,60.985611782548155,30.737903891596424,,,
2022-09-19T00:00:00,ALVG,126,0.05576970186729005,0.31730508777581529,success,127,180.20519423322403,177.37605488157857,false,false,39.980441059752728,30.551922429103676,,,
2022-09-20T00:00:00,ALVG,126,0.11460257701629442,0.46810836289788882,success,127,180.20519406698872,178.16062774834322,false,false,58.981653725133988,25.420602391884117,,,
2022-09-21T00:00:00,ALVG,126,0.071342140808444796,0.62683287389966746,success,127,180.20519396635433,177.63894077273744,false,false,78.980942111358104,29.900884488613723,,,
2022-09-22T00:00:00,ALVG,126,0.054680761294075876,0.61899347334654764,success,127,180.20519396624704,177.35518321153896,false,false,77.993177641665,88.322913321253239,,,
2022-09-23T00:00:00,ALVG,126,0.11511011261871712,0.5634022240834895,success,127,180.2051939369795,178.16561989203447,false,false,70.988680234519677,43.511375897497167,,,
2022-09-26T00:00:00,ALVG,126,0.078250426528992403,0.43630089739799655,success,127,180.20519398984345,177.73883469572272,false,false,54.973913072147568,19.97855495509808,,,
2022-09-27T00:00:00,ALVG,126,0.021135808332874095,0.26967513375505642,success,127,180.20519396377972,176.36976973181672,false,false,33.979066853137105,34.716055298133185,,,
2022-09-28T00:00:00,ALVG,126,0.018176836578438632,0.26148898308435231,success,127,180.20519389241966,176.21593074628547,false,false,32.947611868628393,14.239831485776582,,,
2022-09-29T00:00:00,ALVG,126,0.014867536490179779,0.25348914820098628,success,127,180.20519416769875,176.01159813180217,false,false,31.939632673324272,12.833631028124747,,,
2022-09-30T00:00:00,ALVG,126,0.011604550315660139,0.24587324639867503,success,127,180.20519393029397,175.76050834969541,false,false,30.980029046233053,40.014247966792659,,,
2022-10-03T00:00:00,ALVG,126,0.035591912220759116,0.39492107987691294,success,127,180.20519393350904,176.90579782814197,false,false,49.760056064491032,2.6589684234209527,,,
2022-10-04T00:00:00,ALVG,126,0.075521918112090705,0.55545456068646615,success,127,180.20519627794127,177.70038985571134,false,false,69.98727464649474,42.733749437163034,,,
2022-10-05T00:00:00,ALVG,126,0.046674998885538915,0.37909465700199463,success,127,180.20519389350594,177.18844668403881,false,false,47.76592678225132,2.4030229326914858,,,
2022-10-06T00:00:00,ALVG,126,0.084644072075875154,0.4919924815467106,success,127,180.20519394579796,177.8243360413835,false,false,61.991052674885537,58.813280793231968,,,
2022-10-07T00:00:00,ALVG,126,0.037073990440540772,0.3630358786069578,success,127,180.20519389782399,176.94813297970808,false,false,45.742520704476682,2.426397133408694,,,
2022-10-10T00:00:00,ALVG,126,0.003085058290687523,0.21223235120514222,success,127,180.2051940935379,174.42709919350216,false,false,26.741276251847921,0.52307500929325479,,,
2022-10-11T00:00:00,ALVG,126,0.0019537922001741695,0.20298422996002019,success,127,180.20519394010586,173.96916656656319,false,false,25.576012974962545,0.51641026904812926,,,
2022-10-12T00:00:00,ALVG,126,0.001383483590048038,0.1940097104200908,success,127,180.20519397979044,173.62342780128304,false,false,24.445223512931442,0.51014277609333636,,,
2022-10-13T00:00:00,ALVG,126,0.00087146937244825685,0.18456699408621169,success,127,180.20519413467647,173.16073614688713,false,false,23.255441254862674,0.49937297927693525,,,
2022-10-14T00:00:00,ALVG,126,0.00065315794894331631,0.17541448840289556,success,127,180.20519458700733,172.87215638241616,false,false,22.102225538764841,0.48832917904403766,,,
2022-10-17T00:00:00,ALVG,126,0.013512330317910508,0.48378641927618288,success,127,180.20519398545358,175.91464578459423,false,false,60.957088828799044,16.695199085439956,,,
2022-10-18T00:00:00,ALVG,126,0.010075794463896962,0.47610044432045251,success,127,180.20519448499374,175.61770206456174,false,false,59.988655984377019,65.4072681362168,,,
2022-10-19T00:00:00,ALVG,126,0.011169737744493003,0.46816047626686763,success,127,180.20519405680403,175.72187949978328,false,false,58.988220009625323,62.057964877670024,,,
2022-10-20T00:00:00,ALVG,126,0.0079213536903678279,0.46021773677834826,success,127,180.20519385236105,175.37495357938673,false,false,57.987434834071884,60.598755046113965,,,
2022-10-21T00:00:00,ALVG,126,0.00019290985500639677,0.1124048703081169,success,127,180.20519410539546,171.65209948318252,false,false,14.163013658822729,0.57786781404688092,,,
2022-10-24T00:00:00,ALVG,126,0.0054290826392759265,0.27018854397270475,success,127,180.20519513251799,174.9946539038333,false,false,34.0437565405608,9.1441354949091984,,,
2022-10-25T00:00:00,ALVG,126,0.0088907471287371781,0.38899358828975589,success,127,180.2051940661762,175.49138038031808,false,false,49.013192124509239,1.5361841240252432,,,
2022-10-26T00:00:00,ALVG,126,0.0024191686154319716,0.25418872506071755,success,127,180.20519441442619,174.18328516877628,false,false,32.02777935765041,9.8304329598351732,,,
2022-10-27T00:00:00,ALVG,126,0.0035631509080587672,0.41572041752993788,success,127,180.20519396080647,174.57165343581349,false,false,52.380772608772176,6.3667194346596503,,,
2022-10-28T00:00:00,ALVG,126,0.0023891122441430804,0.40727448669949895,success,127,180.20519417362178,174.17075271634121,false,false,51.316585324136867,6.702868683838215,,,
2022-10-31T00:00:00,ALVG,126,0.022560183303814638,0.40467551395748252,success,127,180.20519400182894,176.43644383222804,false,false,50.989114758642799,61.200080217540936,,,
2022-11-01T00:00:00,ALVG,126,0.0190438955716094,0.39662428205196371,success,127,180.20519624011823,176.26341513507953,false,false,49.974659538547428,26.94645178257819,,,
2022-11-02T00:00:00,ALVG,126,0.019033640367887246,0.38880711453812467,success,127,180.20519408024745,176.26286387246071,false,false,48.989696431803708,66.407139444209619,,,
2022-11-03T00:00:00,ALVG,126,0.0014432004084139237,1.3881304580168238e-06,success,127,180.20519397802889,173.66574609519003,false,false,0.00017490443771011981,1.3908361520560313,,,
2022-11-04T00:00:00,ALVG,126,0.1110096591491161,0.37291635593182559,success,127,180.20519395747914,178.12472480409664,false,false,46.987460847410027,38.466875594471965,,,
2022-11-07T00:00:00,ALVG,126,0.14504248342335291,0.36493500730060319,success,127,180.20519403042982,178.43116893957622,false,false,45.981810919876004,24.195901029948512,,,
2022-11-08T00:00:00,ALVG,126,0.12931521793034242,0.35693421329773567,success,127,180.20519400193285,178.29816696765826,false,false,44.973710875514698,17.560355586061746,,,
2022-11-09T00:00:00,ALVG,126,0.11052902776639134,0.34908062926771444,success,127,180.20519391666627,178.1198452250724,false,false,43.98415928773202,30.768039463873254,,,
2022-11-10T00:00:00,ALVG,126,0.28741551710278801,0.59529037266414775,success,127,180.20519399542917,179.29722448132668,false,false,75.006586955682621,46.723480854746064,,,
2022-11-11T00:00:00,ALVG,126,0.3179793910489227,0.5873909471471338,success,127,180.20519401374591,179.44212071061347,false,false,74.011259340538857,24.591119126450504,,,
2022-11-14T00:00:00,ALVG,126,0.2644028023233313,0.57254301691992115,success,127,180.20519397877612,179.18198500235184,false,false,72.140420131910062,1.7090365606645528,,,
2022-11-15T00:00:00,ALVG,126,0.31356578061738033,0.5715235194866255,success,127,180.20519400731365,179.42169277156282,false,false,72.011963455314813,23.8618904262431,,,
2022-11-16T00:00:00,ALVG,126,0.31653541097654159,0.5635703818371135,success,127,180.20519392269037,179.43545419452161,false,false,71.009868111476294,28.26610216236849,,,
2022-11-17T00:00:00,ALVG,126,0.34372963586739946,0.5556379253623126,success,127,180.20519400780591,179.55847656943527,false,false,70.010378595651389,24.047468036630637,,,
2022-11-18T00:00:00,ALVG,126,0.36379027421570986,0.54777497732705804,success,127,180.20519403807734,179.64624330342292,false,false,69.019647143209312,11.376147925586555,,,
2022-11-21T00:00:00,ALVG,126,0.385915152716995,0.53976205644535991,success,127,180.20519391681421,179.74067834414549,false,false,68.010019112115344,19.803983715602893,,,
2022-11-22T00:00:00,ALVG,126,0.40422136605873066,0.53191367242979071,success,127,180.20519391158228,179.81728739675998,false,false,67.021122726153635,7.9273756955177062,,,
2022-11-23T00:00:00,ALVG,126,0.37016335700189335,0.51547466875799608,success,127,180.20519389593338,179.67367782061339,false,false,64.949808263507506,1.6362298470404948,,,
2022-11-24T00:00:00,ALVG,126,0.36985512670614257,0.50781582885180165,success,127,180.20519400395077,179.672355632912,false,false,63.984794435327011,1.7182125956492131,,,
2022-11-25T00:00:00,ALVG,126,0.13803537454911127,0.25386704832218238,success,127,180.20519405611384,178.37348981367302,false,false,31.987248088594981,37.958644111250223,,,
2022-11-28T00:00:00,ALVG,126,0.11443413547896823,0.24592700578828444,success,127,180.20519415458187,178.15896674045183,false,false,30.986802729323841,39.484612346523512,,,
2022-11-29T00:00:00,ALVG,126,0.090386579715545007,0.23790562548922239,success,127,180.20519413172241,177.8962702372479,false,false,29.976108811642021,23.543359094333461,,,
2022-11-30T00:00:00,ALVG,126,0.061482362591203973,0.26021098534203374,success,127,180.20519408074446,177.47964277825079,false,false,32.78658415309625,0.45494738965218795,,,
2022-12-01T00:00:00,ALVG,126,0.089088192925997511,0.67445881132093066,success,127,180.20519387615605,177.8803746033384,false,false,84.981810226437261,32.750938533414917,,,
2022-12-02T00:00:00,ALVG,126,0.075856562943921596,0.66652131375894208,success,127,180.20519388890591,177.70517082175309,false,false,83.981685533626703,33.470265932533813,,,
2022-12-05T00:00:00,ALVG,126,0.058798993834192452,0.65703862850648687,success,127,180.20519399087379,177.4321620080915,false,false,82.78686719181735,16.431368765620444,,,
2022-12-06T00:00:00,ALVG,126,0.17007750755397372,0.19835948678421403,success,127,180.2051939611888,178.62011590728903,false,false,24.993295334810966,71.224016125427738,,,
2022-12-07T00:00:00,ALVG,126,0.13730489905971485,0.1904155800172706,success,127,180.20519414637729,178.36733681262612,false,false,23.992363082176094,69.13943501297139,,,
2022-12-08T00:00:00,ALVG,126,0.39997692645671218,0.46575791209727879,success,127,180.20519554320427,179.79963429440804,false,false,58.68549692425713,21.249767592112402,,,
2022-12-09T00:00:00,ALVG,126,0.039489138677780679,0.62674183794436544,success,127,180.20519403173765,177.01375440551831,false,false,78.969471580990046,26.206886243404753,,,
2022-12-12T00:00:00,ALVG,126,0.034592632112417449,0.61710509690061843,success,127,180.20519392145906,176.87628448096854,false,false,77.755242209477927,18.806860744685729,,,
2022-12-13T00:00:00,ALVG,126,0.026478580903725051,0.61079652924375993,success,127,180.2051953601914,176.60061167185154,false,false,76.960362684713758,27.338351050325059,,,
2022-12-14T00:00:00,ALVG,126,0.023672025912449889,0.60293371484717662,success,127,180.20519531834219,176.48569075909631,false,false,75.969648070744256,29.686922231125877,,,
2022-12-15T00:00:00,ALVG,126,0.18210415835544463,0.48412076374897978,success,127,180.20519393152458,178.70303775801489,false,false,60.999216232371452,532.05675447640385,,,
2022-12-16T00:00:00,ALVG,126,0.16203735929519145,0.47609533466635867,success,127,180.20519403648538,178.56204744007351,false,false,59.988012167961195,36.686226817018408,,,
2022-12-19T00:00:00,ALVG,126,0.17074655339582281,0.46821312804091719,success,127,180.20519391756611,178.62484839661357,false,false,58.994854133155563,83.112860199082164,,,
2022-12-20T00:00:00,ALVG,126,0.34929316211870676,0.33371064132930989,success,127,180.20519398689663,179.58304634761595,false,false,42.047540807493043,0.99415738408293997,,,
2022-12-21T00:00:00,ALVG,126,0.14250689248680393,0.45235110254783645,success,127,180.20519392180387,178.41057114754901,false,false,56.996238921027391,121.54179378943397,,,
2022-12-22T00:00:00,ALVG,126,0.024230789414687981,0.55325056914393023,success,127,180.20519392368195,176.50959194414611,false,false,69.709571712135215,22.815721776574296,,,
2022-12-23T00:00:00,ALVG,126,0.017550067303634412,0.54745697461370002,success,127,180.20519390333064,176.18020230484279,false,false,68.979578801326198,45.427997467852336,,,
2022-12-27T00:00:00,ALVG,126,0.012434887134207685,0.53957541443620538,success,127,180.20519398624387,175.83045755531626,false,false,67.986502218961874,76.021845977784238,,,
2022-12-28T00:00:00,ALVG,126,0.0086570851798562116,0.53148549271366197,success,127,180.20519396262384,175.46451154067114,false,false,66.967172081921404,32.907112344317163,,,
2022-12-29T00:00:00,ALVG,126,0.056727227134856846,0.40755175237029451,success,127,180.20519414939011,177.39409293971619,false,false,51.351520798657106,6.5502532162744895,,,
2022-12-30T00:00:00,ALVG,126,0.16988100835039988,0.40452582353127875,success,127,180.20519402932641,178.61872321646834,false,false,50.97025376494112,14.424778445965488,,,
2023-01-02T00:00:00,ALVG,126,0.017295743541435229,0.50753013693645543,success,127,180.20519407414267,176.1653462905561,false,false,63.948797253993384,27.475580839228826,,,
2023-01-03T00:00:00,ALVG,126,7.8712644652945027e-05,0.71425906081724733,success,127,180.20519401260358,170.75556598193305,false,false,89.996641662973161,395.31029696709243,,,
2023-01-04T00:00:00,ALVG,126,0.0029723050808462968,0.70629423715630779,success,127,180.20519397626444,174.38975320171963,false,false,88.993073881694784,142.9479801087754,,,
2023-01-05T00:00:00,ALVG,126,0.040019676080303872,0.48384307626151057,success,127,180.20519984082526,177.0276582876678,false,false,60.964227608950331,27.353871033519756,,,
2023-01-06T00:00:00,ALVG,126,0.032575651477471913,0.47425041259571216,success,127,180.20519402253538,176.81412191554958,false,false,59.755551987059732,18.221924555523341,,,
2023-01-09T00:00:00,ALVG,126,0.029633049251791072,0.46811885032670125,success,127,180.20519450723202,176.71641047478354,false,false,58.98297514116436,74.388327686451618,,,
2023-01-10T00:00:00,ALVG,126,0.058198165912534523,0.45903776371141858,success,127,180.20519401089217,177.42125296636735,false,false,57.838758227638742,16.258785279602492,,,
2023-01-11T00:00:00,ALVG,126,0.059015019419116715,0.45209243537758592,success,127,180.20519398847514,177.43605878807756,false,false,56.963646857575824,14.316616863295231,,,
2023-01-12T00:00:00,ALVG,126,0.047916822435262629,0.4434358060262048,success,127,180.20519407209503,177.21600831155573,false,false,55.872911559301805,16.784970466755475,,,
2023-01-13T00:00:00,ALVG,126,0.041960982209950447,0.43574623982464872,success,127,180.20519400680575,177.07704569278107,false,false,54.904026217905738,21.249132560212374,,,
2023-01-16T00:00:00,ALVG,126,0.031722020639777165,0.42780540710801784,success,127,180.2051941113551,176.78668599366969,false,false,53.903481295610248,17.50102032624207,,,
2023-01-17T00:00:00,ALVG,126,0.024495478571649031,0.4200177689070127,success,127,180.20519416560424,176.52072792298995,false,false,52.922238882283601,16.019946874277817,,,
2023-01-18T00:00:00,ALVG,126,0.018823768136909086,0.41912573585104301,success,127,180.20519402117245,176.25156226655139,false,false,52.809842717231419,3.1831757227112725,,,
2023-01-19T00:00:00,ALVG,126,0.014539262172333737,0.40409432700433817,success,127,180.20519431274238,175.9889377529299,false,false,50.915885202546612,15.597768711062837,,,
2023-01-20T00:00:00,ALVG,126,0.011564524899444069,0.39630277500966105,success,127,180.20519419827755,175.75701304731001,false,false,49.93414965121729,15.91550203199238,,,
2023-01-23T00:00:00,ALVG,126,0.00040966120693880211,0.6031425698889854,success,127,180.20519510098453,172.4054247817258,false,false,75.995963806012156,259.65408757515939,,,
2023-01-24T00:00:00,ALVG,126,0.00024344699801349335,0.59520144105820294,success,127,180.20519398127351,171.88482615147925,false,false,74.995381573333574,234.23661406930526,,,
2023-01-25T00:00:00,ALVG,126,0.0062176657776669766,0.3725214516245296,success,127,180.20519399522087,175.13107035161411,false,false,46.937702904690731,17.00376863086743,,,
2023-01-26T00:00:00,ALVG,126,0.0043935997181455281,0.36438140759532162,success,127,180.20519401789443,174.78199089129447,false,false,45.912057357010525,12.561540303051407,,,
2023-01-27T00:00:00,ALVG,126,0.0036808281930796822,0.36380659055733366,success,127,180.20519396906698,174.60426408852291,false,false,45.839630410224039,3.0184866658571656,,,
2023-01-30T00:00:00,ALVG,126,0.0030191945860592317,0.34864573505861673,success,127,180.20519395963515,174.40545254466164,false,false,43.929362617385706,15.264111428473006,,,
2023-01-31T00:00:00,ALVG,126,0.0025096173820298587,0.34069156907339854,success,127,180.20519419135982,174.22008198821365,false,false,42.927137703248214,17.136292101326248,,,
2023-02-01T00:00:00,ALVG,126,4.8806956083879106e-05,0.54570031628227866,success,127,180.20519514928404,170.27760624487024,false,false,68.758239851567112,20.005998154186372,,,
2023-02-02T00:00:00,ALVG,126,0.036298309081161245,0.21420036740181594,success,127,180.20519401359277,176.92618337452549,false,false,26.98924629262881,67.039035984032054,,,
2023-02-03T00:00:00,ALVG,126,0.0010991745868865412,0.31700256249831893,success,127,180.20519389160759,173.39309791432174,false,false,39.942322874788182,16.64679082420065,,,
2023-02-06T00:00:00,ALVG,126,1.1685003490516584e-05,0.52164933894422671,success,127,180.20519392045443,168.84800131427042,false,false,65.727816706972561,19.941543416096891,,,
2023-02-07T00:00:00,ALVG,126,0.00045878409195546072,0.30110630371071462,success,127,180.20519400061451,172.51872204351267,false,false,37.939394267550043,16.488788638824435,,,
2023-02-08T00:00:00,ALVG,126,3.7763359889628298e-06,0.50785868338265761,success,127,180.20519401699434,167.71844145982581,false,false,63.990194106214858,131.09037287373434,,,
2023-02-09T00:00:00,ALVG,126,5.7035006957337428e-05,0.8201693106553386,success,127,180.20519407901,170.43340579414274,false,false,103.34133314257267,4.4616162491876468,,,
2023-02-10T00:00:00,ALVG,126,0.00012825796166367732,0.81215058792155492,success,127,180.20519393161962,171.24385520121575,false,false,102.33097407811591,4.786148225210793,,,
2023-02-13T00:00:00,ALVG,126,7.0060541967908598e-05,0.80427687697571693,success,127,180.2051938718883,170.6391131304278,false,false,101.33888649894033,4.4993888009555789,,,
2023-02-14T00:00:00,ALVG,126,0.0014837168839250165,0.67272163661307749,success,127,180.20519404704291,173.69347393426085,false,false,84.762926213247766,18.439388157316774,,,
2023-02-15T00:00:00,ALVG,126,0.0010825864696758919,0.66490502694763254,success,127,180.20519402387353,173.37787497509359,false,false,83.778033395401707,20.902878022896076,,,
2023-02-16T00:00:00,ALVG,126,9.0693577411037233e-07,0.45809139862111947,success,127,180.20519402932672,166.29200073557971,false,false,57.719516226261057,23.18477547195678,,,
2023-02-17T00:00:00,ALVG,126,2.7935170136676007e-06,0.45009736916931808,success,127,180.20519401250709,167.41698762841065,false,false,56.712268515334081,23.493606990072962,,,
2023-02-20T00:00:00,ALVG,126,1.8679183117092827e-06,0.44208327804250325,success,127,180.20519438526659,167.01451030372448,false,false,55.70249303335541,24.314463234714001,,,
2023-02-21T00:00:00,ALVG,126,1.0784989041998267e-06,0.43645975121164088,success,127,180.20519403148668,166.4652547228275,false,false,54.993928652666753,218.15845931480786,,,
2023-02-22T00:00:00,ALVG,126,1.1272433710535063e-06,0.42614565563788509,success,127,180.20519399265814,166.50945971960402,false,false,53.694352610373521,25.034791984610596,,,
2023-02-23T00:00:00,ALVG,126,7.5475465078073683e-07,0.42058841392138213,success,127,180.20519567883611,166.10832332722748,false,false,52.994140154094147,366.09594316606683,,,
2023-02-24T00:00:00,ALVG,126,4.2739038826861362e-07,0.41267694806677535,success,127,180.20519394660801,165.53962639084151,false,false,51.997295456413696,505.10425494984401,,,
2023-02-27T00:00:00,ALVG,126,3.7161182570297253e-07,0.40474404587225166,success,127,180.20519393094162,165.39977829578362,false,false,50.997749779903707,610.21620288332747,,,
2023-02-28T00:00:00,ALVG,126,8.5025216165871829e-07,0.39449101010827631,success,127,180.20519390537606,166.22746188494639,false,false,49.705867273642816,21.296743466955903,,,
2023-03-01T00:00:00,ALVG,126,3.7255318627230069e-06,0.38843345189211864,success,127,180.20519429458693,167.70489708573967,false,false,48.942614938406948,368.71403673268503,,,
2023-03-02T00:00:00,ALVG,126,7.4210526568185627e-06,0.37986157716216717,success,127,180.2045897692725,168.39340754700123,false,false,47.862558722433064,18.253914288220518,,,
2023-03-03T00:00:00,ALVG,126,3.9402008756285085e-06,0.37171623958386019,success,127,180.20304827713821,167.75877336505485,false,false,46.836246187566381,15.090855438333332,,,
2023-03-06T00:00:00,ALVG,126,8.9329858771528286e-06,0.36260331425933456,success,127,179.64935776845164,168.02360684725687,false,false,45.688017596676154,20.174471061442382,,,
2023-03-07T00:00:00,ALVG,126,2.5870233936226289e-06,0.35711910477770109,success,127,180.20320428494912,167.33820425993557,false,false,44.997007201990336,390.19765224136995,,,
2023-03-08T00:00:00,ALVG,126,0.00013671514212622397,0.14121015196445216,success,127,180.2051970184103,171.30772269155869,false,false,17.792479147520972,2.5296932800435887,,,
2023-03-09T00:00:00,ALVG,126,0.00014052065463000387,0.33881454253185755,success,127,178.58957653140757,169.71956098998379,false,false,42.690632359014053,22.174137554658827,,,
2023-03-10T00:00:00,ALVG,126,0.00022206882046206676,0.33433492625584177,success,127,178.84352125012634,170.43122012155641,false,false,42.126200708236063,229.36437492389007,,,
2023-03-13T00:00:00,ALVG,126,0.0046139940213188752,0.32516489604562832,success,127,178.85211356946573,173.47807682581248,false,false,40.970776901749169,60.569077557843997,,,
2023-03-14T00:00:00,ALVG,126,0.33527879585005554,0.65593345628208011,success,127,178.82097854581545,178.13657324708058,false,false,82.647615491542098,0.9256554096682621,,,
2023-03-15T00:00:00,ALVG,126,0.26263969710362911,0.30895469336543524,retry_success,127,177.94205527831113,176.9097617477577,true,false,38.928291364044838,11.931969048825243,,,
2023-03-16T00:00:00,ALVG,126,0.34040457997134588,0.50362752589085502,success,127,178.28890223032889,177.62741043450993,false,false,63.457068262247738,24.910115152987803,,,
2023-03-17T00:00:00,ALVG,126,0.40755273219021515,0.4959156443753327,success,127,177.88321820132694,177.50912666021219,false,false,62.485371191291918,14.43431398624249,,,
2023-03-20T00:00:00,ALVG,126,0.38312115762968602,0.48788139401929265,success,127,178.29816534512969,177.82184398380977,false,false,61.473055646430872,16.67540018489591,,,
2023-03-21T00:00:00,ALVG,126,0.052387220261115322,0.27734769626371508,success,127,179.16755196651062,176.27226868132402,false,false,34.945809729228102,33.58215369347834,,,
2023-03-22T00:00:00,ALVG,126,1.9308679004132148e-05,0.93665054712653761,success,127,180.2051938693948,169.35025730446011,false,false,118.01796893794373,14.769889007673097,,,
2023-03-23T00:00:00,ALVG,126,2.5189341402575395e-05,0.92863575705847068,success,127,180.20519398467889,169.61612956120248,false,false,117.0081053893673,15.37902588540018,,,
2023-03-24T00:00:00,ALVG,126,0.40226461884413506,0.53178262157441081,success,127,180.20519405086085,179.80915602916826,false,false,67.004610318375768,35.185670183776701,,,
2023-03-27T00:00:00,ALVG,126,0.38528598131702435,0.53184376780214981,success,127,180.20519403460028,179.73802275237381,false,false,67.012314743070874,17.737656860078737,,,
2023-03-28T00:00:00,ALVG,126,0.39362714103419622,0.5238716170350165,success,127,180.2051941040819,179.77310314707785,false,false,66.007823746412086,26.50293900159356,,,
2023-03-29T00:00:00,ALVG,126,0.39133815805293992,0.51592297437919987,success,127,180.20519399887232,179.76350319368913,false,false,65.006294771779181,32.620162646201166,,,
2023-03-30T00:00:00,ALVG,126,0.2419002213967737,0.47078559197338571,success,127,180.20519389178764,179.06290421362354,false,false,59.3189845886466,0.65342260154739618,,,
2023-03-31T00:00:00,ALVG,126,3.702647672625106e-05,0.880614594824769,success,127,180.2051939357292,170.00135364885691,false,false,110.95743894792089,14.536568719661377,,,
2023-04-03T00:00:00,ALVG,126,0.29903579169818434,0.49213998200818354,success,127,180.20519417415838,179.35330061738748,false,false,62.009637733031127,37.704197646871691,,,
2023-04-04T00:00:00,ALVG,126,8.8549761279543577e-05,0.86456601593754723,success,127,180.20519409697553,170.87333676103532,false,false,108.93531800813095,14.379189169830422,,,
2023-04-05T00:00:00,ALVG,126,0.00015990637643184568,0.85655226889771074,success,127,180.20519417031491,171.46443202818082,false,false,107.92558588111156,14.149659559578376,,,
2023-04-06T00:00:00,ALVG,126,0.00017608682367618129,0.84857262713906512,success,127,180.20519416547046,171.56083689957455,false,false,106.92015101952221,14.319437852545207,,,
2023-04-11T00:00:00,ALVG,126,0.00029891772813562129,0.84042474471584838,success,127,180.20519421169138,172.09015099493112,false,false,105.8935178341969,12.727802279515034,,,
2023-04-12T00:00:00,ALVG,126,0.00048173054641213937,0.83246536900959078,success,127,180.20519398755715,172.56755020160253,false,false,104.89063649520844,13.63703437490379,,,
2023-04-13T00:00:00,ALVG,126,0.00080335381216398302,0.82437603413877525,success,127,180.20519415690291,173.07928250542437,false,false,103.87138030148569,12.965252484770581,,,
2023-04-14T00:00:00,ALVG,126,0.0012174772804198315,0.81631597075832407,success,127,180.20519409421559,173.49543794919578,false,false,102.85581231554883,12.60513712187152,,,
2023-04-17T00:00:00,ALVG,126,0.001378340999850171,0.80835037592647596,success,127,180.2051940421795,173.61969865693959,false,false,101.85214736673598,12.051888738063624,,,
2023-04-18T00:00:00,ALVG,126,0.0019408334118868969,0.79903950161632231,success,127,180.20519437343177,173.96249928830156,false,false,100.67897720365661,6.7101018705418429,,,
2023-04-19T00:00:00,ALVG,126,0.0020609045003379713,0.7913455306617343,success,127,180.20519395298496,174.02264666935812,false,false,99.709536863378517,7.5591286228425858,,,
2023-04-20T00:00:00,ALVG,126,0.0027949361674256242,0.77948919678063111,success,127,180.20519405890408,174.32804689743236,false,false,98.215638794359521,4.1372999242131172,,,
2023-04-21T00:00:00,ALVG,126,0.005228997465064506,0.77474826968106369,success,127,180.20519444546576,174.95690145342331,false,false,97.618281979814029,7.8336557748028612,,,
2023-04-24T00:00:00,ALVG,126,0.0046563296276674682,0.76663560417211729,success,127,180.20519404722373,174.84033347658547,false,false,96.596086125686782,8.1135560791353623,,,
2023-04-25T00:00:00,ALVG,126,0.0070449309760909793,0.75759735272765771,success,127,180.20519559730286,175.25681852972008,false,false,95.457266443684873,9.1774759181847259,,,
2023-04-26T00:00:00,ALVG,126,0.0084918415373451232,0.74609745903999625,success,127,180.20519411413352,175.44507282124249,false,false,94.008279839039531,98.08671319134271,,,
2023-04-27T00:00:00,ALVG,126,0.0086391627633601378,0.73819989315793444,success,127,180.20519499597631,175.46242208938656,false,false,93.013186537899742,60.999698548101108,,,
2023-04-28T00:00:00,ALVG,126,0.012373128993163477,0.73024992552937273,success,127,180.20519405870479,175.82541619776541,false,false,92.011490616700968,66.799340442982526,,,
2023-05-02T00:00:00,ALVG,126,0.0080621438023598876,0.72267385163728715,success,127,180.2051941729093,175.39271321414245,false,false,91.056905306298177,14.056726913230492,,,
2023-05-03T00:00:00,ALVG,126,0.01124138530285378,0.71437976179391605,success,127,180.20519425268327,175.72834610538021,false,false,90.011849986033425,64.675705731506625,,,
2023-05-04T00:00:00,ALVG,126,0.014528891677382151,0.70639277593583272,success,127,180.20519402034498,175.98821340739977,false,false,89.005489767914924,134.50518895287152,,,
2023-05-05T00:00:00,ALVG,126,0.010144624928244477,0.70458140952609838,success,127,180.20519398626283,175.62457914109152,false,false,88.777257600288394,10.900485237481634,,,
2023-05-08T00:00:00,ALVG,126,0.012033028375549395,0.69608763226964443,success,127,180.20519403319227,175.79719999913056,false,false,87.707041665975197,8.9918956579343483,,,
2023-05-09T00:00:00,ALVG,126,0.015795535852834084,0.68704838771206977,success,127,180.20519419123625,176.07308788615248,false,false,86.568096851720796,7.2505264996619685,,,
2023-05-10T00:00:00,ALVG,126,0.015701049233612565,0.68069942411818729,success,127,180.20519398224235,176.06699185986471,false,false,85.768127438891597,10.186345984137104,,,
2023-05-11T00:00:00,ALVG,126,0.02219314228877765,0.67205816219873082,success,127,180.2051953284242,176.4196665001414,false,false,84.679328437040084,8.0258635563669802,,,
2023-05-12T00:00:00,ALVG,126,5.4006394688293873e-05,0.66512260459157913,success,127,180.20519535661774,170.3788412662133,false,false,83.805448178538967,12.465811575789891,,,
2023-05-15T00:00:00,ALVG,126,7.689381821502664e-05,0.65731602153708724,success,127,180.20519394620121,170.73218577097114,false,false,82.821818713672997,13.153838833183412,,,
2023-05-16T00:00:00,ALVG,126,0.00012285261320512132,0.64929473557356454,success,127,180.20519392992637,171.20079160237421,false,false,81.811136682269137,12.712749848718552,,,
2023-05-17T00:00:00,ALVG,126,0.0014026378462675803,0.51592966122457151,success,127,180.20519422292125,173.6371972060964,false,false,65.007137314296017,126.43369653253478,,,
2023-05-18T00:00:00,ALVG,126,0.0014586438826965933,0.50801443018725889,success,127,180.20519534712565,173.67640693348886,false,false,64.009818203594619,91.825112975162952,,,
2023-05-19T00:00:00,ALVG,126,0.00021777763960159608,0.62368217979703189,success,127,180.20519412460717,171.77337590840517,false,false,78.583954654426023,8.0861011277610899,,,
2023-05-22T00:00:00,ALVG,126,0.00025651667688660762,0.61601117727377275,success,127,180.20519398623699,171.93713365745472,false,false,77.617408336495373,8.7177661426191619,,,
2023-05-23T00:00:00,ALVG,126,0.00041719974784969942,0.60769374783163832,success,127,180.20519398198087,172.4236658295558,false,false,76.569412226786426,9.2814916982962146,,,
2023-05-24T00:00:00,ALVG,126,0.00021889155434099409,0.60178156554055029,success,127,180.20519508330747,171.77847986237182,false,false,75.82447725810934,13.18808989418779,,,
2023-05-25T00:00:00,ALVG,126,0.00034759090883510477,0.59350543510679887,success,127,180.20519402446391,172.24105735678216,false,false,74.781684823456658,11.437079291426258,,,
2023-05-26T00:00:00,ALVG,126,0.000476995413436498,0.5856141752372277,success,127,180.20519403104089,172.55766745769355,false,false,73.787386079890695,12.6878399838597,,,
2023-05-29T00:00:00,ALVG,126,0.00075413153782561836,0.57661931505172181,success,127,180.20519403997164,173.01600470418779,false,false,72.654033696516947,8.7968153826552289,,,
2023-05-30T00:00:00,ALVG,126,0.00093503706738722731,0.56388841413344637,success,127,180.20519395955196,173.23120504884221,false,false,71.049940180814247,18.479926275517425,,,
2023-05-31T00:00:00,ALVG,126,0.00011153775862711649,0.5627021182933486,success,127,180.20519638962702,171.10416055161161,false,false,70.900466904961917,13.914880661205467,,,
2023-06-01T00:00:00,ALVG,126,3.9148266108686205e-05,0.55479867452238607,success,127,180.20519437783543,170.05707910194803,false,false,69.904632989820641,14.036072750393085,,,
2023-06-02T00:00:00,ALVG,126,1.4855552214842608e-05,0.54684669292011123,success,127,180.20519427238392,169.08807225197415,false,false,68.902683307934012,13.705510608487312,,,
2023-06-05T00:00:00,ALVG,126,2.469842990124124e-05,0.53885609673765511,success,127,180.20519391432225,169.596447729955,false,false,67.895868188944547,13.416369104461713,,,
2023-06-06T00:00:00,ALVG,126,4.2517873447830698e-05,0.5308705726320806,success,127,180.20519393078439,170.13965043083442,false,false,66.889692151642151,13.304452452915077,,,
2023-06-07T00:00:00,ALVG,126,7.1570232243921639e-05,0.52298661280776937,success,127,180.2051938964008,170.66043414796511,false,false,65.896313213778939,13.780059641339175,,,
2023-06-08T00:00:00,ALVG,126,0.00012384535655769578,0.51501502747153749,success,127,180.20519393101861,171.20884088884372,false,false,64.89189346141373,13.618518206401642,,,
2023-06-09T00:00:00,ALVG,126,0.0062655563904557522,0.89724795790929157,success,127,180.20519388264708,175.1387912647657,false,false,113.05324269657073,20.678674554330513,,,
2023-06-12T00:00:00,ALVG,126,0.00033525077530145774,0.49902889013070595,success,127,180.20519394985072,172.20489753363685,false,false,62.877640156468949,13.086890417913844,,,
2023-06-13T00:00:00,ALVG,126,0.00047088737893700728,0.49081257536998402,success,127,180.2051939108795,172.54477330608424,false,false,61.842384496617989,11.055961937733635,,,
2023-06-14T00:00:00,ALVG,126,0.00060631003485608003,0.48302518857775523,success,127,180.2051939605027,172.79768136036915,false,false,60.861173760797158,12.654017802242285,,,
2023-06-15T00:00:00,ALVG,126,0.067122590352457448,0.70325744099177756,success,127,180.20519442133349,177.5734412771213,false,false,88.610437564963974,0.20929502592958332,,,
2023-06-16T00:00:00,ALVG,126,0.11077879654132762,0.73042569379435895,success,127,180.20519388996405,178.12238325165791,false,false,92.033637418089228,15.394641354274576,,,
2023-06-19T00:00:00,ALVG,126,0.1338239228608912,0.72233833919583823,success,127,180.20520020546871,178.33763692262585,false,false,91.014630738675621,32.997539324278442,,,
2023-06-20T00:00:00,ALVG,126,0.06731354364188788,0.84139486986689738,success,127,180.2051939024563,177.57648627695283,false,false,106.01575360322907,43.366082464929399,,,
2023-06-21T00:00:00,ALVG,126,0.19317935158935945,0.70647780875948607,success,127,180.20519439477826,178.77571203628798,false,false,89.016203903695242,25.138168551034163,,,
2023-06-22T00:00:00,ALVG,126,0.20701017432195432,0.69863045244220556,success,127,180.20519409508395,178.86215164706908,false,false,88.027437007717907,14.14726899496328,,,
2023-06-23T00:00:00,ALVG,126,0.13729549389525439,0.64291455099375716,success,127,180.20519389740613,178.36725716090632,false,false,81.0072334252134,0.23532218523626131,,,
2023-06-26T00:00:00,ALVG,126,0.15059860682915582,0.63080549171107325,success,127,180.20519388336999,178.47528008983045,false,false,79.481491955595232,0.23439912351804562,,,
2023-06-27T00:00:00,ALVG,126,0.15298779692102191,0.6199864247940251,success,127,180.20519415318805,178.49383721075199,false,false,78.118289524047157,0.23248976624752016,,,
2023-06-28T00:00:00,ALVG,126,0.35232673887401189,0.46817793167598654,success,127,180.20519411562202,179.59636675358371,false,false,58.990419391174306,19.026325278100504,,,
2023-06-29T00:00:00,ALVG,126,0.33246360579299666,0.46021615419841622,success,127,180.20519409765652,179.50813058355536,false,false,57.987235429000442,16.452190177097698,,,
2023-06-30T00:00:00,ALVG,126,0.38957024201529872,0.44977285622598673,success,127,180.20519504661706,179.75607600420892,false,false,56.671379884474327,21.201722179381239,,,
2023-07-03T00:00:00,ALVG,126,0.17683699262586366,0.56940458102416713,success,127,180.20519493403955,178.66726905074788,false,false,71.744977209045061,0.24067519717313468,,,
2023-07-04T00:00:00,ALVG,126,0.2867710634768012,0.43648353933765094,success,127,180.20519487236618,179.29407662360003,false,false,54.996925956544018,87.084424702197879,,,
2023-07-05T00:00:00,ALVG,126,5.397489188400462e-05,0.35732369783045259,success,127,180.2051939644862,170.37825635619396,false,false,45.022785926637027,54.317710692645704,,,
2023-07-06T00:00:00,ALVG,126,2.8256945945951596e-05,0.35140814235159745,success,127,180.20519413103793,169.73105113198216,false,false,44.277425936301277,4.6346131233806034,,,
2023-07-07T00:00:00,ALVG,126,0.14341562960512153,0.5825773245856839,success,127,180.20519394516268,178.41798804153146,false,false,73.404742897796169,0.48835396943902759,,,
2023-07-10T00:00:00,ALVG,126,0.17296950238705186,0.96836844618669093,success,127,180.2051939949869,178.64046771541675,false,false,122.01442421952306,65.763086124853544,,,
2023-07-11T00:00:00,ALVG,126,0.13652439216637066,0.72233096849952905,success,127,180.20519408023367,178.36073172691729,false,false,91.013702030940664,34.51036840365601,,,
2023-07-12T00:00:00,ALVG,126,0.14716928836512255,0.55758225039774545,success,127,180.20519402868399,178.44821650891856,false,false,70.255363550115931,0.44811346872857899,,,
2023-07-13T00:00:00,ALVG,126,1.2189728978827453e-05,0.30968603709188691,success,127,180.2051939421232,168.89028928413418,false,false,39.020440673577752,69.565763765234706,,,
2023-07-14T00:00:00,ALVG,126,2.3191089196013946e-05,0.30385494816074116,success,127,180.20519409718759,169.53347484909492,false,false,38.285723468253387,4.853222102254696,,,
2023-07-17T00:00:00,ALVG,126,0.17533097992391167,0.51196451063504189,success,127,180.205193917305,178.65688730074655,false,false,64.507528340015284,0.24010050214288983,,,
2023-07-18T00:00:00,ALVG,126,0.21595095084629717,0.68258825766279085,success,127,180.20519413287383,178.91577385426677,false,false,86.006120465511643,59.525285347300247,,,
2023-07-19T00:00:00,ALVG,126,0.19359174641084806,0.48582046939641599,success,127,180.20519396332051,178.77835537270852,false,false,61.213379143948416,0.23674518254222987,,,
2023-07-20T00:00:00,ALVG,126,0.27438872107190077,0.66917824676130955,success,127,180.20519444046994,179.23272578855341,false,false,84.316459091924997,21.12694545034099,,,
2023-07-21T00:00:00,ALVG,126,0.16783143219442992,0.46525694852221144,success,127,180.20519408020363,178.60411915025432,false,false,58.622375513798644,0.23791120213414349,,,
2023-07-24T00:00:00,ALVG,126,0.18790098436327035,0.45599981612244211,success,127,180.20519403088988,178.74148690289013,false,false,57.455976831427705,0.23588576064552871,,,
2023-07-25T00:00:00,ALVG,126,0.18875594330957945,0.44268578008172821,success,127,180.20519400713633,178.74707994062464,false,false,55.778408290297754,0.23845209251892613,,,
2023-07-26T00:00:00,ALVG,126,0.27477716954418374,0.30949374185174472,success,127,180.20519411550103,179.23467563215206,false,false,38.996211473319832,78.654201717872283,,,
2023-07-27T00:00:00,ALVG,126,0.17712565417368981,0.41941447992220854,success,127,180.20519390767177,178.66924978816186,false,false,52.846224470198273,0.24084678870358961,,,
2023-07-28T00:00:00,ALVG,126,0.16851015909643788,0.40705334958539324,success,127,180.20519406437575,178.60897102296076,false,false,51.288722047759549,0.24381033697378754,,,
2023-07-31T00:00:00,ALVG,126,0.16209680655573913,0.39653144133178397,success,127,180.20519395145277,178.56248510668277,false,false,49.962961607804779,0.24466163205742955,,,
2023-08-01T00:00:00,ALVG,126,0.22774974389269848,0.27503123713000782,success,127,180.20519407558064,178.98413282377297,false,false,34.653935878380985,23.22166879055839,,,
2023-08-02T00:00:00,ALVG,126,0.35890055579052521,0.58865441524411377,success,127,180.20519409611265,179.62505485879922,false,false,74.170456320758333,2.0098302108654136,,,
2023-08-03T00:00:00,ALVG,126,0.016485684780493816,0.65866413638550414,success,127,180.20519415989199,176.11655438205781,false,false,82.991681184573523,91.606478325015431,,,
2023-08-04T00:00:00,ALVG,126,0.016697794561210389,0.650750453550207,success,127,180.20519668060393,176.12955682442396,false,false,81.994557147326077,138.99225015309008,,,
2023-08-07T00:00:00,ALVG,126,0.011914576922539236,0.64284663183401147,success,127,180.20519419991479,175.78718764725014,false,false,80.998675611085446,604.64050976611099,,,
2023-08-08T00:00:00,ALVG,126,0.013573193466949782,0.63271841035945131,success,127,180.20519418031111,175.9192018317251,false,false,79.722519705290864,17.089361615694006,,,
2023-08-09T00:00:00,ALVG,126,0.0098330987779583923,0.62687656079642129,success,127,180.20519413411429,175.59307473940609,false,false,78.986446660349088,58.612362465819871,,,
2023-08-10T00:00:00,ALVG,126,0.15941577641380883,0.51208836334845698,success,127,180.19458177497262,178.53200035581335,false,false,64.523133781905585,0.53781386459786518,,,
2023-08-11T00:00:00,ALVG,126,0.30481356767663076,0.53287954351516165,success,127,180.20519405895178,179.38071433760831,false,false,67.142822482910361,1.730279174056031,,,
2023-08-14T00:00:00,ALVG,126,0.30152335881589187,0.52491633463463672,success,127,180.20519402701527,179.36513977878366,false,false,66.139458163964221,1.7609098901649269,,,
2023-08-15T00:00:00,ALVG,126,0.33346608530535315,0.51658525018073564,success,127,180.20519403358563,179.51264417744554,false,false,65.089741522772698,1.6731311820789956,,,
2023-08-16T00:00:00,ALVG,126,0.25794379673482232,0.47889879847861849,success,127,180.20519392981421,179.14851066295248,false,false,60.341248608305932,0.52235513731405359,,,
2023-08-17T00:00:00,ALVG,126,0.26333267797671045,0.46991910185575353,success,127,180.20519403997957,179.17647581260573,false,false,59.209806833824942,0.51875978598185002,,,
2023-08-18T00:00:00,ALVG,126,0.24828480571687983,0.4620108746636597,success,127,180.20442153029171,179.09664050648024,false,false,58.213370207621125,0.53251164497645287,,,
2023-08-21T00:00:00,ALVG,126,0.24962788217753443,0.4530741019254092,success,127,180.20296653042885,179.10236862754562,false,false,57.087336842601559,0.52941250209447288,,,
2023-08-22T00:00:00,ALVG,126,0.03767975554437706,0.56096100619601874,success,127,180.20339553011189,176.96317120241008,false,false,70.681086780698365,2.3835122274634299,,,
2023-08-23T00:00:00,ALVG,126,0.03577893306974695,0.14750610438294129,success,127,180.20299907118974,176.90903773878401,false,false,18.585769152250602,27.172330111298436,,,
2023-08-24T00:00:00,ALVG,126,0.016129157076824642,0.14255756276989745,success,127,180.20118801031725,176.0903220117421,false,false,17.962252909007077,22.940493935308403,,,
2023-08-25T00:00:00,ALVG,126,0.010989598468595395,0.13457454489723747,success,127,180.19833227589217,175.69857665878243,false,false,16.956392657051921,21.244251108372907,,,
2023-08-28T00:00:00,ALVG,126,0.0086662130311761527,0.1268507260548285,success,127,180.20496151442453,175.46534212389813,false,false,15.98319148290839,57.828288990359717,,,
2023-08-29T00:00:00,ALVG,126,0.21841196423070056,0.79476061789421337,success,127,180.19914916360995,178.92420439400254,false,false,100.13983785467089,0.36432337063521342,,,
2023-08-30T00:00:00,ALVG,126,0.21595548118058958,0.78498862655712021,success,127,180.20107538969987,178.91168186754925,false,false,98.908566946197141,0.3662060342275123,,,
2023-08-31T00:00:00,ALVG,126,0.21457544449323054,0.77497456877786686,success,127,180.20033771106415,178.90277470354718,false,false,97.646795666011229,0.36896962720688498,,,
2023-09-01T00:00:00,ALVG,126,0.19587346186614096,0.7651153932992012,success,127,180.20134268085067,178.78905488633248,false,false,96.404539555699344,0.36440045764687773,,,
2023-09-04T00:00:00,ALVG,126,0.1892637456778449,0.75650059502009392,success,127,180.19771173552297,178.7429104668131,false,false,95.319074972531837,0.36631397949811917,,,
2023-09-05T00:00:00,ALVG,126,0.0022013902077234861,0.47579018845740445,success,127,180.19360339790194,174.07714100914205,false,false,59.949563745632958,15.526778233715328,,,
2023-09-06T00:00:00,ALVG,126,0.0014851265047630176,0.46784313839032027,success,127,180.19248233416539,173.68171324260041,false,false,58.948235437180351,15.666255666596948,,,
2023-09-07T00:00:00,ALVG,126,0.0014354561665899661,0.48083306734872855,success,127,180.19075267435301,173.64591656761357,false,false,60.584966485939795,0.90659396073786258,,,
2023-09-08T00:00:00,ALVG,126,0.002319721200139192,0.45001722982043646,success,127,180.20519424758336,174.14120839062588,false,false,56.702170957374996,19.984384719062621,,,
2023-09-11T00:00:00,ALVG,126,0.0027675445755782372,0.49832369745483068,success,127,180.20315358147457,174.3161301760743,false,false,62.788785879308669,0.36679872936362212,,,
2023-09-12T00:00:00,ALVG,126,0.0020754556683083717,0.48796371057849436,success,127,180.14665378143209,173.97115684362009,false,false,61.483427532890289,0.37929653694057397,,,
2023-09-13T00:00:00,ALVG,126,0.0097395240529145194,0.49292527346721532,success,127,179.93965432268303,175.31787855840037,false,false,62.108584456869131,0.34920729765357422,,,
2023-09-14T00:00:00,ALVG,126,0.012567420906990942,0.48654385866292987,success,127,179.74947855267752,175.38547815567796,false,false,61.304526191529163,0.34078050917776415,,,
2023-09-15T00:00:00,ALVG,126,0.017155345578607102,0.48087536103130674,success,127,179.53701094560557,175.48886969066211,false,false,60.590295489944651,0.34231539713828762,,,
2023-09-18T00:00:00,ALVG,126,0.014642802460621104,0.47235802508917946,success,127,179.72027681879308,175.51122152138169,false,false,59.517111161236613,0.34204203610548717,,,
2023-09-19T00:00:00,ALVG,126,0.023501222818749178,0.46991267155545008,success,127,179.74992257334597,176.0230015299133,false,false,59.208996615986713,0.33605834875296214,,,
2023-09-20T00:00:00,ALVG,126,0.023466333281584928,0.46105852112578311,success,127,179.81475363150068,176.08631117249641,false,false,58.093373661848673,0.3362770852196868,,,
2023-09-21T00:00:00,ALVG,126,0.019083797702356985,0.45170975746585779,success,127,179.81904776196868,175.87940041396558,false,false,56.915429440698084,0.33931877079764594,,,
2023-09-22T00:00:00,ALVG,126,0.021358381945966062,0.44354865904576007,success,127,179.84918440933504,176.02446316285707,false,false,55.887131039765769,0.3392586641835223,,,
2023-09-25T00:00:00,ALVG,126,0.024836922840178955,0.43648072666274945,success,127,179.95979976216736,176.28952641670199,false,false,54.996571559506428,0.3336064543145576,,,
2023-09-26T00:00:00,ALVG,126,0.022426305840530372,0.42627420889864592,success,127,179.9933810393598,176.21854199760878,false,false,53.710550321229384,0.33824520788845164,,,
2023-09-27T00:00:00,ALVG,126,0.024095532522847463,0.42025904781924966,success,127,180.09063578390379,176.38929753478172,false,false,52.952640025225456,0.33314817662780682,,,
2023-09-28T00:00:00,ALVG,126,0.024095664123396424,0.41168361881007665,success,127,180.14087342923548,176.43954077656446,false,false,51.872135970069657,0.33551194503777715,,,
2023-09-29T00:00:00,ALVG,126,0.024639518825682039,0.40361943578565518,success,127,180.15788039585476,176.4794248792029,false,false,50.856048908992555,0.33375940460298792,,,
2023-10-02T00:00:00,ALVG,126,0.015907476935803546,0.7434141877665027,success,127,180.10079877529947,175.97586810139254,false,false,93.670187658579337,1.073630488987777,,,
2023-10-03T00:00:00,ALVG,126,0.013750913547863765,0.73527144449599702,success,127,180.05074462231272,175.77794093818753,false,false,92.644202006495618,1.0812128095198097,,,
2023-10-04T00:00:00,ALVG,126,0.010466378395602539,0.72672593912006367,success,127,180.00089879899241,175.45183311819508,false,false,91.567468329128019,1.1184986269324722,,,
2023-10-05T00:00:00,ALVG,126,0.0090805401276524318,0.71864209745948948,success,127,180.01900802888034,175.32650844569315,false,false,90.54890427989568,1.1322639128372614,,,
2023-10-06T00:00:00,ALVG,126,0.013436366714279785,0.35915857417251384,success,127,179.98125088441776,175.68498802173374,false,false,45.253980345736743,0.33753476569120916,,,
2023-10-09T00:00:00,ALVG,126,0.011775052751560955,0.70438440888275955,success,127,180.05253030583702,175.62260307445808,false,false,88.752435519227703,1.014351646952659,,,
2023-10-10T00:00:00,ALVG,126,0.012816669539550208,0.69741848789611438,success,127,180.09488878865739,175.75077965276071,false,false,87.87472947491041,0.9564232759202187,,,
2023-10-11T00:00:00,ALVG,126,0.010972054910059363,0.68887045947485004,success,127,180.05725127427635,175.55588026477324,false,false,86.797677893831107,0.9816396427337547,,,
2023-10-12T00:00:00,ALVG,126,0.0085015491298399623,0.67999060660622024,success,127,180.02139754075057,175.26242855266233,false,false,85.678816432383755,1.0387071905099414,,,
2023-10-13T00:00:00,ALVG,126,0.0094304012309775528,0.31430913799033078,success,127,180.05177347303007,175.3974319871553,false,false,39.602951386781676,0.34350626191152334,,,
2023-10-16T00:00:00,ALVG,126,0.0099578175335076034,0.30613656619108953,success,127,180.09813290460986,175.49874327828064,false,false,38.573207340077282,0.34524506748619677,,,
2023-10-17T00:00:00,ALVG,126,0.20311572714861553,0.51831714730953049,success,127,180.09606401592663,178.72913045220946,false,false,65.30796056100084,0.60961288545457837,,,
2023-10-18T00:00:00,ALVG,126,0.0060741558018588557,0.64826890014410465,success,127,180.10007420607138,175.00245462253361,false,false,81.68188141815719,1.0083089806939107,,,
2023-10-19T00:00:00,ALVG,126,0.0052379850960920776,0.6401402628369276,success,127,180.0885820941954,174.84201546738447,false,false,80.657673117452873,1.0104630906686771,,,
2023-10-20T00:00:00,ALVG,126,0.15812789777074554,0.45245004392099997,success,127,180.03410717379637,178.36188325381838,false,false,57.008705534045994,0.9172668137973401,,,
2023-10-23T00:00:00,ALVG,126,0.0026033753858993609,0.22367849701906031,success,127,180.00459790702968,174.05625822651561,false,false,28.1834906244016,1.0020522250837642,,,
2023-10-24T00:00:00,ALVG,126,0.0022479169516917445,0.21515576535967285,success,127,180.0361293377909,173.9406284942699,false,false,27.109626435318777,1.0224490928699808,,,
2023-10-25T00:00:00,ALVG,126,0.13753855106339516,0.468790282963023,success,127,179.96902766508265,178.13314146324123,false,false,59.067575653340896,0.58301894228766393,,,
2023-10-26T00:00:00,ALVG,126,0.00259910331382225,0.1988527124668045,success,127,179.92468827611816,173.97470199022666,false,false,25.055441770817367,1.0343095055533273,,,
2023-10-27T00:00:00,ALVG,126,0.00098772399693823707,0.17402907038037382,success,127,179.90558000539667,172.98646096294536,false,false,21.927662867927101,14.32004260289874,,,
2023-10-30T00:00:00,ALVG,126,0.095135804831477697,0.40377086595514217,success,127,180.005018685463,177.75253920895548,false,false,50.875129110347913,0.90777997358703089,,,
2023-10-31T00:00:00,ALVG,126,0.002014999658011067,0.57520459594228623,success,127,179.92324719511038,173.71812797430638,false,false,72.475779088728061,1.1252392505186486,,,
2023-11-01T00:00:00,ALVG,126,0.13440008756721764,0.42940478443581154,success,127,179.90449118353126,178.04188945623329,false,false,54.105002838912256,0.64207599515643765,,,
2023-11-02T00:00:00,ALVG,126,0.00063469121123842351,0.14227727542006585,success,127,179.96440778372872,172.60267071758261,false,false,17.926936702928298,15.51895004120245,,,
2023-11-03T00:00:00,ALVG,126,0.0010177105561360467,0.13434239770107648,success,127,179.99904092964917,173.10985943114619,false,false,16.927142110335637,15.243671171853778,,,
2023-11-06T00:00:00,ALVG,126,0.00066211785931283144,0.12636575783219772,success,127,180.03275752401498,172.71335287851323,false,false,15.922085486856913,15.108054928023975,,,
2023-11-07T00:00:00,ALVG,126,0.0017399925141815685,0.53561974318244887,success,127,180.03277300034247,173.68064004044246,false,false,67.488087640988553,1.0824915516585307,,,
2023-11-08T00:00:00,ALVG,126,0.13728069326682046,0.69843050389555505,success,127,180.08393738424061,178.2458756847272,false,false,88.00224349083993,15.017396239869496,,,
2023-11-09T00:00:00,ALVG,126,0.12274920374214107,0.69047167119084918,success,127,180.07919284152408,178.11254319921406,false,false,86.999430570046997,14.639398546550797,,,
2023-11-10T00:00:00,ALVG,126,0.098168114568754572,0.68252336752085385,success,127,180.06589375204055,177.84814709287858,false,false,85.997944307627591,13.064590276487349,,,
2023-11-13T00:00:00,ALVG,126,0.00050342605008979143,0.50208078359898234,success,127,180.09827833381263,172.50470815831341,false,false,63.262178733471771,1.1877593026178892,,,
2023-11-14T00:00:00,ALVG,126,0.078795822176758817,0.66664980849648592,success,127,180.08438247699223,177.62556075125613,false,false,83.997875870557223,15.490188668434604,,,
2023-11-15T00:00:00,ALVG,126,0.00032055638414555949,0.48574749104184156,success,127,180.0790560165386,172.03392425280646,false,false,61.204183871272036,1.2141624505029966,,,
2023-11-16T00:00:00,ALVG,126,0.00023599028753705503,0.47749923043858122,success,127,180.07130971461802,171.71982582446611,false,false,60.164903035261233,1.2338744914679627,,,
2023-11-17T00:00:00,ALVG,126,0.00051362449481797486,0.47024275657136916,success,127,180.07762224557436,172.50411788769625,false,false,59.250587327992513,1.2284918650917855,,,
2023-11-20T00:00:00,ALVG,126,0.00032664454676744166,0.46182706784228383,success,127,180.06171264177641,172.03540134844545,false,false,58.190210548127766,1.2659951836075978,,,
2023-11-21T00:00:00,ALVG,126,0.00025461405448143289,0.45367263624141463,success,127,180.06548713590487,171.78998011121962,false,false,57.162752166418244,1.2757873467953045,,,
2023-11-22T00:00:00,ALVG,126,0.00015422648144653564,0.44530136189373398,success,127,180.06243154145454,171.28549740266374,false,false,56.107971598610483,1.3067331520339858,,,
2023-11-23T00:00:00,ALVG,126,9.9032584932626772e-05,0.43698258691120273,success,127,180.0753619590206,170.85539937525857,false,false,55.059805950811544,1.3388909446533157,,,
2023-11-24T00:00:00,ALVG,126,0.0026730509261943115,0.43240085007001106,success,127,178.54350342304906,172.62164526302251,false,false,54.482507108821395,1.4230535733361322,,,
2023-11-27T00:00:00,ALVG,126,0.0082888362532529385,0.42879126437673815,success,127,179.6197020118336,174.83517969223311,false,false,54.027699311469007,1.0311925423890345,,,
2023-11-28T00:00:00,ALVG,126,0.020283881279935592,0.42939274293395807,success,127,179.45191838613403,175.57448207623219,false,false,54.103485609678714,0.79075312262905828,,,
2023-11-29T00:00:00,ALVG,126,0.015303932218267161,0.41981070370961532,success,127,179.43680570419019,175.27258247436785,false,false,52.896148667411531,0.82605068199840781,,,
2023-11-30T00:00:00,ALVG,126,0.011280359667847982,0.40975783698823731,success,127,179.39647190072665,174.92312421822552,false,false,51.6294874605179,0.8827150863195522,,,
2023-12-01T00:00:00,ALVG,126,0.017028800787453609,0.40555867441943266,success,127,179.37743682350967,175.32176307720704,false,false,51.100392976848518,0.77881741618146394,,,
2023-12-04T00:00:00,ALVG,126,0.012219368793022045,0.39566709113800735,success,127,179.42945000459625,175.03701166350322,false,false,49.854053483388924,0.81987327093343221,,,
2023-12-05T00:00:00,ALVG,126,0.014049533778891538,0.38969585394707051,success,127,179.47981400650454,175.22879710249424,false,false,49.101677597330884,0.76574560533605829,,,
2023-12-06T00:00:00,ALVG,126,0.013408652999939985,0.38099016351768539,success,127,179.3122038781253,175.01384820470574,false,false,48.004760603228355,0.77530122124444556,,,
2023-12-07T00:00:00,ALVG,126,0.01008254787977044,0.37057924694797878,success,127,179.27883047993544,174.69201491853354,false,false,46.692985115445325,0.83193404931737192,,,
2023-12-08T00:00:00,ALVG,126,0.0072673300546377021,0.35477755307663533,success,127,179.26654946602883,174.34947702166764,false,false,44.701971687656055,1.2117589310697292,,,
2023-12-11T00:00:00,ALVG,126,0.0056429721054937366,0.34594911161171532,success,127,179.24265596829213,174.07097053890357,false,false,43.589588063076128,1.2758029478290145,,,
2023-12-12T00:00:00,ALVG,126,0.0038482452626892386,0.33724399901198354,success,127,179.27098389236056,173.71470155066552,false,false,42.492743875509923,1.331596453061783,,,
2023-12-13T00:00:00,ALVG,126,0.0205134236400027,0.80741240188447749,success,127,179.27104947369682,175.40510042454628,false,false,101.73396263744417,1.0187322258351672,,,
2023-12-14T00:00:00,ALVG,126,0.070965406798673483,0.66402308388780518,success,127,179.29129171227484,176.71933826724319,false,false,83.666908569863452,2.0043399963303479,,,
2023-12-15T00:00:00,ALVG,126,0.0038673238294203573,0.31379296458908174,success,127,179.42270146428748,173.87138375745573,false,false,39.537913538224302,1.2165537690160511,,,
2023-12-18T00:00:00,ALVG,126,0.0025966106814887778,0.30500955890017944,success,127,179.43336843400076,173.48242015332065,false,false,38.431204421422613,1.2739553465815752,,,
2023-12-19T00:00:00,ALVG,126,0.0019359704071746462,0.29646608250232476,success,127,179.45106847802973,173.20585974905492,false,false,37.354726395292921,1.3140225154683021,,,
2023-12-20T00:00:00,ALVG,126,0.0012351536814692653,0.28785943589264956,success,127,179.47248942996049,172.7771654688656,false,false,36.270288922473846,1.3613465306076253,,,
2023-12-21T00:00:00,ALVG,126,0.024269887867499902,0.62348958125850718,success,127,179.47262430069532,175.77867467649426,false,false,78.559687238571911,2.0702929722711567,,,
2023-12-22T00:00:00,ALVG,126,0.037387356139761969,0.54854233351481718,success,127,179.46814359629559,176.21982508053156,false,false,69.116334022866965,2.33266245122956,,,
2023-12-27T00:00:00,ALVG,126,0.028651976626062912,0.54047141609876259,success,127,179.43396453301,175.91050214441859,false,false,68.09939842844409,2.3218303216432674,,,
2023-12-28T00:00:00,ALVG,126,0.024716405827627054,0.53222222948758491,success,127,179.42928410107285,175.75402303324648,false,false,67.060000915435694,2.2838666456978869,,,
2023-12-29T00:00:00,ALVG,126,0.0001679957053869769,0.24594168618052489,success,127,179.46470634028381,170.77330220804154,false,false,30.988652458746138,114.60091796596997,,,
2024-01-02T00:00:00,ALVG,126,0.0060215948895730193,0.61869194036565578,success,127,179.42451997042025,174.31815664529594,false,false,77.955184486072625,16.051474343965161,,,
2024-01-03T00:00:00,ALVG,126,0.018892295384003992,0.7052473278800927,success,127,180.0980004566045,176.14807239974064,false,false,88.861163312891676,0.097517817003864235,,,
2024-01-04T00:00:00,ALVG,126,0.032911993662860801,0.60265560707588461,success,127,180.05752192771453,176.67706956710919,false,false,75.934606491561468,38.223274424610949,,,
2024-01-05T00:00:00,ALVG,126,0.06090712272873347,0.6707873529480981,success,127,180.11573958972372,177.38017533023049,false,false,84.519206471460365,29.510949419426279,,,
2024-01-08T00:00:00,ALVG,126,0.022595551593673824,0.58701220218085548,success,127,180.14529415062941,176.37814666930473,false,false,73.963537474787785,76.088191886701395,,,
2024-01-09T00:00:00,ALVG,126,0.023384090304546346,0.57250402231168029,success,127,180.18769507801272,176.45565752522597,false,false,72.135506811271711,122.34051047252541,,,
2024-01-10T00:00:00,ALVG,126,0.027010926304553422,0.56956603683640417,success,127,180.18048547690219,176.59635408637104,false,false,71.765320641386921,14.665354965227829,,,
2024-01-11T00:00:00,ALVG,126,0.031985935726768125,0.52244183632196861,success,127,180.12955031467706,176.71959999594719,false,false,65.827671376568048,13.000530448437727,,,
2024-01-12T00:00:00,ALVG,126,0.0017805741269936635,0.17065008362667713,success,127,180.16588528585493,173.83684802365912,false,false,21.501910536961319,47.24680200419737,,,
2024-01-15T00:00:00,ALVG,126,0.02834764739351955,0.50641168688720573,success,127,180.16662055473469,176.63216651855282,false,false,63.807872547787916,11.136121458508741,,,
2024-01-16T00:00:00,ALVG,126,0.040160950826079192,0.61604871111204584,success,127,180.16729953030611,176.99342906806214,false,false,77.622137600117782,16.81469709550138,,,
2024-01-17T00:00:00,ALVG,126,0.00037292570451061643,0.14905483399947039,success,127,180.14633397002785,172.25257562350865,false,false,18.78090908393327,14.725921579548451,,,
2024-01-18T00:00:00,ALVG,126,0.00064568284621536022,0.14120290754692208,success,127,180.14553521111645,172.80097897763744,false,false,17.791566350912181,15.342887333565793,,,
2024-01-19T00:00:00,ALVG,126,0.00035720154467666664,0.13400270856056573,success,127,180.13909198369223,172.20223886448005,false,false,16.884341278631283,28.106333554903518,,,
2024-01-22T00:00:00,ALVG,126,0.027586274063258573,0.58507847345155262,success,127,180.11130431299466,176.54884128759869,false,false,73.719887654895629,19.296581104405075,,,
2024-01-23T00:00:00,ALVG,126,0.023943509098312204,0.49983648260470059,success,127,180.20154916300362,176.49372596650835,false,false,62.979396808192277,28.824961424109112,,,
2024-01-24T00:00:00,ALVG,126,0.065748461492760576,0.57134665494574044,success,127,180.20519400894386,177.55128456523084,false,false,71.989678523163292,54.806798716834017,,,
2024-01-25T00:00:00,ALVG,126,0.071506866667236046,0.56332512495195086,success,127,180.20519391780269,177.64142441487124,false,false,70.978965743945807,26.300910093369222,,,
2024-01-26T00:00:00,ALVG,126,0.052628434733295433,0.55553777120216397,success,127,180.20519672535718,177.314761906722,false,false,69.997759171472666,333.05126177858324,,,
2024-01-29T00:00:00,ALVG,126,0.019857276860890415,0.46780715341279638,success,127,180.20519397871388,176.30606631423967,false,false,58.943701330012345,11.989022976929338,,,
2024-01-30T00:00:00,ALVG,126,5.9827627262684131e-05,0.070303972283183483,success,127,180.20519403189186,170.48121085197391,false,false,8.8583005076811183,1.5295354337686242,,,
2024-01-31T00:00:00,ALVG,126,0.065572896373380818,0.3422042809610551,success,127,180.20519426128354,177.54842308871446,false,false,43.11773940109294,7.9756856962490943,,,
2024-02-01T00:00:00,ALVG,126,0.025257651328686119,0.44428419762077243,success,127,180.20519505431358,176.55215100874844,false,false,55.979808900217328,32.343611463697954,,,
2024-02-02T00:00:00,ALVG,126,0.025116561517577744,0.39681190457014903,success,127,180.20519405166684,176.54640358805887,false,false,49.998299975838776,391.2021853993852,,,
2024-02-05T00:00:00,ALVG,126,0.017258461512541554,0.42849539367491135,success,127,180.2051939123817,176.16315030382918,false,false,53.990419603038831,72.062371359149409,,,
2024-02-06T00:00:00,ALVG,126,0.26351425336465817,0.68249737766832919,success,127,180.20519422784929,179.17741180395512,false,false,85.994669586209483,63.90803985502189,,,
2024-02-07T00:00:00,ALVG,126,0.18641248152967482,0.7221816731280325,success,127,180.20519409865582,178.73170245615813,false,false,90.994890814132091,87.226275508334993,,,
2024-02-08T00:00:00,ALVG,126,0.3174299926153652,0.51543103162939397,success,127,180.20519404356295,179.4395862451621,false,false,64.944309985303633,0.89293600294948361,,,
2024-02-09T00:00:00,ALVG,126,0.31048421888093497,0.5072647811522476,success,127,180.20519396063386,179.40733745111183,false,false,63.915362425183204,0.89656956667285737,,,
2024-02-12T00:00:00,ALVG,126,0.30769796147091205,0.49946221015724973,success,127,180.2051941692763,179.39429049427406,false,false,62.932238479813464,0.84899403024993114,,,
2024-02-13T00:00:00,ALVG,126,0.31644403906625407,0.4917192531774307,success,127,180.20519405718127,179.43503194444287,false,false,61.956625900356272,0.87328065102152852,,,
2024-02-14T00:00:00,ALVG,126,0.37858843893280147,0.33329471610568845,success,127,180.20519392441622,179.7096500247043,false,false,41.995134229316747,44.183916763657685,,,
2024-02-15T00:00:00,ALVG,126,0.24880104956004975,0.52566666193975708,success,127,180.20519400625304,179.10017705488295,false,false,66.233999404409388,0.29917796592716062,,,
2024-02-16T00:00:00,ALVG,126,0.38604521798662123,0.45206894883144721,success,127,180.20519406681359,179.74122729395467,false,false,56.960687552762352,10.201646300392801,,,
2024-02-19T00:00:00,ALVG,126,0.36173699225568412,0.44439180931906408,success,127,180.2051951688367,179.63736213963182,false,false,55.993367974202073,8.7490311916909214,,,
2024-02-20T00:00:00,ALVG,126,0.29923593265248682,0.65070988290468978,success,127,180.20519398057775,179.35425505068528,false,false,81.989445245990908,27.421071235981856,,,
2024-02-21T00:00:00,ALVG,126,0.28192251792858775,0.64278960381166217,success,127,180.2051940072275,179.27024880431949,false,false,80.991490080269429,36.076653307408741,,,
2024-02-22T00:00:00,ALVG,126,0.19753348402240611,0.32530327943444864,success,127,180.20519403977383,178.80341201960363,false,false,40.988213208740532,33.133158271238031,,,
2024-02-23T00:00:00,ALVG,126,0.34461446456256162,0.53972584091535292,success,127,180.20519698767558,179.56239961962606,false,false,68.005455955334469,35.888857289584024,,,
2024-02-26T00:00:00,ALVG,126,0.34264239605721963,0.53182821661715984,success,127,180.20519396997005,179.55365312753511,false,false,67.010355293762146,19.452941286155841,,,
2024-02-27T00:00:00,ALVG,126,0.35148311075921557,0.52390692563300612,success,127,180.2051940110062,179.59266762508813,false,false,66.012272629758769,15.337719641834918,,,
2024-02-28T00:00:00,ALVG,126,0.36859472448628833,0.51595551649450588,success,127,180.20519401920157,179.66694382068204,false,false,65.010395078307738,15.405921807434755,,,
2024-02-29T00:00:00,ALVG,126,0.34420143541686959,0.50802947252835551,success,127,180.20519436564723,179.56056774410948,false,false,64.011713538572792,16.846509072725901,,,
2024-03-01T00:00:00,ALVG,126,0.3201934834681594,0.49040051337883872,success,127,180.2051939601983,179.45231118594094,false,false,61.790464685733681,1.2959354391076106,,,
2024-03-04T00:00:00,ALVG,126,0.36560547391147163,0.49214699064769279,success,127,180.20519410462745,179.65407787470343,false,false,62.01052082160929,15.66866371247205,,,
2024-03-05T00:00:00,ALVG,126,0.37471384820753451,0.48421320402450357,success,127,180.20519399397128,179.69314726938163,false,false,61.010863707087452,13.660532142465295,,,
2024-03-06T00:00:00,ALVG,126,0.40171587126063024,0.53978919344264376,success,127,180.20519404329502,179.80687332133033,false,false,68.013438373773113,7.7781084437228891,,,
2024-03-07T00:00:00,ALVG,126,0.23634527169419495,0.59622505638669232,success,127,180.2051950920355,179.032373082834,false,false,75.124357104723231,0.56003780269552095,,,
2024-03-08T00:00:00,ALVG,126,0.38219339545497799,0.50823974912908432,success,127,180.20519400511469,179.7249452855809,false,false,64.038208390264629,1.2936507305071836,,,
2024-03-11T00:00:00,ALVG,126,0.41132029737336373,0.51603735871407941,success,127,180.20519400313682,179.84668398932786,false,false,65.020707197974005,4.7530339965188002,,,
2024-03-12T00:00:00,ALVG,126,0.39171942670253529,0.50840570896924919,success,127,180.205193956627,179.76510354717837,false,false,64.059119330125398,2.386337640021519,,,
2024-03-13T00:00:00,ALVG,126,0.083825787006000047,0.32141715060226611,success,127,180.20519410495839,177.81372825049681,false,false,40.498560975885532,0.089453676762966408,,,
2024-03-14T00:00:00,ALVG,126,0.12699565450736514,0.33982553377968094,success,127,180.20519394711403,178.27740628302777,false,false,42.818017256239798,0.13366211953597967,,,
2024-03-15T00:00:00,ALVG,126,0.40519688689565214,0.48419429411019677,success,127,180.20519410460227,179.82133674562417,false,false,61.008481057884794,10.930563424669863,,,
2024-03-18T00:00:00,ALVG,126,0.13889806574923722,0.8571595707211751,success,127,180.20519402123236,178.38072145744897,false,false,108.00210591086807,290.6303020025353,,,
2024-03-19T00:00:00,ALVG,126,0.088024087803770648,0.84927145545525684,success,127,180.20519411315163,177.86719103755684,false,false,107.00820338736236,82.624684368548728,,,
2024-03-20T00:00:00,ALVG,126,0.10745237800023705,0.84132889499117725,success,127,180.20519403742949,178.08816192128592,false,false,106.00744076888833,85.120466157842571,,,
2024-03-21T00:00:00,ALVG,126,0.12817380554538912,0.83614803834921536,success,127,180.20519392011292,178.28799103304689,false,false,105.35465283200114,21.331250822094383,,,
2024-03-22T00:00:00,ALVG,126,0.13293377014198748,0.82751511394886168,success,127,180.20519417191949,178.32992984370705,false,false,104.26690435755657,13.160229896905427,,,
2024-03-25T00:00:00,ALVG,126,0.34516350710013255,0.44446264032656396,success,127,180.20519755701656,179.56483022008823,false,false,56.002292681147061,86.904932847018955,,,
2024-03-26T00:00:00,ALVG,126,0.23224214627870066,0.49389849352246701,success,127,180.20519391458845,179.00950008710495,false,false,62.231210183830846,0.57852517667100611,,,
2024-03-27T00:00:00,ALVG,126,0.34921182188376898,0.42864905974389156,success,127,180.20519396290948,179.58268843047014,false,false,54.00978152773034,20.04958166983333,,,
2024-03-28T00:00:00,ALVG,126,0.3659197314615551,0.42069137392338618,success,127,180.20519494046349,179.65543338391487,false,false,53.007113114346659,23.887743509827718,,,
2024-04-02T00:00:00,ALVG,126,0.32832867766624718,0.34134967333018951,success,127,180.20519390855875,179.48943996406257,false,false,43.010058839603879,23.038671401986559,,,
2024-04-03T00:00:00,ALVG,126,0.28244168384248952,0.33335439227470565,success,127,180.20519523593066,179.27281311512607,false,false,42.002653426612909,110.84815993316262,,,
2024-04-04T00:00:00,ALVG,126,0.11597162859012773,0.77155596863485421,success,127,180.2051941454813,178.17405056907555,false,false,97.216052047991624,18.114312643523846,,,
2024-04-05T00:00:00,ALVG,126,0.068145553581066706,0.76191706693153405,success,127,180.20519527460544,177.58966455690862,false,false,96.001550433373296,397.95642565829905,,,
2024-04-08T00:00:00,ALVG,126,0.086870083790473868,0.75397833628482214,success,127,180.20519410579658,177.8527296521884,false,false,95.001270371887585,457.26911974219252,,,
2024-04-09T00:00:00,ALVG,126,0.19261693057462972,0.30163151014541839,success,127,180.20519411517526,178.77209927710146,false,false,38.005570278322715,74.721612006225527,,,
2024-04-10T00:00:00,ALVG,126,0.20632106612375767,0.36509924312844072,success,127,180.20519418111132,178.85794869592794,false,false,46.002504634183531,150.98629002418468,,,
2024-04-11T00:00:00,ALVG,126,0.047274773021864558,0.73018557309509768,success,127,180.20519437141149,177.20184464689618,false,false,92.003382209982306,192.09153389110298,,,
2024-04-12T00:00:00,ALVG,126,0.34523625708481248,0.86511431468228184,success,127,180.20519404689557,179.5651485599719,false,false,109.00440364996751,66.756385791087411,,,
2024-04-15T00:00:00,ALVG,126,0.35392067770408769,0.79524603586427856,success,127,180.20519412695623,179.60334465452308,false,false,100.20100051889909,1.2015093623280202,,,
2024-04-16T00:00:00,ALVG,126,0.091306734705370318,0.61070539196418128,success,127,180.20519392087036,177.90741087501118,false,false,76.948879387486841,2.0732510468050087,,,
2024-04-17T00:00:00,ALVG,126,0.14948309191810846,0.40480850412235858,success,127,180.20519420337388,178.46653320046573,false,false,51.005871519417184,77.991834305189215,,,
2024-04-18T00:00:00,ALVG,126,0.11864904105860558,0.24605375891006695,success,127,180.20519410254735,178.19990809239218,false,false,31.002773622668435,201.47893264456036,,,
2024-04-19T00:00:00,ALVG,126,0.16323526449132586,0.30954056359887233,success,127,180.20519899763408,178.5708485479197,false,false,39.002111013457913,214.13236908054918,,,
2024-04-22T00:00:00,ALVG,126,0.11051833478253191,0.23017540457217842,success,127,180.20519446191344,178.11973700030671,false,false,29.002100976094482,280.15239502787256,,,
2024-04-23T00:00:00,ALVG,126,0.053732393675386798,0.48416244900289501,success,127,180.20519393814692,177.33668458096943,false,false,61.004468574364772,130.16991395402135,,,
2024-04-24T00:00:00,ALVG,126,0.15742201090695296,0.86511053745475575,success,127,180.20519392021339,178.52765786039902,false,false,109.00392771929923,142.66153863250216,,,
2024-04-25T00:00:00,ALVG,126,0.17720897222903553,0.79367506916681396,success,127,180.205193987938,178.66982140496233,false,false,100.00305871501855,153.6692060069505,,,
2024-04-26T00:00:00,ALVG,126,0.065839092784334793,0.99961855871658256,success,127,180.20519459018377,177.55275966643828,false,false,125.9519383982894,0.0081314522525395335,,,
2024-04-29T00:00:00,ALVG,126,0.29633391535344511,0.95906342149238255,success,127,180.2051939972898,179.34037697615091,false,false,120.8419911080402,5.9612575282967191,,,
2024-04-30T00:00:00,ALVG,126,0.029964130855465929,0.62712045058675081,success,127,180.20519416024172,176.72786213909393,false,false,79.017176773930601,38.132375634980193,,,
2024-05-02T00:00:00,ALVG,126,0.16955288784420144,0.32543800346783919,success,127,180.20519408145401,178.61639473719126,false,false,41.005188436947741,87.846480627993486,,,
2024-05-03T00:00:00,ALVG,126,0.090709437821611005,0.42862024872081739,success,127,180.2051951488321,177.90019186244342,false,false,54.006151338822988,85.0700309705975,,,
2024-05-06T00:00:00,ALVG,126,0.019303031318259271,0.60326332389576642,success,127,180.20519408120649,176.27719271648701,false,false,76.011178810866568,62.105600005010132,,,
2024-05-07T00:00:00,ALVG,126,0.10787158474985002,0.28601064879722032,success,127,180.20519394036921,178.09252534443911,false,false,36.037341748449762,0.57455392789861381,,,
2024-05-08T00:00:00,ALVG,126,0.035262466098918574,0.21431326477725562,success,127,180.20519400093028,176.89615703711658,false,false,27.00347136193421,233.30741760501834,,,
2024-05-09T00:00:00,ALVG,126,0.00055610879819698868,0.57937671520955736,success,127,180.20519403159665,172.71120369243454,false,false,73.001466116404231,659.74886307540476,,,
2024-05-10T00:00:00,ALVG,126,0.00062508332189941892,0.99999863959186353,success,127,180.20519405781079,172.82819373450425,false,false,125.9998285885748,0.017988107766501938,,,
2024-05-13T00:00:00,ALVG,126,0.0010686310312584687,0.99999358059991605,success,127,180.20519405045039,173.36488639318398,false,false,125.99919115558943,0.015643422040441269,,,
2024-05-14T00:00:00,ALVG,126,0.001222391807397928,0.555578746191983,success,127,180.20519404849517,173.49947134639515,false,false,70.002922020189857,312.2338869848208,,,
2024-05-15T00:00:00,ALVG,126,0.0031916324632675097,0.99999952720273733,success,127,180.20519413809325,174.46116812556795,false,false,125.9999404275449,0.018589767750838197,,,
2024-05-16T00:00:00,ALVG,126,0.0024697883029915573,0.53969865592668587,success,127,180.20519443910197,174.204044443057,false,false,68.002030646762421,423.8396904805623,,,
2024-05-17T00:00:00,ALVG,126,0.0028466749517237272,0.53410516325282653,success,127,180.20519412005791,174.34644120508221,false,false,67.297250569856146,16.983215854413128,,,
2024-05-20T00:00:00,ALVG,126,0.0039794813255992715,0.5238260669830026,success,127,180.20519524185374,174.68257887400537,false,false,66.002084439858322,396.87324168018017,,,
2024-05-21T00:00:00,ALVG,126,0.0052134061674947024,0.5159594504670233,success,127,180.20519400010963,174.95389918161368,false,false,65.010890758844937,74.125128077646778,,,
2024-05-22T00:00:00,ALVG,126,0.035098368200106915,0.32553269040996807,success,127,180.20519413114488,176.89132261032606,false,false,41.017118991655977,40.630904491993917,,,
2024-05-23T00:00:00,ALVG,126,0.045071483271930536,0.317519254254231,success,127,180.2051941089062,177.15180736938615,false,false,40.007426036033102,90.16991974351231,,,
2024-05-24T00:00:00,ALVG,126,0.01094427146928667,0.49481668903989628,success,127,180.20519401931395,175.70125950679622,false,false,62.34690281902693,21.128573244818948,,,
2024-05-27T00:00:00,ALVG,126,0.079339592522792324,0.80835560037259091,success,127,180.20519402074126,177.75384005324082,false,false,101.85280564694645,8.5896349269588939,,,
2024-05-28T00:00:00,ALVG,126,0.082254995897172847,0.7943233618939346,success,127,180.20519402036973,177.79309856983588,false,false,100.08474359863575,1.863433806847798,,,
2024-05-29T00:00:00,ALVG,126,0.11755064790165058,0.79053269036804041,success,127,180.2051941008549,178.18936199176645,false,false,99.607118986373095,4.8516156836302233,,,
2024-05-30T00:00:00,ALVG,126,0.12058107020261943,0.74836865942773723,success,127,180.20519401462667,178.21825494078055,false,false,94.294451087894885,17.117615321163001,,,
2024-05-31T00:00:00,ALVG,126,0.14352836782417958,0.83335059229173924,success,127,180.20519424985429,178.41890575412242,false,false,105.00217462875915,254.23488154531799,,,
2024-06-03T00:00:00,ALVG,126,0.1287923802651246,0.76194838839593038,success,127,180.20519432803189,178.29351566268724,false,false,96.00549693788723,1.8183755499108052,,,
2024-06-04T00:00:00,ALVG,126,0.053705365368571623,0.76007041402812703,success,127,180.20519397725275,177.33615291387099,false,false,95.768872167544004,4.7350487100434808,,,
2024-06-05T00:00:00,ALVG,126,0.051757490824054744,0.714413280540389,success,127,180.20519392716793,177.29715281815348,false,false,90.016073348089009,38.747155967681465,,,
2024-06-06T00:00:00,ALVG,126,0.06309265108076402,0.62380450545483024,success,127,180.20519426961391,177.50721417093774,false,false,78.599367687308614,1.3572509838348252,,,
2024-06-07T00:00:00,ALVG,126,0.013026276625381096,0.41277552687708952,success,127,180.20519393733545,175.8775191172785,false,false,52.009716386513276,78.191765448603746,,,
2024-06-10T00:00:00,ALVG,126,0.011578807632431843,0.4049914886884895,success,127,180.20519392635705,175.75826151039325,false,false,51.02892757474968,26.8258373743943,,,
2024-06-11T00:00:00,ALVG,126,0.014018108434044822,0.39689386165626755,success,127,180.20519398222712,175.95190594673659,false,false,50.008626568689714,88.335195358364729,,,
2024-06-12T00:00:00,ALVG,126,0.086124917184300778,0.62099954025138915,success,127,180.20519397265033,177.84329884917423,false,false,78.245942071675032,15.90866247182699,,,
2024-06-13T00:00:00,ALVG,126,0.066767848921911538,0.70287926993388028,success,127,180.20519465671831,177.56776232577371,false,false,88.562788011668914,6.1212301593108718,,,
2024-06-14T00:00:00,ALVG,126,0.018535737146267814,0.37304633522938468,success,127,180.20519399857122,176.23584900257723,false,false,47.003838238902468,193.70458279394603,,,
2024-06-17T00:00:00,ALVG,126,0.024815760378824832,0.36512535697637621,success,127,180.20519394959024,176.53404648320279,false,false,46.005794979023406,124.06046069317699,,,
2024-06-18T00:00:00,ALVG,126,0.005212584579090811,0.35722442608918908,success,127,180.20519400211353,174.95374075382301,false,false,45.010277687237824,85.991590720967764,,,
2024-06-19T00:00:00,ALVG,126,0.060855943751682892,0.63498860111964195,success,127,180.20519466670956,177.46873527814225,false,false,80.00856374107488,67.471513598754356,,,
2024-06-20T00:00:00,ALVG,126,0.070311540938443828,0.65880375496635024,success,127,180.20519460716619,177.62328101971619,false,false,83.009273125760132,59.434699634626199,,,
2024-06-21T00:00:00,ALVG,126,0.084631547331239343,0.65082375963887651,success,127,180.20519399563557,177.82417442790052,false,false,82.003793714498443,138.47205916295431,,,
2024-06-24T00:00:00,ALVG,126,0.10294184989329946,0.52815806452667069,success,127,180.20519466520636,178.0402382425886,false,false,66.547916130360505,1.4081772448453407,,,
2024-06-25T00:00:00,ALVG,126,0.12580157468706848,0.63500150268757083,success,127,180.2051946872952,178.26659316773015,false,false,80.010189338633921,45.465191689354107,,,
2024-06-26T00:00:00,ALVG,126,0.1534869334892236,0.51611569566913507,success,127,180.2051946012887,178.49768440346463,false,false,65.030577654311017,13.604396340974814,,,
2024-06-27T00:00:00,ALVG,126,0.22231781865690847,0.53189406656915084,success,127,180.20519458478935,178.95298462500324,false,false,67.018652387713004,35.95509779653284,,,
2024-06-28T00:00:00,ALVG,126,0.057492166942736823,0.29376921518069349,success,127,180.20519395357439,177.40829843479139,false,false,37.014921112767382,44.522663910388957,,,
2024-07-01T00:00:00,ALVG,126,0.18473598956135254,0.48743921250838479,success,127,180.20519388981518,178.72060961221553,false,false,61.417340776056484,1.3751212624504539,,,
2024-07-02T00:00:00,ALVG,126,0.22355096367717281,0.42072424911409706,success,127,180.20519458099108,178.96010298656995,false,false,53.011255388376227,31.054516372458419,,,
2024-07-03T00:00:00,ALVG,126,0.05014602196813514,0.26993511432902045,success,127,180.20519454968652,177.26382547283345,false,false,34.011824405456579,59.488618142985629,,,
2024-07-04T00:00:00,ALVG,126,0.22038722864837826,0.40488654338245161,success,127,180.20519461570618,178.94178339563658,false,false,51.0157044661889,22.654483546291477,,,
2024-07-05T00:00:00,ALVG,126,0.19785263382256899,0.57149542449110913,success,127,180.20519394439299,178.80542408501725,false,false,72.008423485879746,44.297523605825816,,,
2024-07-08T00:00:00,ALVG,126,0.21263937428056426,0.563559138688838,success,127,180.20519398532494,178.89610526583917,false,false,71.008451474793588,42.118262185750538,,,
2024-07-09T00:00:00,ALVG,126,0.23396318276458034,0.52388488617147877,success,127,180.20519395866975,179.01912749017399,false,false,66.009495657606323,37.384997517461926,,,
2024-07-10T00:00:00,ALVG,126,0.29729135025097891,0.61346378707483074,success,127,180.20519390107674,179.34496416888373,false,false,77.296437171428678,12.537295324879238,,,
2024-07-11T00:00:00,ALVG,126,0.21231886958353954,0.42880902410447563,success,127,180.20519404111459,178.8941899364373,false,false,54.029937037163933,11.878310255900846,,,
2024-07-12T00:00:00,ALVG,126,0.057994474991032316,0.21440450898757071,success,127,180.20519432916444,177.417530936649,false,false,27.014968132433911,50.370959253971684,,,
2024-07-15T00:00:00,ALVG,126,0.24503335447503913,0.41290627850720901,success,127,180.20519412749476,179.07991489932712,false,false,52.026191091908338,12.311024722208709,,,
2024-07-16T00:00:00,ALVG,126,0.30186193556849344,0.57938756211500331,success,127,180.20519395933232,179.3667468219351,false,false,73.002832826490419,96.090902097321774,,,
2024-07-17T00:00:00,ALVG,126,0.29204848845512699,0.50797116236750539,success,127,180.20519416500716,179.31973840501291,false,false,64.004366458305682,61.227417778092061,,,
2024-07-18T00:00:00,ALVG,126,0.2944754444773437,0.38307014382825988,success,127,180.20519395842638,179.33144800112839,false,false,48.266838122360745,1.3299834134534545,,,
2024-07-19T00:00:00,ALVG,126,0.34763010386859905,0.25413501913791109,success,127,180.20519427425313,179.57572154239642,false,false,32.021012411376795,0.90386932053089963,,,
2024-07-22T00:00:00,ALVG,126,0.29801393977707386,0.36732410137551597,success,127,180.20519441284409,179.34842112943451,false,false,46.282836773315012,1.3285376322049438,,,
2024-07-23T00:00:00,ALVG,126,0.28926452243928974,0.47621424067036877,success,127,180.20519395701925,179.30623521128962,false,false,60.002994324466464,91.281360329095506,,,
2024-07-24T00:00:00,ALVG,126,0.33002580043722518,0.53179161718782386,success,127,180.20519455136761,179.49712618238681,false,false,67.005743765665812,42.281169897805228,,,
2024-07-25T00:00:00,ALVG,126,0.347627392298541,0.52384719498334342,success,127,180.20519396054598,179.57570927201687,false,false,66.004746567901265,46.429626139367592,,,
2024-07-26T00:00:00,ALVG,126,0.35965056159589986,0.51589398250875829,success,127,180.20519396864319,179.62831284160436,false,false,65.002641796103546,76.948787420536647,,,
2024-07-29T00:00:00,ALVG,126,0.30385250355444049,0.32762510373369186,success,127,180.20519395597952,179.376174795906,false,false,41.280763070445175,1.3774364190597617,,,
2024-07-30T00:00:00,ALVG,126,0.37161199767720898,0.26200333484141142,success,127,180.20519395925746,179.67988643843466,false,false,33.012420190017842,14.741119307562011,,,
2024-07-31T00:00:00,ALVG,126,0.36074364148064897,0.42863183911067532,success,127,180.20519394653823,179.63305595723884,false,false,54.00761172794509,24.08352120009372,,,
2024-08-01T00:00:00,ALVG,126,0.33735415626263771,0.32551305846524409,success,127,180.2051967936072,179.53008940580955,false,false,41.014645366620755,15.710028989097017,,,
2024-08-02T00:00:00,ALVG,126,0.34708687016378731,0.38108296340913728,success,127,180.20519396227147,179.57332496916351,false,false,48.016453389551295,15.015282963179615,,,
2024-08-05T00:00:00,ALVG,126,0.33347616863369756,0.46829692628483494,success,127,180.20519416956481,179.51268967902951,false,false,59.0054127118892,44.37865273020364,,,
2024-08-06T00:00:00,ALVG,126,0.27898118480748452,0.51578863964016874,success,127,180.2051940331132,179.25567314178264,false,false,64.989368594661258,26.617541531987502,,,
2024-08-07T00:00:00,ALVG,126,0.056712296540427351,0.9460119503300366,success,127,180.20519419724215,177.3938139247561,false,false,119.19750574158461,0.56829533825715783,,,
2024-08-08T00:00:00,ALVG,126,0.053800576848947283,0.99995417331521141,success,127,180.20519403072146,177.33802486638226,false,false,125.99422583771664,0.24059981716140896,,,
2024-08-09T00:00:00,ALVG,126,0.039844006317847534,0.94455687568418412,success,127,180.20519402907397,177.0230702522413,false,false,119.0141663362072,79.628240458236533,,,
2024-08-12T00:00:00,ALVG,126,0.32831044768257506,0.48439230725786542,success,127,180.20519393417916,179.48935732370282,false,false,61.03343071449104,2.801405541409836,,,
2024-08-13T00:00:00,ALVG,126,0.31299309033042266,0.47604591417453329,success,127,180.20519393228508,179.41903069704495,false,false,59.981785185991193,13.188855558479629,,,
2024-08-14T00:00:00,ALVG,126,0.29788490914422455,0.46808709483608035,success,127,180.20519390462479,179.34780376793017,false,false,58.978973949346127,12.273398555608173,,,
2024-08-15T00:00:00,ALVG,126,0.31418296004987178,0.46013211216177924,success,127,180.20519402199747,179.42455862699288,false,false,57.976646132384182,10.20286374273312,,,
2024-08-16T00:00:00,ALVG,126,0.30907530173835329,0.45215136225658453,success,127,180.20519408835312,179.40074818769807,false,false,56.971071644329648,8.4500858074227629,,,
2024-08-19T00:00:00,ALVG,126,0.29954488942538232,0.44421487941524462,success,127,180.20519404684285,179.35572805264124,false,false,55.971074806320821,8.8577869583884272,,,
2024-08-20T00:00:00,ALVG,126,0.27258380738089028,0.43632577761912072,success,127,180.20519388360199,179.22364120718237,false,false,54.97704798000921,12.507130215342769,,,
2024-08-21T00:00:00,ALVG,126,0.14574924101519618,0.66828819619039104,success,127,180.20519412195515,178.43685696025338,false,false,84.204312719989275,0.32615353423134386,,,
2024-08-22T00:00:00,ALVG,126,0.12644872833084569,0.46853901337377624,success,127,180.18976796042017,178.25703805212206,false,false,59.035915685095809,0.46590444405837866,,,
2024-08-23T00:00:00,ALVG,126,0.19902730843262353,0.29383768106964619,success,127,180.20456532973498,178.81218051978661,false,false,37.023547814775419,16.62380682703396,,,
2024-08-26T00:00:00,ALVG,126,0.25323667482355949,0.34930624226876245,success,127,180.20345678723183,179.12203301112359,false,false,44.012586525864066,30.271051505765779,,,
2024-08-27T00:00:00,ALVG,126,0.23761812266217125,0.27793662969283772,success,127,180.20453639082479,179.03875366772104,false,false,35.020015341297551,17.516104563353487,,,
2024-08-28T00:00:00,ALVG,126,0.25592711112970484,0.26995696116185297,success,127,180.20457610025881,179.13732978310159,false,false,34.014577106393475,22.323794084340555,,,
2024-08-29T00:00:00,ALVG,126,0.16206346403400085,0.1510689352524634,success,127,180.19085864856379,178.54790429550044,false,false,19.03468584181039,17.51990280413926,,,
2024-08-30T00:00:00,ALVG,126,0.090194707577536282,0.6069512183473651,success,127,180.19087444604804,177.87961458484219,false,false,76.475853511768008,0.44991217087543556,,,
2024-09-02T00:00:00,ALVG,126,0.0039905311293732962,0.81763699890452324,success,127,180.19193425865453,174.67210183139079,false,false,103.02226186196992,11.40100743026427,,,
2024-09-03T00:00:00,ALVG,126,0.0040842880904526134,0.80963528089688463,success,127,180.19432531927768,174.69781013093242,false,false,102.01404539300746,16.372519238468513,,,
2024-09-04T00:00:00,ALVG,126,0.079641270067379158,0.58058837460067403,success,127,180.19445341293601,177.74722232172897,false,false,73.15413519968493,0.4533626166262687,,,
2024-09-05T00:00:00,ALVG,126,0.15907739808918264,0.34067686871086328,success,127,180.20389420544274,178.5387854449427,false,false,42.925285457568776,3.0689202816332255,,,
2024-09-06T00:00:00,ALVG,126,0.42918978634150196,0.46618403469836006,success,127,180.20519405001289,179.92003648449077,false,false,58.739188371993365,15.195418062044821,,,
2024-09-09T00:00:00,ALVG,126,0.42690501431416472,0.45808686148899525,success,127,180.20519397185072,179.91070403935916,false,false,57.718944547613404,17.970597330906596,,,
2024-09-10T00:00:00,ALVG,126,0.14433671555416422,0.55267696601857752,success,127,180.20519657525358,178.42546850825065,false,false,69.637297718340761,0.40387202751820672,,,
2024-09-11T00:00:00,ALVG,126,0.15374149192831871,0.54496166920779854,success,127,180.20519397192919,178.49964166200581,false,false,68.665170320182611,0.3893125476138225,,,
2024-09-12T00:00:00,ALVG,126,0.14627144468162437,0.53583755301749458,success,127,180.20519392335117,178.44104473666766,false,false,67.515531680204319,0.39206939124340012,,,
2024-09-13T00:00:00,ALVG,126,0.30607179241466548,0.49961268754571292,success,127,180.20519424679847,179.3866454290947,false,false,62.951198630759826,5.2243644856331635,,,
2024-09-16T00:00:00,ALVG,126,0.11611528939498224,0.51704401365576391,success,127,180.2051947837594,178.17545171912971,false,false,65.147545720626255,0.41232662710844226,,,
2024-09-17T00:00:00,ALVG,126,0.14137183592958119,0.51107957060583209,success,127,180.20519415081691,178.40125174673943,false,false,64.396025896334848,0.4053681313838326,,,
2024-09-18T00:00:00,ALVG,126,0.29572036740178498,0.46831455227198959,success,127,180.20519408847562,179.33743290887318,false,false,59.007633586270686,7.6681329439031138,,,
2024-09-19T00:00:00,ALVG,126,0.29563423049527626,0.46050523838364293,success,127,180.20519416577966,179.33701936801148,false,false,58.02366003633901,6.7896684632395283,,,
2024-09-20T00:00:00,ALVG,126,0.10074204680501893,0.48370166418164739,success,127,180.20519413349672,178.01618746451689,false,false,60.94640968688757,0.42410595680193058,,,
2024-09-23T00:00:00,ALVG,126,0.11842683715424762,0.23804250323302634,success,127,180.20519398952439,178.1977813549266,false,false,29.993355407361317,82.911261868915588,,,
2024-09-24T00:00:00,ALVG,126,0.097246329178398636,0.23007905405185786,success,127,180.20519401085369,177.97699151998702,false,false,28.98996081053409,59.138081908398625,,,
2024-09-25T00:00:00,ALVG,126,0.077617594575361534,0.2221691432942122,success,127,180.2051940689586,177.73002831067126,false,false,27.993312055070735,93.702189444884908,,,
2024-09-26T00:00:00,ALVG,126,0.057435602394262708,0.21424217785377653,success,127,180.20519414668703,177.40725426514751,false,false,26.994514409575842,123.51798871486839,,,
2024-09-27T00:00:00,ALVG,126,0.072864608898372915,0.44120104563826179,success,127,180.2051973828471,177.66170082146618,false,false,55.591331750420984,0.43257032334861395,,,
2024-09-30T00:00:00,ALVG,126,0.011074794844978359,0.76477030510178634,success,127,180.205194112454,175.71324720203441,false,false,96.361058442825083,7.0120212599705249,,,
2024-10-01T00:00:00,ALVG,126,0.071580223296524428,0.42527995068210855,success,127,180.20519411399451,177.64252896277102,false,false,53.585273785945681,0.41369196354452736,,,
2024-10-02T00:00:00,ALVG,126,0.075236721116335573,0.41750711803346197,success,127,180.20519399065779,177.69629562510465,false,false,52.605896872216206,0.42145194106650269,,,
2024-10-03T00:00:00,ALVG,126,0.13114782194887104,0.38065986056732204,success,127,180.20519411144994,178.31434620531067,false,false,47.963142431482574,15.071536841922079,,,
2024-10-04T00:00:00,ALVG,126,0.27857243593884595,0.46814022318083004,success,127,180.20519401359647,179.2536401554209,false,false,58.985668120784588,20.177001383605383,,,
2024-10-07T00:00:00,ALVG,126,0.0032632274471868458,0.72790491763399068,success,127,180.20519397588362,174.48342398039875,false,false,91.716019621882822,3.4720714765268705,,,
2024-10-08T00:00:00,ALVG,126,0.25630399349610961,0.52478523650718811,success,127,180.20519397859425,179.13992583525038,false,false,66.122939799905708,0.60278729394106911,,,
2024-10-09T00:00:00,ALVG,126,0.074780693342099566,0.34884925355323376,success,127,180.20519397326277,177.68972291683698,false,false,43.955005947707456,12.367093017574463,,,
2024-10-10T00:00:00,ALVG,126,0.0003590864820928582,0.82527318541067396,success,127,180.20519387946533,172.27360572914193,false,false,103.98442136174492,97.694585493754886,,,
2024-10-11T00:00:00,ALVG,126,0.067564880030151153,0.33307921437568339,success,127,180.20519388313036,177.58048263234002,false,false,41.967981011336107,18.270873943208361,,,
2024-10-14T00:00:00,ALVG,126,0.075760132021619866,0.48707589897523224,success,127,180.2051939194078,177.70379447558241,false,false,61.371563270879264,0.66494086264776431,,,
2024-10-15T00:00:00,ALVG,126,0.022513826090599424,0.31510801780369907,success,127,180.20491933917395,176.43406480515512,false,false,39.703610243266084,17.518504180988508,,,
2024-10-16T00:00:00,ALVG,126,0.072703407105932205,0.40434451313940162,success,127,180.20519343253252,177.65930821767734,false,false,50.947408655564601,13.94380185589841,,,
2024-10-17T00:00:00,ALVG,126,0.00026467460073385731,0.66393071198119502,success,127,180.20519400388247,171.96844930526498,false,false,83.655269709630574,3.2554823348029007,,,
2024-10-18T00:00:00,ALVG,126,0.00022480808607984131,0.65284652027886725,success,127,180.20320306803524,171.80316443090885,false,false,82.25866155513728,6.7638583735317868,,,
2024-10-21T00:00:00,ALVG,126,0.043903571327670914,0.28556645305395417,success,127,180.20519414653344,177.12433103995656,false,false,35.981373084798228,37.236195839246285,,,
2024-10-22T00:00:00,ALVG,126,0.026993530164875511,0.27603344275592429,success,127,180.19742900699089,176.61263548922582,false,false,34.78021378724646,17.528053141241056,,,
2024-10-23T00:00:00,ALVG,126,0.020764685621924246,0.26793371554645457,success,127,180.18305897870457,176.32954074023863,false,false,33.759648158853274,18.496508863557931,,,
2024-10-24T00:00:00,ALVG,126,0.017125418317225891,0.2599658960665181,success,127,180.18350757682455,176.1335898632519,false,false,32.75570290438128,18.65176558806645,,,
2024-10-25T00:00:00,ALVG,126,0.012393032562507584,0.25096802129205142,success,127,180.18370394285867,175.80555355506527,false,false,31.62197068279848,22.770154562661798,,,
2024-10-28T00:00:00,ALVG,126,0.012172250951332817,0.26450481263174741,success,127,180.18162133164088,175.78527184108219,false,false,33.32760639160017,0.44422135339808838,,,
2024-10-29T00:00:00,ALVG,126,0.014339461579521956,0.25664862109580489,success,127,180.09037600966522,175.86007928357267,false,false,32.337726258071413,0.45123152644552678,,,
2024-10-30T00:00:00,ALVG,126,0.0019174056278821706,0.59303917476975587,success,127,180.16349774042686,173.90863474446769,false,false,74.722936020989238,3.2783404979515591,,,
2024-10-31T00:00:00,ALVG,126,0.077769367633235678,0.51147611647932345,success,127,180.03879492024853,177.56574720583865,false,false,64.445990676394757,57.324057321339701,,,
2024-11-01T00:00:00,ALVG,126,0.0029404289428487168,0.57908487524984942,success,127,180.09663504017547,174.27037999132705,false,false,72.96469428148103,25.729690131367285,,,
2024-11-04T00:00:00,ALVG,126,0.076985593029329419,0.46004055976613828,success,127,179.87570742287659,177.39168088047569,false,false,57.965110530533423,15.753005975146687,,,
2024-11-05T00:00:00,ALVG,126,0.0065408106383617326,0.48747483108046108,success,127,179.8916026423654,174.86847076746795,false,false,61.421828716138094,39.640458935301098,,,
2024-11-06T00:00:00,ALVG,126,0.091359609731624589,0.44413538661557372,success,127,179.90183703925177,177.60469110774889,false,false,55.961058713562288,15.518257039022584,,,
2024-11-07T00:00:00,ALVG,126,0.10114923857374111,0.43615808956991514,success,127,179.89814171623613,177.71362173652378,false,false,54.955919285809308,15.290182192861371,,,
2024-11-08T00:00:00,ALVG,126,0.10121325558550137,0.42823980603555339,success,127,179.81215714831029,177.62834108852249,false,false,53.958215560479729,15.226723524080331,,,
2024-11-11T00:00:00,ALVG,126,0.12082248271063083,0.42029107072655975,success,127,179.90053365491727,177.91586920727437,false,false,52.956674911546529,18.316182721489064,,,
2024-11-12T00:00:00,ALVG,126,0.043732186537962014,0.45093768045926547,success,127,179.84899899531081,176.76404534692946,false,false,56.818147737867449,92.687285425846895,,,
2024-11-13T00:00:00,ALVG,126,0.048057672310827547,0.51251052797546748,success,127,179.87484394391336,176.88874128726769,false,false,64.576326524908907,16.529228715138213,,,
2024-11-14T00:00:00,ALVG,126,0.052552440401876004,0.44975775642617455,success,127,179.90830083643093,177.0163407829383,false,false,56.669477309697996,23.472735255411184,,,
2024-11-15T00:00:00,ALVG,126,0.41568530721314262,0.70222942047861481,success,127,179.97014631236917,179.62963511810659,false,false,88.480906980305463,24.348594130802695,,,
2024-11-18T00:00:00,ALVG,126,0.018572134584099995,0.48583884924043419,success,127,179.95854985381382,175.99120365377004,false,false,61.215695004294709,14.57460693109279,,,
2024-11-19T00:00:00,ALVG,126,0.038373481874471323,0.60306008171017866,success,127,179.97003623355661,176.74877673792076,false,false,75.985570295482518,201.17697450515215,,,
2024-11-20T00:00:00,ALVG,126,0.010184873063538422,0.46882938839787081,success,127,179.96148949634321,175.38487489764287,false,false,59.07250293813172,16.864517297892725,,,
2024-11-21T00:00:00,ALVG,126,0.44894038986482127,0.72560753764587926,success,127,180.04263082224065,179.83767795051094,false,false,91.426549743380789,21.726159915628987,,,
2024-11-22T00:00:00,ALVG,126,0.023198701820667654,0.45321066559193585,success,127,180.02874990058868,176.28856296988161,false,false,57.104543864583917,18.837664745788608,,,
2024-11-25T00:00:00,ALVG,126,0.019779984492370808,0.44573266073472217,success,127,180.00565879504549,176.1025522851472,false,false,56.162315252574992,11.751877800132561,,,
2024-11-26T00:00:00,ALVG,126,0.01878762064642879,0.43697893660000842,success,127,179.98349615290067,176.02790540074272,false,false,55.059346011601058,32.162411586969519,,,
2024-11-27T00:00:00,ALVG,126,0.016345874277050615,0.42860741144111941,success,127,179.81885375421149,175.72155494490391,false,false,54.004533841581043,456.62612206437757,,,
2024-11-28T00:00:00,ALVG,126,0.038598343330254435,0.42077041052362996,success,127,179.93008765185633,176.71490472985769,false,false,53.017071725977374,221.03921323642876,,,
2024-11-29T00:00:00,ALVG,126,0.032398456390128512,0.41320640954998611,success,127,179.94656355611178,176.54985396146304,false,false,52.064007603298251,55.142578347095878,,,
2024-12-02T00:00:00,ALVG,126,0.042558397962239272,0.4057499134942994,success,127,179.78750422372482,176.67411669702912,false,false,51.124489100281721,25.348146104449764,,,
2024-12-03T00:00:00,ALVG,126,0.039271787293289416,0.39751382000686758,success,127,179.86826961684702,176.67108444553736,false,false,50.086741320865315,30.072461762988112,,,
2024-12-04T00:00:00,ALVG,126,0.041210514512049122,0.38964418472949308,success,127,179.88977533576431,176.74279722998779,false,false,49.095167275916126,19.830881344403032,,,
2024-12-05T00:00:00,ALVG,126,0.046711949888728926,0.38265273845796233,success,127,179.71716040765801,176.70124331173349,false,false,48.214245045703251,6.8457206172910396,,,
2024-12-06T00:00:00,ALVG,126,0.04951569129357504,0.37561530267116361,success,127,179.63467165068195,176.67998961252408,false,false,47.327528136566613,8.8876669407769366,,,
2024-12-09T00:00:00,ALVG,126,0.075334345963400218,0.36611580153597906,success,127,179.74247147483138,177.23497541026103,false,false,46.13059099353336,28.429370617803368,,,
2024-12-10T00:00:00,ALVG,126,0.079349339789764814,0.35959191819969749,success,127,179.55667491102707,177.10545437830893,false,false,45.308581693161884,15.790778284487743,,,
2024-12-11T00:00:00,ALVG,126,0.07457802795538726,0.35086031536102097,success,127,179.71047308794272,177.192069200855,false,false,44.208399735488641,17.863787465668146,,,
2024-12-12T00:00:00,ALVG,126,0.063045929863426275,0.34312529327777364,success,127,179.82082976202545,177.12205900520391,false,false,43.23378695299948,14.204227826700615,,,
2024-12-13T00:00:00,ALVG,126,0.056869149136796519,0.33432087092481982,success,127,179.89056723881276,177.08211520527067,false,false,42.124429736527297,22.416564942430693,,,
2024-12-16T00:00:00,ALVG,126,0.054700950467464204,0.32663735252326415,success,127,179.94429189680909,177.09467165012654,false,false,41.156306417931283,18.400568414730742,,,
2024-12-17T00:00:00,ALVG,126,0.042642224533234553,0.31845702822879274,success,127,179.93858845850153,176.8272562344518,false,false,40.125585556827886,18.923680214380308,,,
2024-12-18T00:00:00,ALVG,126,0.39233585381157771,0.5729417148998025,success,127,179.90976905128568,179.47226495598127,false,false,72.19065607737511,14.101101613783243,,,
2024-12-19T00:00:00,ALVG,126,0.34646435925709451,0.65172012501410803,success,127,179.89129774259527,179.25668062682615,false,false,82.116735751777611,8.9470108771161687,,,
2024-12-20T00:00:00,ALVG,126,0.024973168007637058,0.29426864505865064,success,127,179.86566185024631,176.20099882843155,false,false,37.07784927738998,22.609911480046318,,,
2024-12-23T00:00:00,ALVG,126,0.020268290778645136,0.28635139094681777,success,127,179.82294796083389,175.94472682694811,false,false,36.080275259299043,19.939240561526169,,,
2024-12-27T00:00:00,ALVG,126,0.010920394286471341,0.22812210831196522,success,127,179.83011411500669,175.32397137199206,false,false,28.743385647307619,12.120198687984193,,,
2024-12-30T00:00:00,ALVG,126,0.010733155362066997,0.27067324621166544,success,127,179.6356160980061,175.11198957277088,false,false,34.104829022669847,15.410426276987469,,,
2025-01-02T00:00:00,ALVG,126,0.014159451630929961,0.26284426559684876,success,127,179.50664958040221,175.26353731541343,false,false,33.118377465202947,14.943678998320099,,,
2025-01-03T00:00:00,ALVG,126,0.010673151355663586,0.25478245663814986,success,127,179.52150432526682,174.99221093327859,false,false,32.102589536406882,15.611550555588501,,,
2025-01-06T00:00:00,ALVG,126,0.28110391392479633,0.67056417728368578,success,127,179.46193383429195,178.52294141405986,false,false,84.491086337744406,23.689687385800642,,,
2025-01-07T00:00:00,ALVG,126,0.2726115985877044,0.66274061831267606,success,127,179.38562706475795,178.40421454396781,false,false,83.505317907397185,18.911451248778537,,,
2025-01-08T00:00:00,ALVG,126,0.18895187374909464,0.65475331437242257,success,127,179.24208266876261,177.78524762093099,false,false,82.498917610925247,30.166211131168886,,,
2025-01-09T00:00:00,ALVG,126,0.0038824526012535407,0.22318469351854292,success,127,178.99894633912982,173.45154813669291,false,false,28.121271383336406,10.671833260310914,,,
2025-01-10T00:00:00,ALVG,126,0.004175537401310706,0.2143098321128471,success,127,179.05728331221889,173.58295538143366,false,false,27.003038846218736,444.79944299117665,,,
2025-01-13T00:00:00,ALVG,126,0.0043253198538188865,0.20636717192199225,success,127,178.96651440786403,173.52757992228223,false,false,26.002263662171025,583.47961723349044,,,
2025-01-14T00:00:00,ALVG,126,0.0039109351483110743,0.19849526016338076,success,127,178.84323201506928,173.30317185270786,false,false,25.010402780585977,130.63837730988425,,,
2025-01-15T00:00:00,ALVG,126,0.011323690362633955,0.14176150361736473,success,127,178.99872984766904,174.52925988358996,false,false,17.861949455787954,18.425157965279521,,,
2025-01-16T00:00:00,ALVG,126,0.0033476812714207617,0.18772923955611734,success,127,178.98668549041528,173.29055145712712,false,false,23.653884184070783,0.32014639481379298,,,
2025-01-17T00:00:00,ALVG,126,0.22977369713293216,0.59912124783420628,success,127,178.90112538343013,177.69153591097688,false,false,75.489277227109994,27.726967154089564,,,
2025-01-20T00:00:00,ALVG,126,0.34577470663409537,0.65742088685365363,success,127,179.02698472320034,178.38932037187595,false,false,82.835031743560364,17.280836323910378,,,
2025-01-21T00:00:00,ALVG,126,0.0013903986235551968,0.15762091856336216,success,127,178.79597472357958,172.21920129628739,false,false,19.860235738983633,0.30938977135258333,,,
2025-01-22T00:00:00,ALVG,126,0.0024309398009373685,0.1509668703231237,success,127,178.77190385684179,172.75486040913316,false,false,19.021825660713585,44.514425782426912,,,
2025-01-23T00:00:00,ALVG,126,0.0021161833856923576,0.14287209985052066,success,127,178.71021144352753,172.55418876665806,false,false,18.001884581165601,454.93902936349599,,,
2025-01-24T00:00:00,ALVG,126,0.17087201606054586,0.51424218822543166,success,127,178.92418177176876,177.34472207721589,false,false,64.794515716404391,3.0668228583285551,,,
2025-01-27T00:00:00,ALVG,126,0.32845833345128261,0.76973997502255609,success,127,179.03201411217589,178.31684803924782,false,false,96.987236852842074,14.100170186823775,,,
2025-01-28T00:00:00,ALVG,126,0.33123045609645657,0.76177308795205845,success,127,178.81407797639974,178.1114528291842,false,false,95.983409081959365,13.540861505821123,,,
2025-01-29T00:00:00,ALVG,126,0.32380657148769426,0.65746718533861603,success,127,178.72456462878492,177.98823179275351,false,false,82.840865352665617,15.876835279053044,,,
2025-01-30T00:00:00,ALVG,126,0.000618894785540826,0.051804048239392851,success,127,178.42875653881345,171.04180035057271,false,false,6.5273100781634996,2.4189747980907113,,,
2025-01-31T00:00:00,ALVG,126,6.791399864836646e-05,0.077088826129458374,success,127,178.73871463355565,169.14151417087248,false,false,9.7131920923117558,0.3038705220655139,,,
2025-02-03T00:00:00,ALVG,126,0.00064118178165198608,0.081500682996531917,success,127,179.4190472213393,172.06749105823877,false,false,10.269086057563021,0.35199013473466173,,,
2025-02-04T00:00:00,ALVG,126,0.18965783193192248,0.76166623024928959,success,127,179.81529594485676,178.36306092072445,false,false,95.969945011410488,14.551166384275948,,,
2025-02-05T00:00:00,ALVG,126,0.11170962233510955,0.5569779633919788,success,127,179.37311845533316,177.2997226107349,false,false,70.179223387389328,89.192137209120446,,,
2025-02-06T00:00:00,ALVG,126,0.082399063319223267,0.54844756806975981,success,127,179.02367176712502,176.61348324988182,false,false,69.104393576789732,134.79599859897215,,,
2025-02-07T00:00:00,ALVG,126,0.12553510882695845,0.54191428156693877,success,127,179.67356954735035,177.7325428720705,false,false,68.281199477434285,106.17044011777648,,,
2025-02-10T00:00:00,ALVG,126,0.028787412951699065,0.054607313947625892,success,127,179.97494473606298,176.456337596856,false,false,6.8805215574008622,11.649950575375717,,,
2025-02-11T00:00:00,ALVG,126,0.033732006925522175,0.39039278364982982,success,127,179.98875663021406,176.63376255595648,false,false,49.189490739878558,12.654220590359378,,,
2025-02-12T00:00:00,ALVG,126,0.10700167283410293,0.45665247179371815,success,127,179.97747074544046,177.85573050614346,false,false,57.538211446008489,31.107338031602513,,,
2025-02-13T00:00:00,ALVG,126,0.41165288547014206,0.74263309938817745,success,127,179.84378409241879,179.48664747110664,false,false,93.571770522910356,13.942385792478882,,,
2025-02-14T00:00:00,ALVG,126,0.38584684267806879,0.60336783033828079,success,127,180.20519402499971,179.74039019616544,false,false,76.024346622623383,17.9949452120592,,,
2025-02-17T00:00:00,ALVG,126,0.0027018738296377639,0.98261021823780714,success,127,180.20519404024242,174.29408983501202,false,false,123.8088874979637,9.1227812337494445,,,
2025-02-18T00:00:00,ALVG,126,0.092787289220198146,0.77784230221040362,success,127,180.20519447380369,177.92512719072872,false,false,98.00813007851086,72.332066183052362,,,
2025-02-19T00:00:00,ALVG,126,0.10877018358617026,0.58002759447981034,success,127,180.20519426149914,178.10182918534969,false,false,73.083476904456106,14.329190983490623,,,
2025-02-20T00:00:00,ALVG,126,0.0049673053665380846,0.33995601870952064,success,127,180.20519423909559,174.90529615685367,false,false,42.834458357399598,12.550775672173479,,,
2025-02-21T00:00:00,ALVG,126,0.0059396067158176925,0.32715762080794325,success,127,180.20519553733149,175.08504049641374,false,false,41.221860221800853,3.3622337742640118,,,
2025-02-24T00:00:00,ALVG,126,0.0091549098625502458,0.32205852957794623,success,127,180.20519419454959,175.52092632152207,false,false,40.579374726821221,5.816820405335565,,,
2025-02-25T00:00:00,ALVG,126,0.16527280428997068,0.54793113048263775,success,127,180.20519414041382,178.58568664860925,false,false,69.039322440812356,28.699235401707281,,,
2025-02-26T00:00:00,ALVG,126,0.00015607441194654065,0.92238049092141416,success,127,180.20519406320068,171.44017248500791,false,false,116.21994185609819,24.495079907877944,,,
2025-02-27T00:00:00,ALVG,126,0.18065088231073118,0.9867304214119792,success,127,180.20519405676745,178.69325013228911,false,false,124.32803309790938,16.059261185759166,,,
2025-02-28T00:00:00,ALVG,126,0.00025913917279816524,0.90762172394743279,success,127,180.20519411089489,171.94730798977733,false,false,114.36033721737653,17.164923078742572,,,
2025-03-03T00:00:00,ALVG,126,0.043642748413326146,0.51572561847558218,success,127,180.20519638284244,177.11810198367453,false,false,64.981427927923349,9.1649099862815326,,,
2025-03-04T00:00:00,ALVG,126,0.011912895283791568,0.38676656034788459,success,127,180.20519424874632,175.78704484291615,false,false,48.732586603833461,4.4145321340338377,,,
2025-03-05T00:00:00,ALVG,126,0.0064010297223868959,0.31750459053684904,success,127,180.20519400807504,175.16031920479793,false,false,40.005578407642979,158.58530977274725,,,
2025-03-06T00:00:00,ALVG,126,0.023490982245895763,0.51592676707231744,success,127,180.20519395472763,176.47782658297041,false,false,65.006772651112001,99.584478291144904,,,
2025-03-07T00:00:00,ALVG,126,0.024452397090629376,0.50795253493902626,success,127,180.20519399430052,176.51892328858779,false,false,64.002019402317302,333.22619150955302,,,
2025-03-10T00:00:00,ALVG,126,0.012325878328944027,0.35515365888917755,success,127,180.20519609002204,175.82154426444876,false,false,44.749361020036368,4.3167222173459159,,,
2025-03-11T00:00:00,ALVG,126,0.01179697156447878,0.40231897083404128,success,127,180.20519394004327,175.7771486204926,false,false,50.6921903250892,4.3431608402135575,,,
2025-03-12T00:00:00,ALVG,126,6.9989018215980452e-05,0.65086107566175444,success,127,180.2051941062567,170.63809188687313,false,false,82.008495533381065,130.16018780923486,,,
2025-03-13T00:00:00,ALVG,126,0.00043154452031858115,0.9075948528961636,success,127,180.20519397478068,172.45748573538944,false,false,114.35695146491662,22.923179303960183,,,
2025-03-14T00:00:00,ALVG,126,0.0001848430518202736,0.63499053505607672,success,127,180.20519729602162,171.60937869466576,false,false,80.008807417065668,118.54605021854088,,,
2025-03-17T00:00:00,ALVG,126,0.013494369821773645,0.46039871648573077,success,127,180.20519420375828,175.91329771930188,false,false,58.010238277202077,71.995201258067809,,,
2025-03-18T00:00:00,ALVG,126,2.0404617658910286e-06,0.81231217992267291,success,127,180.20519419943423,167.10286182000425,false,false,102.35133467025679,18.53996096122653,,,
2025-03-19T00:00:00,ALVG,126,2.4746036958748084e-06,0.80404113940756083,success,127,180.20519737872689,167.29576955569013,false,false,101.30918356535267,25.225836290006605,,,
2025-03-20T00:00:00,ALVG,126,4.1250787805881646e-06,0.79367088855801737,success,127,180.20519406344221,167.8067727484939,false,false,100.00253195831019,544.30857936609368,,,
2025-03-21T00:00:00,ALVG,126,7.4795795893234572e-06,0.78574024979849966,success,127,180.20519416541416,168.40186767282839,false,false,99.003271474610955,407.95856952225296,,,
2025-03-24T00:00:00,ALVG,126,1.0910272479454148e-05,0.78042388424004139,success,127,180.20519412089033,168.77939924799318,false,false,98.33340941424521,17.495922633121634,,,
2025-03-25T00:00:00,ALVG,126,1.6910796751726779e-05,0.77159089531906677,success,127,180.20519681085779,169.21765544282636,false,false,97.220452810202417,25.865143796311617,,,
2025-03-26T00:00:00,ALVG,126,2.5970436431305934e-05,0.76197544604277334,success,127,180.20519743932141,169.64667168287434,false,false,96.008906201389436,138.83066445370065,,,
2025-03-27T00:00:00,ALVG,126,4.4196177365301531e-05,0.75655357497664688,success,127,180.20519425682855,170.178366196414,false,false,95.325750447057501,20.611713719139413,,,
2025-03-28T00:00:00,ALVG,126,5.1901616452213579e-05,0.74611983979841834,success,127,180.20519431736784,170.3390855975685,false,false,94.011099814600712,106.43906816845579,,,
2025-03-31T00:00:00,ALVG,126,0.0032153828797476768,0.5477187150727445,success,127,180.20519403445596,174.46860576108247,false,false,69.012558099165801,66.731139981016923,,,
2025-04-01T00:00:00,ALVG,126,8.5377795029104134e-05,0.73023212119786673,success,127,180.20519412927274,170.83685500836529,false,false,92.009247270931212,122.91463942619637,,,
2025-04-02T00:00:00,ALVG,126,0.00013254344867785883,0.72278501214787916,success,127,180.20519391649273,171.27672641698572,false,false,91.07091153063277,15.492591106771263,,,
2025-04-03T00:00:00,ALVG,126,0.00015262762761890201,0.71432327424255893,success,127,180.20519536380561,171.41783859357668,false,false,90.004732554562423,230.4667174821214,,,
2025-04-04T00:00:00,ALVG,126,3.3275301393058765e-07,0.70914175132713442,success,127,180.20519396240607,165.28932897308957,false,false,89.351860667218943,18.786857134984579,,,
2025-04-07T00:00:00,ALVG,126,1.001043199778556e-09,0.69936405537849933,success,127,179.50544067361477,158.7832174936932,false,false,88.119870977690908,16.252332499755539,,,
2025-04-08T00:00:00,ALVG,126,1.7493907829326312e-10,0.6905920855999349,success,127,180.20519391387671,157.73861058739888,false,false,87.014602785591791,118.10426868525361,,,
2025-04-09T00:00:00,ALVG,126,8.0851751259752891e-11,0.68557475295372505,success,127,180.2051940346569,156.96679016520073,false,false,86.382418872169353,17.844203057079032,,,
2025-04-10T00:00:00,ALVG,126,6.113846816323098e-12,0.68039898174132185,success,127,180.20519455084502,154.38472960350148,false,false,85.730271699406558,10.590616957195918,,,
2025-04-11T00:00:00,ALVG,126,1.3223181392929999e-11,0.67214184627558737,success,127,180.2051940916401,155.15614443119145,false,false,84.689872630724011,10.548656791079772,,,
2025-04-14T00:00:00,ALVG,126,1.3314881500768867e-11,0.66448784443407782,success,127,180.20519402334682,155.16305522697849,false,false,83.725468398693806,10.526649084072131,,,
2025-04-15T00:00:00,ALVG,126,5.1909988140950834e-12,0.93980343086938578,success,127,180.20519411636141,154.22109912882908,false,false,118.41523228954262,25.889779754427551,,,
2025-04-16T00:00:00,ALVG,126,1.1826077057335672e-11,0.93129671021579685,success,127,180.20519396753355,155.04447986491979,false,false,117.3433854871904,24.076765931892066,,,
2025-04-17T00:00:00,ALVG,126,3.5007551392511662e-11,0.92353897317814637,success,127,180.20519409970498,156.12973677610105,false,false,116.36591062044644,24.909084320536358,,,
2025-04-22T00:00:00,ALVG,126,8.794472580304669e-11,0.63242611533486637,success,127,180.2051946719165,157.05088205733222,false,false,79.685690532193163,10.477749712200104,,,
2025-04-23T00:00:00,ALVG,126,2.0319195371782595e-10,0.62439133100238053,success,127,180.205194281611,157.88832428296061,false,false,78.673307706299951,11.129694373375871,,,
2025-04-24T00:00:00,ALVG,126,4.4941558679135336e-10,0.61585461855549384,success,127,180.20519444401674,158.68212137124624,false,false,77.59768193799222,11.198689699808824,,,
2025-04-25T00:00:00,ALVG,126,7.2359894239109946e-10,0.60787553297456132,success,127,180.20519549410656,159.1584116708284,false,false,76.592317154794728,12.006100915298839,,,
2025-04-28T00:00:00,ALVG,126,3.8594582269516442e-08,0.6693282213430205,success,127,180.20519412382072,163.13504023637688,false,false,84.33535588922058,18.786696863898964,,,
2025-04-29T00:00:00,ALVG,126,2.957560512089712e-09,0.87559597342753348,success,127,180.20519489669419,160.56629383992086,false,false,110.32509265186921,21.945643657445274,,,
2025-04-30T00:00:00,ALVG,126,1.2151519528584108e-09,0.57942758249474868,success,127,180.20519389113588,159.67679718845827,false,false,73.007875394338328,208.17978202659657,,,
2025-05-02T00:00:00,ALVG,126,1.992319882753656e-09,0.57151318926801387,success,127,180.20519408171944,160.17122797674725,false,false,72.010661847769754,151.89020862568839,,,
2025-05-05T00:00:00,ALVG,126,2.9992919393305221e-07,0.6375152146531895,success,127,180.20519395311257,165.18547484267128,false,false,80.326917046301872,19.569174372247574,,,
2025-05-06T00:00:00,ALVG,126,6.0756303408450195e-09,0.55561087065671066,success,127,180.20519464771223,161.28621456049527,false,false,70.00696970274555,226.44059506286743,,,
2025-05-07T00:00:00,ALVG,126,5.1490169369955989e-07,0.62147285262088503,success,127,180.20519411095589,165.72590478533371,false,false,78.305579430231518,21.416252769379131,,,
2025-05-08T00:00:00,ALVG,126,4.9603302179403502e-09,0.54285674004844364,success,127,180.20519411831455,161.08340060104686,false,false,68.399949246103901,15.452054177767693,,,
2025-05-09T00:00:00,ALVG,126,2.4807081311898467e-09,0.53194718087709303,success,127,180.20519506564693,160.39047328737036,false,false,67.025344790513728,64.269546358734985,,,
2025-05-12T00:00:00,ALVG,126,1.9961987478791141e-09,0.52681708281206252,success,127,180.20519390842762,160.17317281949533,false,false,66.378952434319871,16.369361944383392,,,
2025-05-13T00:00:00,ALVG,126,3.7307043983697061e-09,0.51595448420389167,success,127,180.20519702695282,160.79852825631144,false,false,65.010265009690357,158.55351511930786,,,
2025-05-14T00:00:00,ALVG,126,4.5283188248110326e-09,0.5080951827102349,success,127,180.20519400884621,160.99227892669009,false,false,64.019993021489597,80.934633093845363,,,
2025-05-15T00:00:00,ALVG,126,8.5138384102859305e-09,0.50007684883528036,success,127,180.20519412399688,161.62362118349557,false,false,63.009682953245324,164.82335050000034,,,
2025-05-16T00:00:00,ALVG,126,1.1444947246834222e-08,0.49228373618126092,success,127,180.20519403630712,161.91947655492339,false,false,62.027750758838877,57.227654167137231,,,
2025-05-19T00:00:00,ALVG,126,2.0705399321870807e-06,0.55797272793000074,success,127,180.20519417915884,167.11749510180726,false,false,70.304563719180095,20.258645421504731,,,
2025-05-20T00:00:00,ALVG,126,1.8994580184984575e-07,0.76436868808432101,success,127,180.20519523260236,164.7286683636479,false,false,96.310454698624454,23.484708399756602,,,
2025-05-21T00:00:00,ALVG,126,1.1842039702015359e-06,0.54233168298858359,success,127,180.20519509904634,166.55875651904108,false,false,68.333792056561535,19.833076861929229,,,
2025-05-22T00:00:00,ALVG,126,6.8277809538909496e-07,0.74838024749927656,success,127,180.2051939655741,166.00809872124506,false,false,94.295911184908846,23.509994859588318,,,
2025-05-23T00:00:00,ALVG,126,1.0066015452423745e-06,0.74029730924191506,success,127,180.20519396919323,166.3962642683006,false,false,93.277460964481293,23.160218697962595,,,
2025-05-26T00:00:00,ALVG,126,1.6189671705845254e-06,0.73243366327454562,success,127,180.20519394378431,166.87147340169011,false,false,92.286641572592742,22.338261577646609,,,
2025-05-27T00:00:00,ALVG,126,4.0247732459186181e-08,0.43964154945563488,success,127,180.20519440343591,163.17698227259712,false,false,55.394835231409992,21.594166767879269,,,
2025-05-28T00:00:00,ALVG,126,6.699557880159056e-08,0.42864842878340076,success,127,180.20519391514654,163.68655477437341,false,false,54.009702026708496,161.0195914208546,,,
2025-05-29T00:00:00,ALVG,126,1.3984802239041304e-08,0.42258711210512678,success,127,180.20519530346044,162.11990066611901,false,false,53.245976125245974,24.328460986221973,,,
2025-05-30T00:00:00,ALVG,126,3.1397322394157958e-08,0.41564041854244288,success,127,180.20519443950039,162.92865124915807,false,false,52.370692736347806,20.222322808798626,,,
2025-06-02T00:00:00,ALVG,126,6.7030098046794557e-08,0.4075060332660061,success,127,180.20519398556647,163.68706995874899,false,false,51.345760191516767,22.557269502708074,,,
2025-06-03T00:00:00,ALVG,126,1.0526609200478335e-07,0.39978473939714493,success,127,180.2051944318668,164.1384200542191,false,false,50.372877164040261,16.555085065085816,,,
2025-06-04T00:00:00,ALVG,126,2.5735799993594668e-05,0.67693506027230899,success,127,180.20519448743235,169.63759268404146,false,false,85.293817594310937,23.707897934356208,,,
2025-06-05T00:00:00,ALVG,126,4.5242383020182944e-05,0.66879021448377629,success,127,180.20519393209614,170.20176294246934,false,false,84.26756702495581,22.105411566703427,,,
2025-06-06T00:00:00,ALVG,126,7.4065725755897318e-05,0.6609982461180206,success,127,180.20519449916546,170.69471089456093,false,false,83.285779010870598,20.025337271412781,,,
2025-06-09T00:00:00,ALVG,126,8.231853104030672e-05,0.65307359778585383,success,127,180.20519432583097,170.80036233664717,false,false,82.28727332101758,22.730438043790933,,,
2025-06-10T00:00:00,ALVG,126,5.8825193456538683e-07,0.3597917904007793,success,127,180.20519398625373,165.85908405384043,false,false,45.333765590498189,18.976045598570163,,,
2025-06-11T00:00:00,ALVG,126,9.8620665169516975e-07,0.34925888649088077,success,127,180.20519402983905,166.37579509764009,false,false,44.006619697850979,230.39220524838649,,,
2025-06-12T00:00:00,ALVG,126,0.00024668252227048675,0.62930213666298307,success,127,180.20519417215505,171.8980325020834,false,false,79.292069219535861,23.239963671015428,,,
2025-06-13T00:00:00,ALVG,126,0.00033720742669047929,0.62105191514472113,success,127,180.20519526776377,172.2107202245648,false,false,78.252541308234868,21.344587918159856,,,
2025-06-16T00:00:00,ALVG,126,0.00042044362405857999,0.61307980871857104,success,127,180.20519443648593,172.43141481215568,false,false,77.248055898539945,21.598157143446944,,,
2025-06-17T00:00:00,ALVG,126,0.00057671832041856336,0.60504996688133916,success,127,180.20519400254568,172.74761429706027,false,false,76.236295827048735,22.976243757879271,,,
2025-06-18T00:00:00,ALVG,126,0.00072859363008375246,0.5952668861395074,success,127,180.20519393631182,172.98152837938775,false,false,75.003627653577936,262.61805142671045,,,
2025-06-19T00:00:00,ALVG,126,0.00086197094891273527,0.58923760135944292,success,127,180.2051939201192,173.1497672729528,false,false,74.243937771289808,20.074575585026381,,,
2025-06-20T00:00:00,ALVG,126,0.00096097684451098425,0.57939155956702171,success,127,180.20519429347482,173.25859548786744,false,false,73.003336505444736,279.59576417870545,,,
2025-06-23T00:00:00,ALVG,126,0.0011993707602863753,0.57331667825792709,success,127,180.20519737283234,173.480439237269,false,false,72.237901460498819,22.183087181505346,,,
2025-06-24T00:00:00,ALVG,126,0.0015522709090168463,0.56574399635217554,success,127,180.20519538955025,173.73871254880484,false,false,71.283743540374118,20.193632938705171,,,
2025-06-25T00:00:00,ALVG,126,0.0022272332740437694,0.55560168230661122,success,127,180.20519752036188,174.10043208952754,false,false,70.005811970633019,150.30391605762813,,,
2025-06-26T00:00:00,ALVG,126,0.0031165841439618419,0.54797591074809704,success,127,180.20519398998564,174.43729773821877,false,false,69.044964754260221,18.763176983445586,,,
2025-06-27T00:00:00,ALVG,126,0.0032829269745530171,0.3264510081393957,success,127,180.20519739715672,174.489465840538,false,false,41.132827025563856,36.482404077618149,,,
2025-06-30T00:00:00,ALVG,126,1.6731371054366065e-05,0.2461258915854235,success,127,180.20519389444382,169.20698553147639,false,false,31.011862339763361,131.62285758800761,,,
2025-07-01T00:00:00,ALVG,126,3.8235437375128515e-05,0.24013145332933936,success,127,180.20519459405119,170.03348503781586,false,false,30.256563119496757,17.914656555105626,,,
2025-07-02T00:00:00,ALVG,126,8.1049594445886208e-05,0.23257992494945059,success,127,180.20519394713057,170.78482568646243,false,false,29.305070543630777,15.729839660467086,,,
2025-07-03T00:00:00,ALVG,126,0.016733684033169719,0.29556202574668572,success,127,180.205195537344,176.13173922822236,false,false,37.240815244082398,17.975759075218228,,,
2025-07-04T00:00:00,ALVG,126,0.2104812468868961,0.36198148710641581,success,127,180.20519418313305,178.88316715729849,false,false,45.609667375408392,6.3973926850697769,,,
2025-07-07T00:00:00,ALVG,126,0.00049670437306429229,0.20901204618508573,success,127,180.2051940393219,172.59817533544026,false,false,26.335517819320803,18.179357952413824,,,
2025-07-08T00:00:00,ALVG,126,6.3964266952971636e-05,0.6800074566784583,success,127,180.20519396857196,170.5480719754967,false,false,85.680939541485742,24.13884791562003,,,
2025-07-09T00:00:00,ALVG,126,6.8321779380356624e-05,0.67456250477775048,success,127,180.20519422783488,170.61398058791963,false,false,84.994875601996554,247.72314738656911,,,
2025-07-10T00:00:00,ALVG,126,0.00020678968209225264,0.66664625028111202,success,127,180.20519417810704,171.72159267942743,false,false,83.997427535420115,455.69847574125242,,,
2025-07-11T00:00:00,ALVG,126,0.00080981378775667071,0.53074920616409671,success,127,180.20519409315813,173.08729800663684,false,false,66.874399976676187,3.6763470709434802,,,
2025-07-14T00:00:00,ALVG,126,0.00010578455053547803,0.64846547837370849,success,127,180.20519467988862,171.05119439564743,false,false,81.70665027508727,19.465087211043166,,,
2025-07-15T00:00:00,ALVG,126,0.00013468959892637926,0.64070198731695382,success,127,180.20519419485532,171.29279119941421,false,false,80.728450401936186,18.272565518572883,,,
2025-07-16T00:00:00,ALVG,126,8.6816071896414187e-05,0.63490337900587102,success,127,180.20519528174339,170.85356330824297,false,false,79.99782575473975,550.97857462457159,,,
2025-07-17T00:00:00,ALVG,126,6.1679636289547801e-05,0.6247110190898677,success,127,180.20519394704976,170.51169890312937,false,false,78.713588405323335,19.306539291982531,,,
2025-07-18T00:00:00,ALVG,126,3.3668410316604536e-05,0.61681148795563057,success,127,180.20519570878565,169.90627883821281,false,false,77.718247482409453,20.15230732719489,,,
2025-07-21T00:00:00,ALVG,126,2.1206683324602475e-05,0.6110610394754532,success,127,180.2051939106006,169.44402094270177,false,false,76.993690973907107,275.82634088906053,,,
2025-07-22T00:00:00,ALVG,126,1.5123944484746183e-05,0.60314249636840078,success,127,180.20519545989984,169.10597924134368,false,false,75.995954542418502,316.65986525320312,,,
2025-07-23T00:00:00,ALVG,126,1.4952135026291672e-05,0.59520192495928059,success,127,180.20519564018562,169.0945541352315,false,false,74.995442544869348,279.24808074806731,,,
2025-07-24T00:00:00,ALVG,126,8.3392207234022437e-06,0.58710869315087744,success,127,180.20519430878238,168.51066186363764,false,false,73.975695337010563,53.673844259257613,,,
2025-07-25T00:00:00,ALVG,126,2.8407342649680166e-05,0.45157996696497327,success,127,180.20519389236026,169.73635939789537,false,false,56.899075837586629,3.263201446199115,,,
2025-07-28T00:00:00,ALVG,126,2.2756259624886379e-05,0.44390015574720892,success,127,180.20519401196171,169.51454646641324,false,false,55.931419624148326,3.3839879172151299,,,
2025-07-29T00:00:00,ALVG,126,2.2592323106676322e-05,0.43568748172924243,success,127,180.20519405210646,169.50731624974725,false,false,54.896622697884546,3.1948926032296621,,,
2025-07-30T00:00:00,ALVG,126,1.3199532080187842e-05,0.42758957552949228,success,127,180.20519414450192,168.96987816665023,false,false,53.876286516716029,3.0618427622832449,,,
2025-07-31T00:00:00,ALVG,126,7.427780335753832e-06,0.4195596189516736,success,127,180.20519396102455,168.39491790145959,false,false,52.864511987910873,2.9721166483256014,,,
2025-08-01T00:00:00,ALVG,126,4.5400668469808172e-05,0.41121006630092871,success,127,180.20519397005916,170.20525564273748,false,false,51.812468353917019,2.9468014635928954,,,
2025-08-04T00:00:00,ALVG,126,0.00010081428763599558,0.40203637240400764,success,127,180.2051952119584,171.00306556137721,false,false,50.65658292290496,2.872606514168186,,,
2025-08-05T00:00:00,ALVG,126,6.433331143751912e-05,0.39384769070203152,success,127,180.20519410417245,170.55382544147636,false,false,49.624809028455971,2.8122911869582654,,,
2025-08-06T00:00:00,ALVG,126,5.7656168188524046e-05,0.384923767249576,success,127,180.20519407276882,170.44423840735638,false,false,48.500394673446579,2.9609271802624471,,,
2025-08-07T00:00:00,ALVG,126,0.00031732665606050008,0.37372995956180705,success,127,180.20519391458134,172.14993243770761,false,false,47.089974904787688,10.768522515839978,,,
2025-08-08T00:00:00,ALVG,126,0.00020641159303053376,0.36570885140978299,success,127,180.20519432415591,171.71976239890412,false,false,46.079315277632659,11.900111539679941,,,
2025-08-11T00:00:00,ALVG,126,0.00012777861193511437,0.35778823535785015,success,127,180.20519405474371,171.24011045574338,false,false,45.081317655089116,11.435281373156279,,,
2025-08-12T00:00:00,ALVG,126,0.00019384665646772004,0.48161542099435445,success,127,180.20519432709435,171.65694505050683,false,false,60.683543045288658,19.808631346193081,,,
2025-08-13T00:00:00,ALVG,126,0.00015503768853634037,0.47386293378543742,success,127,180.20519473859224,171.43350746954607,false,false,59.706729656965116,20.29248385854136,,,
2025-08-14T00:00:00,ALVG,126,0.00019700551836229882,0.46822612806270436,success,127,180.20519391426319,171.67311212156244,false,false,58.996492135900752,294.89095183246786,,,
2025-08-15T00:00:00,ALVG,126,0.00019933952844330166,0.45956742870340073,success,127,180.20519492652772,171.68489327190923,false,false,57.90549601662849,11.075045519260767,,,
2025-08-18T00:00:00,ALVG,126,7.9646101610673966e-05,0.31802383320328792,success,127,180.20519528379745,170.76735746626841,false,false,40.071002983614278,11.413482190561963,,,
2025-08-19T00:00:00,ALVG,126,4.6743716704183282e-05,0.31002698237708881,success,127,180.20519515846939,170.23441118996672,false,false,39.06339977951319,12.208116479962511,,,
2025-08-20T00:00:00,ALVG,126,0.00016665401083917867,0.43405327796704851,success,127,180.20519411281805,171.50577009465889,false,false,54.690713023848112,19.752946031795236,,,
2025-08-21T00:00:00,ALVG,126,9.9919239332137242e-05,0.42594003246088985,success,127,180.20519433235023,170.99414595163705,false,false,53.668444090072121,21.940881864333843,,,
2025-08-22T00:00:00,ALVG,126,2.1636092352944147e-05,0.28616620705867329,success,127,180.20519401392153,169.46406795476886,false,false,36.056942089392834,11.581514150971392,,,
2025-08-25T00:00:00,ALVG,126,1.350764458575372e-05,0.27824314468862288,success,127,180.20519403371765,168.99295277427709,false,false,35.058636230766481,11.204605396350503,,,
2025-08-26T00:00:00,ALVG,126,3.152657846253299e-05,0.40469672384114785,success,127,180.20519394692366,169.84054586681577,false,false,50.991787203984629,138.64406684668492,,,
2025-08-27T00:00:00,ALVG,126,3.1489273794160889e-05,0.39676955064731451,success,127,180.20519403419684,169.83936193937444,false,false,49.99296338156163,161.8797002265774,,,
2025-08-28T00:00:00,ALVG,126,6.6564418557079012e-06,0.25657588067984238,success,127,180.2051942832484,168.28527546763519,false,false,32.328560965660138,2.6938893164834719,,,
2025-08-29T00:00:00,ALVG,126,1.3813138690381006e-05,0.37861022958836948,success,127,180.2051939989158,169.01531747242214,false,false,47.704888928134558,21.006521388178786,,,
2025-09-01T00:00:00,ALVG,126,8.0533803423764603e-06,0.24185858223318982,success,127,180.20519397087827,168.47578338792385,false,false,30.474181361381916,2.3868427201128131,,,
2025-09-02T00:00:00,ALVG,126,9.1266658887695194e-06,0.23369439067795936,success,127,180.20519425063836,168.60089326534037,false,false,29.445493225422879,2.4012185391658649,,,
2025-09-03T00:00:00,ALVG,126,1.1353157981940141e-05,0.22651651820664481,success,127,180.20519405423471,168.81919079101402,false,false,28.541081294037248,2.3454308704911297,,,
2025-09-04T00:00:00,ALVG,126,7.181825362041762e-06,0.21856036479657098,success,127,180.2051940286664,168.36124423199939,false,false,27.538605964367942,2.2791125540397794,,,
2025-09-05T00:00:00,ALVG,126,1.2088603664351937e-05,0.34122200074611403,success,127,180.20519393194166,168.88195862551993,false,false,42.993972094010367,199.83189368663804,,,
2025-09-08T00:00:00,ALVG,126,6.8614107052338347e-06,0.33329432342874005,success,127,180.20519422418369,168.31560359041237,false,false,41.995084752021249,251.48514742456993,,,
2025-09-09T00:00:00,ALVG,126,4.7416190433843871e-06,0.32529325429173878,success,127,180.2051939356935,167.94606676707889,false,false,40.986950040759083,96.679054179412418,,,
2025-09-10T00:00:00,ALVG,126,6.3672864182895757e-06,0.3151104268942998,success,127,180.20519402812988,168.24086322230607,false,false,39.703913788681774,19.499972389598263,,,
2025-09-11T00:00:00,ALVG,126,3.5021642446639768e-06,0.30725120447536552,success,127,180.2051940773739,167.64306815459059,false,false,38.713651763896053,21.553502517149919,,,
2025-09-12T00:00:00,ALVG,126,6.1920862398818038e-07,0.16999816947145011,success,127,180.20519432002996,165.91037135210038,false,false,21.419769353402714,1.936494286017707,,,
2025-09-15T00:00:00,ALVG,126,3.1016113920056583e-07,0.16174831311749235,success,127,180.20519422901185,165.21902066852738,false,false,20.380287452804037,1.8574226636534135,,,
2025-09-16T00:00:00,ALVG,126,2.4724229356329302e-06,0.28567973625120607,success,127,180.20519417253433,167.29488470242359,false,false,35.995646767651962,295.06000229618428,,,
2025-09-17T00:00:00,ALVG,126,3.193113257437123e-07,0.14550601691303422,success,127,180.20519418747313,165.24809523947067,false,false,18.333758131042313,1.7551103811036313,,,
2025-09-18T00:00:00,ALVG,126,0.00030542015134314368,0.28262763783948935,success,127,180.20519421714425,172.11167750003113,false,false,35.611082367775658,0.77843478752950312,,,
2025-09-19T00:00:00,ALVG,126,6.6537620727318414e-08,0.12833827104316808,success,127,180.20519406131231,163.67969580382598,false,false,16.170622151439179,1.5666838660404996,,,
2025-09-22T00:00:00,ALVG,126,0.043437275735173843,0.59516147245992368,success,127,180.20519407896955,177.11316567576159,false,false,74.990345529950389,64.858033165656906,,,
2025-09-23T00:00:00,ALVG,126,1.3401294259943749e-08,0.11138615052450376,success,127,180.20519408586659,162.07727955117713,false,false,14.034654966087475,1.3821561774537332,,,
2025-09-24T00:00:00,ALVG,126,5.6510256687641062e-09,0.1026814830453112,success,127,180.20519407074875,161.21376530243089,false,false,12.937866863709212,1.2824287594542425,,,
2025-09-25T00:00:00,ALVG,126,5.5745656638121315e-08,0.22732945072057797,success,127,180.20519404748677,163.50272776575488,false,false,28.643510790792824,18.381069156741418,,,
2025-09-26T00:00:00,ALVG,126,1.0795980278635996e-07,0.21947430455024183,success,127,180.20519429254659,164.16368752497934,false,false,27.653762373330473,21.031627328553611,,,
2025-09-29T00:00:00,ALVG,126,9.9649370828399058e-10,0.074450421176057394,success,127,180.20519533617784,159.47841704706434,false,false,9.3807530681832318,0.98896983306577224,,,
2025-09-30T00:00:00,ALVG,126,1.102964437171695e-09,7.9365086783080792e-09,success,127,180.20519403344483,159.57992969544154,false,false,1.000000093466818e-06,0.22129420035745839,,,
2025-10-01T00:00:00,ALVG,126,3.064175454258505e-10,7.9365079365081098e-09,success,127,180.20519566624404,158.29912324998807,false,false,1.0000000000000218e-06,0.26483824019086788,,,
2025-10-02T00:00:00,ALVG,126,5.2742423262782724e-11,0.034349120368915166,success,127,180.20519395880726,156.53959297014239,false,false,4.3279891664833112,0.50969955132827982,,,
2025-10-03T00:00:00,ALVG,126,1.0572182916332525e-08,0.027036093938802123,success,127,180.20519404168459,161.84015451386381,false,false,3.4065478362890675,0.53461836909969229,,,
2025-10-06T00:00:00,ALVG,126,3.4919219454602272e-05,0.03257998083011085,success,127,180.20519425372663,169.94275599392483,false,false,4.1050775845939667,0.91780852030880655,,,
2025-10-07T00:00:00,ALVG,126,0.018731054524069438,0.72408967752155218,success,127,180.20519442530102,176.24653066510899,false,false,91.235299367715569,0.7274185831400285,,,
2025-10-08T00:00:00,ALVG,126,0.018645903729250929,7.9365079365079361e-09,success,127,178.60633213359458,174.6430252675365,false,false,9.9999999999999995e-07,0.34194214470464063,,,
2025-10-09T00:00:00,ALVG,126,0.032091469853785679,0.15051692452352047,success,127,179.56511960863989,176.15857227765827,false,false,18.96513248996358,33.486838310550809,,,
2025-10-10T00:00:00,ALVG,126,0.33755040859285196,0.78622745453801501,success,127,179.37043952267106,178.6962099141009,false,false,99.064659271789893,13.339597172976317,,,
2025-10-13T00:00:00,ALVG,126,0.20593017486767057,0.67195616868868013,success,127,179.79702285771856,178.44738861374293,false,false,84.666477254773696,14.212451856915061,,,
2025-10-14T00:00:00,ALVG,126,0.17806492372746119,0.59314297928892368,success,127,179.96508925710452,178.43557607163697,false,false,74.73601539040439,92.00476013311885,,,
2025-10-15T00:00:00,ALVG,126,0.31052875416640119,0.5399016535634823,success,127,180.17592033864611,179.3782718483036,false,false,68.027608348998768,9.9378750382329155,,,
2025-10-16T00:00:00,ALVG,126,0.30817724597069018,0.52974797786493089,success,127,180.16042704237032,179.35177234673958,false,false,66.748245210981295,1.566738790448476,,,
2025-10-17T00:00:00,ALVG,126,0.0751941475079584,0.56764387051182763,success,127,179.98177000904803,177.4722595849984,false,false,71.523127684490277,32.135641736541849,,,
2025-10-20T00:00:00,ALVG,126,0.11069323929159008,0.5161286060627146,success,127,180.19694594170423,178.11326646855287,false,false,65.032204363902039,1.4433172357907158,,,
2025-10-21T00:00:00,ALVG,126,0.13319246333265983,0.50782346088035923,success,127,180.19140790692427,178.31838611740176,false,false,63.985756070925262,1.4446763068060307,,,
2025-10-22T00:00:00,ALVG,126,0.19009891952518851,0.38167495354157899,success,127,180.19637451620181,178.74700696462367,false,false,48.09104414623895,14.795147539081622,,,
2025-10-23T00:00:00,ALVG,126,0.16112896862297149,0.3492625573477845,success,127,180.19689945760055,178.54704757168543,false,false,44.007082225820845,0.56837693897566166,,,
2025-10-24T00:00:00,ALVG,126,0.17614614609350754,0.34051342727086864,success,127,180.20098532522007,178.65830619880344,false,false,42.904691836129452,0.5567107281427206,,,
2025-10-27T00:00:00,ALVG,126,0.1895146251568923,0.33168448897145397,success,127,180.20240515769393,178.74923806044498,false,false,41.792245610403199,0.53779784579802936,,,
2025-10-28T00:00:00,ALVG,126,0.25954953097663891,0.47650017575356451,success,127,180.20519390076714,179.15688271306166,false,false,60.039022144949129,12.05656630377212,,,
2025-10-29T00:00:00,ALVG,126,0.24612531414174488,0.34138581644445098,success,127,180.20519418009226,179.08580883833278,false,false,43.014612872000825,24.430970621688001,,,
2025-10-30T00:00:00,ALVG,126,0.097211889820612019,0.67141401496304476,success,127,180.20519441951919,177.97659957184402,false,false,84.598165885343633,0.21031201993188409,,,
2025-10-31T00:00:00,ALVG,126,0.49146834590317467,0.50258358398751324,success,127,180.20519418221687,180.17106425318894,false,false,63.325531582426663,15.762025209600075,,,
2025-11-03T00:00:00,ALVG,126,0.23917240105026838,0.44491647639648291,success,127,180.20519399475813,179.04797184315791,false,false,56.059476025956847,15.39770419345189,,,
2025-11-04T00:00:00,ALVG,126,0.10864439038595064,0.65902289182121498,success,127,180.20519517245882,178.10053178692542,false,false,83.036884369473086,0.2113354009452405,,,
2025-11-05T00:00:00,ALVG,126,0.29749427385510924,0.7702983806334176,success,127,180.20519387388035,179.34593529886433,false,false,97.057595959810612,12.863158354166393,,,
2025-11-06T00:00:00,ALVG,126,0.32256192763495678,0.76182973094431761,success,127,180.2051939009734,179.46317089997652,false,false,95.990546098984012,12.703154441782313,,,
2025-11-07T00:00:00,ALVG,126,0.13104455223718783,0.63468767209303301,success,127,180.20519419428089,178.31343969752314,false,false,79.970646683722165,0.22452450838297811,,,
2025-11-10T00:00:00,ALVG,126,0.43209320797237966,0.47375773103327806,success,127,180.20519400597539,179.93187802342956,false,false,59.693474110193037,22.214250333959402,,,
2025-11-11T00:00:00,ALVG,126,0.13831491503938623,0.61885744066011661,success,127,180.2051944661969,178.37583767135936,false,false,77.976037523174696,0.22543411506485383,,,
2025-11-12T00:00:00,ALVG,126,0.14204973260064316,0.60874591566732306,success,127,180.20519422604335,178.40682531750653,false,false,76.70198537408271,0.22543979300954059,,,
2025-11-13T00:00:00,ALVG,126,0.15264989074485449,0.59987388712974332,success,127,180.20519398988623,178.49122703196684,false,false,75.584109778347653,0.22920608266115075,,,
2025-11-14T00:00:00,ALVG,126,0.22849460575510971,0.51491741287806536,success,127,180.20519413616248,178.98836307534839,false,false,64.87959402263624,0.54695829924957207,,,
2025-11-17T00:00:00,ALVG,126,0.14286842159057433,0.58276868375385638,success,127,180.20519440638697,178.41352704378536,false,false,73.428854152985906,0.2254105939999799,,,
2025-11-18T00:00:00,ALVG,126,0.21861539413456427,0.49947083202755832,success,127,180.20519545164831,178.93144196466966,false,false,62.933324835472348,0.52691455406228282,,,
2025-11-19T00:00:00,ALVG,126,0.2123686740837458,0.49115428716070025,success,127,180.20519401887495,178.89448769201962,false,false,61.885440182248232,0.53677008472330578,,,
2025-11-20T00:00:00,ALVG,126,0.20344738841752147,0.48237050933343595,success,127,180.20519415877439,178.84030841602598,false,false,60.778684176012931,0.54606265405941568,,,
2025-11-21T00:00:00,ALVG,126,0.20593975866794614,0.47320548565971321,success,127,180.20519401273287,178.85561837604027,false,false,59.623891193123868,0.58261593892968,,,
2025-11-24T00:00:00,ALVG,126,0.1880209339515217,0.46442373575955709,success,127,180.20519398526091,178.74227273359691,false,false,58.517390705704194,0.59192951790287129,,,
2025-11-25T00:00:00,ALVG,126,0.17862220356014577,0.4558116980696621,success,127,180.20519438207756,178.67948419304264,false,false,57.432273956777422,0.59766229279107363,,,
2025-11-26T00:00:00,ALVG,126,0.27118222561093458,0.43641370875522656,success,127,180.20519416478152,179.21656144469992,false,false,54.988127303158549,25.129289086881485,,,
2025-11-27T00:00:00,ALVG,126,0.24386150215610775,0.42827649136634843,success,127,180.20519421382031,179.07357010623832,false,false,53.962837912159905,8.8221000054205501,,,
2025-11-28T00:00:00,ALVG,126,0.14218234554071454,0.43083929158444173,success,127,180.20520867562323,178.40792748000786,false,false,54.28575073963966,0.59262928460545872,,,
2025-12-01T00:00:00,ALVG,126,0.12473098724137116,0.42252063490752806,success,127,180.20519415782715,178.2568221917015,false,false,53.237599998348536,0.58822456723770788,,,
2025-12-02T00:00:00,ALVG,126,0.10893634053302997,0.41384388249770959,success,127,180.20519808513941,178.1035458928167,false,false,52.14432919471141,0.59354069494548223,,,
2025-12-03T00:00:00,ALVG,126,0.12306388057461928,0.40705961169744348,success,127,180.20519403052154,178.24146345550201,false,false,51.289511073877875,0.55984510880663874,,,
2025-12-04T00:00:00,ALVG,126,0.32167911862089643,0.57861524177690893,success,127,180.20519440746452,179.45912847777387,false,false,72.905520463890525,1.062746481050665,,,
2025-12-05T00:00:00,ALVG,126,0.13672434863908356,0.36493649614436863,success,127,180.20519409698454,178.36242689148605,false,false,45.981998514190444,25.234174998526601,,,
2025-12-08T00:00:00,ALVG,126,0.13248024380406354,0.35688997960721969,success,127,180.20519401817154,178.32598926384065,false,false,44.968137430509678,14.498057341394862,,,
2025-12-09T00:00:00,ALVG,126,0.13795800754477808,0.37462923525057717,success,127,180.2051940239123,178.37283938498675,false,false,47.203283641572725,0.53899643712509471,,,
2025-12-10T00:00:00,ALVG,126,0.17623170809220962,0.2997032449534483,success,127,180.20519431667722,178.66310467788514,false,false,37.762608864134485,16.356362789283548,,,
2025-12-11T00:00:00,ALVG,126,0.17741157897892335,0.33311613427732117,success,127,180.20519399073984,178.67121034931876,false,false,41.972632918942466,15.038963886857747,,,
2025-12-12T00:00:00,ALVG,126,0.15424547102142322,0.32520745104711352,success,127,180.20519400595009,178.50351014438567,false,false,40.976138831936304,18.47925588639421,,,
2025-12-15T00:00:00,ALVG,126,0.17286518363832853,0.68043753435911902,success,127,180.20519402001517,178.63973832507193,false,false,85.735129329248991,21.89629816808349,,,
2025-12-16T00:00:00,ALVG,126,0.15771704742256254,0.67446825607509919,success,127,180.20519425529795,178.52988083777532,false,false,84.983000265462493,42.315509215152048,,,
2025-12-17T00:00:00,ALVG,126,0.23484983311996571,0.98629811685738722,success,127,180.20519403674308,179.02406822749637,false,false,124.2735627240308,2.0452734797766174,,,
2025-12-18T00:00:00,ALVG,126,0.31313352657732108,0.49855656819124261,success,127,180.20519400167092,179.41968379222408,false,false,62.818127592096566,1.0522338146758894,,,
2025-12-19T00:00:00,ALVG,126,0.12507647015859122,0.28551146812959827,success,127,180.205194192108,178.25998301555785,false,false,35.974444984329381,19.171288660585219,,,
2025-12-22T00:00:00,ALVG,126,0.090441817855730647,0.23801711524298311,success,127,180.20519414222082,177.89694192207472,false,false,29.990156520615873,60.065866694457839,,,
2025-12-23T00:00:00,ALVG,126,0.073191659822472208,0.22992103576354772,success,127,180.20519407174831,177.6665287579583,false,false,28.970050506207013,21.01356106243324,,,
2025-12-29T00:00:00,ALVG,126,0.37137359605515613,0.45219512460501587,success,127,180.20519415471625,179.67886558024722,false,false,56.976585700232,9.7372568206309129,,,
2025-12-30T00:00:00,ALVG,126,0.090447594243981258,0.69953593323335128,success,127,180.20519399605175,177.89701199320444,false,false,88.141527587402265,7.9899577304617795,,,
2026-01-02T00:00:00,ALVG,126,0.049271506254646387,0.6109043530661965,success,127,180.20519405195571,177.24531147323231,false,false,76.97394848634076,41.520185109390034,,,
2026-01-05T00:00:00,ALVG,126,0.1061797540451362,0.68350130341098403,success,127,180.20519527344285,178.07482403640807,false,false,86.121164229783986,8.5161014111461597,,,
2026-01-06T00:00:00,ALVG,126,0.037802206021347068,0.59467499290342118,success,127,180.20519405209058,176.96834147678842,false,false,74.929049105831069,15.597433899697839,,,
2026-01-07T00:00:00,ALVG,126,0.13113744489837104,0.67389368333446675,success,127,180.20519405488983,178.31425507744919,false,false,84.910604100142805,2.3901801354568422,,,
2026-01-08T00:00:00,ALVG,126,0.3514709971855674,0.013214320389223664,success,127,180.20519462487596,179.59261509548159,false,false,1.6650043690421816,14.164552056359099,,,
2026-01-09T00:00:00,ALVG,126,0.05329173923832406,0.20612792348398024,success,127,180.20519429301348,177.32798464707969,false,false,25.972118358981511,23.885980580483025,,,
2026-01-12T00:00:00,ALVG,126,0.34142751948390743,0.4785201007357987,success,127,180.20519405915923,179.5482548897682,false,false,60.293532692710635,1.2159368199097906,,,
2026-01-13T00:00:00,ALVG,126,0.12880444805173741,0.55533280688194087,success,127,180.20519400603334,178.2936228877256,false,false,69.971933667124546,27.306914640089548,,,
2026-01-14T00:00:00,ALVG,126,0.10259651332934483,0.54737075484167896,success,127,180.20519409630288,178.03649246648027,false,false,68.968715110051548,24.89769268473194,,,
2026-01-15T00:00:00,ALVG,126,0.035791399319685509,0.13486492787642734,success,127,180.2051954416618,176.91159540179007,false,false,16.992980912429847,119.45785344407442,,,
2026-01-16T00:00:00,ALVG,126,0.029081223682959914,0.18349149194345807,success,127,180.20519401491063,176.69704393129882,false,false,23.119927984875716,0.48309807041027819,,,
2026-01-19T00:00:00,ALVG,126,0.021358780350433853,0.17437801746729295,success,127,180.20519405361398,176.38049186736916,false,false,21.971630200878913,0.4708050860061756,,,
2026-01-20T00:00:00,ALVG,126,0.01226492215064412,0.10888893074160687,success,127,180.20519419910582,175.81652300755547,false,false,13.720005273442466,18.177737535053897,,,
2026-01-21T00:00:00,ALVG,126,0.082237160497747208,0.50765003478701176,success,127,180.20519420060924,177.79286246222352,false,false,63.963904383163481,24.150323228366585,,,
2026-01-22T00:00:00,ALVG,126,0.070781546106978399,0.49983767882264718,success,127,180.20520856071821,177.63046301855809,false,false,62.979547531653544,49.166088356969738,,,
2026-01-23T00:00:00,ALVG,126,0.10566312767058893,0.49009912371489195,success,127,180.20519408433898,178.06936755802801,false,false,61.752489588076386,20.404100944615866,,,
2026-01-26T00:00:00,ALVG,126,0.080962401370931095,0.49194510647490164,success,127,180.20519395361907,177.77585178585653,false,false,61.985083415837607,35.286883722875032,,,
2026-01-27T00:00:00,ALVG,126,0.12868790166206051,0.56330627250317444,success,127,180.2051940321393,178.2925839036148,false,false,70.976590335399976,19.534791777763392,,,
2026-01-28T00:00:00,ALVG,126,0.058448780784422359,0.46650577678527733,success,127,180.2051939766676,177.42581605691444,false,false,58.779727874944946,19.076256393224842,,,
2026-01-29T00:00:00,ALVG,126,0.055188338232022377,0.46027487345394541,success,127,180.20519414127017,177.36496020040673,false,false,57.994634055197125,192.00839547579704,,,
2026-01-30T00:00:00,ALVG,126,0.00074681484801627845,0.044889614055920679,success,127,180.20519402479101,173.0062478543355,false,false,5.6560913710460055,16.265790677929278,,,
2026-02-02T00:00:00,ALVG,126,0.25729974933045802,0.3490609740562382,success,127,180.20519397971069,179.14514319258092,false,false,43.981682731086011,17.749089794532221,,,
2026-02-03T00:00:00,ALVG,126,0.0028618609743273028,0.023905662425848302,success,127,180.20518310156066,174.35176589005573,false,false,3.0121134656568862,1501.6931040661507,,,
2026-02-04T00:00:00,ALVG,126,0.19134759429380879,0.42840946499379012,success,127,180.20519404608658,178.76391652006981,false,false,53.979592589217553,30.636867085049101,,,
2026-02-05T00:00:00,ALVG,126,0.18942530853440309,0.418354937587197,success,127,180.20519407977969,178.75144538466034,false,false,52.712722135986823,22.598733968527835,,,
2026-02-06T00:00:00,ALVG,126,0.25925221848920704,0.49996507455551797,success,127,180.20519402438583,179.15533523726808,false,false,62.995599393995263,68.773361619417273,,,
2026-02-09T00:00:00,ALVG,126,0.37708500416169227,0.49194481761511444,success,127,180.20519400732286,179.70325457838408,false,false,61.985047019504421,10.128260296747044,,,
2026-02-10T00:00:00,ALVG,126,0.30421207569327907,0.42163528188295324,success,127,180.20519403985529,179.37787420800558,false,false,53.126045517252109,1.2448769680820053,,,
2026-02-11T00:00:00,ALVG,126,0.064214313798211353,0.19063683677631021,success,127,180.20519397256936,177.52603363224529,false,false,24.020241433815087,37.499075519283465,,,
2026-02-12T00:00:00,ALVG,126,0.24652138769929705,0.57136361595245089,success,127,180.20519407631863,179.08794219835968,false,false,71.991815610008814,0.30746783892809798,,,
2026-02-13T00:00:00,ALVG,126,0.29612830520254391,0.75410681908504551,success,127,180.20519507184105,179.33939180792902,false,false,95.017459204715735,19.052590657586908,,,
2026-02-16T00:00:00,ALVG,126,0.33496394534203672,0.61114009516595336,success,127,180.20519465529762,179.51937629876903,false,false,77.003651990910129,70.571595505635841,,,
2026-02-17T00:00:00,ALVG,126,0.017715266407650608,0.15885812462322049,success,127,180.20519413931945,176.18973969699098,false,false,20.016123702525782,65.635945471390542,,,
2026-02-18T00:00:00,ALVG,126,0.39573845731647689,0.44616899109482228,success,127,180.20519408405175,179.78194049388588,false,false,56.217292877947607,1.1482574485955603,,,
2026-02-19T00:00:00,ALVG,126,0.37963280743200484,0.58739680074499978,success,127,180.20519407874332,179.71408701925895,false,false,74.011996893869977,16.671027575929504,,,
2026-02-20T00:00:00,ALVG,126,0.31927480701511379,0.7144614436741944,success,127,180.20519402992133,179.44808753567898,false,false,90.022141902948491,13.056366086295087,,,
