timestamp,asset_id,lbw,nu,gamma,status,window_size,nlml_baseline,nlml_changepoint,retry_used,fallback_used,location_c,steepness_s,fallback_source_timestamp,failure_stage,failure_message
2000-03-29T00:00:00,EURJPY,10,,,invalid_window,1,,,false,false,,,,window_length,"Expected 11 returns for lbw=10, got 1"
2000-03-30T00:00:00,EURJPY,10,,,invalid_window,2,,,false,false,,,,window_length,"Expected 11 returns for lbw=10, got 2"
2000-03-31T00:00:00,EURJPY,10,,,invalid_window,3,,,false,false,,,,window_length,"Expected 11 returns for lbw=10, got 3"
2000-04-03T00:00:00,EURJPY,10,,,invalid_window,4,,,false,false,,,,window_length,"Expected 11 returns for lbw=10, got 4"
2000-04-04T00:00:00,EURJPY,10,,,invalid_window,5,,,false,false,,,,window_length,"Expected 11 returns for lbw=10, got 5"
2000-04-05T00:00:00,EURJPY,10,,,invalid_window,6,,,false,false,,,,window_length,"Expected 11 returns for lbw=10, got 6"
2000-04-06T00:00:00,EURJPY,10,,,invalid_window,7,,,false,false,,,,window_length,"Expected 11 returns for lbw=10, got 7"
2000-04-07T00:00:00,EURJPY,10,,,invalid_window,8,,,false,false,,,,window_length,"Expected 11 returns for lbw=10, got 8"
2000-04-10T00:00:00,EURJPY,10,,,invalid_window,9,,,false,false,,,,window_length,"Expected 11 returns for lbw=10, got 9"
2000-04-11T00:00:00,EURJPY,10,,,invalid_window,10,,,false,false,,,,window_length,"Expected 11 returns for lbw=10, got 10"
2000-04-12T00:00:00,EURJPY,10,,,invalid_window,11,,,false,false,,,,window_standardization,window returns must be finite
2000-04-13T00:00:00,EURJPY,10,0.63014731512731625,0.60335453558135932,success,11,15.608323919366542,15.07547507114351,false,false,6.033545355813593,17.353511563762115,,,
2000-04-14T00:00:00,EURJPY,10,0.63318379572488892,0.37484257360095896,success,11,15.558588332781936,15.012688513007255,false,false,3.7484257360095894,1.7744769594945702,,,
2000-04-17T00:00:00,EURJPY,10,0.71484335606722449,0.40475518543986644,success,11,15.607018749843082,14.687993970687492,false,false,4.0475518543986642,17.36306252341187,,,
2000-05-12T00:00:00,EURJPY,10,0.63530171132663971,0.71393030964286897,success,11,15.607439238247606,15.052409621629495,false,false,7.1393030964286899,2.2240190889263385,,,
2000-05-15T00:00:00,EURJPY,10,0.76185573065915757,0.59149604348565288,success,11,15.537177853850874,14.374297309656438,false,false,5.9149604348565292,2.8334269630823985,,,
2000-05-26T00:00:00,EURJPY,10,0.82360530674548771,0.48924882246184664,success,11,15.558986935292268,14.018019576335414,false,false,4.8924882246184662,2.7794406130697884,,,
2000-05-30T00:00:00,EURJPY,10,0.88997229936371236,0.37978583272478722,success,11,15.550039992821977,13.459581812946933,false,false,3.7978583272478721,2.4367277449931994,,,
2000-05-31T00:00:00,EURJPY,10,0.92817483011648472,0.58646302385885196,success,11,15.570883283029914,13.011898143570335,false,false,5.8646302385885196,15.646458671429748,,,
2000-06-01T00:00:00,EURJPY,10,0.61776888438540334,0.80010256513000688,success,11,15.505925918897944,15.025836945229045,false,false,8.0010256513000684,864.22949203707503,,,
2000-06-02T00:00:00,EURJPY,10,0.68938019590780475,0.63349048760971072,success,11,14.626655002689766,13.829431745024532,false,false,6.3349048760971076,0.63682735166380333,,,
2000-06-05T00:00:00,EURJPY,10,0.67469638926239495,0.46991255559923628,success,11,15.608323895377419,14.878820032511427,false,false,4.6991255559923628,1.1008178639165409,,,
2000-06-06T00:00:00,EURJPY,10,0.71150722710657599,0.43172417781127326,success,11,15.601305695182646,14.698590155145624,false,false,4.3172417781127326,1.0636634243586212,,,
2000-06-07T00:00:00,EURJPY,10,0.72060460455486763,0.091813743749234955,success,11,15.602305130382421,14.654842508732292,false,false,0.91813743749234955,16.573612706419919,,,
2000-06-08T00:00:00,EURJPY,10,0.99922122667433044,0.30010074024658928,success,11,15.608323881261082,8.4513124223826921,false,false,3.0010074024658926,4006.0011635935557,,,
2000-06-09T00:00:00,EURJPY,10,0.89601505413441629,0.27003029402465245,success,11,15.608324098211913,13.454613021260251,false,false,2.7003029402465244,10.290202556177045,,,
2000-06-12T00:00:00,EURJPY,10,0.857299477223887,0.13737829760581038,success,11,15.608323940263778,13.815284822311604,false,false,1.373782976058104,22.460090015168447,,,
2000-06-13T00:00:00,EURJPY,10,0.58070503902317905,0.99999990000000005,success,11,15.608324229074926,15.282655915637177,false,false,9.9999990000000007,1.5186341088778887,,,
2000-06-14T00:00:00,EURJPY,10,0.58721975600289866,0.76588232971990866,success,11,15.608323887127314,15.255840120461807,false,false,7.6588232971990866,20.50543067804287,,,
2000-06-15T00:00:00,EURJPY,10,0.55129716840799348,0.36732770237837653,success,11,15.60832397725137,15.40241081149739,false,false,3.6732770237837653,24.210273845201279,,,
2000-06-16T00:00:00,EURJPY,10,0.60268647049813862,0.29885345971610416,success,11,15.608323891561721,15.191652495335074,false,false,2.9885345971610415,41.726876154228059,,,
2000-06-19T00:00:00,EURJPY,10,0.77665748076846597,0.87484085287961944,success,11,15.608323892081831,14.362031015355393,false,false,8.7484085287961939,9.0127554484198544,,,
2000-06-20T00:00:00,EURJPY,10,0.69980013629124005,0.70361229447598339,success,11,15.608323886645906,14.761977577152713,false,false,7.0361229447598337,29.766867337651508,,,
2000-06-21T00:00:00,EURJPY,10,0.67280988812036946,0.63080517710020878,success,11,15.608324059187765,14.887402637523751,false,false,6.3080517710020878,21.7509921785411,,,
2000-06-29T00:00:00,EURJPY,10,0.61103559725178291,0.50027964119080071,success,11,15.608323894080909,15.15665650575168,false,false,5.0027964119080073,241.56528339403272,,,
2000-06-30T00:00:00,EURJPY,10,0.59317965417341756,0.40310400026603299,success,11,15.608324007825583,15.231198373823178,false,false,4.0310400026603297,25.239786509853474,,,
2000-07-03T00:00:00,EURJPY,10,0.54074576453556522,0.59972367211448263,success,11,15.608323988412936,15.444978702805408,false,false,5.9972367211448265,127.04416197001954,,,
2000-07-04T00:00:00,EURJPY,10,0.56279482842940598,0.49974239289976186,success,11,15.608323973416312,15.35581142229719,false,false,4.9974239289976188,300.24875926414495,,,
2000-07-05T00:00:00,EURJPY,10,0.54436827757900952,0.40325549618526357,success,11,15.608323900064162,15.430382758351447,false,false,4.032554961852636,14.661675249484725,,,
2000-07-06T00:00:00,EURJPY,10,0.62647081831071283,0.29241371002546102,success,11,15.608323890739545,15.091217828282112,false,false,2.9241371002546104,17.25003200249893,,,
2000-07-07T00:00:00,EURJPY,10,0.7518373730553759,0.27887850976730633,success,11,15.608323908737104,14.499888152470906,false,false,2.7887850976730633,1.4254311147393737,,,
2000-07-10T00:00:00,EURJPY,10,0.82407099110017734,0.22666985785362068,success,11,15.132497770886719,13.588321645584008,false,false,2.2666985785362068,3.7666889345809902,,,
2000-07-11T00:00:00,EURJPY,10,0.81290686704219939,0.4936067871784463,success,11,15.530249344151565,14.061239325931995,false,false,4.9360678717844628,15.498192586975506,,,
2000-07-12T00:00:00,EURJPY,10,0.93571316923235026,0.59729827786207979,success,11,15.608323893059001,12.930369707727543,false,false,5.9729827786207981,79.888310361385663,,,
2000-07-13T00:00:00,EURJPY,10,0.90297833372539149,0.49693665614926263,success,11,15.608323890305195,13.377559648052845,false,false,4.9693665614926266,55.64512928013793,,,
2000-07-14T00:00:00,EURJPY,10,0.81290990823592713,0.39663008357223017,success,11,15.608323878812184,14.139293864360759,false,false,3.9663008357223015,40.193718069797463,,,
2000-07-17T00:00:00,EURJPY,10,0.89919178159281654,0.28002513647154581,success,11,15.510952338845776,13.322675883566847,false,false,2.8002513647154581,5.1363574192071439,,,
2000-07-18T00:00:00,EURJPY,10,0.68893217054807587,0.19986590387812939,success,11,14.587153921667678,13.792022091259604,false,false,1.9986590387812939,383.55382024257506,,,
2000-07-19T00:00:00,EURJPY,10,0.82801855426687587,9.9999999999999995e-08,success,11,15.508027448880316,13.936378483561295,false,false,9.9999999999999995e-07,1.2955122525889939,,,
2000-07-20T00:00:00,EURJPY,10,0.97951065206215704,0.44113736284157934,success,11,15.608324018367359,11.741176044352951,false,false,4.4113736284157934,2.9034029885560355,,,
2000-07-21T00:00:00,EURJPY,10,0.98968423511988013,0.99999976553332492,success,11,15.39276628130977,10.829053639473493,false,false,9.9999976553332495,0.29483875030604484,,,
2000-07-24T00:00:00,EURJPY,10,0.9858892236498854,0.99999989998873406,success,11,15.608323949144534,11.361718735713765,false,false,9.9999989998873406,0.30620996217914198,,,
2000-07-25T00:00:00,EURJPY,10,0.8604315151170141,0.36265871813920886,success,11,15.608323905431853,13.789445292115694,false,false,3.6265871813920887,0.39954404192614573,,,
2000-07-26T00:00:00,EURJPY,10,0.72419213404452232,0.30843119572611399,success,11,15.608323898999309,14.642971648763929,false,false,3.0843119572611402,17.456081670960664,,,
2000-07-27T00:00:00,EURJPY,10,0.72653514860278789,0.22881713450463717,success,11,15.608323900928156,14.631210137871182,false,false,2.2881713450463717,17.346860768218669,,,
2000-07-28T00:00:00,EURJPY,10,0.7500189023442525,0.10578634948743663,success,11,15.608323940377364,14.509610836665635,false,false,1.0578634948743664,15.243850342030694,,,
2000-07-31T00:00:00,EURJPY,10,0.91581205119507747,0.89967819509862568,success,11,15.60832416003584,13.221564785872262,false,false,8.9967819509862572,15.018283015055903,,,
2000-08-01T00:00:00,EURJPY,10,0.59036123003934315,0.79662102672374824,success,11,15.608323920745988,15.242865039363675,false,false,7.9662102672374822,15.110402384821034,,,
2000-08-02T00:00:00,EURJPY,10,0.57420717010643973,0.66868529886360739,success,11,15.608323885339313,15.309286543782719,false,false,6.6868529886360744,22.034777307469344,,,
2000-08-16T00:00:00,EURJPY,10,0.99915472117839754,0.88380152890939512,success,11,15.608323905141461,8.5333255227721327,false,false,8.838015289093951,17.064362988022321,,,
2000-12-15T00:00:00,EURJPY,10,0.67391821476025437,3.4926691687018646e-06,success,11,15.608323888923662,14.882363353331089,false,false,3.4926691687018646e-05,0.29529344321059886,,,
2000-12-18T00:00:00,EURJPY,10,0.63060971918410591,0.39942045676202931,success,11,15.608323892736554,15.073490489834477,false,false,3.9942045676202929,118.37364481638048,,,
2000-12-19T00:00:00,EURJPY,10,0.72011200698741584,0.50472029730391388,success,11,15.608324514498332,14.663307247509819,false,false,5.0472029730391386,351.46543750070225,,,
2000-12-20T00:00:00,EURJPY,10,0.84254305861453571,0.9999250014945934,success,11,15.608323890748403,13.931051154539617,false,false,9.9992500149459342,9.4006353912694802,,,
2000-12-21T00:00:00,EURJPY,10,0.62999583715241214,0.39994396072754579,success,11,15.376824458565871,14.844625503411113,false,false,3.9994396072754581,613.22001729787735,,,
2000-12-22T00:00:00,EURJPY,10,0.73842843796241675,0.70009784788038432,success,11,15.322267484415445,14.28445119488474,false,false,7.0009784788038436,1238.5272181029347,,,
2000-12-25T00:00:00,EURJPY,10,0.58037002480938593,0.19528043865552522,success,11,15.53633847115716,15.212045908734002,false,false,1.9528043865552522,18.96331177807636,,,
2000-12-26T00:00:00,EURJPY,10,0.71232982916765197,7.0084239974892541e-06,success,11,15.60832388896308,14.701597425283971,false,false,7.0084239974892539e-05,8.9980485709787867,,,
2000-12-27T00:00:00,EURJPY,10,0.67201770420040041,0.99999989999999739,success,11,15.608323961799638,14.890998906793858,false,false,9.9999989999999741,1.2878029300452949,,,
2000-12-28T00:00:00,EURJPY,10,0.67613564826748462,0.67102760523392413,success,11,15.608323884627932,14.872254926231927,false,false,6.7102760523392408,19.273285056192741,,,
2000-12-29T00:00:00,EURJPY,10,0.63347524404995881,0.65021933519077124,success,11,15.608323899133426,15.06116904417032,false,false,6.502193351907712,1.0503233670204308,,,
2001-01-01T00:00:00,EURJPY,10,0.64923745223941931,0.53190116301585699,success,11,15.608323942388246,14.992634911007512,false,false,5.3190116301585704,0.85731703280203719,,,
2001-01-02T00:00:00,EURJPY,10,0.61638386207341156,0.45062522142740152,success,11,15.608323888912716,15.134096378539097,false,false,4.5062522142740153,1.0210302331175329,,,
2001-01-03T00:00:00,EURJPY,10,0.9880904478998126,0.99995521961781475,success,11,15.608324041820865,11.189890577428702,false,false,9.9995521961781471,11.755635156777176,,,
2001-01-04T00:00:00,EURJPY,10,0.99969105145720349,0.84298994201876565,success,11,15.608323910180243,7.5262970833566509,false,false,8.429899420187656,18.862270016362622,,,
2001-01-05T00:00:00,EURJPY,10,0.99872361868394943,0.73476546411171006,success,11,15.608323896162627,8.9458747910749317,false,false,7.3476546411171011,24.848055213143457,,,
2001-01-08T00:00:00,EURJPY,10,0.99563659172244534,0.57058868388552841,success,11,15.608323926228667,10.17819506998937,false,false,5.7058868388552844,1.0302510262788638,,,
2001-01-09T00:00:00,EURJPY,10,0.99114747288613514,0.53070148311858456,success,11,15.608323899432543,10.890163531825648,false,false,5.307014831185846,22.444985674432402,,,
2001-01-10T00:00:00,EURJPY,10,0.97411012084922466,0.25914171054739665,success,11,15.608323897728569,11.98065166601382,false,false,2.5914171054739663,1.2183151801786769,,,
2001-01-11T00:00:00,EURJPY,10,0.52228506681882481,0.90669111915616762,success,11,15.608323889498214,15.519124526151478,false,false,9.066911191561676,10.290963289594233,,,
2001-01-12T00:00:00,EURJPY,10,0.66803382887528884,0.49988369129301347,success,11,15.608323887774391,14.909018143013379,false,false,4.9988369129301349,740.1960422052332,,,
2001-01-15T00:00:00,EURJPY,10,0.75169043220384191,0.39965305202300727,success,11,15.608323886017923,14.500675531108635,false,false,3.9965305202300727,348.48914483704959,,,
2001-01-16T00:00:00,EURJPY,10,0.82159704355176655,0.26685664473427595,success,11,15.608323905984683,14.08111863780805,false,false,2.6685664473427595,25.567763143638182,,,
2001-01-17T00:00:00,EURJPY,10,0.91753553457573556,0.17114438154331515,success,11,15.608323896097236,13.199000065558756,false,false,1.7114438154331515,20.199896723194428,,,
2001-01-18T00:00:00,EURJPY,10,0.92783559006062666,0.70780783394350411,success,11,15.602364188187778,13.048456624217792,false,false,7.0780783394350406,0.80851407045978607,,,
2001-01-19T00:00:00,EURJPY,10,0.78450057102860038,0.49780632361677996,success,11,15.608323968917119,14.316234928611308,false,false,4.9780632361677997,58.583272256411405,,,
2001-01-22T00:00:00,EURJPY,10,0.87462601874373236,0.39532438800745939,success,11,15.608324102413926,13.665828835246749,false,false,3.9532438800745942,35.509428498839632,,,
2001-01-23T00:00:00,EURJPY,10,0.91086807534220005,0.29760575640382209,success,11,15.608323921704141,13.284043419683321,false,false,2.976057564038221,77.349935666514853,,,
2001-01-24T00:00:00,EURJPY,10,0.96958730367693335,0.19924412087599369,success,11,15.608323914797287,12.146313557390659,false,false,1.992441208759937,320.1112482000504,,,
2001-01-25T00:00:00,EURJPY,10,0.98538581303631223,0.09788487906184698,success,11,15.505647669381387,11.294607183288946,false,false,0.97884879061846974,68.732695066560439,,,
2001-01-26T00:00:00,EURJPY,10,0.74753117033227034,0.59887130628311636,success,11,15.608323948206518,14.522835738604657,false,false,5.9887130628311631,111.80332959662046,,,
2001-01-29T00:00:00,EURJPY,10,0.6175036050131073,0.60896923431607808,success,11,15.608323895247858,15.129358217036168,false,false,6.089692343160781,1.731408521183321,,,
2001-01-30T00:00:00,EURJPY,10,0.63923285789484463,0.39811701477873501,success,11,15.608323905700841,15.036287822341409,false,false,3.98117014778735,43.87308598523235,,,
2001-01-31T00:00:00,EURJPY,10,0.85002201313068471,0.99915322979899879,success,11,15.608324429450263,13.873550711622677,false,false,9.9915322979899877,9.3196811408411353,,,
2001-02-01T00:00:00,EURJPY,10,0.76783143880156135,0.62370401561189692,success,11,15.608323909615857,14.412217346026189,false,false,6.2370401561189688,0.85240194409123016,,,
2001-02-02T00:00:00,EURJPY,10,0.70029623586629541,0.37280946889368027,success,11,15.608323885300585,14.759614979599604,false,false,3.7280946889368027,0.8751587758678393,,,
2001-02-05T00:00:00,EURJPY,10,0.98463118668920369,0.28015143358309696,success,11,15.608323962957387,11.448397168082604,false,false,2.8015143358309698,4.735308223121022,,,
2001-02-06T00:00:00,EURJPY,10,0.97092815979248459,0.1836585993082169,success,11,15.608324149087968,12.09984168452868,false,false,1.8365859930821691,4.6163019056768979,,,
2001-02-07T00:00:00,EURJPY,10,0.61658911024040974,0.59683994758273751,success,11,15.608323912681799,15.133228291701611,false,false,5.9683994758273746,18.02738831969603,,,
2001-02-08T00:00:00,EURJPY,10,0.6997070481664005,0.49520363289906316,success,11,15.608323894764807,14.762420654233757,false,false,4.9520363289906317,16.320009052918806,,,
2001-02-09T00:00:00,EURJPY,10,0.61381332688420631,0.56941823628443688,success,11,15.608323894737099,15.144953902363595,false,false,5.6941823628443693,1.3662195438392839,,,
2001-02-12T00:00:00,EURJPY,10,0.62496204773427133,0.29862001820348466,success,11,15.608323903040521,15.097660205664408,false,false,2.9862001820348465,14.640694677129131,,,
2001-02-13T00:00:00,EURJPY,10,0.64127008399053997,0.99998907150430372,success,11,15.608323899060018,15.0274429652601,false,false,9.9998907150430369,2.9757892245411357,,,
2001-02-14T00:00:00,EURJPY,10,0.67233100317537586,0.17830820017328045,success,11,15.608323880838668,14.889577040157281,false,false,1.7830820017328044,1.0801349499732891,,,
2001-02-15T00:00:00,EURJPY,10,0.98444992800898035,0.31206762159284213,success,11,15.585610701888422,11.437592933690834,false,false,3.1206762159284214,17.236252558641787,,,
2001-02-16T00:00:00,EURJPY,10,0.96119952056763824,0.2187133975620684,success,11,15.608323882505129,12.398574480485227,false,false,2.187133975620684,4.0708730824413148,,,
2001-02-19T00:00:00,EURJPY,10,0.84482311953823686,0.12187014287168334,success,11,15.608323955888846,13.913762306989348,false,false,1.2187014287168334,1.3507585869027072,,,
2001-02-20T00:00:00,EURJPY,10,0.63355047298273703,0.027733005170697454,success,11,15.608323901851433,15.06084502770276,false,false,0.27733005170697456,1.7940968672615596,,,
2001-02-21T00:00:00,EURJPY,10,0.55406260950632813,0.1336660702001187,success,11,15.608323903840773,15.391224772036541,false,false,1.3366607020011869,20.220403261722744,,,
2001-02-22T00:00:00,EURJPY,10,0.5498232397192484,0.3999885912109411,success,11,15.608323923459478,15.408367385478257,false,false,3.999885912109411,183.22175285693226,,,
2001-02-23T00:00:00,EURJPY,10,0.72791372263426934,0.7723335993825029,success,11,15.608323905275215,14.624260589164207,false,false,7.723335993825029,23.138216013127341,,,
2001-02-26T00:00:00,EURJPY,10,0.76222129819171014,0.71631595458216035,success,11,15.608323894495108,14.443427380178816,false,false,7.1631595458216033,2.4185293120108473,,,
2001-02-27T00:00:00,EURJPY,10,0.76025703451146665,0.61512409301685778,success,11,15.608323910110252,14.454234703008236,false,false,6.1512409301685773,2.0873711145987492,,,
2001-02-28T00:00:00,EURJPY,10,0.71857912168371285,0.49640620978115707,success,11,15.608323893569207,14.670899409838682,false,false,4.9640620978115706,29.568573836700715,,,
2001-03-01T00:00:00,EURJPY,10,0.84082831904547861,0.39942131268693226,success,11,15.608323890739976,13.943919764807909,false,false,3.9942131268693224,256.98327938571191,,,
2001-03-02T00:00:00,EURJPY,10,0.65741055771695445,0.29820664983243395,success,11,15.608323975426716,14.956548023480535,false,false,2.9820664983243397,40.862411928690953,,,
2001-03-05T00:00:00,EURJPY,10,0.70242272561569086,0.8016543588799856,success,11,15.608323957212296,14.749462498265501,false,false,8.0165435887998555,66.418794167065755,,,
2001-03-06T00:00:00,EURJPY,10,0.6099751373777822,0.50284717813939106,success,11,15.608323891459666,15.16111618092514,false,false,5.0284717813939102,16.690606725821137,,,
2001-03-07T00:00:00,EURJPY,10,0.90861044132186941,0.05503733015124742,success,11,15.608323918140291,13.311538707498737,false,false,0.55037330151247421,5.1189482786679701,,,
2001-03-08T00:00:00,EURJPY,10,0.65180167999054983,0.30070610277912291,success,11,15.608323882779606,14.981355741452475,false,false,3.0070610277912291,109.24904678468687,,,
2001-03-09T00:00:00,EURJPY,10,0.62635253476346764,9.9999999999999995e-08,success,11,15.608323958806139,15.091723338206235,false,false,9.9999999999999995e-07,36.029376084697013,,,
2001-03-12T00:00:00,EURJPY,10,0.98009323367958501,0.59660974687074642,success,11,15.608323893157051,11.711735879649204,false,false,5.9660974687074644,81.078460639945263,,,
2001-03-13T00:00:00,EURJPY,10,0.85717593700386241,0.99999989999995376,success,11,15.608323886274997,13.816294238779498,false,false,9.9999989999995371,8.2705272322864207,,,
2001-03-14T00:00:00,EURJPY,10,0.75307417562684498,0.80497237330528704,success,11,15.608324155493278,14.49324841108179,false,false,8.0497237330528701,25.197625800310277,,,
2001-03-15T00:00:00,EURJPY,10,0.69701754278609263,0.41718467809418991,success,11,15.608323880989785,14.775188208405375,false,false,4.1718467809418991,0.96387983539027511,,,
2001-03-16T00:00:00,EURJPY,10,0.75066585532456331,0.11366962407337913,success,11,15.608323881402191,14.50615720498698,false,false,1.1366962407337913,1.5992824737825591,,,
2001-03-19T00:00:00,EURJPY,10,0.7964154275976143,0.50131024276632929,success,11,15.608323882478118,14.244284446556463,false,false,5.0131024276632932,165.05471501596605,,,
2001-03-20T00:00:00,EURJPY,10,0.9759042449803037,0.40615754109908081,success,11,15.608323886321372,11.906995099093201,false,false,4.061575410990808,17.830200632803137,,,
2001-03-21T00:00:00,EURJPY,10,0.65493792748212365,0.79739813573107909,success,11,15.608323911760266,14.967507769007881,false,false,7.9739813573107909,33.958098969788331,,,
2001-03-22T00:00:00,EURJPY,10,0.6920485635077569,0.69340500887101908,success,11,15.608323882352241,14.79860984753283,false,false,6.9340500887101904,14.969184635042142,,,
2001-03-23T00:00:00,EURJPY,10,0.72423641207086786,0.65859691596614933,success,11,15.60832389955654,14.64274995764378,false,false,6.5859691596614933,0.61166728481999966,,,
2001-03-26T00:00:00,EURJPY,10,0.82337917341933797,0.19560388286585001,success,11,15.60832388059956,14.068912277002084,false,false,1.9560388286585,16.144381639536267,,,
2001-03-27T00:00:00,EURJPY,10,0.87230002059918366,0.09007247747789425,success,11,15.608323901803344,13.686874078478668,false,false,0.90072477477894253,7.259476749731105,,,
2001-03-28T00:00:00,EURJPY,10,0.51865214216236744,0.54506942401100156,success,11,15.608324105774525,15.533680899531735,false,false,5.4506942401100158,2.7716794109772853,,,
2001-03-29T00:00:00,EURJPY,10,0.53731642911966704,0.88018215277507272,success,11,15.608323905824573,15.458780119591751,false,false,8.801821527750727,3.3508625058166843,,,
2001-03-30T00:00:00,EURJPY,10,0.63350325445872813,0.99993356273935508,success,11,15.523410816837687,14.976135321277019,false,false,9.9993356273935508,0.23523700729057029,,,
2001-04-02T00:00:00,EURJPY,10,0.73478234709276635,0.59544891040285486,success,11,15.344247705892183,14.325224197541131,false,false,5.954489104028549,15.795121961850027,,,
2001-04-03T00:00:00,EURJPY,10,0.61539290886716713,0.49106647323867786,success,11,15.205786042758639,14.735747373407449,false,false,4.9106647323867785,13.084131717786107,,,
2001-04-04T00:00:00,EURJPY,10,0.6013861062444823,0.59235593350198168,success,11,14.948256247134104,14.537012342757613,false,false,5.9235593350198172,14.997652337597136,,,
2001-04-05T00:00:00,EURJPY,10,0.67733761650381852,0.29701719079492833,success,11,15.260082126393835,14.518518807036763,false,false,2.9701719079492834,15.275677125074596,,,
2001-04-06T00:00:00,EURJPY,10,0.67093023808890984,0.80075091238745189,success,11,15.608324327870974,14.895928933955389,false,false,8.0075091238745184,99.18031046341234,,,
2001-04-09T00:00:00,EURJPY,10,0.66674380387988108,0.5012050169973199,success,11,15.576885935511415,14.883391617405602,false,false,5.0120501699731994,15.277532994855441,,,
2001-04-10T00:00:00,EURJPY,10,0.75964001699553674,0.40374498652873153,success,11,15.523560734198281,14.372853803736142,false,false,4.0374498652873152,12.898593399324566,,,
2001-04-11T00:00:00,EURJPY,10,0.64296091640748487,0.30026402003065872,success,11,15.607686275599645,15.01944759003905,false,false,3.0026402003065873,95.041889109047702,,,
2001-04-12T00:00:00,EURJPY,10,0.69369876478527359,0.14471327608299969,success,11,15.575179671753483,14.757710908508249,false,false,1.4471327608299969,0.64277106348602875,,,
2001-04-13T00:00:00,EURJPY,10,0.91404911334044503,0.87130622229056609,success,11,15.608323939504949,13.244215682754444,false,false,8.7130622229056609,1.7791734984310636,,,
2001-04-16T00:00:00,EURJPY,10,0.9829067120153655,0.66624167989961181,success,11,15.608323907029584,11.556495563628465,false,false,6.6624167989961185,29.660218838173336,,,
2001-04-17T00:00:00,EURJPY,10,0.6929118741904835,0.59691536126110034,success,11,15.608323894838632,14.794555830554255,false,false,5.9691536126110032,31.634528269981601,,,
2001-04-18T00:00:00,EURJPY,10,0.64199033126105609,0.49601300271505278,success,11,15.608323905654784,15.024310656105946,false,false,4.9601300271505275,22.449412390376231,,,
2001-04-19T00:00:00,EURJPY,10,0.66556387585962207,0.48486745066418308,success,11,15.608323898051932,14.92013518517687,false,false,4.8486745066418306,1.0409272120169761,,,
2001-04-20T00:00:00,EURJPY,10,0.92044337760622996,0.69126965266321783,success,11,15.413578852831892,12.965192366212207,false,false,6.9126965266321783,12.659373190037392,,,
2001-04-23T00:00:00,EURJPY,10,0.8369631971210425,0.55447165326972059,success,11,15.608324360530768,13.97252022084956,false,false,5.5447165326972057,1.0099172671811363,,,
2001-04-24T00:00:00,EURJPY,10,0.77702139253786717,0.42873044509343511,success,11,15.608323908570528,14.359931862553514,false,false,4.287304450934351,4.4491531990713868,,,
2001-04-25T00:00:00,EURJPY,10,0.98870654627669408,0.31680165317358994,success,11,15.608323883274611,11.136149554626424,false,false,3.1680165317358995,19.090164187829831,,,
2001-04-26T00:00:00,EURJPY,10,0.96055607885469085,0.23553456764106023,success,11,15.608323980127299,12.415691559870835,false,false,2.3553456764106024,28.924081711488075,,,
2001-04-27T00:00:00,EURJPY,10,0.70155823197780465,1.0000000000040527e-07,success,11,15.608323931422714,14.753594856464648,false,false,1.0000000000040528e-06,1.1591676984897572,,,
2001-04-30T00:00:00,EURJPY,10,0.61467531147267029,0.89883378453868357,success,11,15.608323894245446,15.141316040372804,false,false,8.9883378453868357,89.880469646411612,,,
2001-05-01T00:00:00,EURJPY,10,0.73062509245357443,0.79902235876909666,success,11,15.608323888488128,14.610527547364239,false,false,7.9902235876909664,149.59340652026111,,,
2001-05-02T00:00:00,EURJPY,10,0.6864128737592915,0.90690329859920493,success,11,15.608323894655019,14.824921827285587,false,false,9.0690329859920489,0.5397131069303458,,,
2001-05-03T00:00:00,EURJPY,10,0.70423224989410316,0.66981860237009128,success,11,15.608324137075694,14.740790453226834,false,false,6.698186023700913,0.637552291475178,,,
2001-05-04T00:00:00,EURJPY,10,0.86147421284566061,9.9999999999999995e-08,success,11,15.608323886280528,13.780735260751657,false,false,9.9999999999999995e-07,0.18924191486132344,,,
2001-05-07T00:00:00,EURJPY,10,0.95294702116377705,0.36814127211749442,success,11,15.608323893417385,12.600038759119947,false,false,3.6814127211749441,24.498681149605616,,,
2001-05-08T00:00:00,EURJPY,10,0.85057629234775556,0.46607102351914953,success,11,15.400630651778801,13.661502486896604,false,false,4.6607102351914955,0.88882020941931383,,,
2001-05-09T00:00:00,EURJPY,10,0.73586350327710137,0.42833933458837548,success,11,15.584044632089048,14.55946599063555,false,false,4.2833933458837548,0.78120609280620767,,,
2001-05-10T00:00:00,EURJPY,10,0.8833098426543915,0.00069809203726230932,success,11,15.608323936650676,13.584170094137637,false,false,0.0069809203726230937,10.336857739901061,,,
2001-05-11T00:00:00,EURJPY,10,0.9926402953399992,0.40041331794680712,success,11,15.608321912050425,10.703973358190899,false,false,4.004133179468071,978.99737407391126,,,
2001-05-14T00:00:00,EURJPY,10,0.85055529695318366,0.60244321909476317,success,11,15.608323974783255,13.869360993190119,false,false,6.0244321909476319,62.478095037233174,,,
2001-05-15T00:00:00,EURJPY,10,0.74193443431801609,0.50196832789899593,success,11,15.608323882284754,14.552276689660706,false,false,5.0196832789899597,59.317766701705018,,,
2001-05-16T00:00:00,EURJPY,10,0.63292380260829306,0.4034620560981762,success,11,15.608323893621911,15.06354330257455,false,false,4.0346205609817618,31.560859926214402,,,
2001-05-17T00:00:00,EURJPY,10,0.63721408305956173,0.33142410864937577,success,11,15.608324359989824,15.045031580516712,false,false,3.3142410864937579,27.063282936899437,,,
2001-05-18T00:00:00,EURJPY,10,0.53261787939694294,0.72112720058001933,success,11,15.608324734146219,15.477667659793111,false,false,7.2112720058001933,2.4477915453057619,,,
2001-05-21T00:00:00,EURJPY,10,0.60498427993147452,0.99764150010910346,success,11,15.608324131130866,15.182047218772997,false,false,9.9764150010910342,2.0511441031719251,,,
2001-05-22T00:00:00,EURJPY,10,0.59119613021523776,0.80260272732599147,success,11,15.608323897893451,15.239411578975009,false,false,8.0260272732599152,12.160566671708622,,,
2001-05-23T00:00:00,EURJPY,10,0.93609692572352554,0.90078094963524946,success,11,15.072888426107886,12.388536872837276,false,false,9.0078094963524951,97.005631148110368,,,
2001-05-24T00:00:00,EURJPY,10,0.89095777416529076,0.82151154285938532,success,11,15.531655685550149,13.431093850902407,false,false,8.2151154285938528,20.736074415405607,,,
2001-05-25T00:00:00,EURJPY,10,0.81522333952379755,0.51164430536249461,success,11,15.506991404907573,14.022677148089372,false,false,5.1164430536249457,1.034429716961059,,,
2001-05-28T00:00:00,EURJPY,10,0.97833695907300389,0.29446990047678273,success,11,15.348669074687553,11.538422550456566,false,false,2.9446990047678274,1.3605000203435245,,,
2001-05-29T00:00:00,EURJPY,10,0.92767861033641885,0.19551666924998043,success,11,15.499054753099863,12.947489336746793,false,false,1.9551666924998043,18.479906783821459,,,
2001-05-30T00:00:00,EURJPY,10,0.62905782480333106,0.13962705283815036,success,11,15.596317540554388,15.068140545210625,false,false,1.3962705283815036,2.7336018881575761,,,
2001-05-31T00:00:00,EURJPY,10,0.61314979308324447,0.75200173813707771,success,11,15.60832388817489,15.147752177303316,false,false,7.5200173813707769,2.0725984514373428,,,
2001-06-01T00:00:00,EURJPY,10,0.61055718358528177,0.59522616310806509,success,11,15.608323903148339,15.158668988911248,false,false,5.9522616310806509,19.159118743852211,,,
2001-06-04T00:00:00,EURJPY,10,0.65797716672004403,0.49567049056410595,success,11,15.608323894176213,14.954031163296827,false,false,4.9567049056410593,13.988435740584542,,,
2001-06-05T00:00:00,EURJPY,10,0.68593748772642504,0.37877414404742293,success,11,15.608227195857673,14.827032747814755,false,false,3.7877414404742291,1.2117389018258626,,,
2001-06-06T00:00:00,EURJPY,10,0.81083262719795524,6.9834475358457183e-05,success,11,15.608323888702495,14.152894427741659,false,false,0.00069834475358457185,8.8507258076918838,,,
2001-06-07T00:00:00,EURJPY,10,0.87539025729764264,0.019547041883897245,success,11,15.608323914953395,13.658840914817027,false,false,0.19547041883897245,13.340318264897649,,,
2001-06-08T00:00:00,EURJPY,10,0.67007432599606986,0.86066132484690883,success,11,15.608323889691043,14.89980264793755,false,false,8.6066132484690883,3.3763232580161233,,,
2001-06-11T00:00:00,EURJPY,10,0.56373032479123275,0.36821752739574309,success,11,15.608323901716812,15.352008485365722,false,false,3.6821752739574309,24.687098916958721,,,
2001-06-12T00:00:00,EURJPY,10,0.75076779236287861,0.60462680082451326,success,11,15.608323883528714,14.505612500186743,false,false,6.046268008245133,15.105600737734703,,,
2001-06-13T00:00:00,EURJPY,10,0.90836901945633752,0.51465848709532913,success,11,15.608323882086468,13.314442606994367,false,false,5.1465848709532915,12.637586726838583,,,
2001-06-14T00:00:00,EURJPY,10,0.96304853289667536,1.4168272471395199e-07,success,11,15.608323895392793,12.347825438959134,false,false,1.4168272471395199e-06,0.24418078027508228,,,
2001-06-15T00:00:00,EURJPY,10,0.95278949981240613,0.36904183865328771,success,11,15.6083239162291,12.603546248048918,false,false,3.690418386532877,22.918007222381476,,,
2001-06-18T00:00:00,EURJPY,10,0.97901774829314125,0.29913593002886774,success,11,15.60832769191089,11.765454844103317,false,false,2.9913593002886771,280.27476961352136,,,
2001-06-19T00:00:00,EURJPY,10,0.84282751509375531,0.19433275783071627,success,11,15.608323899704585,13.928905403339723,false,false,1.9433275783071626,28.781472092354367,,,
2001-06-20T00:00:00,EURJPY,10,0.69777880662510783,0.5978125490475501,success,11,15.608323999281223,14.771581020367327,false,false,5.9781254904755006,0.78371588393282665,,,
2001-06-21T00:00:00,EURJPY,10,0.93868375467733123,0.45870037675634956,success,11,15.608324098319148,12.879890286570891,false,false,4.5870037675634956,0.41191180465196187,,,
2001-06-22T00:00:00,EURJPY,10,0.83312578833417839,0.18984455808922535,success,11,15.608323884809483,14.000379552682794,false,false,1.8984455808922533,0.63651625832957137,,,
2001-06-25T00:00:00,EURJPY,10,0.79706818704653593,0.30201706355754865,success,11,15.608323889354416,14.240253685420591,false,false,3.0201706355754867,74.274833619351512,,,
2001-06-26T00:00:00,EURJPY,10,0.64543796880042581,0.99999990000000005,success,11,15.608323915560231,15.00927812069104,false,false,9.9999990000000007,17.964535516949717,,,
2001-06-27T00:00:00,EURJPY,10,0.81696469269396976,0.59688575469555727,success,11,15.608323891042021,14.112407083242873,false,false,5.9688575469555722,47.42676329482299,,,
2001-06-28T00:00:00,EURJPY,10,0.73410286765091237,0.90193692099473233,success,11,15.608323891133644,14.59278423916928,false,false,9.0193692099473228,74.759355931231127,,,
2001-06-29T00:00:00,EURJPY,10,0.65848296574574616,0.49195259906049199,success,11,15.608323898452026,14.95178280432374,false,false,4.91952599060492,1.018885911948987,,,
2001-07-02T00:00:00,EURJPY,10,0.62622985966969014,0.43398549253525676,success,11,15.608323898674675,15.092247417425263,false,false,4.3398549253525678,1.2030975995123812,,,
2001-07-03T00:00:00,EURJPY,10,0.69487101807396967,0.21035642843456373,success,11,15.608323956600728,14.785332292538868,false,false,2.1035642843456372,1.4546885900706996,,,
2001-07-04T00:00:00,EURJPY,10,0.63109581701363027,0.090117075861931212,success,11,15.608323892967601,15.071403136105111,false,false,0.90117075861931217,11.159229721264598,,,
2001-07-05T00:00:00,EURJPY,10,0.96330005172357769,0.78832072065535663,success,11,15.608323888154942,12.340734290394956,false,false,7.8832072065535659,3.2308141640100563,,,
2001-07-06T00:00:00,EURJPY,10,0.83486940221044004,0.99999989891660301,success,11,15.608323887983449,13.987785242486616,false,false,9.9999989891660306,7.8410814941983515,,,
2001-07-09T00:00:00,EURJPY,10,0.73558106933106049,0.83195416514986165,success,11,15.608323896327397,14.585197842943446,false,false,8.319541651498616,22.493231043876836,,,
2001-07-10T00:00:00,EURJPY,10,0.64589229275427373,0.70377528531637779,success,11,15.608323997510098,15.007292361724009,false,false,7.0377528531637781,20.039197563052252,,,
2001-07-11T00:00:00,EURJPY,10,0.65610788458432945,0.60321220277098342,success,11,15.608323900945017,14.962326657522171,false,false,6.0321220277098337,22.758332101786014,,,
2001-07-12T00:00:00,EURJPY,10,0.65027263873751584,0.31254127646216712,success,11,15.608323940798037,14.988086104747827,false,false,3.1254127646216712,1.1474687202537563,,,
2001-07-13T00:00:00,EURJPY,10,0.83273933832235558,0.40291290363769133,success,11,15.608323901115146,14.003156671026694,false,false,4.0291290363769132,54.635906104143835,,,
2001-07-16T00:00:00,EURJPY,10,0.51302523639050079,0.73615198232582713,success,11,15.608323911304305,15.556211175236026,false,false,7.3615198232582717,20.363598470080543,,,
2001-07-17T00:00:00,EURJPY,10,0.54782061601768151,0.39979979358902729,success,11,15.608323963512362,15.416455041504985,false,false,3.9979979358902731,99.659057103356034,,,
2001-07-18T00:00:00,EURJPY,10,0.53437684647728256,0.2675603228000229,success,11,15.608323897963455,15.470599226419482,false,false,2.6756032280002291,25.812482336732689,,,
2001-07-19T00:00:00,EURJPY,10,0.62707894820719079,0.69746466769473225,success,11,15.608323899440787,15.088618192377645,false,false,6.974646676947323,23.117487718579184,,,
2001-07-20T00:00:00,EURJPY,10,0.66083625523164502,0.59681010427474079,success,11,15.608323885513697,14.941300812824606,false,false,5.9681010427474082,23.383032812504663,,,
2001-07-23T00:00:00,EURJPY,10,0.59749293394490244,0.54752188172566718,success,11,15.608323890498642,15.213294084917456,false,false,5.475218817256672,1.9052734736185888,,,
2001-07-24T00:00:00,EURJPY,10,0.6330413526133174,0.3982938532322981,success,11,15.608323884841594,15.063037301133583,false,false,3.9829385323229811,33.327766027136214,,,
2001-07-25T00:00:00,EURJPY,10,0.67491865234393156,0.27833541440454601,success,11,15.608323885689913,14.877807168615941,false,false,2.7833541440454601,3.4603429155943717,,,
2001-07-26T00:00:00,EURJPY,10,0.86707346471758917,0.79880253677622126,success,11,15.608323919707209,13.732996821438366,false,false,7.9880253677622122,184.03467482165883,,,
2001-07-27T00:00:00,EURJPY,10,0.75563842071000142,0.69730059004408651,success,11,15.60832389192932,14.479409920371181,false,false,6.9730059004408647,48.001242172906977,,,
2001-07-30T00:00:00,EURJPY,10,0.62618636406901029,0.59626973146904372,success,11,15.608324074234647,15.092433414831955,false,false,5.9626973146904376,14.525728437828278,,,
2001-07-31T00:00:00,EURJPY,10,0.70561876390316147,0.49745284172462989,success,11,15.60832436252765,14.734124914094755,false,false,4.9745284172462991,36.476920945320302,,,
2001-08-01T00:00:00,EURJPY,10,0.80547390158003729,0.39314017846083632,success,11,15.608323947109845,14.187459481455457,false,false,3.9314017846083633,19.238532813935354,,,
2001-08-02T00:00:00,EURJPY,10,0.70770799993380629,0.29826597326600168,success,11,15.608323886455029,14.72404561013359,false,false,2.982659732660017,58.719781241075474,,,
2001-08-03T00:00:00,EURJPY,10,0.65146959515981884,0.16809303382986679,success,11,15.608323905550387,14.982818650327609,false,false,1.680930338298668,17.294537121270242,,,
2001-08-06T00:00:00,EURJPY,10,0.66692897083447955,0.89766760266308288,success,11,15.608323907005996,14.91399612529634,false,false,8.9766760266308285,55.932545147314002,,,
2001-08-07T00:00:00,EURJPY,10,0.61373156527520123,0.90614885112018673,success,11,15.608323903825536,15.145298815895268,false,false,9.0614885112018673,13.053705498112443,,,
2001-08-08T00:00:00,EURJPY,10,0.6664141935674831,0.3983489027466916,success,11,15.608323943030426,14.916312676448177,false,false,3.9834890274669159,46.853406855139667,,,
2001-08-09T00:00:00,EURJPY,10,0.76298590473875127,0.29364806825383499,success,11,15.608323896033681,14.439203951437428,false,false,2.9364806825383498,19.254252285664489,,,
2001-08-10T00:00:00,EURJPY,10,0.82195710710802306,0.17552383876538558,success,11,15.608323891243444,14.078660171248943,false,false,1.7552383876538558,27.442455025917955,,,
2001-08-13T00:00:00,EURJPY,10,0.68311413215515393,0.097074985362978858,success,11,15.591272270567773,14.823151991480598,false,false,0.97074985362978861,85.891733912005932,,,
2001-08-14T00:00:00,EURJPY,10,0.8417522652589724,0.10640628336992379,success,11,15.608323912244844,13.936999909566078,false,false,1.0640628336992379,14.848048592121136,,,
2001-08-15T00:00:00,EURJPY,10,0.8231645534761679,0.70044881442323814,success,11,15.608323985090722,14.070387480425671,false,false,7.004488144232381,327.74433283652417,,,
2001-08-16T00:00:00,EURJPY,10,0.75737245566494771,0.60033315465696313,success,11,15.608323899189893,14.469996279474879,false,false,6.0033315465696315,353.64373018813075,,,
2001-08-17T00:00:00,EURJPY,10,0.72837122315516256,0.50429747399415858,success,11,15.608324116159968,14.621949619121722,false,false,5.0429747399415854,23.98996972619646,,,
2001-08-20T00:00:00,EURJPY,10,0.64678939127723445,0.40208316263707555,success,11,15.608323905668598,15.003367684259874,false,false,4.0208316263707555,32.937944664468617,,,
2001-08-21T00:00:00,EURJPY,10,0.62043545051358218,0.30342729482994446,success,11,15.608324062275409,15.1169271644684,false,false,3.0342729482994448,16.881512827687768,,,
2001-08-22T00:00:00,EURJPY,10,0.66613111270146863,0.99999990000000005,success,11,15.608323933446382,14.917585779272617,false,false,9.9999990000000007,18.532708926412106,,,
2001-08-23T00:00:00,EURJPY,10,0.63337140958708971,0.69945257973994046,success,11,15.608323904926166,15.061616230243965,false,false,6.9945257973994046,124.09938230467682,,,
2001-08-24T00:00:00,EURJPY,10,0.77354781790948168,0.96064385029643962,success,11,15.608324337687911,14.379870655441943,false,false,9.6064385029643962,3.9240596074535454,,,
2001-08-27T00:00:00,EURJPY,10,0.69844502583431523,0.47970994914303999,success,11,15.608323984995099,14.76841984765478,false,false,4.7970994914303997,0.56010553049912171,,,
2001-08-28T00:00:00,EURJPY,10,0.7185559459029448,0.39796035166009225,success,11,15.608324239900321,14.671014358272652,false,false,3.9796035166009225,47.875644839799421,,,
2001-08-29T00:00:00,EURJPY,10,0.8009289778201929,0.2991271197168896,success,11,15.608323901439666,14.216213281621995,false,false,2.9912711971688961,152.66393991960481,,,
2001-08-30T00:00:00,EURJPY,10,0.63779229001352988,0.19943207052480347,success,11,15.608323923505592,15.042529089177863,false,false,1.9943207052480347,126.09629207216433,,,
2001-08-31T00:00:00,EURJPY,10,0.7452663299595359,0.99973390561606323,success,11,15.608323934597777,14.534800858370142,false,false,9.9973390561606319,1.7863101315808261,,,
2001-09-03T00:00:00,EURJPY,10,0.78053338658108773,0.99999987979564919,success,11,15.608323898621714,14.33954650176374,false,false,9.9999987979564917,0.16233602281226464,,,
2001-09-04T00:00:00,EURJPY,10,0.78053338658108773,0.99999987979564919,fallback_previous,11,15.513750853032871,,true,true,,,2001-09-03T00:00:00,changepoint_fit,First changepoint fit failed: ABNORMAL: ; second changepoint fit failed: ABNORMAL:
2001-09-05T00:00:00,EURJPY,10,0.95375342712408251,0.90655651347244659,success,11,15.608324030421484,12.581906215747107,false,false,9.0655651347244657,0.48524208404253233,,,
2001-09-06T00:00:00,EURJPY,10,0.97220186586985624,0.99999953926642604,success,11,15.608323889797077,12.053729326786643,false,false,9.9999953926642604,0.32065324660719929,,,
2001-09-07T00:00:00,EURJPY,10,0.94859325686317197,0.4898163472133733,success,11,15.471621008804732,12.556410257189981,false,false,4.8981634721337333,17.903099817395788,,,
2001-09-10T00:00:00,EURJPY,10,0.88437380610798266,0.38827076053720433,success,11,15.496510818870911,13.46199350935599,false,false,3.8827076053720435,17.481430820706322,,,
2001-09-11T00:00:00,EURJPY,10,0.8483218216246633,0.25595705231586852,success,11,15.49319936846589,13.77170032681388,false,false,2.5595705231586852,28.708884919461426,,,
2001-09-12T00:00:00,EURJPY,10,0.71278272963756073,0.70741044352807025,success,11,15.539456029625565,14.630518351606096,false,false,7.0741044352807023,14.260859915015121,,,
2001-09-13T00:00:00,EURJPY,10,0.83862343880932244,0.60061334829705337,success,11,15.50338498623487,13.855363725384358,false,false,6.006133482970534,133.41883342359924,,,
2001-09-14T00:00:00,EURJPY,10,0.99632394013506931,0.80742964876496193,success,11,15.380474800546912,9.7782438444487862,false,false,8.0742964876496188,2.9273657048783472,,,
2001-09-17T00:00:00,EURJPY,10,0.87143958778820085,0.37361425819967531,success,11,15.514390445517517,13.600642830568068,false,false,3.7361425819967531,1.6773869037933993,,,
2001-09-18T00:00:00,EURJPY,10,0.91785704265982282,0.24302647626199114,success,11,15.608323912150052,13.194743372141101,false,false,2.4302647626199114,1.2014453251292807,,,
2001-09-19T00:00:00,EURJPY,10,0.80586462717293306,0.20006302835021711,success,11,15.320538643388366,13.897178585142225,false,false,2.0006302835021712,1294.47843848714,,,
2001-09-20T00:00:00,EURJPY,10,0.90663099292716653,0.10014063695591897,success,11,15.60832400988501,13.335147946185071,false,false,1.0014063695591897,481.48845332354227,,,
2001-09-21T00:00:00,EURJPY,10,0.96161945473472876,0.89987729647332526,success,11,15.586646799034805,12.365578701323786,false,false,8.9987729647332522,997.01486713971235,,,
2001-09-24T00:00:00,EURJPY,10,0.8551019669251001,0.78726452175696338,success,11,15.608323907328092,13.833133460812853,false,false,7.8726452175696338,6.3511719091366317,,,
2001-09-25T00:00:00,EURJPY,10,0.86599945684590651,0.67517898580994617,success,11,15.595531893194048,13.729491465161985,false,false,6.7517898580994613,3.5891046383571226,,,
2001-09-26T00:00:00,EURJPY,10,0.74974570669877005,0.2113461746562591,success,11,15.479618670810924,14.382362153605648,false,false,2.1134617465625909,16.323201301350402,,,
2001-09-27T00:00:00,EURJPY,10,0.88135677468795193,0.44206877002306533,success,11,15.524492219627803,13.519150593239679,false,false,4.420687700230653,4.4976615546847754,,,
2001-09-28T00:00:00,EURJPY,10,0.81662379201685231,0.30508953965787305,success,11,15.608323884042035,14.114685194064,false,false,3.0508953965787304,31.47782445318002,,,
2001-10-01T00:00:00,EURJPY,10,0.60415953490053398,0.70925582398277265,success,11,15.608323883437572,15.185496853920856,false,false,7.092558239827726,2.2608076223506455,,,
2001-10-02T00:00:00,EURJPY,10,0.64080122923406457,0.58949910948312945,success,11,15.608324126801611,15.029480727047282,false,false,5.894991094831294,2.3559602338878634,,,
2001-10-03T00:00:00,EURJPY,10,0.59105587318954012,0.48011236523607587,success,11,15.608323898759462,15.239991883183698,false,false,4.8011236523607588,2.4453989472624182,,,
2001-10-04T00:00:00,EURJPY,10,0.64302298363415922,0.19889475015768548,success,11,15.608323938386221,15.019814870190354,false,false,1.9889475015768547,14.387030974974863,,,
2001-10-05T00:00:00,EURJPY,10,0.88923133496977025,0.81514472444906172,success,11,15.60832389525711,13.525410402010287,false,false,8.1514472444906172,0.91455396142427059,,,
2001-10-08T00:00:00,EURJPY,10,0.68526507460724184,0.79757686620599433,success,11,15.608323885005673,14.83024892923803,false,false,7.9757686620599433,44.752504566457262,,,
2001-10-09T00:00:00,EURJPY,10,0.96261874759053567,0.68061173805493047,success,11,15.608324002642078,12.359835876237286,false,false,6.8061173805493045,16.011034022891472,,,
2001-10-10T00:00:00,EURJPY,10,0.83194636143278622,0.52527131583466324,success,11,15.608323882197428,14.008839118517152,false,false,5.2527131583466327,1.4820644477705862,,,
2001-10-11T00:00:00,EURJPY,10,0.91228640491800028,7.9332491764831326e-07,success,11,15.608323915059145,13.266446839207788,false,false,7.9332491764831326e-06,0.20946274161094497,,,
2001-10-12T00:00:00,EURJPY,10,0.87754147873881527,0.26085623794830404,success,11,15.60832388749926,13.638972034755056,false,false,2.6085623794830406,1.119072005510874,,,
2001-10-15T00:00:00,EURJPY,10,0.79082770507142264,0.00019094938507374832,success,11,15.599341404144136,14.269419569229287,false,false,0.0019094938507374832,2.5058758799793974,,,
2001-10-16T00:00:00,EURJPY,10,0.67902711592223919,0.70108426145986502,success,11,15.608323894753287,14.85901947919162,false,false,7.0108426145986504,77.709218903926597,,,
2001-10-17T00:00:00,EURJPY,10,0.79760245839830124,0.62712315880339431,success,11,15.608323891791638,14.236947382007028,false,false,6.2712315880339435,20.434642532519231,,,
2001-10-18T00:00:00,EURJPY,10,0.75473693541264075,0.5341848169953336,success,11,15.60832390475692,14.484286013656108,false,false,5.3418481699533356,23.014311274716651,,,
2001-10-19T00:00:00,EURJPY,10,0.68687208803406752,0.16884964165904853,success,11,15.608323898406956,14.822787584186393,false,false,1.6884964165904854,0.96515089501213724,,,
2001-10-22T00:00:00,EURJPY,10,0.73015757024695216,0.79915730870850177,success,11,15.608323893407961,14.612901728038521,false,false,7.9915730870850172,162.57798750482135,,,
2001-10-23T00:00:00,EURJPY,10,0.77652708766450562,0.66605962734047797,success,11,15.608323896078756,14.362782578895851,false,false,6.6605962734047797,23.816261633782439,,,
2001-10-24T00:00:00,EURJPY,10,0.70257875280899551,0.59899264742360947,success,11,15.608323881091716,14.748715857142304,false,false,5.9899264742360945,95.412459172747816,,,
2001-10-25T00:00:00,EURJPY,10,0.73353206792670322,0.54891665551162427,success,11,15.60832389811204,14.595706488864172,false,false,5.4891665551162427,1.2090388625736854,,,
2001-10-26T00:00:00,EURJPY,10,0.88042443159796058,0.39813029439335967,success,11,15.608323899527628,13.611868342768858,false,false,3.981302943933597,87.641265723236089,,,
2001-10-29T00:00:00,EURJPY,10,0.73498097885823821,0.99995980992936384,success,11,15.608323895564601,14.588280877094824,false,false,9.9995980992936389,2.8139361792577922,,,
2001-10-30T00:00:00,EURJPY,10,0.64131332845973343,0.45977086665314443,success,11,15.608323965093746,15.02725504182116,false,false,4.5977086665314442,0.97459670878370974,,,
2001-10-31T00:00:00,EURJPY,10,0.64498947120952921,0.70268334496051588,success,11,15.608323909152475,15.011237363796408,false,false,7.0268334496051583,29.733541423519412,,,
2001-11-01T00:00:00,EURJPY,10,0.64383875321743944,0.3077873405813617,success,11,15.608323926113497,15.016259183268927,false,false,3.0778734058136168,9.6308799674744705,,,
2001-11-02T00:00:00,EURJPY,10,0.60078345196010274,0.1603893704158969,success,11,15.608323899357053,15.199593339212404,false,false,1.6038937041589689,1.7078794976423322,,,
2001-11-05T00:00:00,EURJPY,10,0.96952645988033659,0.18856797763023098,success,11,15.607145194195322,12.14719619761479,false,false,1.8856797763023097,13.786480918291018,,,
2001-11-06T00:00:00,EURJPY,10,0.80976664323146619,0.49507413961570074,success,11,15.257464502281316,13.808969902964488,false,false,4.9507413961570075,17.854461258123255,,,
2001-11-07T00:00:00,EURJPY,10,0.81122285596693733,0.39394788074492626,success,11,15.452907443443546,13.994931822738138,false,false,3.9394788074492628,17.183526936820826,,,
2001-11-08T00:00:00,EURJPY,10,0.8458745419626772,0.99999990000000005,success,11,15.503741822928893,13.801137703208134,false,false,9.9999990000000007,6963.1940313970754,,,
2001-11-09T00:00:00,EURJPY,10,0.81994648023679384,0.8025044942580003,success,11,15.60832388708687,14.092338955676148,false,false,8.0250449425800028,62.54581661330014,,,
2001-11-12T00:00:00,EURJPY,10,0.71661588142730515,0.70110296823341867,success,11,15.608324008024324,14.680587327981922,false,false,7.0110296823341862,96.212644264446908,,,
2001-11-13T00:00:00,EURJPY,10,0.91605978321443193,0.38968567474637433,success,11,15.608323887353373,13.21834709981842,false,false,3.8968567474637434,1.253998751282956,,,
2001-11-14T00:00:00,EURJPY,10,0.95386405391963991,0.27650142651615722,success,11,15.608323940333024,12.579395167773104,false,false,2.7650142651615721,1.3268029244779425,,,
2001-11-15T00:00:00,EURJPY,10,0.96390160780603507,0.15815489152841816,success,11,15.608323883823312,12.323582987796872,false,false,1.5815489152841815,3.7056197594375488,,,
2001-11-16T00:00:00,EURJPY,10,0.97560967063928339,0.80713358303012828,success,11,15.608323979619868,11.919448116883911,false,false,8.0713358303012832,2.2787518959141386,,,
2001-11-19T00:00:00,EURJPY,10,0.59325532103890677,0.49794173294257077,success,11,15.608323917577106,15.230884717171005,false,false,4.9794173294257078,15.758776108092682,,,
2001-11-20T00:00:00,EURJPY,10,0.6437263064074622,0.29608863752396375,success,11,15.608323968156981,15.016749560138228,false,false,2.9608863752396375,17.736291959083371,,,
2001-11-21T00:00:00,EURJPY,10,0.76705996195363224,0.19294446230160425,success,11,15.608323892625039,14.416539990065392,false,false,1.9294446230160425,16.654384350478836,,,
2001-11-22T00:00:00,EURJPY,10,0.88195680787027741,0.012065401986165812,success,11,15.60832391827021,13.597231426619988,false,false,0.12065401986165812,8.4757299470087428,,,
2001-11-23T00:00:00,EURJPY,10,0.58711428411184341,0.29995775808296204,success,11,15.60832418003007,15.256275524998964,false,false,2.9995775808296203,346.48691842080837,,,
2001-11-26T00:00:00,EURJPY,10,0.67750630809061774,0.9340836638604294,success,11,15.608323930574567,14.865988643102817,false,false,9.3408366386042943,0.90606549829242711,,,
2001-11-27T00:00:00,EURJPY,10,0.93924050782646651,0.8534409339301382,success,11,15.608323900715414,12.870175642217781,false,false,8.5344093393013818,1.7114234257783454,,,
2001-11-28T00:00:00,EURJPY,10,0.71592653720970778,0.70026284678352879,success,11,15.60832395728665,14.683979273760563,false,false,7.0026284678352884,0.9290235493809571,,,
2001-11-29T00:00:00,EURJPY,10,0.81613993145169184,0.29896294846507587,success,11,15.608323912737282,14.117913059117177,false,false,2.989629484650759,135.05251228235488,,,
2001-11-30T00:00:00,EURJPY,10,0.76383165607728831,0.19651885007171394,success,11,15.608323890144506,14.434521343145194,false,false,1.9651885007171395,37.57197931761808,,,
2001-12-03T00:00:00,EURJPY,10,0.66117597924043792,0.59400464403996356,success,11,15.608323894375653,14.939784717917249,false,false,5.9400464403996356,0.97343005933859661,,,
2001-12-04T00:00:00,EURJPY,10,0.76147077857505985,0.55156046793173941,success,11,15.608324988575005,14.447565015003317,false,false,5.5156046793173941,2.3422796537590367,,,
2001-12-05T00:00:00,EURJPY,10,0.7016070766447573,0.43918603556565811,success,11,15.586331494917275,14.731369120223324,false,false,4.3918603556565809,2.0702181518151481,,,
2001-12-06T00:00:00,EURJPY,10,0.80081923065173621,0.42663320320616194,success,11,15.608323911074317,14.216901470135197,false,false,4.2663320320616194,0.65010473228918597,,,
2001-12-07T00:00:00,EURJPY,10,0.80496654163731451,0.26064709449348156,success,11,15.608323892556072,14.190694304377198,false,false,2.6064709449348156,3.093058551568729,,,
2001-12-10T00:00:00,EURJPY,10,0.697738325058057,0.17994696843191735,success,11,15.608323903830422,14.771772879346024,false,false,1.7994696843191735,6.3493480442372583,,,
2001-12-11T00:00:00,EURJPY,10,0.65307413312442997,1.0000000666409322e-07,success,11,15.608323901955485,14.975744369127332,false,false,1.0000000666409322e-06,17.677176469657752,,,
2001-12-12T00:00:00,EURJPY,10,0.93047665248850708,0.663896381654699,success,11,15.608324034454762,13.014289681622582,false,false,6.6389638165469904,26.206657878704611,,,
2001-12-13T00:00:00,EURJPY,10,0.65025805379748158,0.78967253719484842,success,11,15.608326237357305,14.988152533393752,false,false,7.8967253719484845,1.2577925486469375,,,
2001-12-14T00:00:00,EURJPY,10,0.97761627173866716,0.99992140125769535,success,11,15.608323935474356,11.831540980605956,false,false,9.9992140125769531,1.6437099711467085,,,
2001-12-17T00:00:00,EURJPY,10,0.96919384020490684,0.79977856497571564,success,11,15.608323887520523,12.159573917474962,false,false,7.9977856497571569,17.11149066343415,,,
2001-12-18T00:00:00,EURJPY,10,0.93767738120053146,0.69370245654281626,success,11,15.608323885047536,12.897242360980306,false,false,6.9370245654281621,14.839639678972608,,,
2001-12-19T00:00:00,EURJPY,10,0.91757075460487236,0.58901675465760039,success,11,15.608323899832884,13.198534499932004,false,false,5.8901675465760039,14.394774793482926,,,
2001-12-20T00:00:00,EURJPY,10,0.93295967336781982,0.4197119166045481,success,11,15.60832388755499,12.975256238544645,false,false,4.1971191660454812,10.807923509903663,,,
2001-12-21T00:00:00,EURJPY,10,0.99751396450952723,0.32851066487618741,success,11,15.608323892771384,9.6137470137191485,false,false,3.2851066487618743,3.6365348652216145,,,
2001-12-24T00:00:00,EURJPY,10,0.7344169452252014,0.49860654501638751,success,11,15.608323903992156,14.591174607161644,false,false,4.986065450163875,79.387316651788794,,,
2001-12-25T00:00:00,EURJPY,10,0.7834114587329597,0.39470780994830112,success,11,15.608323889820973,14.322665272201235,false,false,3.947078099483011,24.316177194531416,,,
2001-12-26T00:00:00,EURJPY,10,0.8776379476320646,0.26856950487331283,success,11,15.608323902479748,13.638074046551838,false,false,2.6856950487331281,25.353381994017312,,,
2001-12-27T00:00:00,EURJPY,10,0.92562048091938265,0.16850275039232843,success,11,15.608323882933574,13.087040202884939,false,false,1.6850275039232843,23.101513068854633,,,
2001-12-28T00:00:00,EURJPY,10,0.95478059587577735,0.0050673358868305821,success,11,15.608323889051995,12.558368607005807,false,false,0.050673358868305818,9.0413078712279606,,,
2001-12-31T00:00:00,EURJPY,10,0.85417536227846547,0.30581511455448052,success,11,15.608323898671511,13.840592172015789,false,false,3.0581511455448052,31.480606462823097,,,
2002-01-01T00:00:00,EURJPY,10,0.60259865510697153,0.59939143919692506,success,11,15.608323997496575,15.192019316962094,false,false,5.9939143919692501,61.836570597542789,,,
2002-01-02T00:00:00,EURJPY,10,0.84488188001362441,0.99999528192357956,success,11,15.608323903640153,13.913313964144029,false,false,9.999952819235796,9.7264085650718517,,,
2002-01-03T00:00:00,EURJPY,10,0.84252719955273669,0.80583062558672525,success,11,15.608323909146799,13.931170710884976,false,false,8.0583062558672527,28.136649193687614,,,
2002-01-04T00:00:00,EURJPY,10,0.8797365520883188,0.70256464365637528,success,11,15.608323916077241,13.618386161731237,false,false,7.0256464365637523,64.81112599690303,,,
2002-01-07T00:00:00,EURJPY,10,0.83196917691199734,0.6014965462764934,success,11,15.608323975334718,14.008676015517016,false,false,6.014965462764934,95.809057738511697,,,
2002-01-08T00:00:00,EURJPY,10,0.95289180850984712,0.53050476912864553,success,11,15.608323884028245,12.601269416979633,false,false,5.3050476912864557,22.314370347445124,,,
2002-01-09T00:00:00,EURJPY,10,0.95887916172606302,0.101218808627765,success,11,15.608323893461309,12.459073837952198,false,false,1.01218808627765,3.3260967006887143,,,
2002-01-10T00:00:00,EURJPY,10,0.8046591924743548,0.30312393320399478,success,11,15.608323889271885,14.192650828842826,false,false,3.0312393320399478,49.871920915509925,,,
2002-01-11T00:00:00,EURJPY,10,0.87524427925026993,0.93935487314646271,success,11,15.60832390507038,13.660178472682652,false,false,9.3935487314646267,3.9013275608993738,,,
2002-01-14T00:00:00,EURJPY,10,0.94077454541416172,0.82702250739494065,success,11,15.608323913270464,12.842971818400965,false,false,8.2702250739494065,5.1238764238358723,,,
2002-01-15T00:00:00,EURJPY,10,0.65968049354462399,0.71144448103042035,success,11,15.608323963264157,14.946453247362188,false,false,7.1144448103042031,0.93299164699135029,,,
2002-01-16T00:00:00,EURJPY,10,0.66039776353827007,1.1202534520763213e-07,success,11,15.608323891210867,14.943256605688429,false,false,1.1202534520763213e-06,0.48766616404434826,,,
2002-01-17T00:00:00,EURJPY,10,0.62829068069136362,0.57938164877708032,success,11,15.608323890055903,15.083433112448111,false,false,5.7938164877708029,1.3395824426883969,,,
2002-01-18T00:00:00,EURJPY,10,0.66143642022440308,0.29715132066252303,success,11,15.608323879597968,14.938621917921186,false,false,2.9715132066252306,26.613334883379554,,,
2002-01-21T00:00:00,EURJPY,10,0.64154128585327919,0.50188486343359795,success,11,15.60832389566186,15.026263846008387,false,false,5.0188486343359795,33.191446911498375,,,
2002-01-22T00:00:00,EURJPY,10,0.72762837648584866,0.66386690459205044,success,11,15.608323886021481,14.62570083674775,false,false,6.6386690459205049,3.2122061365183305,,,
2002-01-23T00:00:00,EURJPY,10,0.6348184427521486,0.59977538667829378,success,11,15.608323894076676,15.055379500020779,false,false,5.9977538667829373,265.33800763010856,,,
2002-01-24T00:00:00,EURJPY,10,0.72399325519781599,0.48311480953528196,success,11,15.608324131358319,14.643967358148741,false,false,4.8311480953528196,5.9456409898423166,,,
2002-01-25T00:00:00,EURJPY,10,0.70335125900547202,0.99840491930569741,success,11,15.608323882960528,14.745016207364214,false,false,9.9840491930569737,7.5085454525318465,,,
2002-01-28T00:00:00,EURJPY,10,0.6013716055906474,0.29153881498355916,success,11,15.608323908699916,15.197140493698708,false,false,2.9153881498355916,3.7359566393320978,,,
2002-01-29T00:00:00,EURJPY,10,0.67481719752322089,0.15317378350336994,success,11,15.608323908034979,14.878269565687086,false,false,1.5317378350336994,1.9501009706372265,,,
2002-01-30T00:00:00,EURJPY,10,0.78082607849922503,0.6002687450574804,success,11,15.547961952633937,14.277475095116198,false,false,6.002687450574804,1311.9667148190335,,,
2002-01-31T00:00:00,EURJPY,10,0.97907536855126642,0.099914387468163154,success,11,15.608323899578552,11.762642278026602,false,false,0.99914387468163157,4.0982584520910406,,,
2002-02-01T00:00:00,EURJPY,10,0.67752996599454773,0.10488943528814991,success,11,15.608323882580002,14.865880314660169,false,false,1.0488943528814991,29.009017338215916,,,
2002-02-04T00:00:00,EURJPY,10,0.59009496459083666,0.90571769173481353,success,11,15.60832390088779,15.243965931923398,false,false,9.0571769173481353,14.746504404950771,,,
2002-02-05T00:00:00,EURJPY,10,0.53320264772264325,0.3987311781581464,success,11,15.60832388446423,15.475317558776148,false,false,3.987311781581464,16.844844942597799,,,
2002-02-06T00:00:00,EURJPY,10,0.51601126479025772,0.27199657943527028,success,11,15.608323892054051,15.544256927907652,false,false,2.7199657943527029,23.564615335360145,,,
2002-02-07T00:00:00,EURJPY,10,0.76461142120304271,0.89031723788716344,success,11,15.608323883145424,14.430193799876465,false,false,8.9031723788716342,20.573093900379412,,,
2002-02-08T00:00:00,EURJPY,10,0.70820851900600101,0.090622967902188434,success,11,15.608323882775805,14.721624755062123,false,false,0.90622967902188434,7.802479956870223,,,
2002-02-11T00:00:00,EURJPY,10,0.66061952777441479,0.4980117940146882,success,11,15.608323889513359,14.942267631309733,false,false,4.980117940146882,38.393211927120028,,,
2002-02-12T00:00:00,EURJPY,10,0.62295808814137477,0.59531144517457713,success,11,15.608324033206593,15.10620114424121,false,false,5.9531144517457717,13.060885770360436,,,
2002-02-13T00:00:00,EURJPY,10,0.66010641139338333,0.27812829566122926,success,11,15.608323880518521,14.944555423047182,false,false,2.7812829566122925,0.79163141624649824,,,
2002-02-14T00:00:00,EURJPY,10,0.69406325539416214,0.19930458858489059,success,11,15.608323914631022,14.789139175785769,false,false,1.993045885848906,148.84585399648287,,,
2002-02-15T00:00:00,EURJPY,10,0.6470531884835099,0.75258263263878766,success,11,15.605894966774081,14.999783837784923,false,false,7.5258263263878762,1.8034686292707953,,,
2002-02-18T00:00:00,EURJPY,10,0.61133566308194665,0.69947060099229186,success,11,15.591198477162571,15.138268386108365,false,false,6.9947060099229184,16.495840178498337,,,
2002-02-19T00:00:00,EURJPY,10,0.6930980306503618,0.99977145667135203,success,11,15.608323882194933,14.79368081315436,false,false,9.9977145667135208,9.105793727477721,,,
2002-02-20T00:00:00,EURJPY,10,0.81564442163535555,0.80209171449277128,success,11,15.608324004507869,14.121211886175988,false,false,8.0209171449277132,73.897149258016128,,,
2002-02-21T00:00:00,EURJPY,10,0.69941725763187446,0.7014951296274764,success,11,15.608323889774844,14.763799455592723,false,false,7.0149512962747638,68.801881078514953,,,
2002-02-22T00:00:00,EURJPY,10,0.62348489802622586,0.60528376260133787,success,11,15.608324039755798,15.103957654137812,false,false,6.0528376260133783,12.763036821025926,,,
2002-02-25T00:00:00,EURJPY,10,0.89055399452602935,0.50175358476707466,success,11,15.608323902091131,13.511911494204913,false,false,5.0175358476707466,99.176557650577791,,,
2002-02-26T00:00:00,EURJPY,10,0.80932099276638247,0.40078507413300563,success,11,15.60832389101853,14.162719699311452,false,false,4.0078507413300564,184.98863125036777,,,
2002-02-27T00:00:00,EURJPY,10,0.99384179228403924,0.88632213386059555,success,11,15.608323893637857,10.524531642349718,false,false,8.8632213386059551,16.728600257443372,,,
2002-02-28T00:00:00,EURJPY,10,0.88894446447696929,0.7753656842454566,success,11,15.608325250601744,13.528320882915157,false,false,7.753656842454566,42.589610960363842,,,
2002-03-01T00:00:00,EURJPY,10,0.90092263317356114,0.66460909386870093,success,11,15.608323888953265,13.400805530794681,false,false,6.6460909386870091,24.421793566303023,,,
2002-03-04T00:00:00,EURJPY,10,0.90992094794195544,0.59672542020699892,success,11,15.608323987437108,13.295653903094809,false,false,5.9672542020699897,59.583995087383435,,,
2002-03-05T00:00:00,EURJPY,10,0.90491414184005814,0.49251959044192162,success,11,15.608323903111708,13.355264088358165,false,false,4.9251959044192164,24.144511484131833,,,
2002-03-06T00:00:00,EURJPY,10,0.77028578534420933,0.39719042672022598,success,11,15.60832392362197,14.398398319184921,false,false,3.9719042672022598,43.095111488391332,,,
2002-03-07T00:00:00,EURJPY,10,0.8625019715490615,0.91565548069202352,success,11,15.590184758741326,13.753956902449639,false,false,9.1565548069202354,13.464034811740451,,,
2002-03-08T00:00:00,EURJPY,10,0.76380049323405419,0.60682144369122493,success,11,15.608323911025362,14.434694106026736,false,false,6.0682144369122497,0.9946001311018875,,,
2002-03-11T00:00:00,EURJPY,10,0.85463959524772426,0.50240015734193511,success,11,15.608323887629956,13.836860242152166,false,false,5.0240015734193513,65.875151350016765,,,
2002-03-12T00:00:00,EURJPY,10,0.98239032788672753,0.43013848242607394,success,11,15.534918580493045,11.513378171527055,false,false,4.3013848242607393,1.9640071350206414,,,
2002-03-13T00:00:00,EURJPY,10,0.95170084917010256,0.30002734344384979,success,11,15.355436665315377,12.374599893313331,false,false,3.000273434438498,2.528204210193306,,,
2002-03-14T00:00:00,EURJPY,10,0.72832884883020255,0.84686424058127785,success,11,15.211610076405417,14.225449746585324,false,false,8.4686424058127781,1.1789226098229553,,,
2002-03-15T00:00:00,EURJPY,10,0.60162353442849414,0.79967483108702275,success,11,15.251510528682349,14.839276088688585,false,false,7.9967483108702275,256.33116496226,,,
2002-03-18T00:00:00,EURJPY,10,0.65329730554385734,0.39706428677304539,success,11,15.365649390087249,14.732084697010182,false,false,3.9706428677304539,14.241519432006369,,,
2002-03-19T00:00:00,EURJPY,10,0.80936969403223946,0.29289243073502047,success,11,15.145342487709991,13.699422680038694,false,false,2.9289243073502047,16.653133341879943,,,
2002-03-20T00:00:00,EURJPY,10,0.79112771551654226,0.19760608555968759,success,11,15.091733240131827,13.759996810720962,false,false,1.9760608555968759,43.530748102405774,,,
2002-03-21T00:00:00,EURJPY,10,0.92700991561379487,0.098725417640714158,retry_success,11,15.510405911837388,12.968765251470391,true,false,0.98725417640714153,79.328588381642732,,,
2002-03-22T00:00:00,EURJPY,10,0.6628248968298045,0.50001987108341395,success,11,15.6083238801313,14.932415421560613,false,false,5.0001987108341392,17.945010992873978,,,
2002-03-25T00:00:00,EURJPY,10,0.71894451740262022,0.99999990000000005,success,11,15.608323900758144,14.669091809162493,false,false,9.9999990000000007,0.73106729107644042,,,
2002-03-26T00:00:00,EURJPY,10,0.74554845999714814,0.66231243642911564,success,11,15.608323930352006,14.533314200207545,false,false,6.6231243642911561,2.1210146439775071,,,
2002-03-27T00:00:00,EURJPY,10,0.89976475855584603,0.50395017533000297,success,11,15.592394562946346,13.397781051004415,false,false,5.0395017533000299,2.0513551269079482,,,
2002-03-28T00:00:00,EURJPY,10,0.86642494099670042,0.3881684016418368,success,11,15.542008815987653,13.672296893352435,false,false,3.8816840164183679,1.6024092766026334,,,
2002-03-29T00:00:00,EURJPY,10,0.94987556160003483,0.19633300775341941,success,11,15.437350586524303,12.495528279872051,false,false,1.9633300775341942,15.148285876353526,,,
2002-04-01T00:00:00,EURJPY,10,0.75391086252077755,0.5121591292103238,success,11,14.946284295730218,13.826703971956082,false,false,5.121591292103238,0.67573951127921261,,,
2002-04-02T00:00:00,EURJPY,10,0.93504858781204525,0.50958564419983676,success,11,15.608323884078468,12.941364876139488,false,false,5.0958564419983681,17.080839718293664,,,
2002-04-03T00:00:00,EURJPY,10,0.97595801996506526,0.40159991603926792,success,11,15.60832446847381,11.904706365773894,false,false,4.0159991603926795,72.389110943476027,,,
2002-04-04T00:00:00,EURJPY,10,0.99847800700490585,0.29829537264284839,success,11,15.595388004265907,9.1091765346808131,false,false,2.9829537264284838,3.135436479341259,,,
2002-04-05T00:00:00,EURJPY,10,0.95865022463251859,0.20003649017746369,success,11,15.549735349803845,12.406276059705498,false,false,2.000364901774637,743.59742750311841,,,
2002-04-08T00:00:00,EURJPY,10,0.98226480853599629,0.79631744216714195,success,11,15.546717048829912,11.532406998362536,false,false,7.96317442167142,3.5906252200989965,,,
2002-04-09T00:00:00,EURJPY,10,0.95207473462600822,0.88272807398682096,success,11,15.540980481820327,12.551979773544931,false,false,8.8272807398682094,2.6004293483654535,,,
2002-04-10T00:00:00,EURJPY,10,0.98113631390269262,0.50661395999869863,success,11,15.543641061724866,11.592168361136144,false,false,5.066139599986986,1.0665807774502911,,,
2002-04-11T00:00:00,EURJPY,10,0.9413843717386523,0.28734821532108645,success,11,15.507759954225614,12.731409781387425,false,false,2.8734821532108645,18.219085020499737,,,
2002-04-12T00:00:00,EURJPY,10,0.95942332336861813,0.18466068652283707,success,11,15.478105651090598,12.314966686279341,false,false,1.8466068652283707,18.875291383528232,,,
2002-04-15T00:00:00,EURJPY,10,0.9846587442767939,0.077191966088699396,success,11,15.319826567942272,11.158077091299063,false,false,0.77191966088699393,16.044782925547519,,,
2002-04-16T00:00:00,EURJPY,10,0.85922470317156074,0.60802351738828797,success,11,14.220126430911787,12.411260935876323,false,false,6.0802351738828797,15.943402743876357,,,
2002-04-17T00:00:00,EURJPY,10,0.81730508202175534,0.50629451940606007,success,11,15.024134372915753,13.525939577137441,false,false,5.0629451940606005,16.59528846505216,,,
2002-04-18T00:00:00,EURJPY,10,0.86713333056880848,0.59489609184691294,success,11,15.403782278429038,13.527935669572971,false,false,5.9489609184691297,16.359069278652271,,,
2002-04-19T00:00:00,EURJPY,10,0.59541376824015602,0.49796620437851991,success,11,15.608323900213213,15.221932222436044,false,false,4.9796620437851988,20.204831869870457,,,
2002-04-22T00:00:00,EURJPY,10,0.52182607749218102,0.99780332328583154,success,11,15.608323885660287,15.520964059108227,false,false,9.9780332328583157,5.5546474748880215,,,
2002-04-23T00:00:00,EURJPY,10,0.58860646065418054,0.40052446691015675,success,11,15.608323898335341,15.250116359315486,false,false,4.0052446691015673,27.540084256379618,,,
2002-04-24T00:00:00,EURJPY,10,0.59325964049694102,0.16341492140504699,success,11,15.60832448470785,15.230867383748182,false,false,1.6341492140504699,23.531373631151666,,,
2002-04-25T00:00:00,EURJPY,10,0.94241095679212794,0.78996002029717827,success,11,15.608323893009604,12.813214781224431,false,false,7.8996002029717829,29.091854131369502,,,
2002-04-26T00:00:00,EURJPY,10,0.97979714462356626,0.68150163357255844,success,11,15.608326461668268,11.726804856398653,false,false,6.8150163357255842,17.153738874110431,,,
2002-04-29T00:00:00,EURJPY,10,0.78078610859706432,0.59705493144746913,success,11,15.608324068400147,14.338070750957485,false,false,5.9705493144746917,44.193721474742617,,,
2002-04-30T00:00:00,EURJPY,10,0.86256075403803023,0.46680485550497142,success,11,15.6083239086262,13.77160029465097,false,false,4.6680485550497144,18.604435094859394,,,
2002-05-01T00:00:00,EURJPY,10,0.90893370642067139,0.39923348779415868,success,11,15.608323901889046,13.307639482762028,false,false,3.9923348779415866,233.00078701768481,,,
2002-05-02T00:00:00,EURJPY,10,0.88726873495959258,0.29812729663875859,success,11,15.608323891578243,13.545182785367469,false,false,2.9812729663875857,91.247241012599218,,,
2002-05-03T00:00:00,EURJPY,10,0.87102767994620545,0.91472510459390155,success,11,15.608324015812935,13.698248068074577,false,false,9.1472510459390151,13.937113176585482,,,
2002-05-06T00:00:00,EURJPY,10,0.83553511700233085,0.81107698967886743,success,11,15.45766060788616,13.83228529981022,false,false,8.1107698967886748,16.893432085486939,,,
2002-05-07T00:00:00,EURJPY,10,0.7330848233608751,0.55579882311885886,success,11,15.467496974171473,14.457166475595978,false,false,5.5579882311885891,2.1467328195774491,,,
2002-05-08T00:00:00,EURJPY,10,0.78697525894375941,0.49985047192063137,success,11,15.601538287154973,14.294749790563664,false,false,4.9985047192063137,1.68925879987435,,,
2002-05-09T00:00:00,EURJPY,10,0.69130302201723648,0.36922520454023117,success,11,15.586082308430544,14.779864195954687,false,false,3.6922520454023116,1.7813420581286776,,,
2002-05-10T00:00:00,EURJPY,10,0.69874541296393944,0.40152604777255574,success,11,15.608323955401564,14.766993206949676,false,false,4.0152604777255574,62.316823192002808,,,
2002-05-13T00:00:00,EURJPY,10,0.78859813875834861,0.79387516844341577,success,11,15.5602199838695,14.243724000370584,false,false,7.9387516844341572,16.030971484428541,,,
2002-05-14T00:00:00,EURJPY,10,0.88964331011762754,0.69882399059295552,success,11,15.464274770600104,13.377171918436888,false,false,6.9882399059295555,80.12828170319068,,,
2002-05-15T00:00:00,EURJPY,10,0.7506458568039942,0.59305125896766686,success,11,15.566302485388157,14.464242654862542,false,false,5.9305125896766686,14.863656987029215,,,
2002-05-16T00:00:00,EURJPY,10,0.77899361120675037,0.49087676710195954,success,11,15.549374193869017,14.28956295897358,false,false,4.9087676710195955,14.677304170598639,,,
2002-05-17T00:00:00,EURJPY,10,0.7250246907416068,0.49639505769517722,success,11,15.608323896083654,14.638799494734325,false,false,4.9639505769517722,0.6753223237251792,,,
2002-05-20T00:00:00,EURJPY,10,0.76592458266915742,0.60170837631136964,success,11,15.584759301973655,14.399318952842727,false,false,6.0170837631136962,0.99034918139218597,,,
2002-05-21T00:00:00,EURJPY,10,0.84501519667811953,0.59505707049971956,success,11,15.517403077090503,13.821375534688649,false,false,5.9505707049971956,15.401673821370339,,,
2002-05-22T00:00:00,EURJPY,10,0.98394169768551976,0.53012656000582026,success,11,15.608324066260073,11.492983415277347,false,false,5.3012656000582021,1.1158866348409091,,,
2002-05-23T00:00:00,EURJPY,10,0.99196448599435028,0.39899939614740576,success,11,15.608324007025656,10.792507668767794,false,false,3.9899939614740574,1.1478467626986202,,,
2002-05-24T00:00:00,EURJPY,10,0.94558338161849897,0.27339349808239666,success,11,15.608323898050104,12.753191418148155,false,false,2.7339349808239666,1.6502185007577888,,,
2002-05-27T00:00:00,EURJPY,10,0.99933128910264302,0.10611662509821618,success,11,15.608324016502072,8.2988342183808328,false,false,1.0611662509821618,11.781587474728074,,,
2002-05-28T00:00:00,EURJPY,10,0.68926006548981633,0.20392221643216604,success,11,15.60832390308709,14.811661588659453,false,false,2.0392221643216604,15.125095211015559,,,
2002-05-29T00:00:00,EURJPY,10,0.89758704823417523,0.79998569115653617,success,11,15.582965933210096,13.412269014570251,false,false,7.9998569115653613,1263.2544463167105,,,
2002-05-30T00:00:00,EURJPY,10,0.64274401696917771,0.49582175182606869,success,11,15.608323894284839,15.021029920802217,false,false,4.9582175182606871,17.290792418541887,,,
2002-05-31T00:00:00,EURJPY,10,0.69541476813063619,0.39937696972664821,success,11,15.608323896185112,14.782766395550771,false,false,3.9937696972664822,152.11960697587656,,,
2002-06-03T00:00:00,EURJPY,10,0.77922616579834514,0.26857779284137473,success,11,15.608323903198363,14.347161373956393,false,false,2.6857779284137475,4.1458320532697304,,,
2002-06-04T00:00:00,EURJPY,10,0.8773222159801306,0.10126741971417334,success,11,15.608323902345063,13.6410108463943,false,false,1.0126741971417335,7.415025217159779,,,
2002-06-05T00:00:00,EURJPY,10,0.61236280523063791,0.097164305465874359,success,11,15.608323913723522,15.151068825004495,false,false,0.97164305465874357,22.008020627590653,,,
2002-06-06T00:00:00,EURJPY,10,0.61991235387663457,0.99997657570194298,success,11,15.608323962380766,15.119147732868075,false,false,9.9997657570194303,8.3761923076055034,,,
2002-06-07T00:00:00,EURJPY,10,0.59911075629453314,0.80457656950013912,success,11,15.608323965163187,15.206562671066308,false,false,8.0457656950013909,16.015714373441337,,,
2002-06-10T00:00:00,EURJPY,10,0.62694195789833052,0.55362817871635361,success,11,15.608323892347332,15.089203943524097,false,false,5.5362817871635359,1.5254042005497692,,,
2002-06-11T00:00:00,EURJPY,10,0.63942177000002276,0.43223138907768011,success,11,15.608323980422862,15.035468634175947,false,false,4.3223138907768011,1.4235134183258318,,,
2002-06-12T00:00:00,EURJPY,10,0.64462104878871163,0.33814285114862602,success,11,15.60832388968206,15.012845955139523,false,false,3.3814285114862601,1.2685581231463561,,,
2002-06-13T00:00:00,EURJPY,10,0.64125366320784027,0.4031316537114672,success,11,15.608323996033269,15.027514442949178,false,false,4.0313165371146722,24.747469575109296,,,
2002-06-14T00:00:00,EURJPY,10,0.85146389406925627,0.60286874715335326,success,11,15.594659808750615,13.848530778554483,false,false,6.0286874715335328,15.4572069322957,,,
2002-06-17T00:00:00,EURJPY,10,0.80612955021594157,0.50122038429750204,success,11,15.595967212141042,14.170912901650231,false,false,5.01220384297502,17.418873066366046,,,
2002-06-18T00:00:00,EURJPY,10,0.80465015090794834,0.4000591606138803,success,11,15.60676496096646,14.191149422157549,false,false,4.0005916061388032,741.18345753486881,,,
2002-06-19T00:00:00,EURJPY,10,0.73949106792929531,0.49642203828105524,success,11,15.602363230779458,14.559038176013418,false,false,4.9642203828105522,16.920942473689347,,,
2002-06-20T00:00:00,EURJPY,10,0.86965142203893442,0.88280164806819938,success,11,15.503461114145157,13.60558087803739,false,false,8.8280164806819936,17.547626716667601,,,
2002-06-21T00:00:00,EURJPY,10,0.87450883383630884,0.91268514583735794,success,11,15.561650885924992,13.620223856892569,false,false,9.1268514583735794,15.922980536794947,,,
2002-06-24T00:00:00,EURJPY,10,0.82859711930912505,0.80005742973168881,success,11,15.608324204851515,14.032606964643946,false,false,8.0005742973168879,2330.0756030507946,,,
2002-06-25T00:00:00,EURJPY,10,0.67995088599206921,0.70281940986174152,success,11,15.608323907839342,14.854777804051409,false,false,7.0281940986174156,33.660783276706887,,,
2002-06-26T00:00:00,EURJPY,10,0.77629515636843449,0.30024686634158793,success,11,15.608323972132887,14.364118688737406,false,false,3.002468663415879,569.19954794177545,,,
2002-06-27T00:00:00,EURJPY,10,0.64383364254001907,0.20090974464844624,success,11,15.608323911583215,15.016281455825256,false,false,2.0090974464844624,89.173825107400134,,,
2002-06-28T00:00:00,EURJPY,10,0.63563123970387003,0.43323558417854213,success,11,15.608323897526265,15.051871746684798,false,false,4.3323558417854215,27.881191474164918,,,
2002-07-01T00:00:00,EURJPY,10,0.98975819931528253,0.79081893414769788,success,11,15.608323985825859,11.03734076791415,false,false,7.9081893414769793,15.164791896266477,,,
2002-07-02T00:00:00,EURJPY,10,0.87132922532774471,0.66433118395452395,success,11,15.60832397010588,13.695561087012594,false,false,6.6433118395452393,20.215032126877706,,,
2002-07-03T00:00:00,EURJPY,10,0.74649315664201932,0.59433223599080143,success,11,15.608323894915529,14.528328263398006,false,false,5.9433223599080138,1.4401947474617525,,,
2002-07-04T00:00:00,EURJPY,10,0.8773939666400572,0.43639891055909913,success,11,15.608324346971376,13.640344468706708,false,false,4.3639891055909912,5.1645559656474012,,,
2002-07-05T00:00:00,EURJPY,10,0.91008632591138372,0.26138861761374405,success,11,15.608323898827587,13.293634473409764,false,false,2.6138861761374406,0.80811903945691277,,,
2002-07-08T00:00:00,EURJPY,10,0.72506727529133108,0.29628797317890909,success,11,15.608323884841576,14.638585871101602,false,false,2.9628797317890911,31.736798946880658,,,
2002-07-09T00:00:00,EURJPY,10,0.80432578540839983,0.13441484160142278,success,11,15.608323941162613,14.194770654167007,false,false,1.3441484160142279,4.5953838938796983,,,
2002-07-10T00:00:00,EURJPY,10,0.58487114184163025,0.67731252094101024,success,11,15.608323906072876,15.265521327081775,false,false,6.773125209410102,1.5563671485760231,,,
2002-07-11T00:00:00,EURJPY,10,0.61397447925341797,0.61361668004336778,success,11,15.2409189924606,14.776869113114198,false,false,6.1361668004336778,15.838724193814839,,,
2002-07-12T00:00:00,EURJPY,10,0.5889011400786428,0.50650823518759303,success,11,15.578358451251923,15.218933846017967,false,false,5.0650823518759305,14.663802333760682,,,
2002-07-15T00:00:00,EURJPY,10,0.91514611689480285,0.69302615275440849,success,11,15.422760056669334,13.044607068531839,false,false,6.9302615275440846,13.864677800616363,,,
2002-07-16T00:00:00,EURJPY,10,0.86729762565966828,0.51086589182943087,success,11,14.487611891533977,12.610338525190357,false,false,5.1086589182943092,14.086291012150038,,,
2002-07-17T00:00:00,EURJPY,10,0.87347861238010882,0.40871856784446131,success,11,14.849896859305368,12.917824580969912,false,false,4.0871856784446132,14.652127253073051,,,
2002-07-18T00:00:00,EURJPY,10,0.64261460984714591,0.60178939970209178,success,11,14.884800502493921,14.298070044297553,false,false,6.0178939970209173,14.965455932144209,,,
2002-07-19T00:00:00,EURJPY,10,0.6931062063783896,0.50064326089851452,success,11,15.438728965421015,14.624047460634056,false,false,5.0064326089851452,16.796374592042255,,,
2002-07-22T00:00:00,EURJPY,10,0.74776521371550497,0.39940740154129517,success,11,15.303575282862917,14.21684658492919,false,false,3.9940740154129517,15.947594331640861,,,
2002-07-23T00:00:00,EURJPY,10,0.82515613526834497,0.57024268798491717,success,11,15.291416564007603,13.739737314850075,false,false,5.7024268798491713,2.6111398311252105,,,
2002-07-24T00:00:00,EURJPY,10,0.88508441901890123,0.49781740790947487,success,11,15.234916700407735,13.193431451597622,false,false,4.9781740790947486,10.395963530702332,,,
2002-07-25T00:00:00,EURJPY,10,0.70954684921242039,0.3436461655732731,success,11,15.590248468019386,14.697064234623545,false,false,3.4364616557327312,2.361875792303008,,,
2002-07-26T00:00:00,EURJPY,10,0.61426163374261655,0.29883779291146306,success,11,15.586898914615116,15.121637295667295,false,false,2.9883779291146308,8.6001483227971693,,,
2002-07-29T00:00:00,EURJPY,10,0.81172635137080729,0.10013275290841402,success,11,15.558819709720311,14.097552914377069,false,false,1.0013275290841401,670.3478658004318,,,
2002-07-30T00:00:00,EURJPY,10,0.65564523341468295,0.60013864226321634,success,11,15.597237264681363,14.953289848909195,false,false,6.0013864226321632,810.97647381054344,,,
2002-07-31T00:00:00,EURJPY,10,0.69957171519123229,0.9999088463305712,success,11,15.608323883726294,14.763064643982165,false,false,9.9990884633057124,1.2941923787400822,,,
2002-08-01T00:00:00,EURJPY,10,0.60002991666121475,0.78748514401481184,success,11,15.608323956018785,15.202734193601547,false,false,7.8748514401481184,13.489731782396731,,,
2002-08-02T00:00:00,EURJPY,10,0.56596133471418286,0.63345723290402289,success,11,15.608323888182291,15.342931746190784,false,false,6.3345723290402294,24.112039342126803,,,
2002-08-05T00:00:00,EURJPY,10,0.56995711735715138,0.50026364645884791,success,11,15.608323937926308,15.326647743426172,false,false,5.0026364645884795,108.85913364258761,,,
2002-08-06T00:00:00,EURJPY,10,0.53401601405680488,0.00010824356795790359,success,11,15.608324370909097,15.47204981213453,false,false,0.0010824356795790359,7.930741438254219,,,
2002-08-07T00:00:00,EURJPY,10,0.74542273163987549,0.59494612750431952,success,11,15.608323893869564,14.533976809793307,false,false,5.9494612750431957,23.529097331285339,,,
2002-08-08T00:00:00,EURJPY,10,0.65209084188893396,0.94258591788766799,success,11,15.608323893014209,14.980081418529192,false,false,9.4258591788766797,0.58366841686086091,,,
2002-08-09T00:00:00,EURJPY,10,0.8010780589253651,0.37286839336496613,success,11,15.608323891038843,14.215277988742365,false,false,3.7286839336496613,19.578121531935263,,,
2002-08-12T00:00:00,EURJPY,10,0.89970584169183321,0.28841352988393765,success,11,15.608324475816179,13.41436405956116,false,false,2.8841352988393765,18.21192986320639,,,
2002-08-13T00:00:00,EURJPY,10,0.99402347639595545,0.81572324770714355,success,11,15.608324325013818,10.494402562335855,false,false,8.1572324770714353,3.6939742904420942,,,
2002-08-14T00:00:00,EURJPY,10,0.84878183718869304,0.99178941162425782,success,11,15.608323899788285,13.883245291884494,false,false,9.9178941162425787,7.8819764002229507,,,
2002-08-15T00:00:00,EURJPY,10,0.97924382553695721,0.80330456897223979,success,11,15.60832389459177,11.754386994260848,false,false,8.0330456897223979,76.52836764771574,,,
2002-08-16T00:00:00,EURJPY,10,0.99672413534234783,0.11558615445753458,success,11,15.608324006820524,9.8904318217320277,false,false,1.1558615445753457,4.8840759750013483,,,
2002-08-19T00:00:00,EURJPY,10,0.95364944014181829,0.61175364924517028,success,11,15.608323899499512,12.584261129610157,false,false,6.1175364924517028,17.890546085565056,,,
2002-08-20T00:00:00,EURJPY,10,0.90926362626990753,0.5030977612708234,success,11,15.60832389442403,13.303647134531467,false,false,5.0309776127082335,59.126286856494097,,,
2002-08-21T00:00:00,EURJPY,10,0.96042688422181788,0.90864180473420164,success,11,15.608323892529327,12.419096029056799,false,false,9.0864180473420166,3.8569953385172213,,,
2002-08-22T00:00:00,EURJPY,10,0.98587405375896808,0.81104685873261695,success,11,15.608324145028996,11.362808798413761,false,false,8.110468587326169,5.4613396189056385,,,
2002-08-23T00:00:00,EURJPY,10,0.95963592697064393,0.67050025281984293,success,11,15.608323992602353,12.43971013068029,false,false,6.7050025281984293,1.5427721101346721,,,
2002-08-26T00:00:00,EURJPY,10,0.99561708945955429,0.53938747026229861,success,11,15.608323904363225,10.182674179684057,false,false,5.3938747026229859,1.3929824789970873,,,
2002-08-27T00:00:00,EURJPY,10,0.99901350932068289,0.38916234082652934,success,11,15.608323957421245,8.6879542542223955,false,false,3.8916234082652932,1.0945827078271266,,,
2002-08-28T00:00:00,EURJPY,10,0.99984274429700715,1.1747689905852459e-06,success,11,15.608323887156846,6.8508437592290861,false,false,1.1747689905852459e-05,0.6520656806936056,,,
2002-08-29T00:00:00,EURJPY,10,0.93883101272757785,0.23707839202274666,success,11,15.608323898460888,12.877328717760166,false,false,2.3707839202274665,2.0248983632065101,,,
2002-08-30T00:00:00,EURJPY,10,0.98494238948953228,2.6899362622355185e-07,success,11,15.608323916607812,11.427624310113684,false,false,2.6899362622355183e-06,0.86310108312933898,,,
2002-09-02T00:00:00,EURJPY,10,0.89982021520454436,0.00025838631435320578,success,11,15.608323893583069,13.413095330845902,false,false,0.0025838631435320578,0.20602594814167435,,,
2002-09-03T00:00:00,EURJPY,10,0.71166521374732328,0.90717893354459433,success,11,15.608323897243986,14.704838559102001,false,false,9.0717893354459438,19.581522052963305,,,
2002-09-04T00:00:00,EURJPY,10,0.83709595086388633,0.6652338720247567,success,11,14.884136762243713,13.24735943356341,false,false,6.6523387202475668,1.498932015109961,,,
2002-09-05T00:00:00,EURJPY,10,0.80857989067803093,0.49488640514040771,success,11,14.635452107464163,13.194643157752228,false,false,4.9488640514040769,1.8071739673719378,,,
2002-09-06T00:00:00,EURJPY,10,0.99928194050955543,0.70374327340846299,success,11,15.608323896294491,8.3700840771371627,false,false,7.0374327340846294,2.853474894508667,,,
2002-09-09T00:00:00,EURJPY,10,0.99861678642833707,0.99999573399317276,success,11,15.608323908922324,9.0263622681600832,false,false,9.9999573399317274,0.5427645796685161,,,
2002-09-10T00:00:00,EURJPY,10,0.99363084051660244,0.49525164424507312,success,11,15.608323975015788,10.558425736797854,false,false,4.9525164424507313,2.9074381524225781,,,
2002-09-11T00:00:00,EURJPY,10,0.98227258243302085,0.44412118499407793,success,11,15.608323904433004,11.593567511921034,false,false,4.4412118499407791,1.3433920097582515,,,
2002-09-12T00:00:00,EURJPY,10,0.99170393305676008,0.5001076919914561,success,11,15.608324184582466,10.824681116658008,false,false,5.0010769199145608,3040.1157034400503,,,
2002-09-13T00:00:00,EURJPY,10,0.92892091074187744,0.4033269227090891,success,11,15.608323931901358,13.038093520757375,false,false,4.0332692270908908,63.428044584435227,,,
2002-09-16T00:00:00,EURJPY,10,0.92708858086839396,0.84301645408003412,success,11,15.608323890796175,13.065520041088021,false,false,8.4301645408003409,1.4407093622625033,,,
2002-09-17T00:00:00,EURJPY,10,0.97221567548427068,0.63073313014570109,success,11,15.60832420085343,12.053218527971778,false,false,6.3073313014570109,0.89375498476279125,,,
2002-09-18T00:00:00,EURJPY,10,0.96536098128945347,0.26787452351354452,success,11,15.608323879019188,12.280802528828811,false,false,2.678745235135445,23.50317308492912,,,
2002-09-19T00:00:00,EURJPY,10,0.91391162921249802,0.19267049160320701,success,11,15.608323904483992,13.245964359431499,false,false,1.9267049160320702,26.641976886896529,,,
2002-09-20T00:00:00,EURJPY,10,0.93370259366815944,0.095216185940901227,success,11,15.384563700684735,12.739556511603039,false,false,0.95216185940901232,48.755780355967076,,,
2002-09-23T00:00:00,EURJPY,10,0.99912907591010791,0.67669592086047081,success,11,15.608323890655722,8.5632394564885992,false,false,6.7669592086047077,8.8215625846966965,,,
2002-09-24T00:00:00,EURJPY,10,0.99611707544258721,0.5731220016748716,success,11,15.600425447452587,10.053149272768254,false,false,5.7312200167487157,0.55592382031897702,,,
2002-09-25T00:00:00,EURJPY,10,0.99646327564808757,0.49177696351840006,success,11,15.316824721668214,9.6758134104834355,false,false,4.9177696351840003,3.2706697481222302,,,
2002-09-26T00:00:00,EURJPY,10,0.9726943807556846,0.39131886316894643,success,11,14.607708225498179,11.034730806729952,false,false,3.9131886316894642,17.979400067050602,,,
2002-09-27T00:00:00,EURJPY,10,0.71910907193556739,0.70728031273646474,success,11,15.166874651551394,14.226828043469649,false,false,7.0728031273646472,10.83204029599562,,,
2002-09-30T00:00:00,EURJPY,10,0.62191405233905106,0.60313007109253503,success,11,15.360471431702798,14.862791072568777,false,false,6.0313007109253505,15.859158939076417,,,
2002-10-01T00:00:00,EURJPY,10,0.58346978039393438,0.50108367441180257,success,11,15.419774000814268,15.082740355722397,false,false,5.0108367441180253,15.566296632244487,,,
2002-10-02T00:00:00,EURJPY,10,0.62618021507252875,0.28819880829129946,success,11,15.324065886204151,14.808201495832844,false,false,2.8819880829129945,15.524325273749719,,,
2002-10-03T00:00:00,EURJPY,10,0.89087397931398671,0.64595058286059481,success,11,15.172234449629135,13.072534837001124,false,false,6.4595058286059484,31.287046346043528,,,
2002-10-04T00:00:00,EURJPY,10,0.89432275696577856,0.58160609868172719,success,11,15.58457806657742,13.448900902876041,false,false,5.8160609868172717,5.5651267726617011,,,
2002-10-07T00:00:00,EURJPY,10,0.74714993277982211,0.90264345507322363,success,11,15.608323898762618,14.524854713919984,false,false,9.0264345507322368,61.470813995413494,,,
2002-10-08T00:00:00,EURJPY,10,0.6329558974126398,0.74471414706337402,success,11,15.608323889381882,15.063405153371274,false,false,7.4471414706337402,1.6795941063008308,,,
2002-10-09T00:00:00,EURJPY,10,0.70536023994490116,0.24726372860889817,success,11,15.608323885996683,14.735368692814426,false,false,2.4726372860889816,1.1374759087859334,,,
2002-10-10T00:00:00,EURJPY,10,0.62659918735837727,0.25706424971442748,success,11,15.608324062097052,15.090669387921574,false,false,2.570642497144275,1.0789520477687176,,,
2002-10-11T00:00:00,EURJPY,10,0.61317263403826827,0.42877528068144344,success,11,15.608324018822758,15.147656011657629,false,false,4.2877528068144342,3.8714336942467091,,,
2002-10-14T00:00:00,EURJPY,10,0.81835508062151274,0.69560005380898782,success,11,15.608323888027016,14.103081350708194,false,false,6.9560005380898779,37.338573399959081,,,
2002-10-15T00:00:00,EURJPY,10,0.76166791387449728,0.59577329428870995,success,11,15.608323891339003,14.446478260180518,false,false,5.9577329428871,29.767987396443601,,,
2002-10-16T00:00:00,EURJPY,10,0.79943337366985767,0.40479448639291665,success,11,15.608323901798776,14.225567200439746,false,false,4.0479448639291666,15.635616947204687,,,
2002-10-17T00:00:00,EURJPY,10,0.76747459943672014,0.29151117135759569,success,11,15.60832404520157,14.414218130278963,false,false,2.915111713575957,18.590362911200671,,,
2002-10-18T00:00:00,EURJPY,10,0.77944391100153054,0.19405016435125999,success,11,15.608323903236268,14.345895206839794,false,false,1.9405016435125999,16.025105989584628,,,
2002-10-21T00:00:00,EURJPY,10,0.85124174500841587,3.480536351903668e-05,success,11,15.608323888559228,13.863950267263961,false,false,0.0003480536351903668,2.9953644133688426,,,
2002-10-22T00:00:00,EURJPY,10,0.7467772349913836,0.62937721964363236,success,11,15.608323925923436,14.526826593553036,false,false,6.2937721964363238,21.308953577461864,,,
2002-10-23T00:00:00,EURJPY,10,0.77975341167956602,0.50292099513408606,success,11,15.608324244872877,14.344094288708254,false,false,5.029209951340861,45.088753393826337,,,
2002-10-24T00:00:00,EURJPY,10,0.73643622063399417,0.40966341876593593,success,11,15.608323889057493,14.580796640444406,false,false,4.096634187659359,12.33728931691412,,,
2002-10-25T00:00:00,EURJPY,10,0.6382633353323125,0.30006757359857489,success,11,15.608323896892532,15.040489448840978,false,false,3.000675735985749,1203.9023323378199,,,
2002-10-28T00:00:00,EURJPY,10,0.68676748637549945,0.23362490302968419,success,11,15.608323948232634,14.823273930866414,false,false,2.3362490302968419,26.25637753673913,,,
2002-10-29T00:00:00,EURJPY,10,0.85186487086705442,0.69024171032308246,success,11,15.608324082025993,13.859021061927615,false,false,6.9024171032308246,12.579759504473943,,,
2002-10-30T00:00:00,EURJPY,10,0.92021896721771823,0.58939123142018746,success,11,15.608328699117861,13.163002841320584,false,false,5.8939123142018746,21.104794247672885,,,
2002-10-31T00:00:00,EURJPY,10,0.92869213954053875,0.49365217324747129,success,11,15.608324283581211,13.041553554990285,false,false,4.9365217324747128,31.252064821364044,,,
2002-11-01T00:00:00,EURJPY,10,0.85714870103638918,0.37594035274301885,success,11,15.608324227015556,13.816517031843507,false,false,3.7594035274301887,31.374914317362812,,,
2002-11-04T00:00:00,EURJPY,10,0.90463012609543803,0.29987791755597104,success,11,15.608324470952882,13.35856105265983,false,false,2.9987791755597106,1282.6281389548676,,,
2002-11-05T00:00:00,EURJPY,10,0.92219963576689779,0.1914300369921918,success,11,15.608323887087408,13.135708275108753,false,false,1.9143003699219181,23.358950506933077,,,
2002-11-06T00:00:00,EURJPY,10,0.72208903406997649,0.49995301750651144,success,11,15.504816725571857,14.54996907435104,false,false,4.9995301750651144,1446.6436252646602,,,
2002-11-07T00:00:00,EURJPY,10,0.65730483499822945,0.39836279497526628,success,11,15.457119504748153,14.805812933895133,false,false,3.9836279497526625,34.781649341079138,,,
2002-11-08T00:00:00,EURJPY,10,0.90061841152422673,0.91446814440248225,success,11,15.531360964347865,13.327246182973385,false,false,9.1446814440248225,15.358157217296455,,,
2002-11-11T00:00:00,EURJPY,10,0.72299630715430885,0.66917576278354995,success,11,14.804256277556238,13.844883000752272,false,false,6.6917576278355,1.6718537040411072,,,
2002-11-12T00:00:00,EURJPY,10,0.72939258532196782,0.53918674735288774,success,11,14.86710453337629,13.875561536742673,false,false,5.391867473528877,1.5689071493578974,,,
2002-11-13T00:00:00,EURJPY,10,0.8197007317206173,0.4677645515064654,success,11,14.813573527727369,13.299252287250393,false,false,4.6776455150646541,3.5157832441415282,,,
2002-11-14T00:00:00,EURJPY,10,0.70442581673421134,0.3448696734721714,success,11,14.784615463382039,13.916152285299114,false,false,3.4486967347217141,2.9551605026915082,,,
2002-11-15T00:00:00,EURJPY,10,0.70741948287951084,0.25779026355083307,success,11,15.431079787405904,14.548195870480374,false,false,2.5779026355083308,1.5334070554900097,,,
2002-11-18T00:00:00,EURJPY,10,0.61738734846952548,0.72158184052262242,success,11,15.106558941981142,14.628085445461057,false,false,7.2158184052262246,1.7420962312492685,,,
2002-11-19T00:00:00,EURJPY,10,0.60391883830270721,0.56221283945616751,success,11,14.850158297432587,14.428337626233104,false,false,5.6221283945616749,1.7472307514287384,,,
2002-11-20T00:00:00,EURJPY,10,0.71090529006472314,0.30279551562782514,success,11,14.689047351736704,13.789262487930563,false,false,3.0279551562782516,15.088849309490216,,,
2002-11-21T00:00:00,EURJPY,10,0.76876570534933697,0.20218020718151514,success,11,14.762891593498104,13.561536803925391,false,false,2.0218020718151513,15.305947183167719,,,
2002-11-22T00:00:00,EURJPY,10,0.91311189278151439,0.10009614417589825,success,11,14.436427654215759,12.084190393019135,false,false,1.0009614417589825,700.97634214849438,,,
2002-11-25T00:00:00,EURJPY,10,0.95094324189473955,0.90036999880837365,success,11,14.344261827153964,11.37978540538422,false,false,9.0036999880837367,155.53266602677573,,,
2002-11-26T00:00:00,EURJPY,10,0.9224878941526693,0.80446598292457527,success,11,14.388713756489324,11.912073632172818,false,false,8.0446598292457523,16.143826487932337,,,
2002-11-27T00:00:00,EURJPY,10,0.90013145310879006,0.704863246679722,success,11,14.416163861819152,12.21747784029694,false,false,7.04863246679722,16.689417165229337,,,
2002-11-28T00:00:00,EURJPY,10,0.84904015499266383,0.60437379047911366,success,11,14.316004777545482,12.588912169887754,false,false,6.0437379047911364,16.644719568425106,,,
2002-11-29T00:00:00,EURJPY,10,0.94288949449622073,0.50495075607687412,success,11,13.651946284478001,10.84798527780627,false,false,5.049507560768741,15.669243491730002,,,
2002-12-02T00:00:00,EURJPY,10,0.98687560298944133,0.42068707756005902,success,11,14.396544350042149,10.076473219393144,false,false,4.2068707756005903,0.69902554161455011,,,
2002-12-03T00:00:00,EURJPY,10,0.96652353435478411,0.81277931915179114,success,11,15.484598855595683,12.12173588105753,false,false,8.1277931915179114,17.320604931247967,,,
2002-12-04T00:00:00,EURJPY,10,0.93570451879152639,0.70438055233836772,success,11,15.482010681507036,12.804200291998709,false,false,7.0438055233836776,40.262073285876795,,,
2002-12-05T00:00:00,EURJPY,10,0.59802412982599473,0.30001483338927964,success,11,15.495223758282815,15.097984716641378,false,false,3.0001483338927963,1098.1485748468187,,,
2002-12-06T00:00:00,EURJPY,10,0.65763270269979512,0.19995958054924962,success,11,15.496414826538073,14.843652383134549,false,false,1.9995958054924963,401.01328754581584,,,
2002-12-09T00:00:00,EURJPY,10,0.96528448878857631,0.71396687559339866,success,11,15.608323895490585,12.283087626612673,false,false,7.1396687559339869,3.1406507652986262,,,
2002-12-10T00:00:00,EURJPY,10,0.84922285827934607,0.61513819747586906,success,11,15.608323885940003,13.879805103028438,false,false,6.1513819747586904,2.6570500228374208,,,
2002-12-11T00:00:00,EURJPY,10,0.85124381832782492,0.50800955498928202,success,11,15.608323885448385,13.863933890909554,false,false,5.0800955498928202,2.4122945557832884,,,
2002-12-12T00:00:00,EURJPY,10,0.94445230046085338,0.37843520509604561,success,11,15.608323907125234,12.774960826674137,false,false,3.784352050960456,2.4208529686067419,,,
2002-12-13T00:00:00,EURJPY,10,0.72951775973665356,5.6818454573075784e-06,success,11,15.60832388444166,14.616146612606524,false,false,5.6818454573075786e-05,0.76811599637338113,,,
2002-12-16T00:00:00,EURJPY,10,0.92158316868703338,2.5298380103513403e-07,success,11,15.608323895839012,13.144269458636751,false,false,2.5298380103513403e-06,8.9289736418822319,,,
2002-12-17T00:00:00,EURJPY,10,0.95568453154766997,0.72781915148259912,success,11,15.608323894532163,12.537229814959455,false,false,7.2781915148259912,21.578286954376022,,,
2002-12-18T00:00:00,EURJPY,10,0.92701339380436987,0.60139401227165989,success,11,15.608323899742402,13.066631833274801,false,false,6.0139401227165994,137.17344053558051,,,
2002-12-19T00:00:00,EURJPY,10,0.99778344061827084,0.50387306555840961,success,11,15.608324799709701,9.4987447059215562,false,false,5.0387306555840956,16.872936017556508,,,
2002-12-20T00:00:00,EURJPY,10,0.98759185772986113,0.31220178771617563,success,11,15.608323886790645,11.231407265664938,false,false,3.1220178771617562,1.0706543170184304,,,
2002-12-23T00:00:00,EURJPY,10,0.99120546694183032,0.81226235586021944,success,11,15.608323881514652,10.88353232077961,false,false,8.1226235586021946,2.9482143201299364,,,
2002-12-24T00:00:00,EURJPY,10,0.81178974410183391,0.70923298614223196,success,11,15.608324112753255,14.146642462299686,false,false,7.0923298614223196,1.5914880149909454,,,
2002-12-25T00:00:00,EURJPY,10,0.86659384960336661,0.59490340835677791,success,11,15.608323891351503,13.737151716569327,false,false,5.9490340835677795,1.3944053616470122,,,
2002-12-26T00:00:00,EURJPY,10,0.95024122293525604,0.47141162619130095,success,11,15.608323895729564,12.658794895943464,false,false,4.7141162619130093,1.2915007819417972,,,
2002-12-27T00:00:00,EURJPY,10,0.9439004437664219,2.3321640795251251e-05,success,11,15.608323885466861,12.785431089217186,false,false,0.00023321640795251252,0.58523616111861287,,,
2002-12-30T00:00:00,EURJPY,10,0.82124683394558518,0.86214837909638786,success,11,15.607240716450205,14.082422895433798,false,false,8.6214837909638788,1.9301578155375618,,,
2002-12-31T00:00:00,EURJPY,10,0.67156425118712393,0.38057001835030402,success,11,15.608324024760202,14.893055559479672,false,false,3.8057001835030402,0.77759575091547894,,,
2003-01-01T00:00:00,EURJPY,10,0.69831468383191198,0.60021839168882152,success,11,15.608323978022414,14.769038615093464,false,false,6.0021839168882156,421.43257454777699,,,
2003-01-02T00:00:00,EURJPY,10,0.69035270903556445,0.50101629441443141,success,11,15.608323887572316,14.806555126713697,false,false,5.0101629441443141,85.948542915601379,,,
2003-01-03T00:00:00,EURJPY,10,0.81998167129334243,0.40953959565250297,success,11,15.608323893872646,14.092100577799826,false,false,4.0953959565250297,15.3860756663316,,,
2003-01-06T00:00:00,EURJPY,10,0.76927657784650572,0.60121575632840085,success,11,15.60832395567755,14.404093078218207,false,false,6.0121575632840081,17.853456251297128,,,
2003-01-07T00:00:00,EURJPY,10,0.63596887568225302,0.49828951170730518,success,11,15.608323903105545,15.050413648918143,false,false,4.9828951170730518,45.348158416279517,,,
2003-01-08T00:00:00,EURJPY,10,0.63688610302406923,0.39652800563625779,success,11,15.608323899387045,15.046449612786489,false,false,3.9652800563625781,26.086528208250215,,,
2003-01-09T00:00:00,EURJPY,10,0.72582189011975806,0.27244334441511975,success,11,15.60832389029369,14.634797167246299,false,false,2.7244334441511975,20.885283769517638,,,
2003-01-10T00:00:00,EURJPY,10,0.68074993162812425,0.30385320788499554,success,11,15.608323899128896,14.851103577087818,false,false,3.0385320788499555,1.0269590935173698,,,
2003-01-13T00:00:00,EURJPY,10,0.75945545398212744,0.80141979631270766,success,11,15.608323901352982,14.458627527727115,false,false,8.0141979631270761,89.704197211199769,,,
2003-01-14T00:00:00,EURJPY,10,0.89853508812868077,0.42856048181616069,success,11,15.608323894039723,13.427271179548661,false,false,4.2856048181616071,0.80962250395789803,,,
2003-01-15T00:00:00,EURJPY,10,0.95216661042677753,0.19212752976644121,success,11,15.608323900513653,12.617307792360108,false,false,1.9212752976644121,3.3169872347886775,,,
2003-01-16T00:00:00,EURJPY,10,0.82161720726731435,0.12253724777283281,success,11,15.608323884321397,14.080981044521472,false,false,1.2253724777283281,1.1737087433124926,,,
2003-01-17T00:00:00,EURJPY,10,0.66481446326097138,0.10610889579008383,success,11,15.608323880469069,14.923500100880529,false,false,1.0610889579008382,15.39605318351814,,,
2003-01-20T00:00:00,EURJPY,10,0.76331579993512111,0.69521333799612195,success,11,15.608324065275806,14.437378990581029,false,false,6.9521333799612197,28.312371572434095,,,
2003-01-21T00:00:00,EURJPY,10,0.93690075498540371,0.59219862681118562,success,11,15.588090519408766,12.890221965190651,false,false,5.9219862681118567,12.68097386947192,,,
2003-01-22T00:00:00,EURJPY,10,0.94917194181586617,0.47694869770358883,success,11,15.453868709267697,12.526727273533783,false,false,4.7694869770358883,4.9904473808608483,,,
2003-01-23T00:00:00,EURJPY,10,0.97734905044536513,0.36122245963654681,success,11,15.505096970781601,11.740454888935759,false,false,3.612224596365468,3.205101767799956,,,
2003-01-24T00:00:00,EURJPY,10,0.9603458670263233,0.21528206246458073,success,11,15.449317248144444,12.26221892947386,false,false,2.1528206246458073,1.9552059549656686,,,
2003-01-27T00:00:00,EURJPY,10,0.74283954669407337,0.49050063170052771,success,11,11.926570852824678,10.865791006744409,false,false,4.9050063170052773,0.71290813437413525,,,
2003-01-28T00:00:00,EURJPY,10,0.86651533340436981,0.38413048518583925,success,11,15.264769517728041,13.394276327218421,false,false,3.8413048518583923,0.86236280657392739,,,
2003-01-29T00:00:00,EURJPY,10,0.82588891419173815,0.50819832945223531,success,11,15.463016106409247,13.906249348076981,false,false,5.0819832945223533,9.5986252853957996,,,
2003-01-30T00:00:00,EURJPY,10,0.87639447885737387,0.36141299797517928,success,11,15.579746805425344,13.621025710986151,false,false,3.6141299797517927,1.079205453612027,,,
2003-01-31T00:00:00,EURJPY,10,0.76775790684395895,0.18658914395661846,success,11,15.568845237740932,14.373151112327228,false,false,1.8658914395661848,0.96101678594694362,,,
2003-02-03T00:00:00,EURJPY,10,0.85729170300481194,0.096151913690035978,success,11,15.564284915318625,13.771309343450246,false,false,0.96151913690035973,2.1030248463075503,,,
2003-02-04T00:00:00,EURJPY,10,0.97545614434282801,0.64940525589939002,success,11,15.52718609499132,11.844742437230348,false,false,6.4940525589939,31.17634081655417,,,
2003-02-05T00:00:00,EURJPY,10,0.83949601270400076,0.99999325159618802,success,11,15.608323905109899,13.953840963438898,false,false,9.9999325159618806,7.9497915445797522,,,
2003-02-06T00:00:00,EURJPY,10,0.71744729032427557,0.80189301709101901,success,11,15.608323890125437,14.676489524257864,false,false,8.0189301709101901,65.398957133244664,,,
2003-02-07T00:00:00,EURJPY,10,0.64654758260783307,0.51444506803171386,success,11,15.608323880661166,15.004425956847371,false,false,5.1444506803171386,1.229540204459574,,,
2003-02-10T00:00:00,EURJPY,10,0.61292308322566991,0.092226373965849595,success,11,15.608323885387353,15.148707857937817,false,false,0.92226373965849595,13.535051839336974,,,
2003-02-11T00:00:00,EURJPY,10,0.5943692970981711,0.12597288906545501,success,11,15.608323965558927,15.226266273994597,false,false,1.2597288906545501,1.0715470965151468,,,
2003-02-12T00:00:00,EURJPY,10,0.86958319072628731,0.75535408207179411,success,11,15.608323950023182,13.711045490952793,false,false,7.5535408207179406,1.1374792518756538,,,
2003-02-13T00:00:00,EURJPY,10,0.8381678368222063,0.49834927578804572,success,11,15.608323893896459,13.96366529928007,false,false,4.9834927578804571,90.427672590383409,,,
2003-02-14T00:00:00,EURJPY,10,0.71055989055135071,0.84701107802952558,success,11,15.608323891185861,14.710219053459868,false,false,8.470110780295256,1.2733556316509425,,,
2003-02-17T00:00:00,EURJPY,10,0.7261714840021195,0.67954142222695424,success,11,15.608323897398137,14.633039763042767,false,false,6.7954142222695424,0.97030866057997689,,,
2003-02-18T00:00:00,EURJPY,10,0.93264595510709081,0.99999990000000005,success,11,15.363800710707007,12.73573801006912,false,false,9.9999990000000007,1.1696735861401679,,,
2003-02-19T00:00:00,EURJPY,10,0.85013207922621692,0.57230670976583509,success,11,15.59922241188238,13.863585065173243,false,false,5.7230670976583511,1.151416028981765,,,
2003-02-20T00:00:00,EURJPY,10,0.98396748266635836,0.4725100795414397,success,11,15.397181311822587,11.280207454583934,false,false,4.7251007954143969,4.0135945893491742,,,
2003-02-21T00:00:00,EURJPY,10,0.9268888919101248,0.35103805071245153,success,11,15.508569350938842,12.968715962923827,false,false,3.5103805071245153,4.7243896384501038,,,
2003-02-24T00:00:00,EURJPY,10,0.98633950011954663,0.260297685173705,success,11,15.508673472689539,11.22918130468617,false,false,2.6029768517370502,7.1326805421981261,,,
2003-02-25T00:00:00,EURJPY,10,0.60376859672881389,0.40011467590713401,success,11,15.465018944009904,15.043826329764618,false,false,4.0011467590713403,17.976197182174953,,,
2003-02-26T00:00:00,EURJPY,10,0.82593347116954741,0.66097613328200444,success,11,15.552778349484777,13.995701698323712,false,false,6.6097613328200442,4.0966062111356605,,,
2003-02-27T00:00:00,EURJPY,10,0.88070407730680167,0.54778300974191552,success,11,15.58029795748357,13.581183433660108,false,false,5.4778300974191554,2.99103204871468,,,
2003-02-28T00:00:00,EURJPY,10,0.69236744341902201,0.50670137684594119,success,11,15.216748006837179,14.405537277214933,false,false,5.0670137684594119,1.1685926232052588,,,
2003-03-03T00:00:00,EURJPY,10,0.79213682810229213,0.30071732645991173,success,11,14.902297963247996,13.56444385942298,false,false,3.0071732645991172,1.3441402021219373,,,
2003-03-04T00:00:00,EURJPY,10,0.9565364302945254,0.083112849949365519,success,11,15.258519397056414,12.167123630997706,false,false,0.83112849949365519,15.474117014336572,,,
2003-03-05T00:00:00,EURJPY,10,0.73923679100070505,0.49174916722100565,success,11,14.038423920068018,12.996418379916925,false,false,4.9174916722100566,11.232332887151346,,,
2003-03-06T00:00:00,EURJPY,10,0.76559433656347808,0.39128469511586966,success,11,14.161979603175341,12.978380379276668,false,false,3.9128469511586967,15.886783859718692,,,
2003-03-07T00:00:00,EURJPY,10,0.84758377343187108,0.28755450623413858,success,11,13.64358550052868,11.927810929580758,false,false,2.8755450623413856,13.424705916982388,,,
2003-03-10T00:00:00,EURJPY,10,0.98646343067676678,0.6004110384228174,success,11,13.922299513342336,9.6335681202427352,false,false,6.0041103842281744,14.485256492654736,,,
2003-03-11T00:00:00,EURJPY,10,0.99780862478755017,0.44701020802383018,success,11,15.192726699773768,9.0716944982203529,false,false,4.470102080238302,1.0672993196606311,,,
2003-03-12T00:00:00,EURJPY,10,0.87510485574853547,0.44581641688271595,success,11,15.35735454736278,13.410485372329481,false,false,4.4581641688271594,1.2505676882499712,,,
2003-03-13T00:00:00,EURJPY,10,0.91777481354400681,0.32045773716873993,success,11,14.542050370714449,12.129559971039491,false,false,3.2045773716873991,0.87004162855979339,,,
2003-03-14T00:00:00,EURJPY,10,0.74835280358675327,4.9133267809799686e-07,success,11,9.8095338473083515,8.719687410325248,false,false,4.9133267809799682e-06,0.67904629299453501,,,
2003-03-17T00:00:00,EURJPY,10,0.99970152410172497,0.73658434390421956,success,11,7.6095555157193564,-0.50696733501836988,false,false,7.3658434390421954,2.9221445294510859,,,
2003-03-18T00:00:00,EURJPY,10,0.97190317062341869,0.63009307658974889,success,11,13.119550391589364,9.5759509471912807,false,false,6.3009307658974887,1.8795087492535139,,,
2003-03-19T00:00:00,EURJPY,10,0.98777638022800551,0.59030807267654017,success,11,11.618890517054364,7.2268043076266011,false,false,5.9030807267654017,1.4652029349555256,,,
2003-03-20T00:00:00,EURJPY,10,0.96681283884447566,0.47007887475908355,success,11,11.278566647677131,7.9067248081514174,false,false,4.7007887475908356,1.5690106212207031,,,
2003-03-21T00:00:00,EURJPY,10,0.93401880527743264,0.35859988040799323,success,11,11.179304944934403,8.5291781457588911,false,false,3.5859988040799324,1.6798877734707802,,,
2003-03-24T00:00:00,EURJPY,10,0.99225946342030868,0.59855800109400559,success,11,10.931226059694442,6.0777124414823476,false,false,5.9855800109400557,17.564664350702081,,,
2003-03-25T00:00:00,EURJPY,10,0.93701339407122841,0.49666272511014614,success,11,12.416590102167167,9.716814624880616,false,false,4.9666272511014613,16.356993832571547,,,
2003-03-26T00:00:00,EURJPY,10,0.89218662934506399,0.80709389659565667,success,11,13.689693585343489,11.57641993175802,false,false,8.0709389659565662,17.013405144933923,,,
2003-03-27T00:00:00,EURJPY,10,0.91817548671822113,0.53895091920273142,success,11,13.854445153073367,11.436633490806571,false,false,5.3895091920273144,1.0707988328154654,,,
2003-03-28T00:00:00,EURJPY,10,0.90481148954631296,0.4307949192991482,success,11,15.026349244400102,12.774481867243431,false,false,4.3079491929914822,1.1317816549961199,,,
2003-03-31T00:00:00,EURJPY,10,0.75968535200004006,2.461143980062641e-05,success,11,15.608323890255821,14.457368651249086,false,false,0.00024611439800626409,6.9490153648331647,,,
2003-04-01T00:00:00,EURJPY,10,0.67612917430935926,0.40116920764974334,success,11,15.608323899752772,14.872284505863895,false,false,4.0116920764974333,76.417953340394575,,,
2003-04-02T00:00:00,EURJPY,10,0.6259853418798399,0.60130840882191006,success,11,15.608323884208197,15.093291918390824,false,false,6.0130840882191006,51.527944346480005,,,
2003-04-03T00:00:00,EURJPY,10,0.59147697291185719,0.20046463242484297,success,11,15.608323888574191,15.2382494184741,false,false,2.0046463242484296,159.13712519588336,,,
2003-04-04T00:00:00,EURJPY,10,0.55666494918200482,0.10109274741832248,success,11,15.608323993426678,15.380686268556273,false,false,1.0109274741832248,14.38018077222633,,,
2003-04-07T00:00:00,EURJPY,10,0.54947191449465405,0.88913156040705021,success,11,15.608323883123004,15.409786639674572,false,false,8.8913156040705026,2.1041221072256397,,,
2003-04-08T00:00:00,EURJPY,10,0.56971459613381326,0.36196929180717857,success,11,15.608323900759036,15.327637092301675,false,false,3.6196929180717858,28.096144379479369,,,
2003-04-09T00:00:00,EURJPY,10,0.56942518378623519,0.99995846105616448,success,11,15.608323898990133,15.328817594369321,false,false,9.9995846105616444,6.8769409330576927,,,
2003-04-10T00:00:00,EURJPY,10,0.56675862666015664,0.55510754397646767,success,11,15.608323882592563,15.339685388932326,false,false,5.5510754397646771,2.0848192225039064,,,
2003-04-11T00:00:00,EURJPY,10,0.59169035254753322,0.00067347757926866745,success,11,15.608323998228189,15.23736637970279,false,false,0.0067347757926866742,7.7657072429786096,,,
2003-04-14T00:00:00,EURJPY,10,0.53372168305800638,0.4326322332459826,success,11,15.608323929373887,15.473232121558608,false,false,4.3263223324598261,23.005226389424571,,,
2003-04-15T00:00:00,EURJPY,10,0.85072257486659542,0.81318743933985504,success,11,15.608323890290741,13.868044302228094,false,false,8.1318743933985509,5.377507507131253,,,
2003-04-16T00:00:00,EURJPY,10,0.86781932503374448,0.69859979366751257,success,11,15.608324147946817,13.726510342282348,false,false,6.9859979366751253,1.8945273441359427,,,
2003-04-17T00:00:00,EURJPY,10,0.73332593556083125,0.50802992102370448,success,11,15.608323903063573,14.59676082056966,false,false,5.0802992102370448,14.432950309386221,,,
2003-04-18T00:00:00,EURJPY,10,0.85933924700217956,0.49601617687127381,success,11,15.608323914892589,13.798511122575803,false,false,4.9601617687127382,1.6370960268350063,,,
2003-04-21T00:00:00,EURJPY,10,0.85783944332314477,0.30213439666699171,success,11,15.60832389340627,13.810864040109177,false,false,3.0213439666699173,14.221816670394436,,,
2003-04-22T00:00:00,EURJPY,10,0.70891461569490266,0.29986696277367619,success,11,15.608323914029029,14.71820546494151,false,false,2.9986696277367622,790.59687484094218,,,
2003-04-23T00:00:00,EURJPY,10,0.81343489208872866,0.12261127008496904,success,11,15.608324010571323,14.135838403668355,false,false,1.2261127008496904,8.8202192446435603,,,
2003-04-24T00:00:00,EURJPY,10,0.65630909767442869,2.0934350364912352e-05,success,11,15.608323955794217,14.961434806037165,false,false,0.00020934350364912351,5.9906846677453105,,,
2003-04-25T00:00:00,EURJPY,10,0.99723108837604435,0.6981211550360138,success,11,15.576586794876931,9.6900585954937863,false,false,6.981211550360138,1.4482504445008286,,,
2003-04-28T00:00:00,EURJPY,10,0.67975854558516535,0.40631951037910552,success,11,15.543243339102178,14.790580940323812,false,false,4.0631951037910552,15.368042153552052,,,
2003-04-29T00:00:00,EURJPY,10,0.65095739854513246,0.67293526233063827,success,11,15.59767939829101,14.974429180205327,false,false,6.729352623306383,1.371990922823344,,,
2003-04-30T00:00:00,EURJPY,10,0.69619782745468151,0.49368605016752554,success,11,15.600495179710155,14.771238066285642,false,false,4.9368605016752554,1.3330041559458854,,,
2003-05-01T00:00:00,EURJPY,10,0.91794813885769799,0.34419559046450737,success,11,15.340956359019499,12.92616696391897,false,false,3.4419559046450736,1.5085932993147011,,,
2003-05-02T00:00:00,EURJPY,10,0.68094880921109757,0.39530996080203284,success,11,15.547570588108613,14.789435017415229,false,false,3.9530996080203282,1.9225352009584402,,,
2003-05-05T00:00:00,EURJPY,10,0.93487635056430607,0.55545641362496678,success,11,15.443759721400902,12.779633208070099,false,false,5.5545641362496676,37.809483971638883,,,
2003-05-06T00:00:00,EURJPY,10,0.77388382288953494,0.49856240482016256,success,11,15.608323883948223,14.377951046451134,false,false,4.9856240482016254,83.960306834457029,,,
2003-05-07T00:00:00,EURJPY,10,0.99973696232680898,0.91590935786059868,success,11,15.608324048205073,7.3653738285063959,false,false,9.1590935786059866,8.2405073190537053,,,
2003-05-08T00:00:00,EURJPY,10,0.99999461592046057,0.81283558902536157,success,11,15.608323906813167,3.476265098484193,false,false,8.1283558902536157,14.179028032637609,,,
2003-05-09T00:00:00,EURJPY,10,0.99995488012556677,0.70971264123989419,success,11,15.608324039264994,5.6021814264285474,false,false,7.0971264123989419,16.292020449409044,,,
2003-05-12T00:00:00,EURJPY,10,0.99967417579200468,0.60871080729643334,success,11,15.608323920912097,7.5794972368945999,false,false,6.0871080729643339,16.953395703308058,,,
2003-05-13T00:00:00,EURJPY,10,0.99982352081067194,0.47255768973471624,success,11,15.60832392084313,6.9661928195748111,false,false,4.7255768973471621,1.3938109342010674,,,
2003-05-14T00:00:00,EURJPY,10,0.99470637971915665,0.40349771030459092,success,11,15.608323892391228,10.372378669450523,false,false,4.0349771030459092,16.542864641932596,,,
2003-05-15T00:00:00,EURJPY,10,0.7324079912692093,0.59607321925684498,success,11,15.608323892236472,14.601449633491765,false,false,5.9607321925684493,28.666213309217277,,,
2003-05-16T00:00:00,EURJPY,10,0.62056286297260521,0.60513076432625812,success,11,15.608323887750242,15.116385914330676,false,false,6.0513076432625814,1.6225003331420635,,,
2003-05-19T00:00:00,EURJPY,10,0.62852544583296166,0.39654761188312931,success,11,15.608323882733245,15.082427735886968,false,false,3.965476118831293,15.707619751294324,,,
2003-05-20T00:00:00,EURJPY,10,0.71174787754868352,0.29671914394988469,success,11,15.608323898626274,14.704435676843573,false,false,2.9671914394988468,29.947933516953782,,,
2003-05-21T00:00:00,EURJPY,10,0.80396419653077711,0.1197446690198322,success,11,15.608323905976432,14.197066482776755,false,false,1.1974466901983221,8.0572866354618853,,,
2003-05-22T00:00:00,EURJPY,10,0.81331096952203985,0.51020816628316434,success,11,14.788570174203645,13.316900935468672,false,false,5.1020816628316439,17.210091044315259,,,
2003-05-23T00:00:00,EURJPY,10,0.85347614915765724,0.60550205414081515,success,11,14.561019866250311,12.798890488744707,false,false,6.055020541408151,13.361292889364011,,,
2003-05-26T00:00:00,EURJPY,10,0.94042230603805399,0.50404319578457757,success,11,14.727255053299166,11.968207258814548,false,false,5.0404319578457759,14.264169136842783,,,
2003-05-27T00:00:00,EURJPY,10,0.95367864696744431,0.41364724993857588,success,11,14.614657154914246,11.58993343164004,false,false,4.1364724993857589,4.6851359910050174,,,
2003-05-28T00:00:00,EURJPY,10,0.97711665788339985,0.30151441952743263,success,11,15.21675083225475,11.462554010534468,false,false,3.0151441952743263,16.381721717664888,,,
2003-05-29T00:00:00,EURJPY,10,0.92828865824022699,0.24189466365591961,success,11,15.608323892685792,13.047630072763976,false,false,2.4189466365591961,3.2306604999729669,,,
2003-05-30T00:00:00,EURJPY,10,0.79907730315008862,0.27728027383326875,success,11,15.37878703119711,13.99824958153364,false,false,2.7728027383326874,1.6059796469071379,,,
2003-06-02T00:00:00,EURJPY,10,0.7125204058465312,0.90901348862592113,success,11,15.608323923718887,14.700667253062516,false,false,9.0901348862592108,16.991314871254968,,,
2003-06-03T00:00:00,EURJPY,10,0.72508586886752802,0.59332237819069478,success,11,15.57297697245772,14.603145683278088,false,false,5.933223781906948,16.209213136484358,,,
2003-06-04T00:00:00,EURJPY,10,0.72733876500763817,0.99999990000000005,success,11,15.567804098055225,14.586641879598671,false,false,9.9999990000000007,0.14381985228406344,,,
2003-06-05T00:00:00,EURJPY,10,0.71831333716101931,0.60081540756188778,success,11,15.608323883037563,14.672213334951062,false,false,6.0081540756188776,124.74238501350769,,,
2003-06-06T00:00:00,EURJPY,10,0.62502603909360099,0.50157422157139586,success,11,15.608323904020349,15.09738717857862,false,false,5.0157422157139591,35.809060558853076,,,
2003-06-09T00:00:00,EURJPY,10,0.80727522684051667,0.13676725706543966,success,11,15.608323895084231,14.1759223609178,false,false,1.3676725706543966,27.687808890113342,,,
2003-06-10T00:00:00,EURJPY,10,0.58766231181661954,0.29917125856611693,success,11,15.608323899857099,15.254014061711377,false,false,2.991712585661169,16.922001351140182,,,
2003-06-11T00:00:00,EURJPY,10,0.58687645109686859,0.19984695886029605,success,11,15.608323890401367,15.257256265970517,false,false,1.9984695886029604,75.697143329838497,,,
2003-06-12T00:00:00,EURJPY,10,0.60193714897895301,0.59971666319905514,success,11,15.608323897855678,15.194780771641897,false,false,5.9971666319905514,180.35857751145258,,,
2003-06-13T00:00:00,EURJPY,10,0.57268035052373445,0.60019556424141185,success,11,15.608323882318222,15.315528500543602,false,false,6.0019556424141189,96.763468251857432,,,
2003-06-16T00:00:00,EURJPY,10,0.56804614530824071,0.36616837972060307,success,11,15.608323937459668,15.334440044994116,false,false,3.6616837972060305,21.788242443903762,,,
2003-06-17T00:00:00,EURJPY,10,0.61501235594465686,0.23690248464295666,success,11,15.60832388925389,15.139892771092308,false,false,2.3690248464295665,8.4333301895481636,,,
2003-06-18T00:00:00,EURJPY,10,0.64315118261292925,0.19894117850973264,success,11,15.608329643404494,15.01926203747689,false,false,1.9894117850973265,74.108888334806309,,,
2003-06-19T00:00:00,EURJPY,10,0.69592337417202144,0.80607876448885563,success,11,15.608323885042974,14.780364053639282,false,false,8.0607876448885563,16.486596907688739,,,
2003-06-20T00:00:00,EURJPY,10,0.73013896389069688,0.70060537141121726,success,11,15.60832388151899,14.612996149426849,false,false,7.0060537141121726,178.5280051209113,,,
2003-06-23T00:00:00,EURJPY,10,0.63344672138204761,0.66461013740046027,success,11,15.608323888245259,15.061291876183246,false,false,6.6461013740046022,9.1469959379847197,,,
2003-06-24T00:00:00,EURJPY,10,0.59866550364041216,0.50064412009443493,success,11,15.608323889522921,15.20841610712737,false,false,5.0064412009443497,63.538272037708417,,,
2003-06-25T00:00:00,EURJPY,10,0.63033927059176809,0.40048350221569085,success,11,15.608323895929189,15.074651334186573,false,false,4.0048350221569082,122.51800134449182,,,
2003-06-26T00:00:00,EURJPY,10,0.619143593105415,0.32894822151493763,success,11,15.608323947743319,15.122409145319978,false,false,3.2894822151493766,29.526740578290664,,,
2003-06-27T00:00:00,EURJPY,10,0.78660389142354747,0.69878938688736936,success,11,15.608323890618298,14.303749186840783,false,false,6.9878938688736936,122.47633428188537,,,
2003-06-30T00:00:00,EURJPY,10,0.61245984189288227,0.59795054833261885,success,11,15.608323911212883,15.150660012448558,false,false,5.9795054833261885,25.757090243978752,,,
2003-07-01T00:00:00,EURJPY,10,0.87714475919273716,0.50008169501640998,success,11,15.590109620275976,13.624444338002723,false,false,5.0008169501640998,532.69983369084127,,,
2003-07-02T00:00:00,EURJPY,10,0.76697661629120528,0.45572783420745566,success,11,15.608272119623983,14.416954613751145,false,false,4.5572783420745564,0.86518042366026371,,,
2003-07-03T00:00:00,EURJPY,10,0.67832000346865939,0.31513717854258505,success,11,15.282300416242046,14.536238509938764,false,false,3.1513717854258503,0.89098185433686372,,,
2003-07-04T00:00:00,EURJPY,10,0.88250900280980782,0.51230537861821834,success,11,14.26594439935621,12.24953712010743,false,false,5.1230537861821839,12.495677189512341,,,
2003-07-07T00:00:00,EURJPY,10,0.85093048561472595,0.4754479152784003,success,11,15.097090425137974,13.355172722078384,false,false,4.7544791527840031,1.1086818369293816,,,
2003-07-08T00:00:00,EURJPY,10,0.86305234077601689,0.34498345874412467,success,11,15.532805578579943,13.691929042905901,false,false,3.4498345874412468,35.70975485189809,,,
2003-07-09T00:00:00,EURJPY,10,0.68379591457747912,0.70321867458234644,success,11,15.495118702035887,14.723847044502165,false,false,7.0321867458234646,16.462612211741735,,,
2003-07-10T00:00:00,EURJPY,10,0.67431598259131664,0.49719750572154336,success,11,15.531138064747964,14.803366886361479,false,false,4.9719750572154338,16.708964797215703,,,
2003-07-11T00:00:00,EURJPY,10,0.71846600566280205,0.39484971241276984,success,11,15.599017160687367,14.662151970913072,false,false,3.9484971241276985,16.092315744226706,,,
2003-07-14T00:00:00,EURJPY,10,0.84437133647499452,0.7708879129852847,success,11,15.608323898025565,13.917204335727014,false,false,7.7088791298528472,0.53104957418631349,,,
2003-07-15T00:00:00,EURJPY,10,0.72076054706084969,0.75192836234122395,success,11,15.608323903477043,14.660086601607112,false,false,7.5192836234122398,1.6363744406419352,,,
2003-07-16T00:00:00,EURJPY,10,0.61104956553155476,0.39823607275902162,success,11,15.608323914965618,15.156597754782528,false,false,3.9823607275902164,14.04888986379836,,,
2003-07-17T00:00:00,EURJPY,10,0.62520519924081341,0.37921564727266432,success,11,15.608323898273111,15.096622661863686,false,false,3.7921564727266435,1.9860866828269947,,,
2003-07-18T00:00:00,EURJPY,10,0.76926297953037381,0.19816637547967439,success,11,15.608323912259555,14.404169647713935,false,false,1.9816637547967439,75.551844736983497,,,
2003-07-21T00:00:00,EURJPY,10,0.80370536819440286,0.84148413365470132,success,11,15.578647902771269,14.169031912242911,false,false,8.4148413365470134,0.83345670637045244,,,
2003-07-22T00:00:00,EURJPY,10,0.92309864563804234,0.59928885107571284,success,11,15.188756447064151,12.703543831603453,false,false,5.9928885107571288,2681.0980404922011,,,
2003-07-23T00:00:00,EURJPY,10,0.86826983801651625,0.49964546219897832,success,11,14.79264585649935,12.906898919762975,false,false,4.9964546219897832,769.74048926146804,,,
2003-07-24T00:00:00,EURJPY,10,0.84063377557963914,0.39980425675718922,success,11,15.193541952900198,13.530590702749457,false,false,3.9980425675718925,8878.8130483530913,,,
2003-07-25T00:00:00,EURJPY,10,0.90396229990579036,0.29990706492428043,success,11,15.175897575869557,12.933850743683438,false,false,2.9990706492428045,19188.308161815828,,,
2003-07-28T00:00:00,EURJPY,10,0.84978109797712598,0.1517748414378628,success,11,15.589633031258428,13.85674782383639,false,false,1.517748414378628,32.942611211218569,,,
2003-07-29T00:00:00,EURJPY,10,0.8812147033531107,8.6900505017076231e-06,success,11,15.608323991692316,13.604340324970995,false,false,8.6900505017076224e-05,9.8022919808554452,,,
2003-07-30T00:00:00,EURJPY,10,0.79447305907000321,0.90073898967860599,success,11,15.514556877740954,14.162454926387529,false,false,9.0073898967860604,35.833710252468798,,,
2003-07-31T00:00:00,EURJPY,10,0.89862856909760402,0.88269839905051428,success,11,14.48335108690824,12.301272602814542,false,false,8.826983990505143,1.1085574377912768,,,
2003-08-01T00:00:00,EURJPY,10,0.68776950261252767,0.70010817130892633,success,11,14.881737294007786,14.09202522620877,false,false,7.0010817130892633,163.90198698928677,,,
2003-08-04T00:00:00,EURJPY,10,0.80506891849133533,0.61436034913933646,success,11,15.006158514441299,13.587876695587209,false,false,6.1436034913933648,1.4602157010579457,,,
2003-08-05T00:00:00,EURJPY,10,0.67651935148859976,0.40241362047704204,success,11,15.254103411168616,14.516281651683823,false,false,4.0241362047704206,1.0650955887560032,,,
2003-08-06T00:00:00,EURJPY,10,0.81121297320049235,0.088219560187245721,success,11,15.255399018911143,13.797487930962776,false,false,0.88219560187245716,14.796823485126112,,,
2003-08-07T00:00:00,EURJPY,10,0.94813211757460825,0.19618670233126287,success,11,15.029054437334288,12.123260343139137,false,false,1.9618670233126287,2.5273507808761657,,,
2003-08-08T00:00:00,EURJPY,10,0.70236104168038893,0.28416678823929187,success,11,14.587191711698509,13.728625338217068,false,false,2.8416678823929189,2.2000412383777164,,,
2003-08-11T00:00:00,EURJPY,10,0.77063822481919497,0.59057879645130196,success,11,14.940217699318559,13.728299225646023,false,false,5.9057879645130198,17.253171072310174,,,
2003-08-12T00:00:00,EURJPY,10,0.80696319028989449,0.49417492839810595,success,11,15.362180393894592,13.931783234294578,false,false,4.9417492839810597,16.732232417927431,,,
2003-08-13T00:00:00,EURJPY,10,0.6696272102312496,0.47775459752322436,success,11,15.60761647874301,14.901117006681286,false,false,4.7775459752322433,1.7851254741086471,,,
2003-08-14T00:00:00,EURJPY,10,0.65913173402936598,0.29729593419735373,success,11,15.608323905435556,14.948896576859852,false,false,2.9729593419735374,28.195299025869033,,,
2003-08-15T00:00:00,EURJPY,10,0.61846523433397427,0.19868714751889971,success,11,15.608324146016976,15.125285140858301,false,false,1.9868714751889971,42.089108603161456,,,
2003-08-18T00:00:00,EURJPY,10,0.71456975917759236,0.090921725665311204,success,11,15.608323892011459,14.690640924712056,false,false,0.90921725665311204,14.869220779077997,,,
2003-08-19T00:00:00,EURJPY,10,0.7947339776873199,0.5086191554524826,success,11,15.608323887310233,14.254623255625226,false,false,5.0861915545248264,17.853257231471659,,,
2003-08-20T00:00:00,EURJPY,10,0.65128070970588059,1.0000000260891956e-07,success,11,15.608323898584461,14.983650424364077,false,false,1.0000000260891956e-06,0.69293629703760429,,,
2003-08-21T00:00:00,EURJPY,10,0.86033956161955782,0.99999986658695994,success,11,15.475815282033265,13.657702167946551,false,false,9.9999986658695992,58.932359073001543,,,
2003-08-22T00:00:00,EURJPY,10,0.72771090643903935,0.81731527217143329,success,11,15.471039846071612,14.48800032913374,false,false,8.1731527217143327,19.142434349582746,,,
2003-08-25T00:00:00,EURJPY,10,0.63099552675376647,0.49988374358667143,success,11,15.455841784490065,14.919351777697795,false,false,4.9988374358667143,2293.6365130097342,,,
2003-08-26T00:00:00,EURJPY,10,0.61135425098598062,0.6347748460959638,success,11,15.573230683857677,15.120222361641591,false,false,6.3477484609596377,27.00457746020572,,,
2003-08-27T00:00:00,EURJPY,10,0.63604845150918887,1.3086514616054356e-07,success,11,15.271569114336305,14.713315122514919,false,false,1.3086514616054355e-06,27.945455491031659,,,
2003-08-28T00:00:00,EURJPY,10,0.89342554809178587,0.41609566929862901,success,11,15.101160001948061,12.974940816820752,false,false,4.1609566929862902,20.547556352750018,,,
2003-08-29T00:00:00,EURJPY,10,0.89849475339803142,0.6002158902780288,success,11,14.683858629023428,12.50324824991247,false,false,6.0021589027802875,348.37970321589808,,,
2003-09-01T00:00:00,EURJPY,10,0.75901833084704318,0.3931384784029881,success,11,14.584080347394536,13.436775287968754,false,false,3.931384784029881,16.90353533161764,,,
2003-09-02T00:00:00,EURJPY,10,0.75692000815198002,0.39338029543046538,success,11,15.084905576815114,13.94903857224028,false,false,3.933802954304654,1.9939003198020007,,,
2003-09-03T00:00:00,EURJPY,10,0.71311393559815384,0.19384011236938065,success,11,15.400016578549835,14.489460522221016,false,false,1.9384011236938066,16.214701117795848,,,
2003-09-04T00:00:00,EURJPY,10,0.76336810559757784,0.7079211326054633,success,11,14.917866648349262,13.746632033834521,false,false,7.079211326054633,0.69857255545676922,,,
2003-09-05T00:00:00,EURJPY,10,0.94261053272350626,0.53987157439827815,success,11,13.536270557181776,10.737478158199409,false,false,5.3987157439827813,1.7329724911652953,,,
2003-09-08T00:00:00,EURJPY,10,0.98041017544165299,0.50614352867968804,success,11,14.682541870020486,10.769581115795319,false,false,5.0614352867968799,15.792938177592115,,,
2003-09-09T00:00:00,EURJPY,10,0.99947762769191917,0.25109980029905798,success,11,15.339670327260109,7.7830628456113748,false,false,2.5109980029905796,3.3093547696555494,,,
2003-09-10T00:00:00,EURJPY,10,0.75548434643361873,0.49876724518080151,success,11,15.471598777751852,14.343519045364648,false,false,4.9876724518080149,17.746887090508039,,,
2003-09-11T00:00:00,EURJPY,10,0.70801541265255352,0.39787448409991649,success,11,15.458237619501038,14.572472774579515,false,false,3.9787448409991648,16.441295494093243,,,
2003-09-12T00:00:00,EURJPY,10,0.86519700666994326,0.50555414674015664,success,11,15.478544193000189,13.619401362568766,false,false,5.0555414674015662,17.129855747040551,,,
2003-09-15T00:00:00,EURJPY,10,0.88588013932368315,0.66488810338949023,success,11,15.499765485511061,13.450433132480011,false,false,6.6488810338949023,5.9459101635496898,,,
2003-09-16T00:00:00,EURJPY,10,0.73672013247339718,0.90239879383188071,success,11,15.538040003092378,14.509049523333678,false,false,9.0239879383188075,49.35008092985187,,,
2003-09-17T00:00:00,EURJPY,10,0.80447704849611812,0.80192962087908182,success,11,15.608323894793665,14.193809229204483,false,false,8.0192962087908182,76.968909287222885,,,
2003-09-18T00:00:00,EURJPY,10,0.74109861051005888,0.7016432564207522,success,11,15.608324002496023,14.556637562083839,false,false,7.0164325642075225,68.082515662793298,,,
2003-09-19T00:00:00,EURJPY,10,0.68061261865021716,0.60483740857799884,success,11,15.608323894624743,14.851735319892752,false,false,6.0483740857799884,16.910393758860465,,,
2003-09-22T00:00:00,EURJPY,10,0.60324450216549741,0.30078288242819762,success,11,15.608323912807757,15.189321538522139,false,false,3.007828824281976,49.595037214872796,,,
2003-09-23T00:00:00,EURJPY,10,0.86189720736293929,0.92669674466296337,success,11,15.608323898712165,13.777186166215824,false,false,9.2669674466296339,2.9636438410397146,,,
2003-09-24T00:00:00,EURJPY,10,0.91295514779943687,0.81197977984396774,success,11,15.608323895184897,13.258060670318109,false,false,8.1197977984396772,5.2272734768115763,,,
2003-09-25T00:00:00,EURJPY,10,0.99312420959337311,0.74621666323715607,success,11,15.608323998387329,10.635474862155892,false,false,7.4621666323715612,2.7853678479900319,,,
2003-09-26T00:00:00,EURJPY,10,0.98706744822553771,0.47594930381829464,success,11,15.608323896514346,11.273333049139893,false,false,4.7594930381829466,0.83803283700352027,,,
2003-09-29T00:00:00,EURJPY,10,0.96104099232099527,0.30459410246228386,success,11,15.608323906558009,12.402816850794856,false,false,3.0459410246228384,4.2961096633719871,,,
2003-09-30T00:00:00,EURJPY,10,0.92166219345774081,0.087003912076938472,success,11,15.608323885358065,13.143175442113186,false,false,0.87003912076938472,1.2339483792088479,,,
2003-10-01T00:00:00,EURJPY,10,0.75899292437526589,0.39017871689903466,success,11,15.608323887213249,14.461157724658205,false,false,3.9017871689903467,0.97571656716132316,,,
2003-10-02T00:00:00,EURJPY,10,0.64553146321500654,0.018221682814355968,success,11,15.553623561390454,14.954169198151467,false,false,0.18221682814355969,16.902597166167197,,,
2003-10-03T00:00:00,EURJPY,10,0.81844569654610022,0.60008175618865112,success,11,15.48813020264237,13.982277954658546,false,false,6.0008175618865112,17.109873628045801,,,
2003-10-06T00:00:00,EURJPY,10,0.80444656492417377,0.99988429161722459,success,11,15.608324062177868,14.194003185457271,false,false,9.9988429161722454,1.3035833798900489,,,
2003-10-07T00:00:00,EURJPY,10,0.97707794684915461,0.31292429925248089,success,11,15.608323919848724,11.85585695599886,false,false,3.1292429925248086,2.261929950508152,,,
2003-10-08T00:00:00,EURJPY,10,0.99844892662682971,0.19491157771952999,success,11,15.608323898294261,9.1410680869289944,false,false,1.9491157771953,6.2067608591519923,,,
2003-10-09T00:00:00,EURJPY,10,0.87008912171210318,0.1462076666863833,success,11,15.608323889200141,13.706576907774505,false,false,1.462076666863833,1.4676758384482933,,,
2003-10-10T00:00:00,EURJPY,10,0.66321953604893236,0.10132003858093271,success,11,15.60832391948426,14.930649134635869,false,false,1.013200385809327,15.927813587774411,,,
2003-10-13T00:00:00,EURJPY,10,0.63952885243357427,0.89766755540541554,success,11,15.608323890827434,15.035004072683302,false,false,8.9766755540541556,45.750686970091266,,,
2003-10-14T00:00:00,EURJPY,10,0.74759746342017963,0.91807479671117176,success,11,15.608323901134504,14.522484398980133,false,false,9.1807479671117171,1.3616278755904445,,,
2003-10-15T00:00:00,EURJPY,10,0.89356131400725758,0.84939731799977525,success,11,15.608323977573866,13.480678124030712,false,false,8.4939731799977523,1.2628822539902185,,,
2003-10-16T00:00:00,EURJPY,10,0.91506899665481167,0.68523684149449726,success,11,15.608323890925034,13.231163623824472,false,false,6.8523684149449728,0.96931179896708064,,,
2003-10-17T00:00:00,EURJPY,10,0.94369662000364807,0.53243492606183929,success,11,15.608323893837701,12.789273725262444,false,false,5.3243492606183933,0.83202878102758437,,,
2003-10-20T00:00:00,EURJPY,10,0.88573048582536318,0.48167866456555963,success,11,15.608323888085584,13.56047099342006,false,false,4.8167866456555961,0.92496119194668769,,,
2003-10-21T00:00:00,EURJPY,10,0.62117869809440263,0.29996228570758149,success,11,15.608324078838208,15.113769874655205,false,false,2.9996228570758148,2100.1033702537929,,,
2003-10-22T00:00:00,EURJPY,10,0.68287795992752531,0.19865521760586799,success,11,15.6083244156261,14.841294938656599,false,false,1.98655217605868,75.310542464739456,,,
2003-10-23T00:00:00,EURJPY,10,0.80300202244567864,0.097435409419318275,success,11,15.608323898111985,14.203160128019665,false,false,0.97435409419318275,69.12868577555885,,,
2003-10-24T00:00:00,EURJPY,10,0.69501087124943783,0.50149281804757184,success,11,15.608324067945329,14.784672712948741,false,false,5.0149281804757182,63.517345225128004,,,
2003-10-27T00:00:00,EURJPY,10,0.84590880070901697,0.41804227004940897,success,11,15.605148450447681,13.902281527551438,false,false,4.1804227004940895,1.8048385707014192,,,
2003-10-28T00:00:00,EURJPY,10,0.94122596153213889,0.31819908863753404,success,11,15.134078274439126,12.360595269277354,false,false,3.1819908863753406,3.2479433154771673,,,
2003-10-29T00:00:00,EURJPY,10,0.88442624269680581,0.44884980776226158,success,11,15.106440077939331,13.071409874033101,false,false,4.4884980776226158,32.643783703218688,,,
2003-10-30T00:00:00,EURJPY,10,0.92159191127382989,0.60429066564323897,success,11,15.062415084005515,12.598239665494139,false,false,6.0429066564323897,16.365234190167538,,,
2003-10-31T00:00:00,EURJPY,10,0.91671517896570665,0.28713972913395358,success,11,14.977418294019392,12.578887783011147,false,false,2.8713972913395356,18.597010974254705,,,
2003-11-03T00:00:00,EURJPY,10,0.6582791875626437,0.18908115264123115,success,11,15.347747746056724,14.692112673287252,false,false,1.8908115264123115,1.3478011912239594,,,
2003-11-04T00:00:00,EURJPY,10,0.6157310318045135,0.61890770213530211,success,11,14.598705106129245,14.127237620034855,false,false,6.1890770213530208,1.5113829686618545,,,
2003-11-05T00:00:00,EURJPY,10,0.78579304303407038,0.39945772405781088,success,11,13.895909372407157,12.596158554995203,false,false,3.9945772405781086,16.737277328561539,,,
2003-11-06T00:00:00,EURJPY,10,0.63195995988317921,0.35543759726203533,success,11,14.548820367787481,14.008186067178242,false,false,3.5543759726203534,1.8251948925709103,,,
2003-11-07T00:00:00,EURJPY,10,0.59321199942802172,0.28144998426767148,success,11,14.35511345151015,13.977853779770509,false,false,2.8144998426767147,1.9606767671521448,,,
2003-11-10T00:00:00,EURJPY,10,0.66315579369556965,0.849268077484304,success,11,14.870710501278044,14.19332108337492,false,false,8.4926807748430395,1.3510895886448837,,,
2003-11-11T00:00:00,EURJPY,10,0.614201034360224,0.59779364548694924,success,11,15.608324182793741,15.143318310100399,false,false,5.9779364548694929,23.916642540275237,,,
2003-11-12T00:00:00,EURJPY,10,0.75923204872518701,0.70774337210298766,success,11,15.458165113434573,14.309691265083471,false,false,7.0774337210298768,15.233396408985191,,,
2003-11-13T00:00:00,EURJPY,10,0.65562857458745138,0.53422423966702037,success,11,15.35440346403759,14.710529832644978,false,false,5.342242396670204,1.6037393465360776,,,
2003-11-14T00:00:00,EURJPY,10,0.67500297075112237,0.36564262715439649,success,11,15.339728663894821,14.608827613434478,false,false,3.6564262715439648,1.5102670902383397,,,
2003-11-17T00:00:00,EURJPY,10,0.65802871095598103,0.3239879899268544,success,11,15.040967039375642,14.386445258705448,false,false,3.2398798992685442,1.8297616176350022,,,
2003-11-18T00:00:00,EURJPY,10,0.69372399707979515,0.75059147415540506,success,11,15.024718279768965,14.207130762846605,false,false,7.5059147415540508,1.2280306239588141,,,
2003-11-19T00:00:00,EURJPY,10,0.77238622659464196,0.59181043196423588,success,11,15.396703534133723,14.174869031959579,false,false,5.9181043196423593,16.255566486099056,,,
2003-11-20T00:00:00,EURJPY,10,0.83229216564856856,0.49066583562674682,success,11,15.487464299104076,13.885504143494513,false,false,4.9066583562674682,16.04738385388092,,,
2003-11-21T00:00:00,EURJPY,10,0.88157382911254767,0.38886101563030429,success,11,15.391736205613755,13.384317189252027,false,false,3.8886101563030429,14.468077635065214,,,
2003-11-24T00:00:00,EURJPY,10,0.81722366054242668,0.29086999978899136,success,11,14.706122435249984,13.208472836144296,false,false,2.9086999978899137,15.272826270844201,,,
2003-11-25T00:00:00,EURJPY,10,0.70489635228718761,0.35717849113772199,success,11,15.245835224983095,14.375111093821921,false,false,3.57178491137722,1.4668715212724199,,,
2003-11-26T00:00:00,EURJPY,10,0.69246878492552966,0.63625624631705779,success,11,14.8713613155468,14.059674748952904,false,false,6.3625624631705779,1.6549185921715075,,,
2003-11-27T00:00:00,EURJPY,10,0.76940539739766722,0.60227866711269384,success,11,15.143610656464162,13.938653852770416,false,false,6.0227866711269389,15.728140892055729,,,
2003-11-28T00:00:00,EURJPY,10,0.77916149411051627,0.46144535109583751,success,11,15.547923137593951,14.287136495509724,false,false,4.6144535109583753,2.1183327591246375,,,
2003-12-01T00:00:00,EURJPY,10,0.76287866738068633,0.41871437028204522,success,11,15.608324433751495,14.439797397695708,false,false,4.1871437028204523,75.073576687732185,,,
2003-12-02T00:00:00,EURJPY,10,0.52270713021133031,0.73237723250528952,success,11,15.608323905777947,15.517432864299614,false,false,7.3237723250528957,24.043801875016015,,,
2003-12-03T00:00:00,EURJPY,10,0.80954575059610001,0.20203722390404405,success,11,15.608323904556407,14.161262621045369,false,false,2.0203722390404404,16.750429863203841,,,
2003-12-04T00:00:00,EURJPY,10,0.92770738281609144,0.10247189547998889,success,11,15.608323887189256,13.056329534680096,false,false,1.0247189547998889,14.876774759845629,,,
2003-12-05T00:00:00,EURJPY,10,0.63973107613709368,0.95543760647060139,success,11,15.608323960527427,15.03412682932235,false,false,9.5543760647060143,0.70283552632211743,,,
2003-12-08T00:00:00,EURJPY,10,0.96759748309025517,0.88081568864423621,success,11,15.608323881642313,12.211743806278765,false,false,8.8081568864423616,2.844799924838544,,,
2003-12-09T00:00:00,EURJPY,10,0.82986798151531549,0.72734325209093575,success,11,15.608323886369062,14.023631971635067,false,false,7.2734325209093571,9.3905862121346289,,,
2003-12-10T00:00:00,EURJPY,10,0.65518321508260757,0.71059158925615318,success,11,15.608323904177581,14.966422207732204,false,false,7.1059158925615318,1.2812091814897861,,,
2003-12-11T00:00:00,EURJPY,10,0.65341829466031365,0.20594917148713371,success,11,15.60832393995168,14.974225034681854,false,false,2.0594917148713372,12.63773185411501,,,
2003-12-12T00:00:00,EURJPY,10,0.77276710438632479,0.099055375274333071,success,11,15.608323931197704,14.384321679391656,false,false,0.99055375274333068,6.9244945121905532,,,
2003-12-15T00:00:00,EURJPY,10,0.60461480541124824,0.507691610809334,success,11,15.608323887168604,15.183592783078351,false,false,5.0769161080933403,2.1426545137448252,,,
2003-12-16T00:00:00,EURJPY,10,0.598934573219847,0.39617926969869632,success,11,15.608323924980441,15.207296132559041,false,false,3.9617926969869632,2.3215709277999217,,,
2003-12-17T00:00:00,EURJPY,10,0.88334912965631762,0.65177580218112152,success,11,15.608323911585364,13.583788858397496,false,false,6.5177580218112157,4.2307429637354854,,,
2003-12-18T00:00:00,EURJPY,10,0.95185489454261873,0.59615860105511931,success,11,15.608323889573043,12.624130769199729,false,false,5.9615860105511933,60.190578668682512,,,
2003-12-19T00:00:00,EURJPY,10,0.80082107821227488,0.49762222437723141,success,11,15.608323901884017,14.216889878018629,false,false,4.9762222437723143,55.649734115230295,,,
2003-12-22T00:00:00,EURJPY,10,0.88170202575639689,0.36133708119537888,success,11,15.608323892084872,13.599676379383039,false,false,3.6133708119537888,4.2797523822961168,,,
2003-12-23T00:00:00,EURJPY,10,0.89225078154629134,0.20295530751486432,success,11,15.608323897595785,13.494383134926123,false,false,2.0295530751486432,14.939210586224437,,,
2003-12-24T00:00:00,EURJPY,10,0.93340592919004617,0.10078519574006954,success,11,15.608324010821917,12.968099371782134,false,false,1.0078519574006954,7.4898204549051277,,,
2003-12-25T00:00:00,EURJPY,10,0.6155564157853517,0.19950359591428574,success,11,15.608323946727651,15.137594399959381,false,false,1.9950359591428575,1.5863012197104884,,,
2003-12-26T00:00:00,EURJPY,10,0.54797395849869934,0.99999990000000005,success,11,15.60832389096325,15.41583591824571,false,false,9.9999990000000007,26.52199688356362,,,
2003-12-29T00:00:00,EURJPY,10,0.69914204180577411,0.8790117057889123,success,11,15.608323885256423,14.765108210187275,false,false,8.7901170578891232,1.4740975894367201,,,
2003-12-30T00:00:00,EURJPY,10,0.55700470126730139,0.59682783050455035,success,11,15.608323898820434,15.379309376239787,false,false,5.9682783050455033,15.393502676282338,,,
2003-12-31T00:00:00,EURJPY,10,0.86172937199392008,0.900058371094692,success,11,15.39400112882868,13.564272698334694,false,false,9.0005837109469198,316.17367688822935,,,
2004-01-01T00:00:00,EURJPY,10,0.81462228814064175,0.80356775174640305,success,11,15.608323916414189,14.12799479013057,false,false,8.0356775174640305,15.812058911993779,,,
2004-01-02T00:00:00,EURJPY,10,0.8543380284357438,0.66977755456171972,success,11,15.607855052906617,13.838816793676509,false,false,6.6977755456171977,2.4230023535950296,,,
2004-01-05T00:00:00,EURJPY,10,0.8371501539040338,0.56042751148600911,success,11,15.607705459777375,13.970530596687576,false,false,5.6042751148600907,2.708486442584161,,,
2004-01-06T00:00:00,EURJPY,10,0.7219631973118229,0.44214192740173291,success,11,15.608324164503303,14.654103488861081,false,false,4.421419274017329,2.5909359161449181,,,
2004-01-07T00:00:00,EURJPY,10,0.91619218104026334,0.3952700238665961,success,11,15.608323892182932,13.216624053029793,false,false,3.9527002386659609,10.825201447363117,,,
2004-01-08T00:00:00,EURJPY,10,0.97051353634837234,0.87643645739798226,success,11,15.608323975709583,12.114429924159841,false,false,8.7643645739798224,10.509208035726031,,,
2004-01-09T00:00:00,EURJPY,10,0.95797586710334304,0.70158080031130654,success,11,15.608323894023298,12.481745353330519,false,false,7.0158080031130652,136.62727034736616,,,
2004-01-12T00:00:00,EURJPY,10,0.96661340424463715,0.6041218758082858,success,11,15.608323889628364,12.2426797576378,false,false,6.0412187580828576,54.812774825353443,,,
2004-01-13T00:00:00,EURJPY,10,0.91062756352664775,0.50058200042182655,success,11,15.608323988932247,13.287002314645129,false,false,5.0058200042182657,321.10987284011316,,,
2004-01-14T00:00:00,EURJPY,10,0.85631850944924714,0.42751880896288458,success,11,15.608323885717764,13.823280466906954,false,false,4.2751880896288457,2.3523145363752938,,,
2004-01-15T00:00:00,EURJPY,10,0.98994837781970146,0.29572427671649482,success,11,15.60832388276339,11.018405117065441,false,false,2.9572427671649484,2.6242082908777782,,,
2004-01-16T00:00:00,EURJPY,10,0.97174734722408662,0.16904948370110165,success,11,15.608018511402639,12.070110028325432,false,false,1.6904948370110164,2.2461499024892104,,,
2004-01-19T00:00:00,EURJPY,10,0.56963119288189734,0.50345036223641304,success,11,15.608323890147906,15.327977300818555,false,false,5.03450362236413,14.287825485588572,,,
2004-01-20T00:00:00,EURJPY,10,0.70179062561262351,0.7342914918233262,success,11,15.6016054370159,14.74576617000367,false,false,7.3429149182332623,0.85459818442650637,,,
2004-01-21T00:00:00,EURJPY,10,0.66125491449822316,0.39933611383603002,success,11,15.485343644282514,14.816452093349044,false,false,3.9933611383603003,13.984773139492646,,,
2004-01-22T00:00:00,EURJPY,10,0.61713437158715545,0.29838549468100134,success,11,15.168491243116334,14.691088548739923,false,false,2.9838549468100135,15.871265789580502,,,
2004-01-23T00:00:00,EURJPY,10,0.69707836566804549,0.1997622516319856,success,11,15.52825586115017,14.694832163390885,false,false,1.997622516319856,16.577654836521802,,,
2004-01-26T00:00:00,EURJPY,10,0.82299838023932681,0.30747209966878725,success,11,14.935180956268226,13.398385607432759,false,false,3.0747209966878724,14.356291104177762,,,
2004-01-27T00:00:00,EURJPY,10,0.69475936973327912,0.74011123203371043,success,11,15.476799350918723,14.654334213147969,false,false,7.4011123203371039,1.7249357746364271,,,
2004-01-28T00:00:00,EURJPY,10,0.75400653767875647,0.64571320790554987,success,11,15.607770977469066,14.487674898486532,false,false,6.4571320790554987,1.576267083834515,,,
2004-01-29T00:00:00,EURJPY,10,0.73944294640514741,0.39934511225030056,success,11,15.607810016243706,14.564734741583322,false,false,3.9934511225030054,17.428680987842704,,,
2004-01-30T00:00:00,EURJPY,10,0.65242504621351238,0.29962918529110494,success,11,15.608323929440688,14.978608004641298,false,false,2.9962918529110496,247.05019186259682,,,
2004-02-02T00:00:00,EURJPY,10,0.66416407987403447,0.19943365383269507,success,11,15.608323944768435,14.926417425305583,false,false,1.9943365383269507,145.8416728137019,,,
2004-02-03T00:00:00,EURJPY,10,0.77892225132202642,0.66891488274042099,success,11,15.608323902262137,14.348927110742652,false,false,6.6891488274042095,22.331972153631565,,,
2004-02-04T00:00:00,EURJPY,10,0.71737236887104028,0.59739347563458745,success,11,15.608323918501023,14.676859109963221,false,false,5.9739347563458747,41.8194114161331,,,
2004-02-05T00:00:00,EURJPY,10,0.71452980206384131,0.49938347509392839,success,11,15.608323912431867,14.690836843690473,false,false,4.9938347509392838,167.95524201687348,,,
2004-02-06T00:00:00,EURJPY,10,0.71357039541652312,0.3971829836784132,success,11,15.608323891721959,14.695535595263857,false,false,3.9718298367841323,37.475368300243105,,,
2004-02-09T00:00:00,EURJPY,10,0.84511775366379116,0.29931791570089389,success,11,15.608323975261722,13.91151313130851,false,false,2.9931791570089388,234.41344951229121,,,
2004-02-10T00:00:00,EURJPY,10,0.83104854538895734,0.19540139477372892,success,11,15.60832390241063,14.015247114060617,false,false,1.9540139477372891,15.693658900226872,,,
2004-02-11T00:00:00,EURJPY,10,0.86257730803949551,0.099979666793812622,success,11,15.472230084936754,13.63536682624148,false,false,0.99979666793812616,790.46832292708848,,,
2004-02-12T00:00:00,EURJPY,10,0.58437068655692992,0.50186031786542107,success,11,15.608323984963796,15.267582255806197,false,false,5.0186031786542102,27.281501557392971,,,
2004-02-13T00:00:00,EURJPY,10,0.78574406292510113,0.072061747814181287,success,11,15.608323980661144,14.308864129007675,false,false,0.72061747814181287,2.086460632646848,,,
2004-02-16T00:00:00,EURJPY,10,0.56889337234096093,0.63204070472442253,success,11,15.608323934434791,15.330986368167478,false,false,6.3204070472442249,24.625490575698471,,,
2004-02-17T00:00:00,EURJPY,10,0.62427119732361991,0.40406771822942089,success,11,15.608323888604406,15.10060661722769,false,false,4.0406771822942087,15.250848498286091,,,
2004-02-18T00:00:00,EURJPY,10,0.61608027015720646,0.13341400940979303,success,11,15.608324026203508,15.135380256331416,false,false,1.3341400940979302,23.836622589746334,,,
2004-02-19T00:00:00,EURJPY,10,0.58720557258056794,0.20228903968709977,success,11,15.60832389353671,15.255898640799716,false,false,2.0228903968709977,15.706615057287138,,,
2004-02-20T00:00:00,EURJPY,10,0.75232946241803889,0.88251380319473149,success,11,15.608323974245405,14.497249016786643,false,false,8.8251380319473149,2.1406481162927902,,,
2004-02-23T00:00:00,EURJPY,10,0.54033126851746316,0.69853617557500525,success,11,15.608324065286162,15.446647734700434,false,false,6.985361755750052,27.490662038564253,,,
2004-02-24T00:00:00,EURJPY,10,0.58165800881444474,0.73668419628749349,success,11,15.608323895380627,15.278740492827382,false,false,7.3668419628749344,1.3495611353042791,,,
2004-02-25T00:00:00,EURJPY,10,0.61291971160387393,0.99999152004468661,success,11,15.608323882900008,15.148722066786389,false,false,9.9999152004468659,0.66400378129154791,,,
2004-02-26T00:00:00,EURJPY,10,0.55201876168316544,0.70028213825801633,success,11,15.608323904476146,15.399493223001169,false,false,7.0028213825801631,14.422976738178928,,,
2004-02-27T00:00:00,EURJPY,10,0.5542562008727957,0.29827770023706252,success,11,15.608323901838741,15.39044121108895,false,false,2.982777002370625,15.762741786139964,,,
2004-03-01T00:00:00,EURJPY,10,0.55981246656416594,0.40058419270979179,success,11,15.608324550889204,15.367923552844426,false,false,4.0058419270979178,62.308638922872497,,,
2004-03-02T00:00:00,EURJPY,10,0.62577854790709864,0.99996665150533504,success,11,15.608323889083406,15.094175077984456,false,false,9.9996665150533506,1.7867474607760758,,,
2004-03-03T00:00:00,EURJPY,10,0.59910772914939747,0.59895963662053509,success,11,15.608323886779523,15.206575196473279,false,false,5.9895963662053511,41.273622347627182,,,
2004-03-04T00:00:00,EURJPY,10,0.63777975333816928,0.70223712410258765,success,11,15.608323905011916,15.042583338479343,false,false,7.0223712410258763,38.56541797675456,,,
2004-03-05T00:00:00,EURJPY,10,0.98814226390208915,0.62804603585761609,success,11,15.299331046073659,10.87648485673151,false,false,6.2804603585761605,2.8384871732113055,,,
2004-03-08T00:00:00,EURJPY,10,0.88888291661352381,0.60802307772451358,success,11,15.600086286677801,13.520705212864103,false,false,6.0802307772451361,0.87389729086559076,,,
2004-03-09T00:00:00,EURJPY,10,0.84464896675884038,0.44760422956877416,success,11,15.486005973921632,13.792772143701356,false,false,4.4760422956877415,1.0926813017380768,,,
2004-03-10T00:00:00,EURJPY,10,0.89829099208377305,0.39253815831708083,success,11,15.088139350014922,12.909761162113476,false,false,3.9253815831708083,1.2418283600774753,,,
2004-03-11T00:00:00,EURJPY,10,0.99859393031079535,0.22677451821817091,success,11,15.472442074358336,8.9068922122485361,false,false,2.267745182181709,2.0306856382641008,,,
2004-03-12T00:00:00,EURJPY,10,0.63468893518418923,0.70729087385761136,success,11,15.604830859399199,15.052445069392414,false,false,7.072908738576114,3.2076491642920049,,,
2004-03-15T00:00:00,EURJPY,10,0.65763283253870664,0.59099864567885319,success,11,15.606789281269533,14.954026261193524,false,false,5.9099864567885323,3.1031391076258625,,,
2004-03-16T00:00:00,EURJPY,10,0.70121942419022698,0.39805882040679219,success,11,15.608323939186048,14.755212528983018,false,false,3.9805882040679217,48.458998699483224,,,
2004-03-17T00:00:00,EURJPY,10,0.8636285227226721,0.23786040312050999,success,11,15.595322349179932,13.749562236056185,false,false,2.3786040312051,52.143462306309857,,,
2004-03-18T00:00:00,EURJPY,10,0.87689872227791921,0.14580751894701285,success,11,15.59503042403785,13.631646333025724,false,false,1.4580751894701285,34.316714542152368,,,
2004-03-19T00:00:00,EURJPY,10,0.93931292092645102,4.6628613151069864e-06,success,11,15.608323894430068,12.868906031675262,false,false,4.6628613151069863e-05,8.9780129684494145,,,
2004-03-22T00:00:00,EURJPY,10,0.5708606950972408,0.8244093929893197,success,11,15.608323901605431,15.322960274539769,false,false,8.2440939298931966,1.3307463211652122,,,
2004-03-23T00:00:00,EURJPY,10,0.57781848202587738,0.59898638851049391,success,11,15.608323884176048,15.294499468696923,false,false,5.9898638851049393,52.155387375140478,,,
2004-03-24T00:00:00,EURJPY,10,0.67040046930351849,0.9052638019508642,success,11,15.608323993008392,14.898327117982223,false,false,9.0526380195086418,24.683592754277527,,,
2004-03-25T00:00:00,EURJPY,10,0.62410908804765675,0.46747199941116602,success,11,15.608323890799442,15.101297690628524,false,false,4.6747199941116602,0.82343946983590088,,,
2004-03-26T00:00:00,EURJPY,10,0.66951122047111633,0.50389920133896626,success,11,15.608323885816256,14.902348670073756,false,false,5.0389920133896631,23.642856044791344,,,
2004-03-29T00:00:00,EURJPY,10,0.59137313333540131,0.40354593438920905,success,11,15.608323890462117,15.238679146192357,false,false,4.0354593438920903,24.093607616640874,,,
2004-03-30T00:00:00,EURJPY,10,0.56072087203415366,0.30180566894510286,success,11,15.608323882512826,15.364235692942094,false,false,3.0180566894510283,38.013559046243252,,,
2004-03-31T00:00:00,EURJPY,10,0.82762686056320045,0.94484642641936956,success,11,15.608323907353165,14.039423048395596,false,false,9.4484642641936958,3.5219409127979882,,,
2004-04-01T00:00:00,EURJPY,10,0.96047783560643063,0.82013665936823121,success,11,15.608323896139041,12.417754628511725,false,false,8.2013665936823124,5.16028489843037,,,
2004-04-02T00:00:00,EURJPY,10,0.90295380633489286,0.39742206655304119,success,11,15.608323947389234,13.377839639552713,false,false,3.974220665530412,68.191629419885857,,,
2004-04-05T00:00:00,EURJPY,10,0.95914276696754908,0.29739737173250003,success,11,15.608324168019806,12.45236810240176,false,false,2.9739737173250003,83.150978535054449,,,
2004-04-06T00:00:00,EURJPY,10,0.83541578503842484,0.90690613049728275,success,11,15.608323896228203,13.983816733419024,false,false,9.069061304972827,27.599112706616239,,,
2004-04-07T00:00:00,EURJPY,10,0.82740509102249304,0.096844879150461083,success,11,15.607760873991339,14.040413749085957,false,false,0.96844879150461083,58.538623920631494,,,
2004-04-08T00:00:00,EURJPY,10,0.98687691643985254,0.49575342833926356,success,11,15.608323969718127,11.288151426134036,false,false,4.9575342833926355,0.91441473888234293,,,
2004-04-09T00:00:00,EURJPY,10,0.98414007530537539,0.43539728983080084,success,11,15.608323883520498,11.480351111710153,false,false,4.3539728983080082,25.314848919891766,,,
2004-04-12T00:00:00,EURJPY,10,0.96225998136974689,0.3054650304948538,success,11,15.608323912086867,12.369760280615946,false,false,3.0546503049485381,49.885473382206897,,,
2004-04-13T00:00:00,EURJPY,10,0.83331247252075458,0.59830041934598799,success,11,15.608323891770732,13.999036169668059,false,false,5.9830041934598794,90.059804736727514,,,
2004-04-14T00:00:00,EURJPY,10,0.80260895657957876,0.99993635268209236,success,11,15.608323881814789,14.205643017814445,false,false,9.9993635268209236,8.9328082735812302,,,
2004-04-15T00:00:00,EURJPY,10,0.7045992899848631,0.80216621539777111,success,11,15.608323900488935,14.739027415933995,false,false,8.0216621539777115,48.865278670099357,,,
2004-04-16T00:00:00,EURJPY,10,0.65551596356182951,0.40011748811700898,success,11,15.608323896927242,14.964948991789496,false,false,4.0011748811700896,1.2682554393537313,,,
2004-04-19T00:00:00,EURJPY,10,0.61196449089384208,0.19592265290468441,success,11,15.608323881884941,15.152746476221781,false,false,1.9592265290468442,15.786073321682636,,,
2004-04-20T00:00:00,EURJPY,10,0.64507327759791189,0.092195198271584539,success,11,15.608323883857473,15.010871317235727,false,false,0.92195198271584533,12.89822142225537,,,
2004-04-21T00:00:00,EURJPY,10,0.6544970122723347,0.56871704694534908,success,11,15.608324131493788,14.969458401773039,false,false,5.6871704694534904,24.00501704177606,,,
2004-04-22T00:00:00,EURJPY,10,0.68164007421163419,0.89598449925502399,success,11,15.608323922044278,14.847004738764506,false,false,8.9598449925502397,36.712091195641094,,,
2004-04-23T00:00:00,EURJPY,10,0.71964108604345545,0.39545088427022812,success,11,15.608323890352823,14.665641912115806,false,false,3.9545088427022814,22.912161787395494,,,
2004-04-26T00:00:00,EURJPY,10,0.83204726078790769,0.29147201999515626,success,11,15.608323891824956,14.008117274398661,false,false,2.9147201999515628,17.546807234200468,,,
2004-04-27T00:00:00,EURJPY,10,0.6950285055001425,0.19818135504415021,success,11,15.608323890066382,14.784589341818055,false,false,1.9818135504415022,64.028075210167486,,,
2004-04-28T00:00:00,EURJPY,10,0.81345386324748092,0.010184773027562554,success,11,15.608323886701131,14.135713266085041,false,false,0.10184773027562553,8.4755269804236626,,,
2004-04-29T00:00:00,EURJPY,10,0.70784481079552908,0.20097406151030189,success,11,15.608323960209116,14.723384215300003,false,false,2.009740615103019,16.888629655309796,,,
2004-04-30T00:00:00,EURJPY,10,0.66874191007261341,0.10154250683088209,success,11,15.608323899159386,14.905823497534529,false,false,1.0154250683088208,16.922809750484237,,,
2004-05-03T00:00:00,EURJPY,10,0.58639749026041932,0.69908316830318584,success,11,15.608323892794742,15.259231413353612,false,false,6.9908316830318586,43.418656943486923,,,
2004-05-04T00:00:00,EURJPY,10,0.59271975447379266,0.56941617606708894,success,11,15.608324051945777,15.233103866511536,false,false,5.6941617606708892,17.630057636924054,,,
2004-05-05T00:00:00,EURJPY,10,0.61163399797975959,0.49707390603759605,success,11,15.608323891658936,15.154138029729458,false,false,4.9707390603759602,22.011984021647173,,,
2004-05-06T00:00:00,EURJPY,10,0.82858721398418589,0.87881486451099344,success,11,15.608323887658445,14.03267638990709,false,false,8.7881486451099349,1.2432377481455896,,,
2004-05-07T00:00:00,EURJPY,10,0.78246688253932717,3.1157308337162145e-05,success,11,15.608323902498409,14.328223406737902,false,false,0.00031157308337162145,0.19443015466598032,,,
2004-05-10T00:00:00,EURJPY,10,0.67909665060657343,0.76385099945219836,success,11,15.608323884183291,14.858700409742397,false,false,7.6385099945219839,2.4028369776473895,,,
2004-05-11T00:00:00,EURJPY,10,0.60839152300747212,0.49661349621268913,success,11,15.608323898909868,15.16776782936895,false,false,4.9661349621268913,15.292995855398281,,,
2004-05-12T00:00:00,EURJPY,10,0.6022104719562118,0.60219044888422435,success,11,15.608323962324389,15.193639998326217,false,false,6.0219044888422433,1.6507528082199467,,,
2004-05-13T00:00:00,EURJPY,10,0.61530477556505137,0.29936880252223158,success,11,15.608323897812511,15.138657578678878,false,false,2.9936880252223159,102.0513048134069,,,
2004-05-14T00:00:00,EURJPY,10,0.61780506913310529,0.17036544467186335,success,11,15.608323892065796,15.128081675159105,false,false,1.7036544467186334,17.873225544234952,,,
2004-05-17T00:00:00,EURJPY,10,0.66190886474857802,0.092220355110480962,success,11,15.608323909878788,14.936511520022123,false,false,0.92220355110480956,14.910970466456018,,,
2004-05-18T00:00:00,EURJPY,10,0.74267281958012443,0.99999917932303717,success,11,15.608324077197873,14.548416830746033,false,false,9.9999917932303717,0.16064881958606381,,,
2004-05-19T00:00:00,EURJPY,10,0.80077621309933833,0.70817517698961518,success,11,15.608323882772707,14.217171109308122,false,false,7.0817517698961518,16.470631696570145,,,
2004-05-20T00:00:00,EURJPY,10,0.77300040549860138,0.60133920858285406,success,11,15.504878240637652,14.279546898614973,false,false,6.0133920858285403,69.878452501202361,,,
2004-05-21T00:00:00,EURJPY,10,0.66206066011899145,0.50241200247641893,success,11,15.475542213968128,14.803051442198431,false,false,5.0241200247641888,19.446855389206299,,,
2004-05-24T00:00:00,EURJPY,10,0.63791901655023486,0.23028998372650822,success,11,15.594135886166342,15.027792442178459,false,false,2.3028998372650822,1.523953767563317,,,
2004-05-25T00:00:00,EURJPY,10,0.66217809850763276,0.79564898980561538,success,11,15.520393990205068,14.847378277423068,false,false,7.9564898980561543,15.684273878345991,,,
2004-05-26T00:00:00,EURJPY,10,0.95805670933940879,0.89636190265540738,success,11,15.459122644897459,12.330534156670877,false,false,8.9636190265540741,3.3464271866404696,,,
2004-05-27T00:00:00,EURJPY,10,0.76778422345340491,0.77745300315993848,success,11,15.509925364121527,14.31408364023479,false,false,7.7745300315993848,1.5794633877136706,,,
2004-05-28T00:00:00,EURJPY,10,0.61009583282190993,0.20551797203104538,success,11,15.60832421016543,15.160609146094645,false,false,2.0551797203104538,14.656380722682615,,,
2004-05-31T00:00:00,EURJPY,10,0.8052190260805181,0.083942691238001757,success,11,15.608323901765118,14.189085295887146,false,false,0.83942691238001754,15.760908271073346,,,
2004-06-01T00:00:00,EURJPY,10,0.85402916726432621,0.75369182388225109,success,11,15.608323894514887,13.841765373571683,false,false,7.5369182388225111,1.0738809341592834,,,
2004-06-02T00:00:00,EURJPY,10,0.81006139173115577,0.57745840230314427,success,11,15.608323889414521,14.157914757932724,false,false,5.7745840230314425,1.6273318809861808,,,
2004-06-03T00:00:00,EURJPY,10,0.83432355885170217,0.50068531017933593,success,11,15.608323894382069,13.991739343589796,false,false,5.0068531017933591,1.7328031758903928,,,
2004-06-04T00:00:00,EURJPY,10,0.90240851043471282,0.4128147248380154,success,11,15.608323901402544,13.384046882353875,false,false,4.128147248380154,15.706967344037624,,,
2004-06-07T00:00:00,EURJPY,10,0.80974629117995922,0.31361458192262459,success,11,15.60832388815632,14.159961401325848,false,false,3.1361458192262459,9.0849316801192508,,,
2004-06-08T00:00:00,EURJPY,10,0.9412854804916283,0.18900803855627085,success,11,15.608323893675903,12.833764467522215,false,false,1.8900803855627084,3.3350026510269832,,,
2004-06-09T00:00:00,EURJPY,10,0.7256811224556845,0.062211381954621184,success,11,15.60832389398445,14.635504417286393,false,false,0.62211381954621181,1.7369001912945692,,,
2004-06-10T00:00:00,EURJPY,10,0.58261666784480359,0.73701985738093845,success,11,15.608324013504705,15.274799621273784,false,false,7.3701985738093843,10.7163741761902,,,
2004-06-11T00:00:00,EURJPY,10,0.90726308731919492,0.86182758041721252,success,11,15.608323905305198,13.327658022413434,false,false,8.618275804172125,22.857287549277782,,,
2004-06-14T00:00:00,EURJPY,10,0.56737635762159844,0.19743019425815428,success,11,15.60832389298894,15.337169203251442,false,false,1.9743019425815427,20.738961076851027,,,
2004-06-15T00:00:00,EURJPY,10,0.5667227905193496,4.9701141452881704e-07,success,11,15.608323904461271,15.339831355706854,false,false,4.9701141452881708e-06,7.8555398300113337,,,
2004-06-16T00:00:00,EURJPY,10,0.59454060348422155,0.61372984057406632,success,11,15.598353802758531,15.215585527061211,false,false,6.1372984057406637,2.3929072669727631,,,
2004-06-17T00:00:00,EURJPY,10,0.65264031042266124,0.49673184962094907,success,11,15.509249845007805,14.878584506264104,false,false,4.967318496209491,13.83273533142099,,,
2004-06-18T00:00:00,EURJPY,10,0.60221577637466395,0.19943776050327047,success,11,15.608323889057736,15.193617782026383,false,false,1.9943776050327047,87.023856715707893,,,
2004-06-21T00:00:00,EURJPY,10,0.99402616703001634,0.90550559274750242,success,11,15.548317622438164,10.433942851057353,false,false,9.0550559274750242,5.8354500686192425,,,
2004-06-22T00:00:00,EURJPY,10,0.83270176774497806,0.6327585440341702,success,11,15.587086307478138,13.982188792950328,false,false,6.3275854403417018,2.6220524164510692,,,
2004-06-23T00:00:00,EURJPY,10,0.82320096231302808,0.51707489961737063,success,11,15.608323902502006,14.070137256234029,false,false,5.1707489961737068,1.6900725312788292,,,
2004-06-24T00:00:00,EURJPY,10,0.7788674196983767,0.4535413076615078,success,11,15.608323889163536,14.349245483229238,false,false,4.535413076615078,2.4410443165023481,,,
2004-06-25T00:00:00,EURJPY,10,0.77088387566498251,0.35470461204794607,success,11,15.608323885134165,14.395015106326927,false,false,3.5470461204794606,1.8768061355860086,,,
2004-06-28T00:00:00,EURJPY,10,0.84749531082339713,0.20013565249594406,retry_success,11,15.608323892578756,13.893233930564971,true,false,2.0013565249594407,1.2569895928916204,,,
2004-06-29T00:00:00,EURJPY,10,0.63465160752091132,0.40204767532604102,success,11,15.608323885876093,15.056099085399815,false,false,4.02047675326041,31.376651930046812,,,
2004-06-30T00:00:00,EURJPY,10,0.88325934663708749,0.99863864255934887,success,11,15.608324111268391,13.584660079483797,false,false,9.9863864255934889,2.6596194387833259,,,
2004-07-01T00:00:00,EURJPY,10,0.96260226066945564,0.30129016329807812,success,11,15.608324589151801,12.360294540668264,false,false,3.0129016329807814,0.69971747274241169,,,
2004-07-02T00:00:00,EURJPY,10,0.84558882922312106,0.70196338658740109,success,11,15.608323882380335,13.907909642950397,false,false,7.0196338658740114,13.945411132419355,,,
2004-07-05T00:00:00,EURJPY,10,0.71217733208329215,0.59902169032069619,success,11,15.608323882461347,14.702341494237523,false,false,5.9902169032069619,14.636337022623387,,,
2004-07-06T00:00:00,EURJPY,10,0.5979663799620345,0.48878742152167975,success,11,15.608323882429772,15.211325067916166,false,false,4.8878742152167973,10.63857041769627,,,
2004-07-07T00:00:00,EURJPY,10,0.70757465699223088,0.31480394113208987,success,11,15.608324373671481,14.724690623983646,false,false,3.1480394113208985,4.5802510104159504,,,
2004-07-08T00:00:00,EURJPY,10,0.93263512015272843,0.69472987553715415,success,11,15.608323948863656,12.980433718473328,false,false,6.9472987553715413,45.242853387407386,,,
2004-07-09T00:00:00,EURJPY,10,0.77407559309342111,0.59735904007133855,success,11,15.608324122714411,14.376855049004485,false,false,5.9735904007133858,48.972727054896801,,,
2004-07-12T00:00:00,EURJPY,10,0.87810562833222894,0.49878770679711193,success,11,15.608323895396728,13.63371186708506,false,false,4.9878770679711195,139.41668145534319,,,
2004-07-13T00:00:00,EURJPY,10,0.92824512726942476,0.39818861072188738,success,11,15.608323905140308,13.048283826425022,false,false,3.981886107218874,107.13908854427842,,,
2004-07-14T00:00:00,EURJPY,10,0.83202116345720811,0.22974850485357265,success,11,15.608323904573684,14.008304025736807,false,false,2.2974850485357265,8.5317873097109427,,,
2004-07-15T00:00:00,EURJPY,10,0.83078526259194585,0.19788950734925295,success,11,15.608323901177519,14.017121092048068,false,false,1.9788950734925295,76.355354699589981,,,
2004-07-16T00:00:00,EURJPY,10,0.76449118378551661,0.088319494536516108,success,11,15.608323892664805,14.43086174827349,false,false,0.88319494536516108,13.945402246496075,,,
2004-07-19T00:00:00,EURJPY,10,0.63715666124810644,0.29476947979464796,success,11,15.608323906993238,15.045279513056977,false,false,2.9476947979464798,13.82460624347895,,,
2004-07-20T00:00:00,EURJPY,10,0.97745644931404163,0.56852076874672952,success,11,15.585838825485988,11.816334112170424,false,false,5.6852076874672957,100.88044406359164,,,
2004-07-21T00:00:00,EURJPY,10,0.71336967595088063,0.04416991683257078,success,11,15.608323900827591,14.696517451152671,false,false,0.44169916832570782,2.4764686537735594,,,
2004-07-22T00:00:00,EURJPY,10,0.54595005980635525,0.70240757893204697,success,11,15.608323893746114,15.424003580158839,false,false,7.0240757893204702,12.590008056648578,,,
2004-07-23T00:00:00,EURJPY,10,0.61617345167371229,0.56260758839055047,success,11,15.608323896243929,15.134986148428411,false,false,5.6260758839055045,1.8199048813420007,,,
2004-07-26T00:00:00,EURJPY,10,0.59230136316564319,0.4223546732742432,success,11,15.608323912774795,15.234836614285008,false,false,4.2235467327424319,2.2206267880484054,,,
2004-07-27T00:00:00,EURJPY,10,0.54881548673193503,0.19810954561771596,success,11,15.608323888893146,15.412437969779976,false,false,1.9810954561771597,27.124150982975745,,,
2004-07-28T00:00:00,EURJPY,10,0.57697336256618692,0.59788885572357897,success,11,15.563906787366937,15.253545837041401,false,false,5.9788885572357895,17.369572731977215,,,
2004-07-29T00:00:00,EURJPY,10,0.58753883702240173,0.66692577174045997,success,11,15.608324154618465,15.254523856199958,false,false,6.6692577174045997,76.792118579483372,,,
2004-07-30T00:00:00,EURJPY,10,0.56531953778723443,0.70071448975029393,success,11,15.608323912112279,15.345543978759677,false,false,7.0071448975029389,44.710990400376573,,,
2004-08-02T00:00:00,EURJPY,10,0.70906749201555341,0.54146667157910433,success,11,15.6074029618201,14.716543555513061,false,false,5.4146667157910437,2.080016658897641,,,
2004-08-03T00:00:00,EURJPY,10,0.62546627230059437,0.39834643023074368,success,11,15.608323889077228,15.095508341320791,false,false,3.983464302307437,40.807932190750599,,,
2004-08-04T00:00:00,EURJPY,10,0.76444430545820408,0.29344282358915047,success,11,15.371344026809775,14.194142235397608,false,false,2.9344282358915046,16.361933172440345,,,
2004-08-05T00:00:00,EURJPY,10,0.73941629233050954,0.28906095748848293,success,11,15.012515473364081,13.969578536775893,false,false,2.8906095748848291,2.7606379709098703,,,
2004-08-06T00:00:00,EURJPY,10,0.97660874017801014,0.57983264360119069,success,11,14.60304104078387,10.871317380307687,false,false,5.7983264360119069,1.7764892089842974,,,
2004-08-09T00:00:00,EURJPY,10,0.71493230925872531,0.56089277959003681,success,11,13.94656235732287,13.027101154916176,false,false,5.6089277959003683,2.0572541370496977,,,
2004-08-10T00:00:00,EURJPY,10,0.79990121351636945,0.44012295058083711,success,11,14.037196541298687,12.65151948138169,false,false,4.401229505808371,2.1172266109776894,,,
2004-08-11T00:00:00,EURJPY,10,0.69130677906914106,0.34415939108527288,success,11,14.417910479030555,13.611674761076559,false,false,3.4415939108527289,1.8483394375554918,,,
2004-08-12T00:00:00,EURJPY,10,0.66871975219345103,0.24085817489205685,success,11,14.947642115392043,14.245241735834211,false,false,2.4085817489205685,2.6260357078677932,,,
2004-08-13T00:00:00,EURJPY,10,0.98238889930361306,0.56313263198786423,success,11,14.284168693302945,10.262710860151294,false,false,5.6313263198786423,3.3998067173782056,,,
2004-08-16T00:00:00,EURJPY,10,0.67724439827454519,0.60289578678742717,success,11,15.608323893185117,14.867187069348727,false,false,6.0289578678742712,27.881336703783639,,,
2004-08-17T00:00:00,EURJPY,10,0.96584876979825895,0.37723103382379392,success,11,15.482337705525556,12.140129045417623,false,false,3.772310338237939,3.886444639241645,,,
2004-08-18T00:00:00,EURJPY,10,0.90758169535469313,0.28063286116908798,success,11,15.03413291602847,12.749674392761747,false,false,2.8063286116908799,4.0140869594995534,,,
2004-08-19T00:00:00,EURJPY,10,0.88491509701475701,0.19497215031350171,success,11,15.313981080004075,13.274159517966597,false,false,1.949721503135017,17.609189729294418,,,
2004-08-20T00:00:00,EURJPY,10,0.62293483632781577,0.40133005027069329,success,11,15.608323901069504,15.106300004785576,false,false,4.0133005027069331,46.289904652421995,,,
2004-08-23T00:00:00,EURJPY,10,0.55343757705893915,0.71763252926138887,success,11,15.536270134370316,15.321700362720158,false,false,7.176325292613889,1.5960113124138493,,,
2004-08-24T00:00:00,EURJPY,10,0.73088875517186469,0.39074810745078065,success,11,15.447941019105768,14.448804596305001,false,false,3.9074810745078064,17.425417599076251,,,
2004-08-25T00:00:00,EURJPY,10,0.60730860034109146,0.45744726596033675,success,11,15.537693848741579,15.101680845142605,false,false,4.5744726596033676,1.4288273906212035,,,
2004-08-26T00:00:00,EURJPY,10,0.64141126396459403,0.31188383258335278,success,11,15.516205302597911,14.934710603697711,false,false,3.1188383258335279,1.3570445762260765,,,
2004-08-27T00:00:00,EURJPY,10,0.8416565434414981,3.4535881550058166e-07,success,11,15.608323908492617,13.93771833259952,false,false,3.4535881550058163e-06,9.7975037619193017,,,
2004-08-30T00:00:00,EURJPY,10,0.87376771798242292,0.1063531027276116,success,11,15.608324094957414,13.673633241375512,false,false,1.063531027276116,1.9068818049780323,,,
2004-08-31T00:00:00,EURJPY,10,0.6009204888801003,0.25411083996945916,success,11,15.608323883454347,15.199021928734499,false,false,2.5411083996945916,0.15153720064329512,,,
2004-09-01T00:00:00,EURJPY,10,0.60187297096929571,0.6016021756088038,success,11,15.583878383986089,15.170603095402164,false,false,6.0160217560880378,16.322749376010837,,,
2004-09-02T00:00:00,EURJPY,10,0.58779723359717451,0.49807053668867762,success,11,15.502862169599883,15.14799550173954,false,false,4.9807053668867765,16.041265006569958,,,
2004-09-03T00:00:00,EURJPY,10,0.62024923097870055,0.39562743501086872,success,11,15.365705663849372,14.875099447681601,false,false,3.9562743501086874,15.458825555213851,,,
2004-09-06T00:00:00,EURJPY,10,0.83589386282031963,0.73230152607426402,success,11,15.599517159856557,13.971528909600405,false,false,7.3230152607426398,2.9222653806303511,,,
2004-09-07T00:00:00,EURJPY,10,0.78050843238939205,0.64138963419146311,success,11,15.608323948365703,14.339692220063194,false,false,6.4138963419146311,2.2006959178352741,,,
2004-09-08T00:00:00,EURJPY,10,0.65458404578994955,0.57865519277371635,success,11,15.608323895769278,14.96907326163444,false,false,5.7865519277371638,0.97725348847160243,,,
2004-09-09T00:00:00,EURJPY,10,0.68293550471875786,0.47694626041494298,success,11,15.576541328968768,14.809246111587203,false,false,4.7694626041494299,0.9000987595418326,,,
2004-09-10T00:00:00,EURJPY,10,0.82972593089781677,1.0000132753019844e-07,success,11,15.608323889310176,14.024637756873007,false,false,1.0000132753019843e-06,1.6040707977788622,,,
2004-09-13T00:00:00,EURJPY,10,0.67957698317033943,0.18079895163497534,success,11,15.096574412038951,14.344745941425536,false,false,1.8079895163497535,1.3704088718062748,,,
2004-09-14T00:00:00,EURJPY,10,0.80407771510508552,0.33287335543311458,success,11,15.531958796618381,14.119980946495463,false,false,3.3287335543311456,4.9736487940006375,,,
2004-09-15T00:00:00,EURJPY,10,0.55291416755076039,0.70381104257283267,success,11,15.243548367012131,15.031096185004492,false,false,7.0381104257283269,2.9376001470757398,,,
2004-09-16T00:00:00,EURJPY,10,0.535472242691441,0.59112529583438689,success,11,14.980394328670327,14.838266588362803,false,false,5.9112529583438684,3.4716415025763894,,,
2004-09-17T00:00:00,EURJPY,10,0.58397527422878814,0.47240164356345404,success,11,14.881770053658773,14.542656105821173,false,false,4.7240164356345407,2.7060685411209322,,,
2004-09-20T00:00:00,EURJPY,10,0.66233332637015574,0.34778488437075528,success,11,14.699824624268208,14.02611491709963,false,false,3.4778488437075525,2.373532432811821,,,
2004-09-21T00:00:00,EURJPY,10,0.66554285848479,0.55703035384545085,success,11,15.448520236487749,14.760425944647748,false,false,5.5703035384545085,0.46657242219286488,,,
2004-09-22T00:00:00,EURJPY,10,0.90156593726387946,0.81096860759311951,success,11,15.024521793263448,12.809775521745202,false,false,8.1096860759311955,18.158860209244072,,,
2004-09-23T00:00:00,EURJPY,10,0.8141105460017044,0.71001193927972861,success,11,15.230491448883139,13.753547449887119,false,false,7.1001193927972857,15.003755499979363,,,
2004-09-24T00:00:00,EURJPY,10,0.79719094939132384,0.61417467828061179,success,11,15.258464952682072,13.889635616373338,false,false,6.1417467828061181,19.188096298573491,,,
2004-09-27T00:00:00,EURJPY,10,0.7195478024541947,0.43048855698308391,success,11,15.433261150268796,14.491041479421311,false,false,4.304885569830839,2.0996193217816042,,,
2004-09-28T00:00:00,EURJPY,10,0.98352132750241683,0.41414898724044802,success,11,15.178507278994186,11.08943492499586,false,false,4.1414898724044802,117.5510102674934,,,
2004-09-29T00:00:00,EURJPY,10,0.66034247046208261,0.56672676917022879,success,11,15.55745213520937,14.892631384040536,false,false,5.6672676917022882,2.1470219664781824,,,
2004-09-30T00:00:00,EURJPY,10,0.6958038309440292,0.39746045218922071,success,11,15.608315302688727,14.780920320415509,false,false,3.974604521892207,32.581372052555864,,,
2004-10-01T00:00:00,EURJPY,10,0.74673180214917845,0.29894742931380336,success,11,15.608323935543366,14.527066845952026,false,false,2.9894742931380334,107.56088978797241,,,
2004-10-04T00:00:00,EURJPY,10,0.65698266788920512,0.25535874227725508,success,11,15.608323890730045,14.95844723010411,false,false,2.5535874227725506,1.7082931770904972,,,
2004-10-05T00:00:00,EURJPY,10,0.75277796065560432,0.092102225992120673,success,11,15.608323902085745,14.494840468270072,false,false,0.92102225992120668,19.335978342026721,,,
2004-10-06T00:00:00,EURJPY,10,0.71441236159154287,0.73134843961877727,success,11,15.608323907102594,14.691412520875547,false,false,7.3134843961877731,23.755936189820314,,,
2004-10-07T00:00:00,EURJPY,10,0.60018400148506101,0.632091321349048,success,11,15.608323902435465,15.202092062652085,false,false,6.3209132134904795,24.093401958561561,,,
2004-10-08T00:00:00,EURJPY,10,0.56398968856688958,0.50109895466136867,success,11,15.608323898297595,15.350953822794803,false,false,5.0109895466136862,38.639062969624945,,,
2004-10-11T00:00:00,EURJPY,10,0.63375163015022518,0.0039808226095091499,success,11,15.608323883966364,15.059978466234382,false,false,0.039808226095091499,8.5336229979285623,,,
2004-10-12T00:00:00,EURJPY,10,0.7017815927458193,0.99999989999999106,success,11,15.60832388495812,14.752527779092102,false,false,9.9999989999999102,0.75568203142244761,,,
2004-10-13T00:00:00,EURJPY,10,0.68109989284291295,0.78968895339606093,success,11,15.608324678748323,14.849493607867435,false,false,7.8968895339606098,1.8391995912285779,,,
2004-10-14T00:00:00,EURJPY,10,0.6901806943084895,0.66629586804233565,success,11,15.608323920057105,14.807359723609551,false,false,6.6629586804233565,22.836378783538763,,,
2004-10-15T00:00:00,EURJPY,10,0.73824620692235454,0.29930947923668627,success,11,15.608324128084606,14.571451086273633,false,false,2.9930947923668629,164.547242867557,,,
2004-10-18T00:00:00,EURJPY,10,0.80768198962759219,0.12129651183310859,success,11,15.608323884043685,14.173305786079951,false,false,1.2129651183310859,7.6327172006176891,,,
2004-10-19T00:00:00,EURJPY,10,0.68848927170242613,0.65067013037305854,success,11,15.257922235681978,14.464856278163339,false,false,6.5067013037305852,0.81758154948543715,,,
2004-10-20T00:00:00,EURJPY,10,0.93550253385296844,0.80628596394267993,success,11,15.607593088885883,12.933135173108578,false,false,8.0628596394267991,16.987458483109091,,,
2004-10-21T00:00:00,EURJPY,10,0.6763229356555891,0.50811540319520121,success,11,15.608324133379838,14.871399759694988,false,false,5.0811540319520123,17.79510361915391,,,
2004-10-22T00:00:00,EURJPY,10,0.59704744877231086,0.40095708181605333,success,11,15.608323886596493,15.215146113807373,false,false,4.0095708181605332,66.497308823924413,,,
2004-10-25T00:00:00,EURJPY,10,0.6956364680642646,0.30200916197331873,success,11,15.608323894726505,14.781719502554738,false,false,3.0200916197331873,54.354057675468042,,,
2004-10-26T00:00:00,EURJPY,10,0.74495573423070294,0.20386573313749543,success,11,15.608324035187565,14.536436357058623,false,false,2.0386573313749543,39.511006763670167,,,
2004-10-27T00:00:00,EURJPY,10,0.62557243052696221,0.99973017600280989,success,11,15.60832393438076,15.09505519327692,false,false,9.9973017600280993,7.6771526264238874,,,
2004-10-28T00:00:00,EURJPY,10,0.52110071151169335,0.6322715041316801,success,11,15.608323903127747,15.523870897436801,false,false,6.3227150413168012,2.1707184818496974,,,
2004-10-29T00:00:00,EURJPY,10,0.54929523946843217,0.39921060168995637,success,11,15.608323905653256,15.410500324053581,false,false,3.9921060168995637,14.791527052103183,,,
2004-11-01T00:00:00,EURJPY,10,0.52440620511883584,0.29167868600819563,success,11,15.608323960967441,15.510621494154503,false,false,2.9167868600819564,16.286851482478099,,,
2004-11-02T00:00:00,EURJPY,10,0.57447909675297049,0.19743224435311907,success,11,15.608324108473624,15.308174470080855,false,false,1.9743224435311906,28.646490855845176,,,
2004-11-03T00:00:00,EURJPY,10,0.66891926951336667,0.90669401039428155,success,11,15.608323902391847,14.905022767308136,false,false,9.0669401039428159,2.3763231810309065,,,
2004-11-04T00:00:00,EURJPY,10,0.63871987102943351,0.62612956042187762,success,11,15.608323902718489,15.038511568899352,false,false,6.261295604218776,1.8231694655135808,,,
2004-11-05T00:00:00,EURJPY,10,0.54166137893156074,0.63097058298049458,success,11,15.608323885929293,15.441291100096324,false,false,6.3097058298049458,21.637849762648141,,,
2004-11-08T00:00:00,EURJPY,10,0.5987598229795934,0.39055248790250352,success,11,15.608323904235588,15.208023543032143,false,false,3.9055248790250352,1.9723421400079979,,,
2004-11-09T00:00:00,EURJPY,10,0.53469787758163045,0.33584463555021604,success,11,15.608323889403625,15.469308937057709,false,false,3.3584463555021604,15.414937852429061,,,
2004-11-10T00:00:00,EURJPY,10,0.76196167088896538,0.99391764270609095,success,11,15.608323945820173,14.444859399459165,false,false,9.9391764270609091,11.728216578999337,,,
2004-11-11T00:00:00,EURJPY,10,0.75958143115774535,0.83063412774695267,success,11,15.608323890570794,14.457937798603131,false,false,8.3063412774695262,20.61963170765441,,,
2004-11-12T00:00:00,EURJPY,10,0.72135916119895238,0.70007557733884673,success,11,15.608323911689386,14.657110391696348,false,false,7.0007557733884669,1358.8796362276419,,,
2004-11-15T00:00:00,EURJPY,10,0.69480236018590968,0.60171389610121018,success,11,15.608323901191481,14.785656036038739,false,false,6.017138961012102,51.249288306332737,,,
2004-11-16T00:00:00,EURJPY,10,0.63867778163708244,0.50347640108941194,success,11,15.608323888483898,15.038693947244402,false,false,5.0347640108941194,17.249632870906701,,,
2004-11-17T00:00:00,EURJPY,10,0.5754803491835172,0.90012201061184771,success,11,15.608323941214449,15.304077155632664,false,false,9.0012201061184776,84.521800354547494,,,
2004-11-18T00:00:00,EURJPY,10,0.65826356020990218,0.49741630928871627,success,11,15.608323909849181,14.952758307365462,false,false,4.9741630928871627,32.147556360854267,,,
2004-11-19T00:00:00,EURJPY,10,0.81211610111197596,0.39970251049364758,success,11,15.608323964228282,14.144504865578037,false,false,3.9970251049364758,975.70294821095877,,,
2004-11-22T00:00:00,EURJPY,10,0.85205269798387795,0.27131602547504508,success,11,15.608323898643336,13.857531664531439,false,false,2.7131602547504508,17.949302636910208,,,
2004-11-23T00:00:00,EURJPY,10,0.85537503277991744,0.55808075148754532,success,11,15.569877034693807,13.792480985958113,false,false,5.5808075148754535,1.1603233661912407,,,
2004-11-24T00:00:00,EURJPY,10,0.92064678574545522,0.40186628118173334,success,11,15.498100571633149,13.046933074069955,false,false,4.0186628118173333,0.93129213584682036,,,
2004-11-25T00:00:00,EURJPY,10,0.90874417326989088,0.35000453858650948,success,11,14.627164629050968,12.328767857031865,false,false,3.5000453858650951,37.2886518906828,,,
2004-11-26T00:00:00,EURJPY,10,0.93569849099257463,0.59923387655743066,success,11,14.511138530488868,11.833428330114488,false,false,5.9923387655743063,199.68026233531114,,,
2004-11-29T00:00:00,EURJPY,10,0.96520230695517384,0.49494677036533047,success,11,14.621155709819504,11.298369078707417,false,false,4.9494677036533048,16.920934626517592,,,
2004-11-30T00:00:00,EURJPY,10,0.92127705283441563,0.54040584898366117,success,11,13.478187819354815,11.018361701556596,false,false,5.4040584898366113,1.9488942968435619,,,
2004-12-01T00:00:00,EURJPY,10,0.89675744899079024,0.56554493734555478,success,11,11.509307536555834,9.3476031975745641,false,false,5.6554493734555473,0.55698331107311927,,,
2004-12-02T00:00:00,EURJPY,10,0.95955233977720455,0.35032957262651993,success,11,12.768935812479562,9.6024777476502248,false,false,3.5032957262651991,2.2742172225762873,,,
2004-12-03T00:00:00,EURJPY,10,0.98714467834720421,0.22366891374525061,success,11,15.434929971684495,11.093871221069739,false,false,2.236689137452506,2.0302608056348812,,,
2004-12-06T00:00:00,EURJPY,10,0.95285401476855824,0.75449922317056084,success,11,15.523686119193053,12.517473268793815,false,false,7.5449922317056082,1.4245413414378916,,,
2004-12-07T00:00:00,EURJPY,10,0.8806730696553482,0.60962838557674448,success,11,15.608323898783395,13.609504471743509,false,false,6.096283855767445,0.90283961489499331,,,
2004-12-08T00:00:00,EURJPY,10,0.99738931517378138,0.47933604502251576,success,11,15.608323900919133,9.66279529298561,false,false,4.7933604502251574,0.81697268764617859,,,
2004-12-09T00:00:00,EURJPY,10,0.99281706776418288,0.30903025055117361,success,11,15.608323914613285,10.679485178408832,false,false,3.0903025055117364,0.97183331234820469,,,
2004-12-10T00:00:00,EURJPY,10,0.94854286212782957,0.32428586414429145,success,11,15.608323919198256,12.694146128273585,false,false,3.2428586414429144,0.99381878335759954,,,
2004-12-13T00:00:00,EURJPY,10,0.8928323170052449,0.19773680957668383,success,11,15.608323909638418,13.488319859889923,false,false,1.9773680957668383,1.0193911635414532,,,
2004-12-14T00:00:00,EURJPY,10,0.60223195982291289,0.7362343997486972,success,11,15.608323984141871,15.193550319484631,false,false,7.3623439974869722,25.103505424609551,,,
2004-12-15T00:00:00,EURJPY,10,0.67283120945098229,0.89211833143313868,success,11,15.608323898342515,14.887305620119017,false,false,8.9211833143313868,6.0440580804577966,,,
2004-12-16T00:00:00,EURJPY,10,0.83169822766274182,0.70252692277769468,success,11,15.597520953267658,13.99980991733953,false,false,7.0252692277769473,15.998266765636892,,,
2004-12-17T00:00:00,EURJPY,10,0.74476631342254773,0.60074459723903062,success,11,15.559883525331758,14.488992572870925,false,false,6.0074459723903058,17.059094619500012,,,
2004-12-20T00:00:00,EURJPY,10,0.76006610294351695,0.50146070437937929,success,11,15.595275637083814,14.442233686501663,false,false,5.0146070437937933,17.206537761537291,,,
2004-12-21T00:00:00,EURJPY,10,0.65871574091124951,0.065246841197047156,success,11,15.558032684632597,14.90045632673043,false,false,0.65246841197047156,0.76383354122636138,,,
2004-12-22T00:00:00,EURJPY,10,0.65044674445373574,0.29889138593694137,success,11,15.483065562791101,14.862062063273649,false,false,2.9889138593694136,16.062217945020304,,,
2004-12-23T00:00:00,EURJPY,10,0.93355538815085115,0.78396080765620135,success,11,15.594798565959277,12.952166966965706,false,false,7.8396080765620137,17.583373050343532,,,
2004-12-24T00:00:00,EURJPY,10,0.97334704246954129,0.68222789298353181,success,11,15.421230020330725,11.82338945031378,false,false,6.8222789298353179,17.06183457015484,,,
2004-12-27T00:00:00,EURJPY,10,0.98543033281256709,0.59200217485941664,success,11,15.198267241649129,10.984130587408504,false,false,5.9200217485941664,0.77621187559754312,,,
2004-12-28T00:00:00,EURJPY,10,0.99707945421769506,0.47891955567154626,success,11,15.528905595518724,9.6958456459972595,false,false,4.7891955567154625,15.757487564042711,,,
2004-12-29T00:00:00,EURJPY,10,0.85902849128157333,0.38694117673780271,success,11,15.134468665838634,13.327224380573202,false,false,3.8694117673780273,16.7546193195858,,,
2004-12-30T00:00:00,EURJPY,10,0.74961628816510339,0.32144220712100408,success,11,15.608323886296818,14.511757014993844,false,false,3.2144220712100409,0.77761384348611795,,,
2004-12-31T00:00:00,EURJPY,10,0.97403810912899758,0.71995410407596361,success,11,15.536666795001391,11.91184609275785,false,false,7.1995410407596356,15.972790195159114,,,
2005-01-03T00:00:00,EURJPY,10,0.90062234261714502,0.61475547213353343,success,11,14.992447181907606,12.788288479333271,false,false,6.1475547213353341,18.109803367324208,,,
2005-01-04T00:00:00,EURJPY,10,0.98323217134968921,0.5143524157521826,success,11,15.051702376814045,10.980319187269668,false,false,5.143524157521826,17.396415102862285,,,
2005-01-05T00:00:00,EURJPY,10,0.94638376808104174,0.41169158083105134,success,11,15.186270909736027,12.315474604984155,false,false,4.1169158083105133,17.54215026400545,,,
2005-01-06T00:00:00,EURJPY,10,0.9514682706729376,0.34060831646728329,success,11,15.299764653134135,12.323976110561567,false,false,3.4060831646728329,2043.1337913696373,,,
2005-01-07T00:00:00,EURJPY,10,0.70286751525415225,0.59964995365468565,success,11,15.560751180738876,14.699760878866769,false,false,5.9964995365468567,16.745229550392128,,,
2005-01-10T00:00:00,EURJPY,10,0.74639322771187888,0.49697622722801771,success,11,15.533278294778377,14.453810645368257,false,false,4.9697622722801773,15.783385656254868,,,
2005-01-11T00:00:00,EURJPY,10,0.79129019989068994,0.39355652158914911,success,11,15.539436289883135,14.206716283025742,false,false,3.9355652158914909,13.282463248552656,,,
2005-01-12T00:00:00,EURJPY,10,0.81650354318273854,0.2900327453166307,success,11,15.608323879220348,14.115487985752976,false,false,2.900327453166307,14.32109174881333,,,
2005-01-13T00:00:00,EURJPY,10,0.61568086909952968,0.69954558028381952,success,11,15.608323881807017,15.137068399655096,false,false,6.9954558028381957,123.78548171797397,,,
2005-01-14T00:00:00,EURJPY,10,0.60653842418225501,0.64182562426774559,success,11,15.608323966615286,15.175539302135512,false,false,6.4182562426774554,1.4611409662958532,,,
2005-01-17T00:00:00,EURJPY,10,0.580351193309251,0.50096348059714368,success,11,15.608323894808331,15.284108655749513,false,false,5.0096348059714364,16.411384095849961,,,
2005-01-18T00:00:00,EURJPY,10,0.57815207994775331,0.39921653075764391,success,11,15.608324019522271,15.293131941422653,false,false,3.9921653075764389,22.969955951226773,,,
2005-01-19T00:00:00,EURJPY,10,0.67800787045111965,0.99999989999999883,success,11,15.608323892188785,14.863692098831688,false,false,9.9999989999999883,0.40597174831957139,,,
2005-01-20T00:00:00,EURJPY,10,0.70913591033936885,0.5064173019753675,success,11,15.521894566786823,14.630703477853968,false,false,5.0641730197536745,17.20945217723575,,,
2005-01-21T00:00:00,EURJPY,10,0.64795874096606443,0.10754150371351598,success,11,15.302807114534167,14.692728473451425,false,false,1.0754150371351598,1.3633299585996197,,,
2005-01-24T00:00:00,EURJPY,10,0.60282695065344172,0.60463113193886497,success,11,15.471900125412054,15.054642028820155,false,false,6.04631131938865,16.7782646404169,,,
2005-01-25T00:00:00,EURJPY,10,0.65535293174127141,0.51143190971456942,success,11,15.213910462211961,14.57125744747097,false,false,5.1143190971456942,16.18606402154526,,,
2005-01-26T00:00:00,EURJPY,10,0.58951772712065442,0.60062372781494966,success,11,15.08549148616699,14.723519438934261,false,false,6.0062372781494968,15.248152874080811,,,
2005-01-27T00:00:00,EURJPY,10,0.64389519855421606,0.69959045899891004,success,11,15.069645367505938,14.477334463421261,false,false,6.9959045899891006,17.276397240474967,,,
2005-01-28T00:00:00,EURJPY,10,0.64650028201021714,0.39847037482490894,success,11,15.233333979044943,14.629643032192917,false,false,3.9847037482490895,13.948161420467102,,,
2005-01-31T00:00:00,EURJPY,10,0.66232905474719317,0.50233136143694201,success,11,15.537316718783616,14.863626111324391,false,false,5.0233136143694201,16.227193042527443,,,
2005-02-01T00:00:00,EURJPY,10,0.60602280395903008,0.40166127976030441,success,11,15.608323883174414,15.177699297072001,false,false,4.0166127976030443,30.728428938133693,,,
2005-02-02T00:00:00,EURJPY,10,0.59752515136514373,0.10204580506778185,success,11,15.60832430030479,15.213160530092557,false,false,1.0204580506778185,21.63164904358305,,,
2005-02-03T00:00:00,EURJPY,10,0.82246743556685442,0.76549524998411744,success,11,15.608323899171754,14.075169063015631,false,false,7.6549524998411744,26.243357185220603,,,
2005-02-04T00:00:00,EURJPY,10,0.87632440221081487,0.98520255466865159,success,11,15.608324012832464,13.650249658941126,false,false,9.8520255466865159,7.6261084791795302,,,
2005-02-07T00:00:00,EURJPY,10,0.78955024279960873,0.80063689658158244,success,11,15.608323880117521,14.286107351188022,false,false,8.0063689658158239,235.5448096653989,,,
2005-02-08T00:00:00,EURJPY,10,0.85988128871204728,0.70156917612702174,success,11,15.608323894397836,13.794019552143778,false,false,7.015691761270217,102.68911288011263,,,
2005-02-09T00:00:00,EURJPY,10,0.84068913658985411,0.60168617727416396,success,11,15.608323885094062,13.94495933815513,false,false,6.0168617727416391,90.84206280523756,,,
2005-02-10T00:00:00,EURJPY,10,0.7906790184298943,0.50196740569681286,success,11,15.608323884362756,14.279300661895897,false,false,5.0196740569681282,67.177033433909344,,,
2005-02-11T00:00:00,EURJPY,10,0.85267993901859263,0.015048919490901952,success,11,15.608323890354711,13.852547136822256,false,false,0.15048919490901952,14.389256135496678,,,
2005-02-14T00:00:00,EURJPY,10,0.62649608510244514,0.99999989999999561,success,11,15.608323880128189,15.091109840821831,false,false,9.9999989999999563,0.94906819933196751,,,
2005-02-15T00:00:00,EURJPY,10,0.65855729774178506,0.79625556642706596,success,11,15.608323944815275,14.951452297282277,false,false,7.9625556642706599,14.075039895298824,,,
2005-02-16T00:00:00,EURJPY,10,0.66971281581072817,0.49742026268502959,success,11,15.608323891424726,14.901437435174561,false,false,4.9742026268502961,29.599587576249611,,,
2005-02-17T00:00:00,EURJPY,10,0.76134317442914334,0.39683390240044059,success,11,15.608323893394651,14.448266329038296,false,false,3.9683390240044059,36.239309677358968,,,
2005-02-18T00:00:00,EURJPY,10,0.84370735310868539,7.3387181660669149e-07,success,11,15.608323915149139,13.922248410183144,false,false,7.3387181660669154e-06,0.80190661458930323,,,
2005-02-21T00:00:00,EURJPY,10,0.55301326997095912,0.16709414456014651,success,11,15.608323901365333,15.39547081123704,false,false,1.6709414456014651,24.889863185717036,,,
2005-02-22T00:00:00,EURJPY,10,0.6655808207771915,0.99999990000000005,success,11,15.608323894300518,14.920059053847845,false,false,9.9999990000000007,13.918567452880032,,,
2005-02-23T00:00:00,EURJPY,10,0.83034471929636477,0.87475024147149694,success,11,15.608324168499765,14.020251847272458,false,false,8.7475024147149689,49.091391678379949,,,
2005-02-24T00:00:00,EURJPY,10,0.93121909089368449,0.78978080964850261,success,11,15.60832389611093,13.002755540468321,false,false,7.8978080964850257,0.95260532494308992,,,
2005-02-25T00:00:00,EURJPY,10,0.90499120820157297,0.66514542459835235,success,11,15.60832397458692,13.354368178193671,false,false,6.6514542459835235,0.76850039401227588,,,
2005-02-28T00:00:00,EURJPY,10,0.76187105238515207,0.90518443308888052,success,11,15.608323975710451,14.445358980588903,false,false,9.0518443308888052,30.305958583407872,,,
2005-03-01T00:00:00,EURJPY,10,0.76380077267696833,0.41517553992024225,success,11,15.118004241815539,13.944372887877758,false,false,4.1517553992024228,0.83256218966773265,,,
2005-03-02T00:00:00,EURJPY,10,0.62481778407224264,0.5942910916159112,success,11,13.338987967836411,12.828939723187547,false,false,5.9429109161591116,1.2503975861498355,,,
2005-03-03T00:00:00,EURJPY,10,0.6372946748641295,0.29594846357520732,success,11,14.45218511973464,13.888543701335719,false,false,2.959484635752073,15.329932343859994,,,
2005-03-04T00:00:00,EURJPY,10,0.77124900629644677,0.19887335005693682,success,11,14.185495279310242,12.970118040729403,false,false,1.9887335005693683,17.496682494823954,,,
2005-03-07T00:00:00,EURJPY,10,0.64310402363775387,0.096548805592751558,success,11,13.963821057571467,13.37495892440241,false,false,0.96548805592751552,15.442730932398353,,,
2005-03-08T00:00:00,EURJPY,10,0.67550770340517063,0.59188140961436064,success,11,13.834022567389031,13.10081980260432,false,false,5.9188140961436062,2.0463057132435503,,,
2005-03-09T00:00:00,EURJPY,10,0.80071195725147881,0.79809352838452385,success,11,14.844214330854356,13.453464281564386,false,false,7.9809352838452385,15.995488611843385,,,
2005-03-10T00:00:00,EURJPY,10,0.76417686144774177,0.37000139644311481,success,11,15.273563470882715,14.097846325626477,false,false,3.7000139644311481,2.2159093747766554,,,
2005-03-11T00:00:00,EURJPY,10,0.77894621792401242,0.59681907419968749,success,11,15.170232607512801,13.910696633638512,false,false,5.9681907419968745,15.21024426012292,,,
2005-03-14T00:00:00,EURJPY,10,0.86219343437006846,0.20062993093571868,success,11,14.88075790786653,13.047129264081034,false,false,2.0062993093571868,0.47779359821999601,,,
2005-03-15T00:00:00,EURJPY,10,0.87442164644858689,0.39929833178068641,success,11,15.574283916514881,13.633651119030421,false,false,3.9929833178068641,118.27521463267671,,,
2005-03-16T00:00:00,EURJPY,10,0.92070666948312174,0.80255283520099652,success,11,15.608323928905659,13.156336455362442,false,false,8.0255283520099656,78.631476317170112,,,
2005-03-17T00:00:00,EURJPY,10,0.85478747612037931,0.70128277366498237,success,11,15.608323894196632,13.835669373384203,false,false,7.0128277366498235,122.62051642795724,,,
2005-03-18T00:00:00,EURJPY,10,0.74080399919100726,0.60089570190848995,success,11,15.608323885715839,14.5581723393039,false,false,6.0089570190848995,120.33618024215258,,,
2005-03-21T00:00:00,EURJPY,10,0.74066107476841148,0.50171463313152598,success,11,15.60832390654461,14.558916572726757,false,false,5.01714633131526,62.863921754147725,,,
2005-03-22T00:00:00,EURJPY,10,0.62273306842030118,0.4007352084113025,success,11,15.608324518709225,15.107159531572794,false,false,4.007352084113025,75.051333228051206,,,
2005-03-23T00:00:00,EURJPY,10,0.68931590117820851,0.85158915610532004,success,11,15.608323944124551,14.811400922440864,false,false,8.5158915610532002,49.654945901863876,,,
2005-03-24T00:00:00,EURJPY,10,0.70995655883927444,0.49955153503356264,success,11,15.607590071834352,14.712416997272273,false,false,4.9955153503356264,191.99675461525592,,,
2005-03-25T00:00:00,EURJPY,10,0.67385600932479395,0.36431551123120226,success,11,15.608323892293679,14.882646413259923,false,false,3.6431551123120225,19.562882179557018,,,
2005-03-28T00:00:00,EURJPY,10,0.72761368672775795,0.59226335518313733,success,11,15.608323898567638,14.625774969365414,false,false,5.9226335518313737,14.842349975269979,,,
2005-03-29T00:00:00,EURJPY,10,0.9525253543376897,0.39409794522616265,success,11,15.477322431335395,12.478401498962988,false,false,3.9409794522616264,0.6005068785263552,,,
2005-03-30T00:00:00,EURJPY,10,0.62819617516512793,0.51430044276933007,success,11,14.353524775717784,13.829038639773561,false,false,5.1430044276933007,1.1986532272948081,,,
2005-03-31T00:00:00,EURJPY,10,0.5772817307188165,0.45067541180508791,success,11,14.332124602758267,14.020500114352336,false,false,4.5067541180508792,1.4912585057332441,,,
2005-04-01T00:00:00,EURJPY,10,0.60286610688095976,0.29946289139447757,success,11,14.14201738323365,13.724595742227274,false,false,2.9946289139447759,1.4165448585898028,,,
2005-04-04T00:00:00,EURJPY,10,0.60286610688095976,0.29946289139447757,fallback_previous,11,14.220887078208158,,true,true,,,2005-04-01T00:00:00,changepoint_fit,First changepoint fit failed: ABNORMAL: ; second changepoint fit failed: ABNORMAL:
2005-04-05T00:00:00,EURJPY,10,0.9561675189586033,0.54907866679890738,success,11,15.230818249822404,12.148260241923785,false,false,5.4907866679890738,31.91000328362383,,,
2005-04-06T00:00:00,EURJPY,10,0.57594648649553493,0.49738124083079194,success,11,15.608323887298429,15.302168794671651,false,false,4.9738124083079196,21.342452002694337,,,
2005-04-07T00:00:00,EURJPY,10,0.62254404343938796,0.80034447646251239,success,11,15.608324064688722,15.107963576859456,false,false,8.0034447646251241,278.33577533169063,,,
2005-04-08T00:00:00,EURJPY,10,0.53917841829505642,0.69685605244026672,success,11,15.608323891796708,15.451288301998959,false,false,6.9685605244026672,8.2818794410292007,,,
2005-04-11T00:00:00,EURJPY,10,0.60489251698700186,0.16885185953181167,success,11,15.608323918356776,15.182430970761565,false,false,1.6885185953181168,24.351444614139695,,,
2005-04-12T00:00:00,EURJPY,10,0.75417876842846077,0.99999351853280039,success,11,15.608323897979918,14.487299035496264,false,false,9.9999351853280043,2.9177945785514172,,,
2005-04-13T00:00:00,EURJPY,10,0.99228730068737392,0.24495603203766375,success,11,15.608323905329863,10.751179454049304,false,false,2.4495603203766376,5.1426855487355354,,,
2005-04-14T00:00:00,EURJPY,10,0.76279724468343502,0.70429797434373287,success,11,15.582165209961556,14.414088231412439,false,false,7.0429797434373285,12339.853092331983,,,
2005-04-15T00:00:00,EURJPY,10,0.65728992873644376,0.63210100074484266,success,11,15.608323901125509,14.957083504582158,false,false,6.321010007448427,21.203340169097643,,,
2005-04-18T00:00:00,EURJPY,10,0.98307589531647821,0.51436079090191267,success,11,15.380165880022348,11.318218473351401,false,false,5.1436079090191269,18.321194221096619,,,
2005-04-19T00:00:00,EURJPY,10,0.7477984719909756,0.41041583280553828,success,11,15.5937251559244,14.506820118954467,false,false,4.1041583280553828,16.782631372451014,,,
2005-04-20T00:00:00,EURJPY,10,0.61292717882305991,0.60158803098649627,success,11,15.60820738873856,15.148574098345348,false,false,6.0158803098649631,17.399847189283012,,,
2005-04-21T00:00:00,EURJPY,10,0.71817513142829781,0.50333832856818239,success,11,15.608310717892246,14.6728831075316,false,false,5.0333832856818237,22.749106892377903,,,
2005-04-22T00:00:00,EURJPY,10,0.75696499156961383,0.43906487250486848,success,11,15.479915868553384,14.343804363039171,false,false,4.3906487250486848,2.8506163908716973,,,
2005-04-25T00:00:00,EURJPY,10,0.7653503232480966,0.34226596444912949,success,11,14.953031919452011,13.77079191622504,false,false,3.4226596444912949,2.7806722289254879,,,
2005-04-26T00:00:00,EURJPY,10,0.96197679852786866,0.43075789145418841,success,11,15.342152908221403,12.111359114264403,false,false,4.3075789145418844,6.5428134682533052,,,
2005-04-27T00:00:00,EURJPY,10,0.62352181329323642,0.60780459830130695,success,11,15.59723258721769,15.092708946003533,false,false,6.0780459830130695,15.461249351310842,,,
2005-04-28T00:00:00,EURJPY,10,0.6208450422951306,0.49998636818328973,success,11,15.60808815924563,15.114951618666989,false,false,4.9998636818328972,638.63169558227708,,,
2005-04-29T00:00:00,EURJPY,10,0.80060126120614916,0.9999991953111691,success,11,15.608323887844691,14.218267398463238,false,false,9.9999919531116905,8.8672784176581931,,,
2005-05-02T00:00:00,EURJPY,10,0.75225653119599412,0.80236977868635484,success,11,15.608323884314995,14.497640297448104,false,false,8.0236977868635488,56.049037398668744,,,
2005-05-03T00:00:00,EURJPY,10,0.66718236920554408,0.42418237104370826,success,11,15.608324387165434,14.912855646212304,false,false,4.2418237104370826,0.72172615808462992,,,
2005-05-04T00:00:00,EURJPY,10,0.60403242681877223,0.12438860533321779,success,11,15.608323893757046,15.186028332472924,false,false,1.2438860533321778,2.9283351603447172,,,
2005-05-05T00:00:00,EURJPY,10,0.8903435819188652,0.066066004741055534,success,11,15.608323889594924,13.514068459848531,false,false,0.6606600474105554,3.9131432501184955,,,
2005-05-06T00:00:00,EURJPY,10,0.68668911091286067,0.86371928231613604,success,11,15.608324081013674,14.823638376094285,false,false,8.6371928231613602,1.2720463568634641,,,
2005-05-09T00:00:00,EURJPY,10,0.64444092733826308,0.91010399989631519,success,11,15.608323895817763,15.013632137476732,false,false,9.1010399989631523,11.615504180177066,,,
2005-05-10T00:00:00,EURJPY,10,0.71267879318888427,0.39406152700083152,success,11,15.608323904324871,14.699893863284103,false,false,3.940615270008315,17.966166523589997,,,
2005-05-11T00:00:00,EURJPY,10,0.73398043751868536,0.29903246674222089,success,11,15.60832389938162,14.593411372244542,false,false,2.9903246674222088,126.09925804055453,,,
2005-05-12T00:00:00,EURJPY,10,0.86261680888881243,0.16822292741724568,success,11,15.608323909257681,13.771127375795681,false,false,1.6822292741724567,24.992590393549339,,,
2005-05-13T00:00:00,EURJPY,10,0.94230566950299921,1.245897912546581e-05,success,11,15.60832390801837,12.815153106561395,false,false,0.0001245897912546581,6.6587491289791165,,,
2005-05-16T00:00:00,EURJPY,10,0.88409471847252896,0.73348668226086555,success,11,15.608323901178567,13.576533015688348,false,false,7.3348668226086557,3.3124960274496633,,,
2005-05-17T00:00:00,EURJPY,10,0.87012868976697366,0.63074511262854605,success,11,15.608323889373249,13.706226808266713,false,false,6.3074511262854607,2.4145095524818632,,,
2005-05-18T00:00:00,EURJPY,10,0.92694768593243426,0.52262037459518607,success,11,15.608323901154909,13.067602586464849,false,false,5.2262037459518611,2.2963893206193684,,,
2005-05-19T00:00:00,EURJPY,10,0.97462874138385081,0.38973897843380229,success,11,15.608324423997301,11.959884786374182,false,false,3.897389784338023,1.8630818076206379,,,
2005-05-20T00:00:00,EURJPY,10,0.97698847998428429,0.17564530061435857,success,11,15.608323934487512,11.859844034511898,false,false,1.7564530061435857,1.2162994697002656,,,
2005-05-23T00:00:00,EURJPY,10,0.98123229144769275,1.5168759908008795e-07,retry_success,11,15.229870230648064,11.273198771467996,true,false,1.5168759908008796e-06,2.7636603977722052,,,
2005-05-24T00:00:00,EURJPY,10,0.66222287131430868,0.30745083273954465,success,11,15.319145790415446,14.645929922928135,false,false,3.0745083273954465,1.8071934346830025,,,
2005-05-25T00:00:00,EURJPY,10,0.48115965133610639,0.43271273392719439,success,11,15.002802046977221,15.078199138962356,false,false,4.3271273392719438,1.2096949302110349,,,
2005-05-26T00:00:00,EURJPY,10,0.76514307625031575,0.90301732993395967,success,11,15.597167566066819,14.416081215570683,false,false,9.0301732993395962,2.1163986445981333,,,
2005-05-27T00:00:00,EURJPY,10,0.87570846675398639,0.88663318977100136,success,11,15.608324154821451,13.655920800502717,false,false,8.8663318977100136,8.2865326502072776,,,
2005-05-30T00:00:00,EURJPY,10,0.96119217854141259,0.83335435041687478,success,11,15.608323887216605,12.398771330866733,false,false,8.3335435041687482,1.6662519543653784,,,
2005-05-31T00:00:00,EURJPY,10,0.93171553767772086,0.73511156932743715,success,11,15.608323880784992,12.99497857884711,false,false,7.3511156932743713,3.4533579677619541,,,
2005-06-01T00:00:00,EURJPY,10,0.95126398666155743,0.59739653802170833,success,11,15.517370062639156,12.545996700516758,false,false,5.9739653802170833,18.371016536486735,,,
2005-06-02T00:00:00,EURJPY,10,0.8583540642569869,0.39877118031901904,success,11,15.608323890275908,13.806637747221925,false,false,3.9877118031901904,1.1590432637245702,,,
2005-06-03T00:00:00,EURJPY,10,0.97330084423028596,0.19878425829108032,success,11,15.608323895975003,12.012262614947819,false,false,1.9878425829108031,5.9928525618078785,,,
2005-06-06T00:00:00,EURJPY,10,0.60820097837638498,0.99999990000000005,success,11,15.608323887826428,15.168567512317081,false,false,9.9999990000000007,50.607234225937056,,,
2005-06-07T00:00:00,EURJPY,10,0.68718327814435898,0.86559665526437879,success,11,15.60832408430737,14.821340513110746,false,false,8.6559665526437879,18.324549533973794,,,
2005-06-08T00:00:00,EURJPY,10,0.64854395085423666,0.76469701097149234,success,11,15.608323897427843,14.995678788310233,false,false,7.646970109714923,23.479552398921289,,,
2005-06-09T00:00:00,EURJPY,10,0.65476136665709372,0.6991676528509142,success,11,15.608323884177183,14.96828890941153,false,false,6.9916765285091422,108.95283364503005,,,
2005-06-10T00:00:00,EURJPY,10,0.94715428236511134,0.61094867670135367,success,11,15.570443533629268,12.684358217113605,false,false,6.1094867670135367,2.3302516761360259,,,
2005-06-13T00:00:00,EURJPY,10,0.73015426638308778,0.66850647023583465,success,11,14.02300364805865,13.027598251166875,false,false,6.6850647023583463,0.72334321033942772,,,
2005-06-14T00:00:00,EURJPY,10,0.67261147966338641,0.60767830385490218,success,11,15.543052788500182,14.823032522954893,false,false,6.0767830385490216,0.87684877463227562,,,
2005-06-15T00:00:00,EURJPY,10,0.66567748961239781,0.54287277176687787,success,11,15.608323891621357,14.91962471524684,false,false,5.4287277176687789,0.96463768561709384,,,
2005-06-16T00:00:00,EURJPY,10,0.6568561450758521,0.43736061907729668,success,11,15.608323902944013,14.959008627053308,false,false,4.3736061907729669,1.0992960781317325,,,
2005-06-17T00:00:00,EURJPY,10,0.72313555221659964,0.45147559337147269,success,11,15.608323891747496,14.648255229615106,false,false,4.5147559337147269,0.84841686090128499,,,
2005-06-20T00:00:00,EURJPY,10,0.83476891137900067,0.49149441389102738,success,11,15.608323898633413,13.988513996085437,false,false,4.9149441389102737,12.975778867338169,,,
2005-06-21T00:00:00,EURJPY,10,0.99006206928938079,0.3159946407188588,success,11,15.608323911074821,11.006915094649941,false,false,3.1599464071885879,2.9059393900963264,,,
2005-06-22T00:00:00,EURJPY,10,0.97705482352939432,0.2132446471124966,success,11,15.608323897570948,11.856888871791377,false,false,2.132446471124966,2.9416168771041646,,,
2005-06-23T00:00:00,EURJPY,10,0.77260747798989671,0.099784789684733227,success,11,15.608323899647699,14.385230466505112,false,false,0.99784789684733222,3.8598549201622796,,,
2005-06-24T00:00:00,EURJPY,10,0.58509554969517874,9.9999999999999995e-08,success,11,15.608323893153413,15.264596979938638,false,false,9.9999999999999995e-07,2.8308530407592372,,,
2005-06-27T00:00:00,EURJPY,10,0.58762299409178986,0.6993913858279075,success,11,15.608324168672006,15.254176586737811,false,false,6.9939138582790754,21.979174444475216,,,
2005-06-28T00:00:00,EURJPY,10,0.59273907261764214,0.59958349987368798,success,11,15.608323901601146,15.233023691132308,false,false,5.9958349987368802,67.689743932241967,,,
2005-06-29T00:00:00,EURJPY,10,0.58409840919026068,0.87433837670586367,success,11,15.608323914693576,15.268703108896835,false,false,8.7433837670586367,22.472218892368979,,,
2005-06-30T00:00:00,EURJPY,10,0.63077375004729352,0.79215945348565009,success,11,15.608323895641034,15.072786254814888,false,false,7.9215945348565011,28.519922502399329,,,
2005-07-01T00:00:00,EURJPY,10,0.64917418592074605,0.0007133781444072511,success,11,15.608323890795909,14.992912662958634,false,false,0.007133781444072511,0.17527711256294309,,,
2005-07-04T00:00:00,EURJPY,10,0.6730163856037914,0.6004668768766821,success,11,15.606263144439101,14.884403528744265,false,false,6.0046687687668214,144.41367702146371,,,
2005-07-05T00:00:00,EURJPY,10,0.64259815804412335,0.97041302979589461,success,11,15.608323949616096,15.021665125827498,false,false,9.7041302979589457,1.9507235010364667,,,
2005-07-06T00:00:00,EURJPY,10,0.6952891216391125,0.47064990579331145,success,11,15.608323970310632,14.783359596120368,false,false,4.7064990579331143,4.2126319588744892,,,
2005-07-07T00:00:00,EURJPY,10,0.66408968000523305,0.30049060206562145,success,11,15.60832388587812,14.926750904832961,false,false,3.0049060206562146,2.2422879263005853,,,
2005-07-08T00:00:00,EURJPY,10,0.61260124889853751,0.29861103995612626,success,11,15.608319461546227,15.15005975563624,false,false,2.9861103995612623,66.406385682215088,,,
2005-07-11T00:00:00,EURJPY,10,0.79622854498081252,0.76553515439501374,success,11,15.608323985213172,14.245436771053777,false,false,7.6553515439501378,1.2518765541802201,,,
2005-07-12T00:00:00,EURJPY,10,0.82279510743580719,0.74078596242901129,success,11,15.488282553507776,13.952881990181355,false,false,7.4078596242901131,1.1055222895974408,,,
2005-07-13T00:00:00,EURJPY,10,0.65070804481020095,0.6914706071901584,success,11,15.583217418134643,14.961064468706484,false,false,6.914706071901584,0.92719527572060367,,,
2005-07-14T00:00:00,EURJPY,10,0.63370855776073653,0.50136735118316023,success,11,15.608324061202561,15.060164207330519,false,false,5.0136735118316018,1.1659814259132393,,,
2005-07-15T00:00:00,EURJPY,10,0.59662645185682439,0.19899913703546795,success,11,15.608323918309441,15.216895760629269,false,false,1.9899913703546797,47.999879059456198,,,
2005-07-18T00:00:00,EURJPY,10,0.61025888278689122,0.0964481528345454,success,11,15.608323909018589,15.159923360563216,false,false,0.96448152834545398,20.271171086398862,,,
2005-07-19T00:00:00,EURJPY,10,0.71616413468347073,0.4249254574608331,success,11,15.608323962105647,14.682810715095137,false,false,4.2492545746083312,2.9391114037692532,,,
2005-07-20T00:00:00,EURJPY,10,0.81105575305820088,0.36366359235661594,success,11,15.602499900734184,14.145615084732992,false,false,3.6366359235661596,2.1186335497080022,,,
2005-07-21T00:00:00,EURJPY,10,0.99551630300578353,0.96545802041190554,success,11,15.608323976403405,10.205510404374122,false,false,9.6545802041190552,1.3002820489070224,,,
2005-07-22T00:00:00,EURJPY,10,0.98022151495481069,0.73174164689736787,success,11,15.60832390991586,11.705140061153569,false,false,7.3174164689736783,2.1543483978471798,,,
2005-07-25T00:00:00,EURJPY,10,0.94893546341996482,0.60479484287554042,success,11,15.608323927243189,12.686073391661074,false,false,6.0479484287554044,2.5527841945563763,,,
2005-07-26T00:00:00,EURJPY,10,0.91387869996024496,0.49849582488223543,success,11,15.608323896334003,13.246382815138297,false,false,4.9849582488223545,2.7152006408919678,,,
2005-07-27T00:00:00,EURJPY,10,0.91703718790148747,0.39825686003014027,success,11,15.608323988122537,13.20556842320309,false,false,3.9825686003014025,7.8043123128163421,,,
2005-07-28T00:00:00,EURJPY,10,0.97146932602408476,0.59849445063807138,success,11,15.608324131628255,12.080494225496652,false,false,5.9849445063807138,170.79504899095681,,,
2005-07-29T00:00:00,EURJPY,10,0.9834551146501278,0.49774931114133308,success,11,15.60832389069243,11.523328904043835,false,false,4.977493111413331,116.4419553081277,,,
2005-08-01T00:00:00,EURJPY,10,0.99778099389625918,0.36418488468987875,success,11,15.608323903195716,9.4998494905780717,false,false,3.6418488468987875,28.885884422524693,,,
2005-08-02T00:00:00,EURJPY,10,0.9886155232532533,0.28520015859531028,success,11,15.608323979652925,11.144269215222131,false,false,2.8520015859531029,17.754097336633759,,,
2005-08-03T00:00:00,EURJPY,10,0.98767543719928275,0.19519460065580244,success,11,15.608323908947296,11.224564016769147,false,false,1.9519460065580243,56.19881882551406,,,
2005-08-04T00:00:00,EURJPY,10,0.98906546777086291,0.07942162527975441,success,11,15.604325805594607,11.099491156051002,false,false,0.79421625279754404,15.017517511850141,,,
2005-08-05T00:00:00,EURJPY,10,0.96652023615714378,0.60965255792048723,success,11,15.608323902005342,12.245562857928821,false,false,6.0965255792048723,17.300335111921068,,,
2005-08-08T00:00:00,EURJPY,10,0.94662753577727654,0.50621394458150282,success,11,15.608323899573287,12.732713155099475,false,false,5.0621394458150286,16.834190607458954,,,
2005-08-09T00:00:00,EURJPY,10,0.88976911873225617,0.41100251313463321,success,11,15.608324035413634,13.519939110248458,false,false,4.1100251313463323,90.202199256788319,,,
2005-08-10T00:00:00,EURJPY,10,0.86288498907298949,0.90155446285234464,success,11,15.595153385910164,13.755692041919087,false,false,9.0155446285234468,82.795929132754821,,,
2005-08-11T00:00:00,EURJPY,10,0.71288693958533877,0.80584457463977976,success,11,15.497489110020053,14.588042349099023,false,false,8.0584457463977976,16.513085572625418,,,
2005-08-12T00:00:00,EURJPY,10,0.68056201703667774,0.70016248825025185,success,11,15.483401905844842,14.72704610183737,false,false,7.0016248825025187,579.28427352752317,,,
2005-08-15T00:00:00,EURJPY,10,0.71294927150316378,0.60008574253063929,success,11,15.249491996265251,14.339740680828783,false,false,6.0008574253063927,887.41730655398453,,,
2005-08-16T00:00:00,EURJPY,10,0.64036390825576206,0.24484484507898779,success,11,15.382239562091101,14.805295604607648,false,false,2.4484484507898778,1.098699169368101,,,
2005-08-17T00:00:00,EURJPY,10,0.83731760012088219,0.27796095119967057,success,11,14.222281250710143,12.583877634707495,false,false,2.7796095119967057,1.6190443019598193,,,
2005-08-18T00:00:00,EURJPY,10,0.72148344578967172,0.55595507910969411,success,11,15.25365191500866,14.301819979428823,false,false,5.5595507910969415,0.7966207876753294,,,
2005-08-19T00:00:00,EURJPY,10,0.97657610239656589,0.81776432271915644,success,11,15.608323886009446,11.878027971218803,false,false,8.1776432271915649,1.6720794951585056,,,
2005-08-22T00:00:00,EURJPY,10,0.87658064246772116,0.69439495851330846,success,11,15.608323942750499,13.647883204863769,false,false,6.943949585133085,15.214465489449946,,,
2005-08-23T00:00:00,EURJPY,10,0.75787965448748562,0.6001728779154577,success,11,15.60832895684586,14.467239249027747,false,false,6.0017287791545773,497.12773326801891,,,
2005-08-24T00:00:00,EURJPY,10,0.93822393793707504,0.54860305164175149,retry_success,11,15.013687691260223,12.293214975108805,true,false,5.4860305164175145,1.3692588742258389,,,
2005-08-25T00:00:00,EURJPY,10,0.73150265182091811,0.79991306199543311,success,11,15.106775209334788,14.104515401170937,false,false,7.9991306199543306,1800.5078195056069,,,
2005-08-26T00:00:00,EURJPY,10,0.83197521270142782,0.37332598050275434,success,11,15.192349288301138,13.592658152313579,false,false,3.7332598050275436,1.2270617284929719,,,
2005-08-29T00:00:00,EURJPY,10,0.63232414121640002,0.50011329908795843,success,11,15.558099182064472,15.015898769222474,false,false,5.0011329908795847,901.37335814950086,,,
2005-08-30T00:00:00,EURJPY,10,0.69827327364271152,0.19401818337636023,success,11,15.192210237110169,14.353121429563416,false,false,1.9401818337636023,15.813070006410126,,,
2005-08-31T00:00:00,EURJPY,10,0.83653662325222422,0.8025132161324704,success,11,13.722632960329861,12.08995162914866,false,false,8.025132161324704,17.347730462832239,,,
2005-09-01T00:00:00,EURJPY,10,0.78347213278908967,0.70339315291121762,success,11,13.399161418256547,12.113145180757055,false,false,7.0339315291121762,16.706832209953564,,,
2005-09-02T00:00:00,EURJPY,10,0.71405984558703617,0.60128692868847611,success,11,14.110494165343122,13.195309927786855,false,false,6.0128692868847606,15.782052282717682,,,
2005-09-05T00:00:00,EURJPY,10,0.81629847217658236,0.99993578204714806,success,11,15.114366052009776,13.622898298333608,false,false,9.9993578204714808,3.2243904296622068,,,
2005-09-06T00:00:00,EURJPY,10,0.66293211869659252,0.59317557108603935,success,11,14.356136565189383,13.67974830358669,false,false,5.9317557108603935,0.85461837460115475,,,
2005-09-07T00:00:00,EURJPY,10,0.59887355391190145,0.24895890556391387,success,11,13.971209054833153,13.570435278811606,false,false,2.4895890556391387,0.91403805561530849,,,
2005-09-08T00:00:00,EURJPY,10,0.5400310169489656,0.45409083070063472,success,11,13.935523481881999,13.775055964238678,false,false,4.5409083070063474,1.6602797971567678,,,
2005-09-09T00:00:00,EURJPY,10,0.91458776389460628,0.5051752782835639,success,11,15.218196777410805,12.84721271537129,false,false,5.0517527828356394,14.498744623679652,,,
2005-09-12T00:00:00,EURJPY,10,0.83338832881272651,0.40661348815739445,success,11,14.35501877530821,12.745184843146996,false,false,4.0661348815739444,14.970621069973326,,,
2005-09-13T00:00:00,EURJPY,10,0.76985350415577525,0.63700069390794556,success,11,14.769593704487248,13.562109506700462,false,false,6.3700069390794551,2.0608026167131741,,,
2005-09-14T00:00:00,EURJPY,10,0.75877680518817103,0.49298118707029576,success,11,15.298791943936742,14.152806898554903,false,false,4.9298118707029577,1.9593109770234636,,,
2005-09-15T00:00:00,EURJPY,10,0.70266436359525986,0.304119258189399,success,11,15.606080566863387,14.746062813129223,false,false,3.04119258189399,1.9895032471194616,,,
2005-09-16T00:00:00,EURJPY,10,0.67407279414512244,0.32806964945692263,success,11,15.608323886532336,14.881659839778274,false,false,3.2806964945692263,2.6517537340593438,,,
2005-09-19T00:00:00,EURJPY,10,0.82028620565015675,0.81173497160454366,success,11,15.608323903645534,14.090036147062772,false,false,8.1173497160454371,12.942438666312183,,,
2005-09-20T00:00:00,EURJPY,10,0.73526402434784899,0.73291667139663286,success,11,15.608323890964535,14.586827250492281,false,false,7.3291667139663286,20.291208528618384,,,
2005-09-21T00:00:00,EURJPY,10,0.65572110505334391,0.60025888988565801,success,11,15.608323883629764,14.964040399845416,false,false,6.0025888988565796,289.90235896316767,,,
2005-09-22T00:00:00,EURJPY,10,0.60840740352076128,0.41386709123976184,success,11,15.608324516266915,15.1677017917717,false,false,4.1386709123976182,1.8099599458141706,,,
2005-09-23T00:00:00,EURJPY,10,0.60460187572706792,0.31400348490148522,success,11,15.608323910600109,15.183646892686118,false,false,3.1400348490148522,2.0375426857247678,,,
2005-09-26T00:00:00,EURJPY,10,0.9358581504191118,0.81196680669092025,success,11,15.608323902271486,12.9279570164466,false,false,8.1196680669092025,1.1549065680171111,,,
2005-09-27T00:00:00,EURJPY,10,0.65224755430104953,0.49620793227214161,success,11,15.608323907092684,14.979390596418899,false,false,4.9620793227214159,23.612139317263178,,,
2005-09-28T00:00:00,EURJPY,10,0.73926699603571877,0.37664842909859153,success,11,15.608323905098796,14.566161666124502,false,false,3.7664842909859155,18.505984693145095,,,
2005-09-29T00:00:00,EURJPY,10,0.85292067788694181,0.27300567746831816,success,11,15.608323915190493,13.850629411403979,false,false,2.7300567746831814,23.065085318461552,,,
2005-09-30T00:00:00,EURJPY,10,0.87871254817686018,4.667683085271275e-07,success,11,15.608324222292177,13.628029762643688,false,false,4.6676830852712747e-06,0.2816572747518814,,,
2005-10-03T00:00:00,EURJPY,10,0.73958715744147419,0.015261845869416443,success,11,15.608324081099575,14.564500173631655,false,false,0.15261845869416443,2.4179793365338513,,,
2005-10-04T00:00:00,EURJPY,10,0.53787262598302743,0.80452416458448184,success,11,15.60832390082585,15.456542677791814,false,false,8.0452416458448184,15.317914376586229,,,
2005-10-05T00:00:00,EURJPY,10,0.60332556475159194,0.57981336996205812,success,11,15.608323892041527,15.188982814540537,false,false,5.798133699620581,2.0187222817883876,,,
2005-10-06T00:00:00,EURJPY,10,0.78772362802469176,0.63437460133527568,success,11,15.53636817048549,14.225109935065618,false,false,6.3437460133527566,0.9542450633105517,,,
2005-10-07T00:00:00,EURJPY,10,0.78362338857949454,0.50237998946300189,success,11,15.60832387891733,14.321415806511535,false,false,5.0237998946300184,54.794840101437735,,,
2005-10-10T00:00:00,EURJPY,10,0.80498715919873332,0.40109237929017771,success,11,15.608323889530975,14.190562970204176,false,false,4.0109237929017771,133.6610777065016,,,
2005-10-11T00:00:00,EURJPY,10,0.72844469223210595,0.29766165248842208,success,11,15.603390402126298,14.616644529918684,false,false,2.9766165248842209,1.7178609973514827,,,
2005-10-12T00:00:00,EURJPY,10,0.99960210165412622,0.18465587296568722,success,11,15.60292089519344,7.7740048750411637,false,false,1.8465587296568722,607.40491782265849,,,
2005-10-13T00:00:00,EURJPY,10,0.98944454871937426,0.88910785760914579,success,11,15.604358531495382,11.063857243258452,false,false,8.8910785760914575,13.1489894612043,,,
2005-10-14T00:00:00,EURJPY,10,0.99923678197533128,0.78885676142914019,success,11,15.59945339657987,8.422250085123185,false,false,7.8885676142914019,13.3273706526103,,,
2005-10-17T00:00:00,EURJPY,10,0.96772944118105841,0.66975442461054546,success,11,15.524444450886174,12.123647228483788,false,false,6.6975442461054548,18.953108293401385,,,
2005-10-18T00:00:00,EURJPY,10,0.99467282615659236,0.57993427690061483,success,11,15.494238640877931,10.264645637519525,false,false,5.7993427690061488,18.703107606547551,,,
2005-10-19T00:00:00,EURJPY,10,0.99320762014918096,0.47825424961841784,success,11,15.496480364820034,10.511342012549818,false,false,4.7825424961841785,15.783975743320491,,,
2005-10-20T00:00:00,EURJPY,10,0.99841029849368756,0.32983691538504417,success,11,15.607945775274535,9.1653277294442042,false,false,3.2983691538504418,6.4762839740294833,,,
2005-10-21T00:00:00,EURJPY,10,0.73049758684404842,0.3571024301260125,success,11,15.44369065631035,14.446542073060957,false,false,3.5710243012601253,2.4830512079079607,,,
2005-10-24T00:00:00,EURJPY,10,0.69333229396890295,0.24035417499477235,success,11,15.380218974642698,14.564474360300952,false,false,2.4035417499477236,1.9037987188283636,,,
2005-10-25T00:00:00,EURJPY,10,0.95595717926610302,0.90055777572696039,success,11,15.608323888255127,12.530773126934832,false,false,9.0055777572696041,6.9618448412939014,,,
2005-10-26T00:00:00,EURJPY,10,0.99574363970394342,0.99883609401629592,success,11,15.608323897259289,10.153248467145186,false,false,9.9883609401629592,0.3191864647352079,,,
2005-10-27T00:00:00,EURJPY,10,0.96397201896589646,0.51957850975023434,success,11,15.608324438350547,12.32155805763059,false,false,5.1957850975023439,0.91877358854109004,,,
2005-10-28T00:00:00,EURJPY,10,0.9822107815376766,0.52819914985355521,success,11,15.608323908581683,11.597110547531004,false,false,5.2819914985355521,3.2883344827285703,,,
2005-10-31T00:00:00,EURJPY,10,0.94277937562272152,0.42119469619393879,success,11,15.608323906207806,12.806406010484221,false,false,4.2119469619393879,4.139198210936434,,,
2005-11-01T00:00:00,EURJPY,10,0.93241695740149078,0.30719808925656539,success,11,15.608323881309316,12.983900889928339,false,false,3.0719808925656538,7.9529167252871407,,,
2005-11-02T00:00:00,EURJPY,10,0.97291457794875857,0.80593077578521211,success,11,15.591964486377387,12.010663851952673,false,false,8.0593077578521211,28.859057955244452,,,
2005-11-03T00:00:00,EURJPY,10,0.77412998940628452,0.99999874036772651,success,11,15.608323888352681,14.376543743326737,false,false,9.9999874036772649,1.7772065174726142,,,
2005-11-04T00:00:00,EURJPY,10,0.66559024546381074,0.64456044969443937,success,11,15.604537730416203,14.916230547318108,false,false,6.4456044969443935,2.268448483379597,,,
2005-11-07T00:00:00,EURJPY,10,0.64421333242408985,0.52834230531274873,success,11,15.54502323729162,14.951324607362844,false,false,5.2834230531274873,1.9630398935868094,,,
2005-11-08T00:00:00,EURJPY,10,0.75053861067672556,0.10857465239353362,success,11,15.045708054094217,13.944221108744356,false,false,1.0857465239353361,1.6046846995011905,,,
2005-11-09T00:00:00,EURJPY,10,0.86926237411994456,0.10021779847971754,success,11,15.408020196073247,13.513567648814075,false,false,1.0021779847971755,775.65200288520634,,,
2005-11-10T00:00:00,EURJPY,10,0.72750072468226601,0.89713174515942029,success,11,15.566610313641823,14.584631273185146,false,false,8.9713174515942029,1.294366417016392,,,
2005-11-11T00:00:00,EURJPY,10,0.7268779758593813,0.70145619182638352,success,11,15.53885755577703,14.56001760866241,false,false,7.0145619182638352,15.810783611220872,,,
2005-11-14T00:00:00,EURJPY,10,0.72931250521161095,0.60071608766744833,success,11,15.398290987979845,14.407153670989203,false,false,6.0071608766744831,75.951782007803914,,,
2005-11-15T00:00:00,EURJPY,10,0.98515407603027205,0.72887599714685791,success,11,15.247585377884441,11.052512673998441,false,false,7.2887599714685791,3.6818561321315291,,,
2005-11-16T00:00:00,EURJPY,10,0.79151186618183489,0.54569918317389043,success,11,15.567203364105259,14.233140620355298,false,false,5.4569918317389039,0.93128173838957595,,,
2005-11-17T00:00:00,EURJPY,10,0.82419796237975618,0.30009765869739424,success,11,14.338374929698713,12.793322758779841,false,false,3.0009765869739424,1606.9764923824571,,,
2005-11-18T00:00:00,EURJPY,10,0.56961196864719643,0.48338298723079526,success,11,14.721741588121514,14.441473416138081,false,false,4.8338298723079527,1.2428814551568004,,,
2005-11-21T00:00:00,EURJPY,10,0.91571113359956202,0.10016098614854471,success,11,15.55358849814273,13.168137324652683,false,false,1.0016098614854472,513.22394525147467,,,
2005-11-22T00:00:00,EURJPY,10,0.6824682362442559,0.72691445072699512,success,11,15.608323970245742,14.843185841225042,false,false,7.2691445072699512,3.7327832152592815,,,
2005-11-23T00:00:00,EURJPY,10,0.75223455409288675,0.60059195392387132,success,11,15.608324045241265,14.497758378883677,false,false,6.0059195392387128,200.21801615452782,,,
2005-11-24T00:00:00,EURJPY,10,0.65808310979393736,0.50059855178206036,success,11,15.608323947076922,14.953560413487146,false,false,5.0059855178206041,141.65404003114594,,,
2005-11-25T00:00:00,EURJPY,10,0.75877059313860196,0.10349904190094432,success,11,15.608323905106337,14.462372798642038,false,false,1.0349904190094432,1.015197373035069,,,
2005-11-28T00:00:00,EURJPY,10,0.6703568070593674,0.83928088051352956,success,11,15.60832403674023,14.898524754251348,false,false,8.3928088051352958,2.2826993010953935,,,
2005-11-29T00:00:00,EURJPY,10,0.76095381023958608,0.59813221498624147,success,11,15.608323899945708,14.450408035917889,false,false,5.9813221498624145,12.935119378319442,,,
2005-11-30T00:00:00,EURJPY,10,0.83242107838874846,0.49491499926440774,success,11,15.608323903691193,14.005439901160823,false,false,4.9491499926440774,12.466309423319579,,,
2005-12-01T00:00:00,EURJPY,10,0.98629855646002274,0.8866064975456226,success,11,15.608323968747221,11.33186605954435,false,false,8.8660649754562257,3.7975589034222335,,,
2005-12-02T00:00:00,EURJPY,10,0.91438919672678654,0.2513314526699264,success,11,15.608323915537214,13.239879099376765,false,false,2.513314526699264,2.804506631586821,,,
2005-12-05T00:00:00,EURJPY,10,0.84638251853568602,0.95662415981453763,success,11,15.608323896540805,13.901818115408176,false,false,9.5662415981453766,2.2490625670133597,,,
2005-12-06T00:00:00,EURJPY,10,0.92924665370979387,0.80263899834849217,success,11,15.608323906978836,13.033149531666488,false,false,8.0263899834849219,14.785615491899083,,,
2005-12-07T00:00:00,EURJPY,10,0.97254967239754209,0.70468620961664663,success,11,15.608323911912965,12.040780863109376,false,false,7.0468620961664659,16.580347483368381,,,
2005-12-08T00:00:00,EURJPY,10,0.95319266469401454,0.60068593860167441,success,11,15.608323887906252,12.594546766113446,false,false,6.0068593860167443,15.827291393252649,,,
2005-12-09T00:00:00,EURJPY,10,0.94881087721868729,0.49649222070138099,success,11,15.608323904368834,12.688641475804328,false,false,4.9649222070138102,15.183495824838143,,,
2005-12-12T00:00:00,EURJPY,10,0.90656182985602152,0.35828064882880034,success,11,15.608323905275657,13.335964605843278,false,false,3.5828064882880035,3.8792761704438328,,,
2005-12-13T00:00:00,EURJPY,10,0.7594952304564927,0.6995246476558924,success,11,15.608324351794623,14.458410230756037,false,false,6.9952464765589237,281.69855878240764,,,
2005-12-14T00:00:00,EURJPY,10,0.97012344035389497,0.99048536212770733,success,11,15.60832389423723,12.127974787355999,false,false,9.9048536212770735,9.8120775894780081,,,
2005-12-15T00:00:00,EURJPY,10,0.87017147806537476,0.65616796833271662,success,11,14.981661074472047,13.079185298706866,false,false,6.5616796833271662,1.1169930517148738,,,
2005-12-16T00:00:00,EURJPY,10,0.77637980667387763,0.47292240512172834,success,11,14.894399762169662,13.64970696738237,false,false,4.7292240512172832,1.0742207920871412,,,
2005-12-19T00:00:00,EURJPY,10,0.70755658438516622,0.32153274512704072,success,11,14.501320685680451,13.617774278499976,false,false,3.2153274512704071,1.0398795598456541,,,
2005-12-20T00:00:00,EURJPY,10,0.99362292429401511,0.17683623849763322,success,11,14.345472954986095,9.29682481110531,false,false,1.7683623849763321,2.3430101772911827,,,
2005-12-21T00:00:00,EURJPY,10,0.8547472802417273,0.094607517286052795,success,11,14.438672642090083,12.666341915736361,false,false,0.946075172860528,16.901139334808171,,,
2005-12-22T00:00:00,EURJPY,10,0.96241142671257696,0.75740470428100026,success,11,14.339762003853147,11.097020068398479,false,false,7.5740470428100028,1.2181558757735578,,,
2005-12-23T00:00:00,EURJPY,10,0.97828245843358508,0.64161548188407613,success,11,14.473433266655784,10.665755127124518,false,false,6.4161548188407611,1.111532095420604,,,
2005-12-26T00:00:00,EURJPY,10,0.99083674683485767,0.52322720166026326,success,11,14.867383918623341,10.184035398319555,false,false,5.2322720166026331,6.2865962914163287,,,
2005-12-27T00:00:00,EURJPY,10,0.82631882175273996,0.46260581891416575,success,11,15.11278528322927,13.553025910988318,false,false,4.6260581891416575,0.8810157200851636,,,
2005-12-28T00:00:00,EURJPY,10,0.7191083743059935,0.37579320074669265,success,11,12.799284024626814,11.859240870304419,false,false,3.7579320074669265,0.74841466700561377,,,
2005-12-29T00:00:00,EURJPY,10,0.84211907968105193,0.22543643123624929,success,11,14.856861783740316,13.182781434706573,false,false,2.254364312362493,0.99218119789086612,,,
2005-12-30T00:00:00,EURJPY,10,0.80541253587401562,0.3445123778191706,success,11,15.368147914250079,13.947675050176251,false,false,3.4451237781917059,1.5332279826702018,,,
2006-01-02T00:00:00,EURJPY,10,0.7369160902041848,0.21711032409280229,success,11,14.95502645279355,13.925025450214759,false,false,2.1711032409280229,1.6817753893115199,,,
2006-01-03T00:00:00,EURJPY,10,0.94875976985620247,0.59734406327445289,success,11,14.23448448078493,11.31585382302498,false,false,5.9734406327445289,16.626792684821112,,,
2006-01-04T00:00:00,EURJPY,10,0.68781629925254772,0.73692762881784613,success,11,13.955320311354518,13.165390314965119,false,false,7.3692762881784608,0.93080139317514965,,,
2006-01-05T00:00:00,EURJPY,10,0.79388653014335198,0.73169087720811188,success,11,15.384244987032215,14.035731286825179,false,false,7.3169087720811188,1.3266846537719779,,,
2006-01-06T00:00:00,EURJPY,10,0.90092516024621427,0.72813809496659954,success,11,14.707060103101272,12.499513433584511,false,false,7.2813809496659951,4.0747475830102529,,,
2006-01-09T00:00:00,EURJPY,10,0.85414805578115227,0.60773471003802126,success,11,14.671744026764468,12.904231507064866,false,false,6.0773471003802122,11.541426133801508,,,
2006-01-10T00:00:00,EURJPY,10,0.96852599280312845,0.51612278382048637,success,11,14.209413754811569,10.782800470957511,false,false,5.161227838204864,4.4414197995276199,,,
2006-01-11T00:00:00,EURJPY,10,0.94338427559860227,0.40551204577388356,success,11,15.01313787304985,12.19995093304186,false,false,4.0551204577388358,13.608451651351771,,,
2006-01-12T00:00:00,EURJPY,10,0.99298351716013056,0.30728058691931814,success,11,15.526448343825136,10.573996351474484,false,false,3.0728058691931812,4.4337077594094669,,,
2006-01-13T00:00:00,EURJPY,10,0.56904924132966039,0.70041422227839356,success,11,15.60832389113207,15.33035075517979,false,false,7.0041422227839352,35.046695401823804,,,
2006-01-16T00:00:00,EURJPY,10,0.70226656796848264,0.57239034218018092,success,11,15.557320259361385,14.699205763759027,false,false,5.7239034218018094,2.0199811592960302,,,
2006-01-17T00:00:00,EURJPY,10,0.73915147826259764,0.39922677539113705,success,11,15.50695309742969,14.465390082489213,false,false,3.9922677539113702,16.087186776930565,,,
2006-01-18T00:00:00,EURJPY,10,0.80867359569572417,0.29591002717313347,success,11,15.572330501697316,14.13091602499493,false,false,2.9591002717313346,15.312465593138468,,,
2006-01-19T00:00:00,EURJPY,10,0.64191356632757712,0.1938123768560216,success,11,15.484892390501761,14.901213119863165,false,false,1.938123768560216,11.042437217063652,,,
2006-01-20T00:00:00,EURJPY,10,0.9379091542332838,0.69354757173199866,retry_success,11,15.527761115436535,12.812706588527536,true,false,6.9354757173199868,3.6809780312646012,,,
2006-01-23T00:00:00,EURJPY,10,0.69807450289898543,0.56083336192889655,success,11,15.608323962106324,14.770178415961199,false,false,5.608333619288965,2.3948053333463966,,,
2006-01-24T00:00:00,EURJPY,10,0.76736688843500778,0.44106102138561987,success,11,15.608323914683369,14.414821469586393,false,false,4.4106102138561987,2.4034482120746472,,,
2006-01-25T00:00:00,EURJPY,10,0.77592204074218962,0.20010299094350298,success,11,15.608323881401935,14.366265852933305,false,false,2.0010299094350299,15.254358418921443,,,
2006-01-26T00:00:00,EURJPY,10,0.87431009482745414,4.4633851867157985e-06,success,11,15.608323939806253,13.668706630984877,false,false,4.4633851867157981e-05,1.3099008929966116,,,
2006-01-27T00:00:00,EURJPY,10,0.87665663323090093,0.4004108578022757,success,11,15.577794199459483,13.616650873848176,false,false,4.0041085780227572,21.092516373531637,,,
2006-01-30T00:00:00,EURJPY,10,0.51087434355821082,0.0044900522517638524,success,11,15.608323897361112,15.564819663017069,false,false,0.044900522517638528,8.0002328778367406,,,
2006-01-31T00:00:00,EURJPY,10,0.9053287849753815,0.86848461598926829,success,11,15.608323925826209,13.350435744161423,false,false,8.6848461598926825,23.754038721769927,,,
2006-02-01T00:00:00,EURJPY,10,0.81948249527504746,0.72490612010327082,success,11,15.608323901199437,14.095478615650158,false,false,7.249061201032708,7.687125275101228,,,
2006-02-02T00:00:00,EURJPY,10,0.62435420938984554,0.99992963005393454,success,11,15.608323944099684,15.100252746661655,false,false,9.9992963005393456,1.1606451539008491,,,
2006-02-03T00:00:00,EURJPY,10,0.69764331856055495,0.80405279717630829,success,11,15.608323886831601,14.772223304440359,false,false,8.0405279717630833,42.015025949603931,,,
2006-02-06T00:00:00,EURJPY,10,0.73641784029509749,0.7031510337494099,success,11,15.608323895800805,14.580891341288508,false,false,7.0315103374940993,37.599411592309778,,,
2006-02-07T00:00:00,EURJPY,10,0.92658913210894589,0.60611820041935027,success,11,15.185799285612127,12.650361030053055,false,false,6.0611820041935029,32.71999457377229,,,
2006-02-08T00:00:00,EURJPY,10,0.93690376824666488,0.50007455821906344,success,11,15.608323881902763,12.910404356032812,false,false,5.0007455821906346,2660.10095220624,,,
2006-02-09T00:00:00,EURJPY,10,0.98665123191099402,0.41768579060931199,success,11,15.601567375414946,11.298674862832065,false,false,4.1768579060931197,16.615599773997079,,,
2006-02-10T00:00:00,EURJPY,10,0.96600131228067787,0.99999989996343641,success,11,15.608324013380358,12.261480748080922,false,false,9.9999989996343643,0.25324533349263612,,,
2006-02-13T00:00:00,EURJPY,10,0.83911720870157547,0.45151034294403408,success,11,15.608324416191987,13.956650114506346,false,false,4.5151034294403409,0.29991360394266031,,,
2006-02-14T00:00:00,EURJPY,10,0.73781295148503689,0.40243108524190713,success,11,15.608324118085047,14.573691953548645,false,false,4.0243108524190712,47.71483995106987,,,
2006-02-15T00:00:00,EURJPY,10,0.66165533091323514,0.30076959896540478,success,11,15.608323903314165,14.93764423806525,false,false,3.0076959896540476,115.94726137519655,,,
2006-02-16T00:00:00,EURJPY,10,0.59504416329902887,0.14233055255452026,success,11,15.608323898800121,15.223466287954871,false,false,1.4233055255452025,1.903688293450412,,,
2006-02-17T00:00:00,EURJPY,10,0.78587682792041702,0.59698092137094894,success,11,15.608323913766641,14.308075261007764,false,false,5.9698092137094889,43.953391034505103,,,
2006-02-20T00:00:00,EURJPY,10,0.88824504874640298,0.49459968356665857,success,11,15.608323926335895,13.53538480464908,false,false,4.9459968356665858,31.762479683994727,,,
2006-02-21T00:00:00,EURJPY,10,0.96479820240169789,0.39602973214407694,success,11,15.608323894521329,12.297502081166165,false,false,3.9602973214407693,55.875993133192331,,,
2006-02-22T00:00:00,EURJPY,10,0.98381462661012109,0.26686745422452191,success,11,15.608323884398919,11.500994349916457,false,false,2.6686745422452192,24.002158452721655,,,
2006-02-23T00:00:00,EURJPY,10,0.85891239905310479,0.19732844241924624,success,11,15.608324025448548,13.802038069585251,false,false,1.9732844241924625,63.066212679893198,,,
2006-02-24T00:00:00,EURJPY,10,0.94254337159875734,0.082017301904740464,success,11,15.091628025800523,12.294076464436152,false,false,0.82017301904740469,16.571942579591433,,,
2006-02-27T00:00:00,EURJPY,10,0.92932748569019874,0.70004356363923392,success,11,13.574653223531337,10.998248764885091,false,false,7.0004356363923392,289.16662762815361,,,
2006-02-28T00:00:00,EURJPY,10,0.83725436553045884,0.60292926078371034,success,11,14.718739109854132,13.080799641256348,false,false,6.0292926078371032,15.882981122351168,,,
2006-03-01T00:00:00,EURJPY,10,0.83997748038744124,0.50003555112823017,success,11,14.525553172508012,12.867492643000899,false,false,5.0003555112823017,884.92880902513946,,,
2006-03-02T00:00:00,EURJPY,10,0.83929689234094684,0.40013851094263525,success,11,14.414586451058707,12.761580553477119,false,false,4.0013851094263524,452.05828017208989,,,
2006-03-03T00:00:00,EURJPY,10,0.76595525358983063,0.69976606927062723,success,11,13.65318648013087,12.467575048827424,false,false,6.9976606927062726,772.24648048751635,,,
2006-03-06T00:00:00,EURJPY,10,0.80266457871988761,0.59049517183112021,success,11,13.316393128021252,11.913361138497931,false,false,5.9049517183112021,15.447651436679868,,,
2006-03-07T00:00:00,EURJPY,10,0.80536194927890414,0.94858521503308812,success,11,14.997853415364053,13.577703296197946,false,false,9.4858521503308815,28.986033933836993,,,
2006-03-08T00:00:00,EURJPY,10,0.69088056372062889,0.39899852353704557,success,11,15.114380082625802,14.310140846745991,false,false,3.9899852353704555,1922.1066373771046,,,
2006-03-09T00:00:00,EURJPY,10,0.77699273117531631,0.20021987066031327,success,11,15.163947349572343,13.915720720790453,false,false,2.0021987066031328,1131.3374863997851,,,
2006-03-10T00:00:00,EURJPY,10,0.66674887652896508,0.53909566604114212,success,11,15.587741144360772,14.894223996605049,false,false,5.3909566604114216,2.6602385625274398,,,
2006-03-13T00:00:00,EURJPY,10,0.66429840240108273,1.3555075137405228e-07,success,11,15.608323885956182,14.925815099206238,false,false,1.3555075137405228e-06,8.4402502777543269,,,
2006-03-14T00:00:00,EURJPY,10,0.61117122397602097,0.90735956830763909,success,11,15.608323885811087,15.15608581251305,false,false,9.0735956830763911,8.5027145824168606,,,
2006-03-15T00:00:00,EURJPY,10,0.73786476141762536,0.4988964112177639,success,11,15.608323900134952,14.573423890820939,false,false,4.9889641121776389,96.648683483186559,,,
2006-03-16T00:00:00,EURJPY,10,0.82174236411916746,0.39982965542420523,success,11,15.608323919424782,14.080126895560486,false,false,3.9982965542420525,810.97256726538967,,,
2006-03-17T00:00:00,EURJPY,10,0.67212957087398628,0.29814246137438011,success,11,15.608323895034705,14.890491256482768,false,false,2.9814246137438012,46.432718610338156,,,
2006-03-20T00:00:00,EURJPY,10,0.74884612465977396,0.19816684566210471,success,11,15.608323903565358,14.515856182653888,false,false,1.9816684566210472,70.431938811604638,,,
2006-03-21T00:00:00,EURJPY,10,0.70912888196312096,0.0051450728892734757,success,11,15.60832388713834,14.717166872927613,false,false,0.051450728892734755,9.1466174663484416,,,
2006-03-22T00:00:00,EURJPY,10,0.73847225042150355,0.1369229701937324,success,11,15.608324123773246,14.570280992914894,false,false,1.3692297019373239,23.029150527755135,,,
2006-03-23T00:00:00,EURJPY,10,0.52071328486915858,0.36514970812258951,success,11,15.608323923518343,15.525423338744464,false,false,3.6514970812258949,24.816053195926635,,,
2006-03-24T00:00:00,EURJPY,10,0.85879689921808577,0.59739635681789205,success,11,15.608323922183688,13.802990751813866,false,false,5.9739635681789203,64.273860291087217,,,
2006-03-27T00:00:00,EURJPY,10,0.65951045411440345,0.84176021135409906,success,11,15.608323898741844,14.947210498007362,false,false,8.4176021135409904,1.2059041216372757,,,
2006-03-28T00:00:00,EURJPY,10,0.83433999756245802,0.88087366155612123,success,11,15.608323896647914,13.991620416310431,false,false,8.8087366155612123,7.149408327662953,,,
2006-03-29T00:00:00,EURJPY,10,0.79187263180761081,0.70082672577218985,success,11,15.608323907182141,14.27207358609726,false,false,7.0082672577218981,162.45143617607081,,,
2006-03-30T00:00:00,EURJPY,10,0.76917753152090529,0.60083211742817111,success,11,15.608324130010233,14.404651207238517,false,false,6.0083211742817113,144.16586414456722,,,
2006-03-31T00:00:00,EURJPY,10,0.74001733378825374,0.50204480790435779,success,11,15.608323890227744,14.562265240642416,false,false,5.0204480790435779,54.738190161580512,,,
2006-04-03T00:00:00,EURJPY,10,0.96132685335185764,0.19307085154881429,success,11,15.608324524952524,12.395155529982398,false,false,1.9307085154881429,1.3399999115943371,,,
2006-04-04T00:00:00,EURJPY,10,0.60595034975356543,0.59789294171140672,success,11,15.608323913304671,15.178002778904117,false,false,5.9789294171140677,18.238131086223479,,,
2006-04-05T00:00:00,EURJPY,10,0.62291302400378334,0.69801148450482964,success,11,15.608323895001332,15.106392860700499,false,false,6.9801148450482966,33.994399042439014,,,
2006-04-06T00:00:00,EURJPY,10,0.6881932087629562,0.39842634227582552,success,11,15.608323886860285,14.816637998794926,false,false,3.9842634227582554,54.031719800066483,,,
2006-04-07T00:00:00,EURJPY,10,0.64654230159451676,0.29768544033640881,success,11,15.608323900577549,15.004449085933532,false,false,2.9768544033640882,29.127779938970914,,,
2006-04-10T00:00:00,EURJPY,10,0.72116204001128792,0.11687391393249684,success,11,15.608323883259029,14.658090852324944,false,false,1.1687391393249684,7.2044138608810613,,,
2006-04-11T00:00:00,EURJPY,10,0.62332576202792611,0.33390295283229132,success,11,15.594832778247003,15.091144227266586,false,false,3.3390295283229134,1.9254280137541855,,,
2006-04-12T00:00:00,EURJPY,10,0.64105225323156767,0.49827878155963801,success,11,15.57989268007173,14.999958533888982,false,false,4.9827878155963798,17.38116365992947,,,
2006-04-13T00:00:00,EURJPY,10,0.69486310662994166,0.39562221744108267,success,11,15.567836653655631,14.744882303004072,false,false,3.9562221744108266,16.068080490054147,,,
2006-04-14T00:00:00,EURJPY,10,0.98167247179058181,0.80581298035403681,success,11,15.470386618472526,11.489533100833347,false,false,8.0581298035403677,3.5818343958089742,,,
2006-04-17T00:00:00,EURJPY,10,0.91636204507648134,0.45845704577104468,success,11,15.466816656442624,13.072902547464004,false,false,4.5845704577104467,37.210573393061125,,,
2006-04-18T00:00:00,EURJPY,10,0.97419757619313585,0.35024444083906031,success,11,15.272257725244355,11.641112025389607,false,false,3.5024444083906032,29.724597047951775,,,
2006-04-19T00:00:00,EURJPY,10,0.77697109736148795,0.49221337962437028,success,11,15.186625736044622,13.938523955407934,false,false,4.9221337962437026,1.1422359894057093,,,
2006-04-20T00:00:00,EURJPY,10,0.6915370225794113,0.35313229912324862,success,11,15.447217932994706,14.63990307158388,false,false,3.5313229912324862,0.93990660566206985,,,
2006-04-21T00:00:00,EURJPY,10,0.8128093713454978,0.3698972638268988,success,11,15.134735209232566,13.666366104952374,false,false,3.6989726382689878,0.84976811818463582,,,
2006-04-24T00:00:00,EURJPY,10,0.89770416718731749,0.78554055091987451,success,11,11.770083375241425,9.5981117335773547,false,false,7.8554055091987447,0.54789148967569334,,,
2006-04-25T00:00:00,EURJPY,10,0.98089474031584822,0.69611417112102425,success,11,15.382713475734926,11.444211993556433,false,false,6.9611417112102423,12.785429443758261,,,
2006-04-26T00:00:00,EURJPY,10,0.9744478128781513,0.59462070677075207,success,11,15.283272788690233,11.642124738516738,false,false,5.9462070677075207,14.062714697764633,,,
2006-04-27T00:00:00,EURJPY,10,0.95328003604455858,0.48215724533122939,success,11,15.254001772428985,12.238264632110969,false,false,4.8215724533122941,6.6824468309362137,,,
2006-04-28T00:00:00,EURJPY,10,0.91866471940894145,0.39988942745324801,success,11,15.267769258142817,12.843427912367911,false,false,3.9988942745324803,1249.9459450461968,,,
2006-05-01T00:00:00,EURJPY,10,0.85836621503930743,0.20561801409900321,success,11,15.585165112408822,13.783379027084885,false,false,2.056180140990032,1.45363368910234,,,
2006-05-02T00:00:00,EURJPY,10,0.60886606114660313,0.60642072150694981,success,11,15.608323900512056,15.165775645365834,false,false,6.0642072150694979,2.2363305554195256,,,
2006-05-03T00:00:00,EURJPY,10,0.60832834760476018,0.40577596257240434,success,11,15.608324145616619,15.168033231368815,false,false,4.0577596257240431,14.550395504869138,,,
2006-05-04T00:00:00,EURJPY,10,0.68921405412927006,0.38281603776023509,success,11,15.600323316443538,14.803875818316477,false,false,3.8281603776023507,2.4371703630604231,,,
2006-05-05T00:00:00,EURJPY,10,0.70266030231055043,0.19994805209345493,success,11,15.608324463023234,14.748326147971877,false,false,1.9994805209345492,12.912498116431339,,,
2006-05-08T00:00:00,EURJPY,10,0.68549484033852559,0.11964485819671877,success,11,15.608323904978489,14.829183414787664,false,false,1.1964485819671877,1.6554755266528598,,,
2006-05-09T00:00:00,EURJPY,10,0.73854341086883579,0.56580347431930023,success,11,15.56040287341189,14.521991253255784,false,false,5.658034743193002,2.0715857857552149,,,
2006-05-10T00:00:00,EURJPY,10,0.71880028896702375,0.39552169236077306,success,11,15.59044673830117,14.651928313693723,false,false,3.9552169236077304,15.888359523517046,,,
2006-05-11T00:00:00,EURJPY,10,0.66405680970011127,0.29722633386980879,success,11,15.608158999220144,14.926733365805944,false,false,2.9722633386980877,15.922993047076201,,,
2006-05-12T00:00:00,EURJPY,10,0.71346838632398801,0.19983693014775677,success,11,15.606485419280908,14.694196165716917,false,false,1.9983693014775676,544.66673520298821,,,
2006-05-15T00:00:00,EURJPY,10,0.65768897202776544,0.59495850241537984,success,11,15.36968672833887,14.71667435794237,false,false,5.949585024153798,15.114818679273327,,,
2006-05-16T00:00:00,EURJPY,10,0.74582634524875224,0.49383166501473374,success,11,15.0202793254153,13.943804247015944,false,false,4.9383166501473372,15.274227795258767,,,
2006-05-17T00:00:00,EURJPY,10,0.74436039053322622,0.39377790306848859,success,11,15.220645784856403,14.151889148539345,false,false,3.9377790306848857,15.069455320214184,,,
2006-05-18T00:00:00,EURJPY,10,0.64340109726019878,0.2943253561492698,success,11,15.116871671679251,14.526714979885405,false,false,2.943253561492698,15.07287525081091,,,
2006-05-19T00:00:00,EURJPY,10,0.62919499457099981,0.72967893203636591,success,11,14.545835501086614,14.017070617761458,false,false,7.2967893203636596,1.9946341209402072,,,
2006-05-22T00:00:00,EURJPY,10,0.73963493142682202,0.0001063863957468454,retry_success,11,15.108483200922628,14.06441122843615,true,false,0.0010638639574684541,3.0675172677423994,,,
2006-05-23T00:00:00,EURJPY,10,0.87440050828512739,0.91465683249036245,success,11,15.269665797028416,13.329225486040166,false,false,9.1465683249036243,20.058062292634663,,,
2006-05-24T00:00:00,EURJPY,10,0.79621480259054589,0.69158947144623406,success,11,15.512187501216891,14.14938498449907,false,false,6.9158947144623406,15.792715880548736,,,
2006-05-25T00:00:00,EURJPY,10,0.72381805714617586,0.6435576271311112,success,11,15.563083267636086,14.599603070886406,false,false,6.4355762713111124,0.88658232645574575,,,
2006-05-26T00:00:00,EURJPY,10,0.72863779552442975,0.49735795398137456,success,11,15.593198446857599,14.605476165827804,false,false,4.9735795398137457,16.129722998821787,,,
2006-05-29T00:00:00,EURJPY,10,0.94240568081117471,0.39106154301132728,success,11,15.575754449393107,12.780742546132569,false,false,3.910615430113273,15.352441768739167,,,
2006-05-30T00:00:00,EURJPY,10,0.67382678370975169,0.60243686538624652,success,11,15.608323884714599,14.882779382865209,false,false,6.0243686538624655,39.334905234364498,,,
2006-05-31T00:00:00,EURJPY,10,0.72089026669183265,0.50044257260693947,success,11,15.608325566753695,14.659443650884656,false,false,5.0044257260693952,255.86508701314412,,,
2006-06-01T00:00:00,EURJPY,10,0.59133283699778183,0.40344037413245759,success,11,15.608323894318595,15.238845901818891,false,false,4.0344037413245761,18.827447721027543,,,
2006-06-02T00:00:00,EURJPY,10,0.52333832359865629,0.46085351300058386,success,11,15.608323881212225,15.514902701487562,false,false,4.6085351300058388,28.423428080719198,,,
2006-06-05T00:00:00,EURJPY,10,0.85952163762377665,0.69816173723152786,success,11,15.60832389654322,13.797001369847321,false,false,6.9816173723152781,16.737764389274993,,,
2006-06-06T00:00:00,EURJPY,10,0.89420837271420905,0.59610725988285229,success,11,15.608323889097106,13.473856441090982,false,false,5.9610725988285234,14.917826874925053,,,
2006-06-07T00:00:00,EURJPY,10,0.94589039602759628,0.49436244525826883,success,11,15.608323892781126,12.747208883569959,false,false,4.9436244525826885,16.036278065950096,,,
2006-06-08T00:00:00,EURJPY,10,0.70069794460048229,0.39589440921154118,success,11,15.608323943599464,14.75770032376958,false,false,3.958944092115412,22.67180249751258,,,
2006-06-09T00:00:00,EURJPY,10,0.79985998673233527,0.36840694417625974,success,11,15.605432737028938,14.220013229217008,false,false,3.6840694417625972,1.8343921274579054,,,
2006-06-12T00:00:00,EURJPY,10,0.90102322297631687,0.19419356027808538,success,11,15.587119356512298,13.378473571666721,false,false,1.9419356027808536,28.12727721149685,,,
2006-06-13T00:00:00,EURJPY,10,0.85701063237907726,0.087049963149187753,success,11,15.343430271129037,13.552750221292607,false,false,0.87049963149187759,14.880475779955979,,,
2006-06-14T00:00:00,EURJPY,10,0.9703820541824878,0.27944250653374486,success,11,14.545084905492848,11.055775496487385,false,false,2.7944250653374487,4.3862205197727873,,,
2006-06-15T00:00:00,EURJPY,10,0.9612912188560836,0.17972813777014127,success,11,14.542004687730758,11.329793764596509,false,false,1.7972813777014127,2.8206684314464585,,,
2006-06-16T00:00:00,EURJPY,10,0.64944978764530559,0.79700513968317677,success,11,14.674606938841109,14.057985370392629,false,false,7.9700513968317681,15.801653437964401,,,
2006-06-19T00:00:00,EURJPY,10,0.78209146088676706,0.3974812505110859,success,11,15.30482531407414,14.026929052115301,false,false,3.9748125051108589,16.630633446157038,,,
2006-06-20T00:00:00,EURJPY,10,0.59586719941493149,0.6848200335942829,success,11,15.06100576497016,14.67273148077234,false,false,6.8482003359428294,2.0213459624708672,,,
2006-06-21T00:00:00,EURJPY,10,0.73238339940242891,0.63861667202553107,success,11,15.600985599725959,14.594236814656611,false,false,6.3861667202553107,1.3593478047680747,,,
2006-06-22T00:00:00,EURJPY,10,0.71523515167406071,0.50206978397792301,success,11,15.377802582351425,14.456854956365888,false,false,5.0206978397792303,1.2902798298708622,,,
2006-06-23T00:00:00,EURJPY,10,0.72674351556276295,0.44442657824899812,success,11,15.608324333039134,14.630161573715153,false,false,4.4442657824899809,2.0756831634121564,,,
2006-06-26T00:00:00,EURJPY,10,0.7949903918848279,0.36982563899521326,success,11,15.608323891636115,14.253050709628873,false,false,3.6982563899521326,2.1818474303086135,,,
2006-06-27T00:00:00,EURJPY,10,0.70547311254563616,0.29987230770653112,success,11,15.608323884102573,14.734825522320628,false,false,2.998723077065311,15.575331992557892,,,
2006-06-28T00:00:00,EURJPY,10,0.63782665138995898,0.8914768650393039,success,11,15.608323899263365,15.042380319893599,false,false,8.9147686503930395,17.098647741457523,,,
2006-06-29T00:00:00,EURJPY,10,0.66460256263422302,0.79895833092580293,success,11,15.608323883641784,14.92445088065263,false,false,7.9895833092580295,101.03501901203327,,,
2006-06-30T00:00:00,EURJPY,10,0.6127643958643626,0.69630507988139034,success,11,15.608323885819013,15.149376673828741,false,false,6.963050798813903,17.587759462329984,,,
2006-07-03T00:00:00,EURJPY,10,0.65404247780293379,0.58303932213692811,success,11,15.608323901677085,14.971467600864603,false,false,5.8303932213692811,1.6462632087022671,,,
2006-07-04T00:00:00,EURJPY,10,0.71183196714911501,1.0000000486280206e-07,success,11,15.608323962956568,14.704025837987913,false,false,1.0000000486280206e-06,0.39870521487450478,,,
2006-07-05T00:00:00,EURJPY,10,0.9942962219132998,0.79558692506743989,success,11,15.608323909797571,10.447417515062982,false,false,7.9558692506743984,1.9061002416065946,,,
2006-07-06T00:00:00,EURJPY,10,0.81900259514314355,0.70380892014445207,success,11,15.608324018894088,14.098719459728708,false,false,7.0380892014445209,13.50749741980354,,,
2006-07-07T00:00:00,EURJPY,10,0.90314620332999584,0.90092268588663216,success,11,15.600281898031945,13.367600039904584,false,false,9.009226858866322,171.29910482747459,,,
2006-07-10T00:00:00,EURJPY,10,0.80837983855238282,0.80818856571600683,success,11,14.929821275073637,13.490304316558234,false,false,8.0818856571600683,16.548207678016684,,,
2006-07-11T00:00:00,EURJPY,10,0.86805348678653615,0.70878259556078904,success,11,14.983475878947749,13.099619183005238,false,false,7.0878259556078902,17.410336802364416,,,
2006-07-12T00:00:00,EURJPY,10,0.93687520869431828,0.61040943283564497,success,11,14.461862695179951,11.764426185108789,false,false,6.1040943283564495,15.274053776308259,,,
2006-07-13T00:00:00,EURJPY,10,0.80568778027675325,0.50720898989626728,success,11,15.030482900615896,13.608252847955706,false,false,5.0720898989626724,15.93851252830752,,,
2006-07-14T00:00:00,EURJPY,10,0.96334580495223532,0.40488878931322503,success,11,14.896073937807529,11.627189383340056,false,false,4.0488878931322505,15.379650626902132,,,
2006-07-17T00:00:00,EURJPY,10,0.83442064059420806,0.75415548309624891,success,11,15.342045416416269,13.724758368899455,false,false,7.5415548309624887,28.201222782581244,,,
2006-07-18T00:00:00,EURJPY,10,0.74416074033223434,0.39938380194315842,success,11,15.405103995305211,14.337396290323744,false,false,3.9938380194315841,17.015903287321255,,,
2006-07-19T00:00:00,EURJPY,10,0.85401565553916936,0.55564429803440651,success,11,15.413627922555451,13.647177783160313,false,false,5.5564429803440651,38.001790045118994,,,
2006-07-20T00:00:00,EURJPY,10,0.88030182682837987,0.67480344295800077,success,11,15.19968082014719,13.204389337171932,false,false,6.7480344295800077,17.688742268590971,,,
2006-07-21T00:00:00,EURJPY,10,0.94713916483350591,0.30679051704518445,success,11,15.429639661454715,12.543856334348032,false,false,3.0679051704518443,16.678357924621526,,,
2006-07-24T00:00:00,EURJPY,10,0.60732850505236602,0.29710350012969844,success,11,15.60832389447731,15.172227426925101,false,false,2.9710350012969844,14.419561753631561,,,
2006-07-25T00:00:00,EURJPY,10,0.54844943837503757,0.29906263207391443,success,11,15.608323900806239,15.413916159439001,false,false,2.9906263207391444,37.14470370600484,,,
2006-07-26T00:00:00,EURJPY,10,0.59838781690260556,0.12179808854320853,success,11,15.608323898409605,15.209571735726071,false,false,1.2179808854320853,2.1737129058573883,,,
2006-07-27T00:00:00,EURJPY,10,0.83989503239707353,0.99989868840278562,success,11,15.608324002016122,13.950876727066166,false,false,9.9989868840278557,1.7337493175532228,,,
2006-07-28T00:00:00,EURJPY,10,0.76186149574060691,0.7546769796575129,success,11,15.602860960124044,14.439948640152005,false,false,7.5467697965751288,2.341828189948032,,,
2006-07-31T00:00:00,EURJPY,10,0.70822900830738633,0.61009471344232213,success,11,15.514414966663338,14.627616686748054,false,false,6.1009471344232216,2.4094649835361088,,,
2006-08-01T00:00:00,EURJPY,10,0.74123829009238695,0.53871708917028482,success,11,15.583101879274409,14.53068732583891,false,false,5.3871708917028478,2.5587333073799408,,,
2006-08-02T00:00:00,EURJPY,10,0.66307282453854988,0.40179806763831094,success,11,15.608324051851062,14.931306037210893,false,false,4.0179806763831092,2.0571428896041883,,,
2006-08-03T00:00:00,EURJPY,10,0.63086817310171839,0.31437712231273146,success,11,15.608323893570649,15.072380804992878,false,false,3.1437712231273145,2.5817446775274786,,,
2006-08-04T00:00:00,EURJPY,10,0.56577083574818388,0.60004141925991306,success,11,15.608324495980805,15.343707806574889,false,false,6.0004141925991306,60.536418857497587,,,
2006-08-07T00:00:00,EURJPY,10,0.87629432418688158,0.94412820142892673,success,11,15.608323885033432,13.650527026054363,false,false,9.4412820142892677,4.2714487826930023,,,
2006-08-08T00:00:00,EURJPY,10,0.90201167328468401,0.814467897181261,success,11,15.608324090247587,13.388544985137367,false,false,8.1446789718126098,7.33031795381652,,,
2006-08-09T00:00:00,EURJPY,10,0.84335403424856292,0.6046189403380744,success,11,15.608323993417711,13.924925417929847,false,false,6.046189403380744,0.74941190111980482,,,
2006-08-10T00:00:00,EURJPY,10,0.66871239328466803,0.82516758199123008,success,11,15.608323884024635,14.905956722299397,false,false,8.2516758199123004,1.2789250537536456,,,
2006-08-11T00:00:00,EURJPY,10,0.73507141442093982,0.80645206641171385,success,11,15.608323900701631,14.587816545018091,false,false,8.0645206641171381,16.534820107608308,,,
2006-08-14T00:00:00,EURJPY,10,0.77823427096281084,0.70069729888275867,success,11,15.608323939545842,14.352917891276096,false,false,7.0069729888275862,267.31525130451359,,,
2006-08-15T00:00:00,EURJPY,10,0.73676257163685788,0.60525673212726505,success,11,15.608323897422995,14.579114606678775,false,false,6.052567321272651,17.159182170298678,,,
2006-08-16T00:00:00,EURJPY,10,0.72134367253727372,0.50382184798707597,success,11,15.608323896572433,14.657187433236665,false,false,5.0382184798707597,17.06453307522364,,,
2006-08-17T00:00:00,EURJPY,10,0.84398303342963676,0.40078336951443178,success,11,15.608323900231426,13.92015626981107,false,false,4.0078336951443179,17.721206347387074,,,
2006-08-18T00:00:00,EURJPY,10,0.68898135716036157,0.65611815069178514,success,11,15.608324084482708,14.81296272686213,false,false,6.5611815069178512,2.1076284899370532,,,
2006-08-21T00:00:00,EURJPY,10,0.6492009514409296,0.72414584932099579,success,11,15.608323890139868,14.992795137232481,false,false,7.2414584932099579,1.0573540085319491,,,
2006-08-22T00:00:00,EURJPY,10,0.64958749523057679,0.2950386642466879,success,11,15.608324066388123,14.991097573231682,false,false,2.9503866424668788,18.881717631252521,,,
2006-08-23T00:00:00,EURJPY,10,0.70021007469661434,0.19431270455660721,success,11,15.608323891843956,14.76002547549276,false,false,1.9431270455660721,26.735404276364957,,,
2006-08-24T00:00:00,EURJPY,10,0.7495855077926632,3.6660147090266824e-06,success,11,15.608323916912925,14.511921033208349,false,false,3.6660147090266824e-05,2.1302689875885279,,,
2006-08-25T00:00:00,EURJPY,10,0.85569611848001748,0.40348769066622159,success,11,15.608323912043296,13.828329965083714,false,false,4.0348769066622161,47.41740285037865,,,
2006-08-28T00:00:00,EURJPY,10,0.79325412018143948,0.3355853472953233,success,11,15.60832389440286,14.263670675280474,false,false,3.3558534729532332,22.78971025999763,,,
2006-08-29T00:00:00,EURJPY,10,0.51620411525728227,0.74770225328821893,success,11,15.608324593954967,15.543485426514563,false,false,7.4770225328821898,24.943344840023283,,,
2006-08-30T00:00:00,EURJPY,10,0.50155649510272204,0.56305200301021185,success,11,15.608323887052972,15.602097886530581,false,false,5.6305200301021188,21.002184035977528,,,
2006-08-31T00:00:00,EURJPY,10,0.5274094731797353,0.26966961404567819,success,11,15.608323907965561,15.49857599190455,false,false,2.696696140456782,22.20427870477155,,,
2006-09-01T00:00:00,EURJPY,10,0.79106759027706774,0.89648308346183003,success,11,15.608323889520799,14.276951277459835,false,false,8.9648308346183008,64.225686452778291,,,
2006-09-04T00:00:00,EURJPY,10,0.71940870257478451,0.90740302458444599,success,11,15.608324174649782,14.666793699493285,false,false,9.0740302458444599,18.582491569365306,,,
2006-09-05T00:00:00,EURJPY,10,0.62555769516283699,0.5087680837144718,success,11,15.315991147470328,14.80278531525644,false,false,5.0876808371447177,17.464024764101627,,,
2006-09-06T00:00:00,EURJPY,10,0.72773518299459738,0.70691514620781226,success,11,15.572111175395897,14.588949137592989,false,false,7.0691514620781231,14.036322706506215,,,
2006-09-07T00:00:00,EURJPY,10,0.66148768954678583,0.99999730669831222,success,11,15.608323880597148,14.938392966473842,false,false,9.9999730669831219,0.61804453611715238,,,
2006-09-08T00:00:00,EURJPY,10,0.63778015630380303,0.50182745974465415,success,11,15.608323917117973,15.04258160627141,false,false,5.0182745974465419,32.531190820514247,,,
2006-09-11T00:00:00,EURJPY,10,0.86251475528968924,0.40207655166359924,success,11,15.608324180754737,13.771988524563934,false,false,4.0207655166359926,80.644584838732314,,,
2006-09-12T00:00:00,EURJPY,10,0.77385927393299403,0.30286836287332686,success,11,15.608323930296931,14.378091377060773,false,false,3.0286836287332686,48.183441984023752,,,
2006-09-13T00:00:00,EURJPY,10,0.66563412864642724,0.20150789961615448,success,11,15.608323900346598,14.919819553797234,false,false,2.0150789961615447,63.462077489921597,,,
2006-09-14T00:00:00,EURJPY,10,0.99138190814025062,0.13983307792996555,success,11,15.608323924719658,10.863087786292512,false,false,1.3983307792996555,25.520295696938245,,,
2006-09-15T00:00:00,EURJPY,10,0.65884561477016979,1.0033233703301378e-07,success,11,15.60832414196269,14.950170024314554,false,false,1.0033233703301377e-06,10.840252585130562,,,
2006-09-18T00:00:00,EURJPY,10,0.61924795823661238,0.74132201239030626,success,11,15.608323893070647,15.121966476100464,false,false,7.4132201239030628,1.3455339189361237,,,
2006-09-19T00:00:00,EURJPY,10,0.61091669351781031,0.61814255870817048,success,11,15.60832389197731,15.157156762761147,false,false,6.181425587081705,1.4696870380528273,,,
2006-09-20T00:00:00,EURJPY,10,0.63253055164584848,0.39819594550309961,success,11,15.608323896874172,15.065235555908551,false,false,3.9819594550309962,31.883440426807333,,,
2006-09-21T00:00:00,EURJPY,10,0.57503114512941178,0.00045745778650032535,success,11,15.608324003859691,15.305915682668452,false,false,0.0045745778650032537,7.2193310296259696,,,
2006-09-22T00:00:00,EURJPY,10,0.61251004561658728,0.19887648405026723,success,11,15.608323900094655,15.150448481089121,false,false,1.9887648405026723,44.397665374278638,,,
2006-09-25T00:00:00,EURJPY,10,0.7662877884736734,0.66550124708658998,success,11,15.608323902607948,14.420856593638444,false,false,6.6550124708659002,3.88929809601205,,,
2006-09-26T00:00:00,EURJPY,10,0.90072438775498564,0.93798836736942592,success,11,15.608323940365938,13.403024569657088,false,false,9.379883673694259,4.2706110027053148,,,
2006-09-27T00:00:00,EURJPY,10,0.74233213783260932,0.46861511404817102,success,11,15.608325204000234,14.550199835502507,false,false,4.6861511404817104,3.2300738623737586,,,
2006-09-28T00:00:00,EURJPY,10,0.80502004191973042,0.31221855931299858,success,11,15.608323921177337,14.190353521480073,false,false,3.122185593129986,12.596241775522383,,,
2006-09-29T00:00:00,EURJPY,10,0.88731838445569311,0.20470615510948029,success,11,15.60832388983947,13.54468630702328,false,false,2.0470615510948029,13.15949291277469,,,
2006-10-02T00:00:00,EURJPY,10,0.92754488543155866,0.70681716062622013,success,11,15.608323881055277,13.058749954480806,false,false,7.0681716062622018,0.5877337658646643,,,
2006-10-03T00:00:00,EURJPY,10,0.98481874995056651,0.68721718924344066,success,11,15.465959051314083,11.293562554300983,false,false,6.8721718924344071,3.3831469171546638,,,
2006-10-04T00:00:00,EURJPY,10,0.66554440344448185,0.60034014895236232,success,11,15.608323912204499,14.920222679698417,false,false,6.0034014895236227,14.753703243579846,,,
2006-10-05T00:00:00,EURJPY,10,0.83974564597485246,0.50935343901062657,success,11,15.554827951571674,13.898491173634516,false,false,5.0935343901062655,2.1278236866400313,,,
2006-10-06T00:00:00,EURJPY,10,0.6726439656550437,0.52433076885068075,success,11,15.608323888578473,14.888156093330846,false,false,5.2433076885068077,1.0388684505168491,,,
2006-10-09T00:00:00,EURJPY,10,0.77190583517107936,0.35189541703541249,success,11,15.450683161439967,14.231579141349293,false,false,3.5189541703541249,1.1866340661214021,,,
2006-10-10T00:00:00,EURJPY,10,0.64648060135796959,0.358998096217091,success,11,15.597163654040644,14.99355882167556,false,false,3.5899809621709098,1.2851148309353218,,,
2006-10-11T00:00:00,EURJPY,10,0.85304437301643044,0.40739653608785387,success,11,15.375143523362981,13.616462641231406,false,false,4.0739653608785389,15.91933075630844,,,
2006-10-12T00:00:00,EURJPY,10,0.8129685545705333,0.16496121768978794,success,11,15.598104829000331,14.128689158560118,false,false,1.6496121768978793,1.2925632951253421,,,
2006-10-13T00:00:00,EURJPY,10,0.95236413595324332,0.59881020887998881,success,11,15.608324449928336,12.612962916420207,false,false,5.9881020887998879,194.34267887263852,,,
2006-10-16T00:00:00,EURJPY,10,0.81617542413330213,0.49875291347740014,success,11,15.608192831196074,14.117545429594378,false,false,4.9875291347740012,115.56717755974607,,,
2006-10-17T00:00:00,EURJPY,10,0.93530923372407204,0.51349653321413014,success,11,15.356006261981406,12.684747531455947,false,false,5.1349653321413014,1.1861466371665463,,,
2006-10-18T00:00:00,EURJPY,10,0.80629159721303145,0.76176896098744884,success,11,15.608323912428546,14.182232402096997,false,false,7.6176896098744882,1.6952394051397672,,,
2006-10-19T00:00:00,EURJPY,10,0.81240892473414805,0.64188224325402365,success,11,15.605490306099485,14.139750953044075,false,false,6.418822432540237,1.9036131138200474,,,
2006-10-20T00:00:00,EURJPY,10,0.85579953297029654,0.53862715164728381,success,11,15.142807330871685,13.361975636221221,false,false,5.3862715164728385,1.8713852964458952,,,
2006-10-23T00:00:00,EURJPY,10,0.99793375432952203,0.44850908548586804,success,11,15.297711838839328,9.1177582179567764,false,false,4.4850908548586803,2.6234101535099041,,,
2006-10-24T00:00:00,EURJPY,10,0.92361388265298039,0.54670428529256954,success,11,15.323134036516919,12.83064089767004,false,false,5.4670428529256956,37.254714415180366,,,
2006-10-25T00:00:00,EURJPY,10,0.95623898008844865,0.79923926803627932,success,11,15.282735105974238,12.198470709769262,false,false,7.9923926803627934,16.951743062560016,,,
2006-10-26T00:00:00,EURJPY,10,0.99687318076974918,0.69989856871432221,success,11,15.251818711386187,9.4872114178307534,false,false,6.9989856871432217,276.00139029713534,,,
2006-10-27T00:00:00,EURJPY,10,0.78434153183755451,0.59560389979937156,success,11,15.414109165197956,14.122960602769261,false,false,5.9560389979937156,34.496725388421062,,,
2006-10-30T00:00:00,EURJPY,10,0.83186219253240856,0.49011684096165348,success,11,15.295948808857078,13.697065941430747,false,false,4.9011684096165347,16.679158386480935,,,
2006-10-31T00:00:00,EURJPY,10,0.89097822341905897,0.38941567118615572,success,11,15.556097940319582,13.455325601175563,false,false,3.894156711861557,12.602459582243416,,,
2006-11-01T00:00:00,EURJPY,10,0.79734319721654401,0.62913468522974081,success,11,14.940884358168983,13.571113082389351,false,false,6.2913468522974085,20.919852508975328,,,
2006-11-02T00:00:00,EURJPY,10,0.69112893394346864,0.34216822623999033,success,11,14.99938204276514,14.193979573903253,false,false,3.4216822623999033,1.4143111000906174,,,
2006-11-03T00:00:00,EURJPY,10,0.76544545131763331,0.092406547220151486,success,11,14.996025651261302,13.813255875412878,false,false,0.9240654722015148,14.362530330075304,,,
2006-11-06T00:00:00,EURJPY,10,0.97978728722702324,0.64999958056887996,success,11,13.847135623679602,9.9661118810739477,false,false,6.4999958056887994,33.791413722320556,,,
2006-11-07T00:00:00,EURJPY,10,0.69653538598323361,0.95067646398781014,success,11,14.516125631522751,13.685272044838241,false,false,9.5067646398781012,34.216862642045371,,,
2006-11-08T00:00:00,EURJPY,10,0.68673365412165344,0.4368443057360622,success,11,14.471445122878244,13.68655237396446,false,false,4.3684430573606221,29.286835006354057,,,
2006-11-09T00:00:00,EURJPY,10,0.85272240186429105,0.89183564767925605,success,11,15.230886851287609,13.47477202284359,false,false,8.9183564767925603,0.94486417486866647,,,
2006-11-10T00:00:00,EURJPY,10,0.95226259563675053,0.69259834350787008,success,11,15.586166957871788,12.593041374524514,false,false,6.9259834350787006,14.519816252274907,,,
2006-11-13T00:00:00,EURJPY,10,0.68637701112900873,0.70158177134453048,success,11,15.608324098017475,14.825088634487805,false,false,7.0158177134453048,63.414162969551576,,,
2006-11-14T00:00:00,EURJPY,10,0.85491402964187546,0.60064509000118371,success,11,15.608323885739249,13.834649437731395,false,false,6.0064509000118367,243.31812069725342,,,
2006-11-15T00:00:00,EURJPY,10,0.96297550572827273,0.37384624342225842,success,11,15.608323923833812,12.349875648697992,false,false,3.7384624342225843,0.8900812427686301,,,
2006-11-16T00:00:00,EURJPY,10,0.83657393046269912,0.2493210390898597,success,11,15.608323882902759,13.975369699664672,false,false,2.493210390898597,1.0223314225030393,,,
2006-11-17T00:00:00,EURJPY,10,0.53778046666436841,0.63463044100245702,success,11,15.608323934991004,15.456913471232768,false,false,6.3463044100245707,22.048627191599788,,,
2006-11-20T00:00:00,EURJPY,10,0.51927038761483835,0.36189863744675643,success,11,15.608323922633817,15.531204172701077,false,false,3.6189863744675641,25.99702514966981,,,
2006-11-21T00:00:00,EURJPY,10,0.96325925006004443,0.87475546284652894,success,11,15.608323934494321,12.341887839727367,false,false,8.7475546284652896,2.5510725777039824,,,
2006-11-22T00:00:00,EURJPY,10,0.81588234396637782,0.59523900325027868,success,11,15.608325075278831,14.119629905249178,false,false,5.9523900325027865,30.73631495337068,,,
2006-11-23T00:00:00,EURJPY,10,0.80717105885018914,0.4982264485617936,success,11,15.608323885075629,14.176591751041775,false,false,4.9822644856179359,75.910198976443525,,,
2006-11-24T00:00:00,EURJPY,10,0.86780506344953801,0.99999897807606364,success,11,15.608323939233946,13.726634456325428,false,false,9.9999897807606359,1.5713718114996111,,,
2006-11-27T00:00:00,EURJPY,10,0.82437787667686602,0.67490298199864118,success,11,15.608323937515742,14.062029584824732,false,false,6.7490298199864114,1.5654681349978636,,,
2006-11-28T00:00:00,EURJPY,10,0.77514585059542263,0.52331158345048001,success,11,15.531051634327611,14.293452395511215,false,false,5.2331158345048001,1.3799529924111458,,,
2006-11-29T00:00:00,EURJPY,10,0.83815972645786319,0.45326208035437299,success,11,15.491407676842373,13.846808873217107,false,false,4.5326208035437299,2.3495384897930052,,,
2006-11-30T00:00:00,EURJPY,10,0.88684517120272299,0.3614061046309513,success,11,15.431656664637494,13.37274329812543,false,false,3.6140610463095131,2.7847083711167895,,,
2006-12-01T00:00:00,EURJPY,10,0.62301460604209746,0.89466919505948306,success,11,15.495083091348258,14.992719572025516,false,false,8.9466919505948308,14.146126361686319,,,
2006-12-04T00:00:00,EURJPY,10,0.66143804398984607,0.79509994501355619,success,11,15.582747826724781,14.913038614088816,false,false,7.9509994501355621,14.731848509790696,,,
2006-12-05T00:00:00,EURJPY,10,0.60739559207169247,0.70149859782793877,success,11,15.389453563342745,14.953075777110477,false,false,7.0149859782793875,14.305527103093581,,,
2006-12-06T00:00:00,EURJPY,10,0.61988504700609603,0.56655784992836911,success,11,15.402766547315279,14.913706209373867,false,false,5.6655784992836908,2.0466285595996649,,,
2006-12-07T00:00:00,EURJPY,10,0.67436932933199367,0.44013609111722357,success,11,15.563499254959071,14.83548515483297,false,false,4.4013609111722358,1.7914459927182089,,,
2006-12-08T00:00:00,EURJPY,10,0.61177445032368905,0.39854892710196649,success,11,15.13107061927689,14.67629343424149,false,false,3.9854892710196648,14.353691057506225,,,
2006-12-11T00:00:00,EURJPY,10,0.71871339904178699,0.50069503332087195,success,11,15.219268688882769,14.281180102932021,false,false,5.00695033320872,16.885711436291018,,,
2006-12-12T00:00:00,EURJPY,10,0.61535003067130845,0.80176725912641744,success,11,15.539058627332308,15.069201116036998,false,false,8.0176725912641746,15.798376103797651,,,
2006-12-13T00:00:00,EURJPY,10,0.62910519963980049,0.70104816137039516,success,11,15.205560192042279,14.677180165713468,false,false,7.0104816137039521,17.311551126360868,,,
2006-12-14T00:00:00,EURJPY,10,0.63319590497289147,0.60110385969805746,success,11,15.214723985088112,14.668772028811992,false,false,6.0110385969805744,17.152326467397842,,,
2006-12-15T00:00:00,EURJPY,10,0.621537046419677,0.33976664572159854,success,11,14.942244179635171,14.44616685353701,false,false,3.3976664572159856,1.9115064438786837,,,
2006-12-18T00:00:00,EURJPY,10,0.88596966486853568,0.59279838655571582,success,11,14.834676324677941,12.784458123597588,false,false,5.9279838655571577,16.775383679096539,,,
2006-12-19T00:00:00,EURJPY,10,0.68962316710290894,0.59506707908177603,success,11,14.991077157447162,14.192718992913653,false,false,5.9506707908177603,1.3869791770855999,,,
2006-12-20T00:00:00,EURJPY,10,0.58758303079663909,0.48659210070711334,success,11,15.2430944275835,14.889111761269737,false,false,4.8659210070711332,2.1550278545375701,,,
2006-12-21T00:00:00,EURJPY,10,0.66683572575501293,0.29173223778237589,success,11,15.226066173830977,14.532158130863744,false,false,2.9173223778237589,15.660209501625742,,,
2006-12-22T00:00:00,EURJPY,10,0.64264855244431862,0.59881360565511499,success,11,15.128571219867029,14.541692964256729,false,false,5.9881360565511503,16.573836271582902,,,
2006-12-26T00:00:00,EURJPY,10,0.84754655298390025,0.098114981777597754,success,11,15.195304836086487,13.479818352542233,false,false,0.98114981777597754,86.985397016630216,,,
2006-12-27T00:00:00,EURJPY,10,0.90281631410541507,0.58750093962709038,success,11,15.30991452371816,13.080998265162684,false,false,5.8750093962709036,18.870855733183202,,,
2006-12-28T00:00:00,EURJPY,10,0.7160508641613641,0.65642940257601123,success,11,15.605799851246848,14.680843770439166,false,false,6.5642940257601126,1.3583449173636368,,,
2006-12-29T00:00:00,EURJPY,10,0.65996818030890403,0.57496273719367019,success,11,15.37062127061796,14.707468848970823,false,false,5.7496273719367021,1.1844352505899343,,,
2007-01-02T00:00:00,EURJPY,10,0.73830046326254306,0.2939385658689822,success,11,15.461015207601845,14.423861373394905,false,false,2.9393856586898219,16.75095010036571,,,
2007-01-03T00:00:00,EURJPY,10,0.66965079853155618,0.47567319694512361,success,11,15.608323891299969,14.901717792250585,false,false,4.756731969451236,1.0029884616806053,,,
2007-01-04T00:00:00,EURJPY,10,0.87361810679644092,0.69520366041051973,success,11,14.175925837201891,12.242590727261424,false,false,6.9520366041051975,1.5702418117412691,,,
2007-01-05T00:00:00,EURJPY,10,0.99177008925349253,0.39988342101569657,success,11,12.085127889529407,7.2934117437059385,false,false,3.9988342101569656,2598.9501501477885,,,
2007-01-08T00:00:00,EURJPY,10,0.99215228372819342,0.30074269896778821,success,11,14.335279787479381,9.4956257488331453,false,false,3.007426989677882,1.1679420499893114,,,
2007-01-09T00:00:00,EURJPY,10,0.81588102584985966,0.59802138213833356,success,11,14.200341029362457,12.711654633979247,false,false,5.9802138213833356,16.264717066681296,,,
2007-01-10T00:00:00,EURJPY,10,0.71256800947632282,0.49727110102929784,success,11,14.33515958155413,13.427270499623649,false,false,4.9727110102929784,15.514486720821022,,,
2007-01-11T00:00:00,EURJPY,10,0.72876370311150585,0.39553695852461257,success,11,14.628088866280953,13.639729710404636,false,false,3.9553695852461255,14.702291264328766,,,
2007-01-12T00:00:00,EURJPY,10,0.85030517238624381,0.69554753373556955,success,11,14.398151949227033,12.661155376990791,false,false,6.9554753373556952,15.368520337433205,,,
2007-01-15T00:00:00,EURJPY,10,0.86941411952425263,0.59564756941237085,success,11,14.654015682366721,12.75822722165991,false,false,5.9564756941237089,15.323988619765945,,,
2007-01-16T00:00:00,EURJPY,10,0.90494269255027948,0.84615950036277376,success,11,15.035793483954418,12.782401811447851,false,false,8.4615950036277372,1.3093000257055449,,,
2007-01-17T00:00:00,EURJPY,10,0.94386179495153855,0.37829095811391739,success,11,14.806384739947882,11.98422158582196,false,false,3.7829095811391737,0.40294015720412357,,,
2007-01-18T00:00:00,EURJPY,10,0.85317065660681457,0.37067997188995072,success,11,14.88638129829212,13.126692687529269,false,false,3.7067997188995072,0.6198964683192455,,,
2007-01-19T00:00:00,EURJPY,10,0.96086934105070387,0.041092689842433465,success,11,15.608323885836986,12.407391723638952,false,false,0.41092689842433466,3.858430808235517,,,
2007-01-22T00:00:00,EURJPY,10,0.62668908381922706,0.46384149400712438,success,11,15.608323896378653,15.090284985684457,false,false,4.638414940071244,1.4675829000536467,,,
2007-01-23T00:00:00,EURJPY,10,0.6336752624009373,0.39005891819909361,success,11,15.60832388690193,15.060307469318566,false,false,3.9005891819909362,1.1602328139727256,,,
2007-01-24T00:00:00,EURJPY,10,0.97331760741995932,0.90296738847407954,success,11,15.608323901498537,12.011617345734917,false,false,9.0296738847407951,8.7779942135134092,,,
2007-01-25T00:00:00,EURJPY,10,0.96926492673527576,0.41127816277597268,success,11,15.608323896202547,12.157190373587365,false,false,4.1127816277597269,22.520462493763304,,,
2007-01-26T00:00:00,EURJPY,10,0.98979764709036488,0.33702771430554185,success,11,15.608323927533712,11.033441773278881,false,false,3.3702771430554184,26.096285343999817,,,
2007-01-29T00:00:00,EURJPY,10,0.96295116261652391,0.23925635096554781,success,11,15.60832390465575,12.35055817952394,false,false,2.3925635096554783,15.46899470619773,,,
2007-01-30T00:00:00,EURJPY,10,0.89383041664764262,0.13433153441403559,success,11,15.608323897091175,13.477845489135326,false,false,1.3433153441403558,21.177456849305262,,,
2007-01-31T00:00:00,EURJPY,10,0.78394074750076803,0.59597683985075445,success,11,15.608323907577345,14.319543154442599,false,false,5.9597683985075447,34.470890306686755,,,
2007-02-01T00:00:00,EURJPY,10,0.77516992419568942,0.68525440969330431,success,11,15.608323891379882,14.370586527268795,false,false,6.8525440969330429,1.1144334680382755,,,
2007-02-02T00:00:00,EURJPY,10,0.91917236830038673,0.66147139957673617,success,11,15.608323903931923,13.177169121991739,false,false,6.614713995767362,19.567690651207126,,,
2007-02-05T00:00:00,EURJPY,10,0.71883731993894717,0.29587365778922992,success,11,15.608323923477103,14.669622284552506,false,false,2.9587365778922994,24.499382401809907,,,
2007-02-06T00:00:00,EURJPY,10,0.78822853731096232,0.1963552398046447,success,11,15.608323949246813,14.29404356649059,false,false,1.9635523980464469,38.108677934198745,,,
2007-02-07T00:00:00,EURJPY,10,0.72883086695045562,0.66159502290209482,success,11,15.374720562659331,14.386021597894807,false,false,6.6159502290209478,1.1927251047586889,,,
2007-02-08T00:00:00,EURJPY,10,0.94675042712888091,0.6077618739784646,success,11,14.786734567204553,11.908688832627709,false,false,6.0776187397846462,16.370862037242386,,,
2007-02-09T00:00:00,EURJPY,10,0.89823167749772037,0.50756577997627572,success,11,14.713846713338921,12.536117567395831,false,false,5.075657799762757,14.800304128511904,,,
2007-02-12T00:00:00,EURJPY,10,0.84736416865886022,0.40753939368026304,success,11,14.776900499543123,13.062824843033443,false,false,4.0753939368026302,17.337398147445057,,,
2007-02-13T00:00:00,EURJPY,10,0.79457004490728655,0.49849652826655416,success,11,14.762261789114662,13.409565769477371,false,false,4.9849652826655415,17.632830586594892,,,
2007-02-14T00:00:00,EURJPY,10,0.78963641677806062,0.66554989167694933,success,11,14.72765556973234,13.40492034447395,false,false,6.6554989167694938,2.741066620520221,,,
2007-02-15T00:00:00,EURJPY,10,0.89427488569113611,0.91596549520075254,success,11,15.540058446190086,13.404887704425102,false,false,9.159654952007525,16.525818243096918,,,
2007-02-16T00:00:00,EURJPY,10,0.81301181429812974,0.81021974482751546,success,11,15.608274745560355,14.138574541180015,false,false,8.1021974482751542,16.874994831501319,,,
2007-02-19T00:00:00,EURJPY,10,0.64830260157495567,0.49328698950990024,success,11,15.608323883215533,14.996737460434554,false,false,4.9328698950990022,1.066237495987661,,,
2007-02-20T00:00:00,EURJPY,10,0.93659682186578963,0.60713799233352972,success,11,15.607861684214193,12.915122769224515,false,false,6.0713799233352974,29.026004502134928,,,
2007-02-21T00:00:00,EURJPY,10,0.90771375484406103,0.40047943746506431,success,11,15.606572287291325,13.320538313534692,false,false,4.0047943746506434,38.393473174244377,,,
2007-02-22T00:00:00,EURJPY,10,0.56589540423179385,1.319415789568323e-07,success,11,15.60832391143996,15.343200157628903,false,false,1.3194157895683231e-06,0.73525846588045574,,,
2007-02-23T00:00:00,EURJPY,10,0.65052601057879955,0.96470398003022151,success,11,15.608323946928257,14.986971800905565,false,false,9.6470398003022151,1.7087888843310073,,,
2007-02-26T00:00:00,EURJPY,10,0.8330206073675237,0.80553117302534205,success,11,15.608323886166009,14.001135912960986,false,false,8.0553117302534201,13.148209598812727,,,
2007-02-27T00:00:00,EURJPY,10,0.89044697825813257,0.99828421503749776,success,11,15.601499094559269,13.506184184024907,false,false,9.982842150374978,6.032187928956616,,,
2007-02-28T00:00:00,EURJPY,10,0.79623840323587169,0.80242639213431899,success,11,15.608323886167577,14.245375910747269,false,false,8.0242639213431897,58.551671364803788,,,
2007-03-01T00:00:00,EURJPY,10,0.60945261240821558,0.70028123610503656,success,11,15.557350793959644,15.112338909350294,false,false,7.0028123610503652,733.94830298912723,,,
2007-03-02T00:00:00,EURJPY,10,0.77413564971605275,0.60006225343528263,success,11,15.161914613502903,13.930102096323621,false,false,6.0006225343528268,1261.1495789872608,,,
2007-03-05T00:00:00,EURJPY,10,0.73050805549815534,0.50011488742430088,success,11,14.847203340929466,13.850001581794663,false,false,5.0011488742430092,892.52357490124405,,,
2007-03-06T00:00:00,EURJPY,10,0.88594928637986736,0.8566852173358932,success,11,15.608323898842309,13.558307394516556,false,false,8.5668521733589316,12.502193930546779,,,
2007-03-07T00:00:00,EURJPY,10,0.8041651588889811,0.70241799191531185,success,11,15.60832389729487,14.195790884319178,false,false,7.0241799191531182,56.401945693015058,,,
2007-03-08T00:00:00,EURJPY,10,0.82947430626694807,0.23029192400393955,success,11,15.608324286341029,14.026418133906311,false,false,2.3029192400393956,51.452192591979767,,,
2007-03-09T00:00:00,EURJPY,10,0.95468092585581599,0.11585732723023168,success,11,15.608323949406396,12.560674780456477,false,false,1.1585732723023168,18.29336887240294,,,
2007-03-12T00:00:00,EURJPY,10,0.66291909766629287,0.40153420235874338,success,11,15.608323890546101,14.931993900255103,false,false,4.0153420235874338,52.487124997961097,,,
2007-03-13T00:00:00,EURJPY,10,0.57988184680805821,0.99999228621565517,success,11,15.608323930653183,15.28603554910365,false,false,9.9999228621565521,0.67079925675640095,,,
2007-03-14T00:00:00,EURJPY,10,0.65992109973630164,0.49885154027183243,success,11,15.608323896923473,14.945381265190921,false,false,4.9885154027183241,66.505150761985675,,,
2007-03-15T00:00:00,EURJPY,10,0.75283665378350573,0.39993569965153269,success,11,15.60832392289298,14.494525084637891,false,false,3.9993569965153268,1778.876797675603,,,
2007-03-16T00:00:00,EURJPY,10,0.83649114128815671,0.27296911122534834,success,11,15.608323897295826,13.975975137729776,false,false,2.7296911122534833,22.98054195674052,,,
2007-03-19T00:00:00,EURJPY,10,0.92645046201214265,0.10653731041924955,success,11,15.60832390549727,13.074922494499543,false,false,1.0653731041924954,8.9498745701809881,,,
2007-03-20T00:00:00,EURJPY,10,0.93538043197612752,0.65092664983219151,success,11,15.608323910639982,12.935887860491972,false,false,6.5092664983219146,4.947208884654402,,,
2007-03-21T00:00:00,EURJPY,10,0.92449077554238257,0.59770606057350295,success,11,15.608323891112518,13.103335645153537,false,false,5.97706060573503,89.585482342961967,,,
2007-03-22T00:00:00,EURJPY,10,0.96627692888165739,0.49738723689624864,success,11,15.608323995739314,12.253055732792355,false,false,4.9738723689624864,88.720668472459934,,,
2007-03-23T00:00:00,EURJPY,10,0.94065296064565451,0.39849091617018001,success,11,15.608323891984456,12.8451518541873,false,false,3.9849091617018,132.14696270075632,,,
2007-03-26T00:00:00,EURJPY,10,0.96365718952509372,0.28475439021747423,success,11,15.608324206760331,12.330584986228157,false,false,2.8475439021747424,14.520096572761945,,,
2007-03-27T00:00:00,EURJPY,10,0.98684735895387954,0.11306438980351448,success,11,15.608323914994839,11.290431117504237,false,false,1.1306438980351448,9.804856963618894,,,
2007-03-28T00:00:00,EURJPY,10,0.84463294524540966,0.99999989993286698,success,11,15.608323880769458,13.915212144700993,false,false,9.9999989993286693,3.3365465970714783,,,
2007-03-29T00:00:00,EURJPY,10,0.98003212263317696,0.80302953228268836,success,11,15.608323902306363,11.71486340366476,false,false,8.0302953228268841,84.472539081618407,,,
2007-03-30T00:00:00,EURJPY,10,0.94048657598470431,0.71127322419271266,success,11,15.608324112953898,12.848128638396936,false,false,7.1127322419271266,17.94548216663518,,,
2007-04-02T00:00:00,EURJPY,10,0.87136897961305915,0.60113212546014883,success,11,15.608324027185589,13.695206511256618,false,false,6.011321254601488,143.08332981215375,,,
2007-04-03T00:00:00,EURJPY,10,0.85573354681102476,0.50680840330082622,success,11,15.608323886513688,13.828026795038005,false,false,5.0680840330082626,23.229897702411172,,,
2007-04-04T00:00:00,EURJPY,10,0.76218589731242692,0.40258821928017491,success,11,15.608323890781817,14.443622692444922,false,false,4.025882192801749,48.770911198534293,,,
2007-04-05T00:00:00,EURJPY,10,0.88275605513097055,0.59811454191368785,success,11,15.60832388830538,13.589531757210153,false,false,5.9811454191368787,95.984151992138749,,,
2007-04-06T00:00:00,EURJPY,10,0.94948160688484751,0.49875235870341872,success,11,15.608323894953269,12.674745226329161,false,false,4.987523587034187,172.26137971390537,,,
2007-04-09T00:00:00,EURJPY,10,0.97181657854611603,0.36517196802519003,success,11,15.608323889226853,12.067890721134688,false,false,3.6517196802519005,21.442207368618462,,,
2007-04-10T00:00:00,EURJPY,10,0.9887437162817071,0.29549815832247817,success,11,15.608323895238486,11.132815256846317,false,false,2.9549815832247819,58.886713037408917,,,
2007-04-11T00:00:00,EURJPY,10,0.99745266868873816,0.1106796389649098,success,11,15.608323885405394,9.6381654542602355,false,false,1.106796389649098,9.4744970897472172,,,
2007-04-12T00:00:00,EURJPY,10,0.95174261803394777,0.087227376850212104,success,11,15.608324668935907,12.62657884010388,false,false,0.87227376850212102,6.9252892138012898,,,
2007-04-13T00:00:00,EURJPY,10,0.6661144704700892,0.698591982836404,success,11,15.608323909404952,14.917660584325491,false,false,6.9859198283640396,72.429945290930348,,,
2007-04-16T00:00:00,EURJPY,10,0.79113432418068164,0.59814008091944071,success,11,15.608323993291455,14.27654757020481,false,false,5.9814008091944073,75.420733267807336,,,
2007-04-17T00:00:00,EURJPY,10,0.76848042732619959,0.90416990647125728,success,11,15.60832388965043,14.40857321280671,false,false,9.0416990647125726,40.636303525191011,,,
2007-04-18T00:00:00,EURJPY,10,0.72084064948358262,0.64003888450205615,success,11,15.602356678942837,14.653721346866147,false,false,6.4003888450205615,2.1716037399073116,,,
2007-04-19T00:00:00,EURJPY,10,0.6525635918360061,0.51555477258495386,success,11,15.472441324138908,14.842114381107782,false,false,5.155547725849539,2.3719589749340306,,,
2007-04-20T00:00:00,EURJPY,10,0.67189746249856996,0.40434655806390313,success,11,15.357570959842366,14.640791390393275,false,false,4.0434655806390314,14.718151230381903,,,
2007-04-23T00:00:00,EURJPY,10,0.61315614523428597,0.3016120446163072,success,11,15.230607731016427,14.770009240012893,false,false,3.0161204461630722,15.467412144678699,,,
2007-04-24T00:00:00,EURJPY,10,0.66994064237930717,0.80270062412313636,success,11,15.451733739848949,14.743817134715721,false,false,8.0270062412313639,1.5425500137816761,,,
2007-04-25T00:00:00,EURJPY,10,0.66274940247491976,0.60079634921889746,success,11,15.580877998256867,14.905307321515957,false,false,6.0079634921889742,1.7089791221314041,,,
2007-04-26T00:00:00,EURJPY,10,0.66891995420107353,0.50166517328623828,success,11,15.592460203185588,14.889155976488729,false,false,5.0166517328623828,1.6188440435649254,,,
2007-04-27T00:00:00,EURJPY,10,0.63440414352339736,0.40899215193512645,success,11,15.388900793875173,14.837743098198027,false,false,4.0899215193512646,1.413031807834447,,,
2007-04-30T00:00:00,EURJPY,10,0.62774168111006967,0.70484771443830585,success,11,15.608324574865948,15.085783847734735,false,false,7.0484771443830585,11.544481094014769,,,
2007-05-01T00:00:00,EURJPY,10,0.85333189695243405,0.37171956448520255,success,11,15.569321089747206,13.808344755904363,false,false,3.7171956448520254,3.0716204069312085,,,
2007-05-02T00:00:00,EURJPY,10,0.68256691008959247,0.23605657164115312,success,11,15.608323940288759,14.842730436957824,false,false,2.3605657164115312,18.895503611789355,,,
2007-05-03T00:00:00,EURJPY,10,0.70656782374206584,0.11015707432078396,success,11,15.608323900271008,14.729551229679219,false,false,1.1015707432078397,16.638714449836677,,,
2007-05-04T00:00:00,EURJPY,10,0.90886731442926805,0.91535699715708729,success,11,15.608324413454179,13.308441826396423,false,false,9.1535699715708727,3.1045374394437211,,,
2007-05-07T00:00:00,EURJPY,10,0.89056817616975181,0.58171171628062857,success,11,15.608323958870974,13.51176604157471,false,false,5.8171171628062854,17.587162290089047,,,
2007-05-08T00:00:00,EURJPY,10,0.81395978121547763,0.90057312896085739,success,11,15.546472672989738,14.070524597397222,false,false,9.0057312896085744,141.53880866251717,,,
2007-05-09T00:00:00,EURJPY,10,0.67246606196963166,0.59362591475210702,success,11,15.305435947264119,14.586075979814201,false,false,5.9362591475210706,0.9668481732872185,,,
2007-05-10T00:00:00,EURJPY,10,0.71614448918475249,0.70278467694377211,success,11,15.024900002462333,14.099483399284784,false,false,7.0278467694377209,38.623193052140316,,,
2007-05-11T00:00:00,EURJPY,10,0.85987438127536231,0.92565240494985468,success,11,15.608323885920848,13.794076872528613,false,false,9.2565240494985463,0.73601155030702203,,,
2007-05-14T00:00:00,EURJPY,10,0.98580938931690321,0.57240119073673612,success,11,15.608323901272319,11.367441408885629,false,false,5.7240119073673617,8.5176423696285468,,,
2007-05-15T00:00:00,EURJPY,10,0.99229366457294499,0.4023079206361766,success,11,15.608323898499069,10.750347575481538,false,false,4.023079206361766,137.98467603806347,,,
2007-05-16T00:00:00,EURJPY,10,0.9648158070219246,0.3072385764601841,success,11,15.608323895395904,12.296983604450158,false,false,3.0723857646018411,38.265782043269496,,,
2007-05-17T00:00:00,EURJPY,10,0.97592436803174332,0.21668953897113777,success,11,15.60832390651805,11.906139022197527,false,false,2.1668953897113776,21.469030042643745,,,
2007-05-18T00:00:00,EURJPY,10,0.83894905955708254,0.65922008560822209,success,11,15.608323880739979,13.957894606988045,false,false,6.5922008560822212,2.5276049583921463,,,
2007-05-21T00:00:00,EURJPY,10,0.97501495349770428,0.74622192212677341,success,11,15.608323886579825,11.944148584781855,false,false,7.4622192212677341,1.0025322289223701,,,
2007-05-22T00:00:00,EURJPY,10,0.9843620621519249,0.60940814115093977,success,11,15.60832388633729,11.466029982898361,false,false,6.0940814115093982,0.91116484592245539,,,
2007-05-23T00:00:00,EURJPY,10,0.98548817396557986,0.32690036877667361,success,11,15.608323967759286,11.390150746869036,false,false,3.2690036877667361,0.60082234237280874,,,
2007-05-24T00:00:00,EURJPY,10,0.9704572378384615,0.19362699649344256,success,11,15.608323887267362,12.116395326158134,false,false,1.9362699649344257,13.101473747020851,,,
2007-05-25T00:00:00,EURJPY,10,0.85551613481995126,0.046692532598065481,success,11,15.554629070831302,13.776091959236201,false,false,0.46692532598065478,1.8297773896436076,,,
2007-05-28T00:00:00,EURJPY,10,0.75979448916685,0.70069528779270862,success,11,15.608324549097125,14.456771413443429,false,false,7.0069528779270858,171.11552491028434,,,
2007-05-29T00:00:00,EURJPY,10,0.74211098273568321,0.60012317627976497,success,11,15.608323961679435,14.551354484008488,false,false,6.0012317627976497,911.57470279109316,,,
2007-05-30T00:00:00,EURJPY,10,0.73594371743200904,0.50231214719318262,success,11,15.608323884446293,14.583332511491534,false,false,5.0231214719318267,51.001493417857482,,,
2007-05-31T00:00:00,EURJPY,10,0.74939003341229093,0.40443905758359244,success,11,15.60832405558565,14.512962281309452,false,false,4.0443905758359247,27.473722873032095,,,
2007-06-01T00:00:00,EURJPY,10,0.59548424698371449,0.68770437865055989,success,11,15.608323888550412,15.221639633689072,false,false,6.8770437865055989,2.3312652448040461,,,
2007-06-04T00:00:00,EURJPY,10,0.65277093747808757,0.4996737031890669,success,11,15.608323997682595,14.977082399521676,false,false,4.9967370318906692,239.50150095904553,,,
2007-06-05T00:00:00,EURJPY,10,0.6862726437176313,0.36663418023686989,success,11,15.60832392790474,14.825573255945473,false,false,3.6663418023686987,23.536592116617214,,,
2007-06-06T00:00:00,EURJPY,10,0.62830014201244,0.3642672682430359,success,11,15.608323892808251,15.083392602614039,false,false,3.642672682430359,1.6479824208078542,,,
2007-06-07T00:00:00,EURJPY,10,0.9932659360137478,0.49234892158823512,success,11,15.276054509669775,10.282234893452618,false,false,4.9234892158823511,14.503476688831462,,,
2007-06-08T00:00:00,EURJPY,10,0.82612026434404373,0.76896434529136526,success,11,15.412184602122863,13.853808126573178,false,false,7.6896434529136526,1.9129226298647048,,,
2007-06-11T00:00:00,EURJPY,10,0.85683821379752589,0.64105655452514887,success,11,15.510915853698165,13.72164209774132,false,false,6.4105655452514885,3.1896004492745913,,,
2007-06-12T00:00:00,EURJPY,10,0.78377750500405674,0.53595436917424366,success,11,15.44115148516217,14.153334246679115,false,false,5.3595436917424362,2.6913065126455846,,,
2007-06-13T00:00:00,EURJPY,10,0.90764294708767634,0.49257363934715243,success,11,15.608324094850781,13.32313509894,false,false,4.9257363934715244,10.580395595772702,,,
2007-06-14T00:00:00,EURJPY,10,0.96802093919789545,0.54327250730700782,success,11,15.579388123542191,12.169215743781926,false,false,5.4327250730700785,1.0149924089382409,,,
2007-06-15T00:00:00,EURJPY,10,0.8925727859101561,0.70287369294775659,success,11,15.349820518229928,13.232525995073596,false,false,7.0287369294775655,704.6036475203224,,,
2007-06-18T00:00:00,EURJPY,10,0.90241537642164249,0.60005658537053963,success,11,15.129725128313513,12.905370143944319,false,false,6.0005658537053961,35771.523117318764,,,
2007-06-19T00:00:00,EURJPY,10,0.81677643050777105,0.50009161988454354,success,11,15.33606880497045,13.841410492826219,false,false,5.0009161988454354,22165.94107750952,,,
2007-06-20T00:00:00,EURJPY,10,0.74595041830589692,0.19931942443135875,success,11,15.407387208803192,14.330257525694041,false,false,1.9931942443135875,291.0806192213451,,,
2007-06-21T00:00:00,EURJPY,10,0.62304739421837607,0.094740346247609436,success,11,15.593948947814146,15.09144582317162,false,false,0.94740346247609442,14.320329484917259,,,
2007-06-22T00:00:00,EURJPY,10,0.58783843899180732,0.81737067153807241,success,11,15.607448184071478,15.252411448399435,false,false,8.1737067153807246,1.1225164203994413,,,
2007-06-25T00:00:00,EURJPY,10,0.68354658810945634,0.4987351927059514,success,11,15.608323894367798,14.838205112361539,false,false,4.9873519270595139,70.14139472260554,,,
2007-06-26T00:00:00,EURJPY,10,0.66642068406459276,0.39735687769575917,success,11,15.608323891611597,14.916283428699002,false,false,3.9735687769575918,31.057357306274739,,,
2007-06-27T00:00:00,EURJPY,10,0.624629515824488,0.38467094399334556,success,11,15.152137418928593,14.642892215696047,false,false,3.8467094399334556,1.0671848989421264,,,
2007-06-28T00:00:00,EURJPY,10,0.62556367412131508,0.39375433808107896,success,11,15.189768156627972,14.676536798891119,false,false,3.9375433808107894,1.3343447447847709,,,
2007-06-29T00:00:00,EURJPY,10,0.6851045981898839,0.33247501182416428,success,11,14.960299509057384,14.182968510301492,false,false,3.3247501182416426,1.5681693951473812,,,
2007-07-02T00:00:00,EURJPY,10,0.68599837100931416,0.49504682817610479,success,11,15.54604069450375,14.764563615165898,false,false,4.9504682817610481,17.443412591439465,,,
2007-07-03T00:00:00,EURJPY,10,0.5832040842199373,0.69720608778126769,success,11,15.431081417855792,15.095140925464234,false,false,6.9720608778126767,15.989701297418282,,,
2007-07-04T00:00:00,EURJPY,10,0.60365682625199779,0.59464759930200195,success,11,15.493057177639514,15.072331745977435,false,false,5.9464759930200195,15.642602814947569,,,
2007-07-05T00:00:00,EURJPY,10,0.68451329113728521,0.49136473204049846,success,11,15.502432868770107,14.727841360812658,false,false,4.9136473204049844,14.110690879474722,,,
2007-07-06T00:00:00,EURJPY,10,0.7358120360293624,0.65728475815972376,success,11,15.373527946996235,14.349214081256234,false,false,6.5728475815972374,1.051945968124669,,,
2007-07-09T00:00:00,EURJPY,10,0.72065580360554737,0.60550512974130499,success,11,14.949269338073041,14.00155240258152,false,false,6.0550512974130495,1.6589348625319136,,,
2007-07-10T00:00:00,EURJPY,10,0.67353774480446871,0.6627171708081705,success,11,15.101378718134599,14.377149018818395,false,false,6.627171708081705,1.0656336299421074,,,
2007-07-11T00:00:00,EURJPY,10,0.77960905302138106,0.80249040044019204,success,11,15.608323931337841,14.344934352399644,false,false,8.02490400440192,54.926436065146113,,,
2007-07-12T00:00:00,EURJPY,10,0.76569607711566212,0.54636502534100251,success,11,15.608323893052752,14.424157656583414,false,false,5.4636502534100249,1.5456999214370513,,,
2007-07-13T00:00:00,EURJPY,10,0.72999447286999575,0.41824889845090807,success,11,15.608323890095191,14.613729357033099,false,false,4.1824889845090807,1.1910606593508763,,,
2007-07-16T00:00:00,EURJPY,10,0.97611231149063871,0.3066048534237743,success,11,15.60832388724358,11.898109435285908,false,false,3.0660485342377433,45.32945318505427,,,
2007-07-17T00:00:00,EURJPY,10,0.69435349046492389,1.0253930226967888e-07,success,11,15.608323908066003,14.787771961579629,false,false,1.0253930226967888e-06,0.60402703231857857,,,
2007-07-18T00:00:00,EURJPY,10,0.69390389616456649,0.79426557196145742,success,11,15.608323887523211,14.789889532220457,false,false,7.9426557196145744,31.24711002742389,,,
2007-07-19T00:00:00,EURJPY,10,0.96585202717754803,0.88803473412196143,success,11,15.608323891975775,12.266016473744781,false,false,8.8803473412196148,3.0594401959106245,,,
2007-07-20T00:00:00,EURJPY,10,0.72894271997395077,0.5959653234351191,success,11,15.608323891272887,14.619058899730174,false,false,5.9596532343511912,27.904677537436292,,,
2007-07-23T00:00:00,EURJPY,10,0.76468142742551948,0.4409280947224416,success,11,15.608323907504611,14.429804819235631,false,false,4.4092809472244161,2.5108025167853785,,,
2007-07-24T00:00:00,EURJPY,10,0.79224331812044146,0.20100685987193384,success,11,15.608323914028775,14.269822945844499,false,false,2.0100685987193385,14.475635036062373,,,
2007-07-25T00:00:00,EURJPY,10,0.99419080390190051,0.79922106281690464,success,11,14.674711582273796,9.5322246344778545,false,false,7.9922106281690466,55.618336869685322,,,
2007-07-26T00:00:00,EURJPY,10,0.97770841125637264,0.99999990000000005,success,11,14.660304447671173,10.879302391019898,false,false,9.9999990000000007,2.0707903593821584,,,
2007-07-27T00:00:00,EURJPY,10,0.97843042900885868,0.81573359375703236,success,11,15.043269202450693,11.228603088833738,false,false,8.1573359375703234,18.562969572677417,,,
2007-07-30T00:00:00,EURJPY,10,0.99250262911208664,0.71311421813219622,success,11,15.254330872033369,10.368653621303727,false,false,7.1311421813219624,13.926472848043197,,,
2007-07-31T00:00:00,EURJPY,10,0.98714192981889504,0.61456938670284389,success,11,15.608285291748418,11.267443107315543,false,false,6.1456938670284389,25.586361727867576,,,
2007-08-01T00:00:00,EURJPY,10,0.98563571480231305,0.50233301786686846,success,11,15.608323885939427,11.379781988406457,false,false,5.0233301786686848,115.66760318714223,,,
2007-08-02T00:00:00,EURJPY,10,0.96681690157593481,0.40917516528874154,success,11,15.608323876949127,12.236355408977907,false,false,4.0917516528874156,16.713938649554972,,,
2007-08-03T00:00:00,EURJPY,10,0.98144240463945043,0.30793940881281529,success,11,15.608323883414362,11.640179711027098,false,false,3.079394088128153,16.205557772394144,,,
2007-08-06T00:00:00,EURJPY,10,0.54142922109170166,0.60391233461605132,success,11,15.608323898775948,15.442226200206861,false,false,6.0391233461605136,11.395784114323233,,,
2007-08-07T00:00:00,EURJPY,10,0.60295319037553385,0.49692197567746266,success,11,15.608323889684643,15.190538505982444,false,false,4.9692197567746268,28.465821355175489,,,
2007-08-08T00:00:00,EURJPY,10,0.66346149238973751,0.48375960644281701,success,11,15.608323886146271,14.92956564937904,false,false,4.8375960644281699,0.91805132358384822,,,
2007-08-09T00:00:00,EURJPY,10,0.74533684346490914,0.86143247953108992,success,11,15.608323887777463,14.534429349867063,false,false,8.6143247953108997,2.7097265742534025,,,
2007-08-10T00:00:00,EURJPY,10,0.83263472664161786,0.79526876868203455,success,11,15.608323903433892,14.003907550321934,false,false,7.9526876868203455,14.421634058450094,,,
2007-08-13T00:00:00,EURJPY,10,0.74805745248337041,0.68815721415288811,success,11,15.608323883596874,14.520045175912676,false,false,6.8815721415288813,13.755299255312014,,,
2007-08-14T00:00:00,EURJPY,10,0.76514032350507921,0.30023229308926369,success,11,15.608324195789574,14.42725316386378,false,false,3.0023229308926367,582.04648781728042,,,
2007-08-15T00:00:00,EURJPY,10,0.70878022689994324,0.20201129081374666,success,11,15.608323890214539,14.718856604045245,false,false,2.0201129081374667,61.015032546301406,,,
2007-08-16T00:00:00,EURJPY,10,0.62017044373180819,0.8000353188975543,success,11,15.494297374992504,15.004025641450809,false,false,8.0003531889755433,890.05246232947559,,,
2007-08-17T00:00:00,EURJPY,10,0.55109629997221254,0.49489528105262082,success,11,15.608323904932075,15.403222726146939,false,false,4.9489528105262082,17.432863225428328,,,
2007-08-20T00:00:00,EURJPY,10,0.58106219810188886,0.37196885221060044,success,11,15.608324020941714,15.281188681033933,false,false,3.7196885221060043,18.368766212821114,,,
2007-08-21T00:00:00,EURJPY,10,0.61329919463149507,0.29704371566828164,success,11,15.608323890047615,15.147122271869854,false,false,2.9704371566828165,15.413113508132879,,,
2007-08-22T00:00:00,EURJPY,10,0.59688651885141886,0.19680552649921854,success,11,15.60832388142977,15.215814985028558,false,false,1.9680552649921854,22.164576254081588,,,
2007-08-23T00:00:00,EURJPY,10,0.78084018208462225,0.80969613374862348,success,11,15.225024387107871,13.954455116462547,false,false,8.0969613374862348,34.929453109070749,,,
2007-08-24T00:00:00,EURJPY,10,0.74173646322051179,0.42970881467665134,success,11,14.200460396800441,13.14544691155457,false,false,4.2970881467665132,12.991035150459805,,,
2007-08-27T00:00:00,EURJPY,10,0.85796962247562969,0.30813805930869292,success,11,14.554213679272994,12.755685946402131,false,false,3.0813805930869291,15.718383426862962,,,
2007-08-28T00:00:00,EURJPY,10,0.66529458756739102,0.44036367750654232,success,11,14.338443896872933,13.651464744567788,false,false,4.4036367750654231,3.4901978890043241,,,
2007-08-29T00:00:00,EURJPY,10,0.78920907663914419,0.35374169204464623,success,11,15.584189295919694,14.264024778453813,false,false,3.5374169204464625,1.7111015144233683,,,
2007-08-30T00:00:00,EURJPY,10,0.6396582663025393,0.70908779617482998,success,11,15.608323887113878,15.034442653727535,false,false,7.0908779617482995,13.359526576932856,,,
2007-08-31T00:00:00,EURJPY,10,0.98408690556752032,0.16947028754959531,success,11,15.608323894011606,11.4837520017012,false,false,1.6947028754959532,2.7622417775345642,,,
2007-09-03T00:00:00,EURJPY,10,0.80208439239275631,0.093193782529147853,success,11,15.608323975721293,14.208950861597746,false,false,0.93193782529147851,13.028898673938443,,,
2007-09-04T00:00:00,EURJPY,10,0.5000000728504701,1.0100793716387246e-07,success,11,15.608324340208879,15.608324048806999,false,false,1.0100793716387246e-06,0.52002289455258477,,,
2007-09-05T00:00:00,EURJPY,10,0.91328698185242996,0.59870644852719102,success,11,15.608323915539643,13.253877780069335,false,false,5.9870644852719099,14.688159318303864,,,
2007-09-06T00:00:00,EURJPY,10,0.95776527725314886,0.49717866759084178,success,11,15.608324108593404,12.486964070571503,false,false,4.9717866759084179,15.377947118515189,,,
2007-09-07T00:00:00,EURJPY,10,0.92514337871142804,0.3990040796222698,success,11,15.608323908191426,13.093949746400906,false,false,3.990040796222698,193.15934828080216,,,
2007-09-10T00:00:00,EURJPY,10,0.94907765976303682,0.29754052804636383,success,11,15.608324501750591,12.683135604954654,false,false,2.9754052804636384,85.578319887355974,,,
2007-09-11T00:00:00,EURJPY,10,0.94887419948091767,0.1968962786756637,success,11,15.608324614573435,12.687337658202926,false,false,1.9689627867566371,72.347495360664169,,,
2007-09-12T00:00:00,EURJPY,10,0.90454991760817249,0.080559210147517185,success,11,15.608323905641985,13.359489827625671,false,false,0.80559210147517191,6.8041241160904491,,,
2007-09-13T00:00:00,EURJPY,10,0.82693326513209331,0.32983673873844588,success,11,15.608324040268629,14.044277314422052,false,false,3.2983673873844586,5.5629044523499553,,,
2007-09-14T00:00:00,EURJPY,10,0.96759320571008489,0.20191412390014207,success,11,15.608323881454673,12.211880225659831,false,false,2.0191412390014207,175.43747049468442,,,
2007-09-17T00:00:00,EURJPY,10,0.6655866434940706,0.69946108772371818,success,11,15.608323907642671,14.920032907320126,false,false,6.9946108772371813,173.38672208047112,,,
2007-09-18T00:00:00,EURJPY,10,0.72331695674695617,0.99999989987980642,success,11,15.608323908200099,14.647348993883607,false,false,9.9999989987980644,2.3964554944077734,,,
2007-09-19T00:00:00,EURJPY,10,0.66929204703197076,0.57580967106756509,success,11,15.608323881190859,14.903339042259864,false,false,5.7580967106756509,0.9897618053845284,,,
2007-09-20T00:00:00,EURJPY,10,0.6635932658397532,0.45419733796371159,success,11,15.608323897847484,14.928975433714188,false,false,4.541973379637116,1.040523076821426,,,
2007-09-21T00:00:00,EURJPY,10,0.73070991294894505,7.9190314887486609e-06,success,11,15.60832409803851,14.610096742040932,false,false,7.9190314887486615e-05,2.9053666214975062,,,
2007-09-24T00:00:00,EURJPY,10,0.8979994248244253,0.41024742591319319,success,11,15.608323894203343,13.433132918653264,false,false,4.1024742591319319,2.2736216698831426,,,
2007-09-25T00:00:00,EURJPY,10,0.77540144829130242,0.31764427267227724,success,11,15.608323910501591,14.369257611437211,false,false,3.1764427267227724,3.0913888734175612,,,
2007-09-26T00:00:00,EURJPY,10,0.78246059184940164,0.86452144802735442,success,11,15.60832394430687,14.328260406030239,false,false,8.6452144802735447,27.858020684152173,,,
2007-09-27T00:00:00,EURJPY,10,0.91795004267809455,0.7643147863899562,success,11,15.608323894784048,13.193509222773564,false,false,7.6431478638995625,26.415780335053942,,,
2007-09-28T00:00:00,EURJPY,10,0.97651033661640652,0.72402143579110967,success,11,15.608323885321752,11.880899018056155,false,false,7.2402143579110962,1.2440809456442763,,,
2007-10-01T00:00:00,EURJPY,10,0.97080900875805587,0.56932731244001,success,11,15.608323906290478,12.104054295315951,false,false,5.6932731244001005,0.97746692997074935,,,
2007-10-02T00:00:00,EURJPY,10,0.81064564122017091,3.3990055644842895e-07,success,11,15.608323888068933,14.154113043763106,false,false,3.3990055644842897e-06,0.5276145259973043,,,
2007-10-03T00:00:00,EURJPY,10,0.63078910706771496,0.39745542066180539,success,11,15.608323937809219,15.072720357653708,false,false,3.9745542066180541,23.576144674342014,,,
2007-10-04T00:00:00,EURJPY,10,0.70839783215117191,0.29383607348247576,success,11,15.608323890247267,14.720708478978411,false,false,2.9383607348247573,15.996113334546772,,,
2007-10-05T00:00:00,EURJPY,10,0.75604111965353382,0.19277046983967766,success,11,15.608323903697423,14.477227825842284,false,false,1.9277046983967767,17.437423397732218,,,
2007-10-08T00:00:00,EURJPY,10,0.62236325388182656,0.00020406834260100899,success,11,15.608323955659348,15.10873276839917,false,false,0.0020406834260100898,7.2222049820250618,,,
2007-10-09T00:00:00,EURJPY,10,0.6584081170525683,9.9999999999999995e-08,success,11,15.608323918211774,14.952115640241862,false,false,9.9999999999999995e-07,11.13964948636327,,,
2007-10-10T00:00:00,EURJPY,10,0.82428991961318165,0.86564041758030186,success,11,15.608323888397686,14.062636942446925,false,false,8.6564041758030186,25.567906657371136,,,
2007-10-11T00:00:00,EURJPY,10,0.67610948761957024,0.76470662262455424,success,11,15.608323883870657,14.872374390939294,false,false,7.647066226245542,20.749649956698768,,,
2007-10-12T00:00:00,EURJPY,10,0.80496832625021941,0.66573219835935116,success,11,15.608323889874043,14.190682934362144,false,false,6.657321983593512,4.5072809891447623,,,
2007-10-15T00:00:00,EURJPY,10,0.91296024189413483,0.42533358913573577,success,11,15.6083238992994,13.257996570307574,false,false,4.2533358913573576,0.29036534466567138,,,
2007-10-16T00:00:00,EURJPY,10,0.65354178535998686,0.48087133783388702,success,11,15.608323881305173,14.973679628101383,false,false,4.8087133783388705,0.63098366573329179,,,
2007-10-17T00:00:00,EURJPY,10,0.83712876808855952,0.800256335947792,success,11,15.608324365834893,13.971306362717334,false,false,8.0025633594779197,601.32505670334967,,,
2007-10-18T00:00:00,EURJPY,10,0.73971362293379561,0.70083217429156885,success,11,15.608323910638093,14.563843270496465,false,false,7.0083217429156885,132.41369173210802,,,
2007-10-19T00:00:00,EURJPY,10,0.79909509156600989,0.60014791935934886,success,11,15.291630588150227,13.910982339988786,false,false,6.0014791935934886,1183.8886517768185,,,
2007-10-22T00:00:00,EURJPY,10,0.94972906224747278,0.79931169175762773,success,11,14.2027158072479,11.263966192811855,false,false,7.9931169175762777,14.064012820945617,,,
2007-10-23T00:00:00,EURJPY,10,0.93576695405423804,0.42422562833601613,success,11,15.524012091638239,12.845163439496066,false,false,4.2422562833601614,0.95337986312168466,,,
2007-10-24T00:00:00,EURJPY,10,0.72276637135249777,0.60015983919159888,success,11,15.608324378403927,14.650098921715278,false,false,6.001598391915989,565.9141308309529,,,
2007-10-25T00:00:00,EURJPY,10,0.70235344172075731,0.50048329069728403,success,11,15.608323937401233,14.749793918396717,false,false,5.0048329069728403,206.60886938060153,,,
2007-10-26T00:00:00,EURJPY,10,0.72030355758654574,0.11158265318118517,success,11,15.608323901817942,14.662356051733301,false,false,1.1158265318118517,0.62566589154998598,,,
2007-10-29T00:00:00,EURJPY,10,0.69900933599291148,0.0067270853790679539,success,11,15.608323942251912,14.765739091574366,false,false,0.067270853790679541,15.216318647701501,,,
2007-10-30T00:00:00,EURJPY,10,0.82944809303141886,0.40007887751216531,success,11,15.474037667386776,13.89231682601676,false,false,4.0007887751216531,26466.713761938008,,,
2007-10-31T00:00:00,EURJPY,10,0.84545419944026368,0.30161714494676017,success,11,15.391175181662382,13.691791680743064,false,false,3.0161714494676017,7081.8776299800002,,,
2007-11-01T00:00:00,EURJPY,10,0.63541062039179341,0.80706772304077856,success,11,15.608323883077706,15.052824179818771,false,false,8.0706772304077852,9.7060906812414114,,,
2007-11-02T00:00:00,EURJPY,10,0.64633014299263525,0.47738855443593514,success,11,15.608323997952841,15.005377438112552,false,false,4.7738855443593513,0.74647318836060117,,,
2007-11-05T00:00:00,EURJPY,10,0.64381882218466724,0.62366402604828397,success,11,15.608323918210242,15.016346091539001,false,false,6.2366402604828393,2.6750532345916729,,,
2007-11-06T00:00:00,EURJPY,10,0.7833876729904149,0.60064420972973687,success,11,15.608323904531154,14.322805463041124,false,false,6.0064420972973682,17.288465737575372,,,
2007-11-07T00:00:00,EURJPY,10,0.82139668707911984,0.99999836887701365,success,11,15.608323898608134,14.082484948014557,false,false,9.9999836887701363,0.26840530284965547,,,
2007-11-08T00:00:00,EURJPY,10,0.89756186361466161,0.39656576300703084,success,11,15.608323882888527,13.437900904993274,false,false,3.9656576300703086,14.167782026625169,,,
2007-11-09T00:00:00,EURJPY,10,0.73571442681023314,0.99999963047720508,success,11,15.608323899903567,14.584512098660575,false,false,9.9999963047720506,0.17146190221552846,,,
2007-11-12T00:00:00,EURJPY,10,0.66097162699095846,0.99999676434826035,success,11,15.608323886125646,14.940696771635933,false,false,9.9999676434826039,0.42550667907438405,,,
2007-11-13T00:00:00,EURJPY,10,0.81044988380698346,0.99999914149815949,success,11,15.608323901446155,14.155387850812676,false,false,9.9999914149815954,0.33032657106731,,,
2007-11-14T00:00:00,EURJPY,10,0.69959801249542941,0.38089810542972063,success,11,15.608323913493596,14.762939547330545,false,false,3.8089810542972065,1.5805064969971989,,,
2007-11-15T00:00:00,EURJPY,10,0.65503654929323607,0.24192621673945128,success,11,15.608323966946557,14.967071403859332,false,false,2.4192621673945127,2.75773035049346,,,
2007-11-16T00:00:00,EURJPY,10,0.62898972988340629,0.20182057836861406,success,11,15.608324185810444,15.080439001411898,false,false,2.0182057836861405,14.977845602949534,,,
2007-11-19T00:00:00,EURJPY,10,0.76372020130849305,0.048642737296851993,success,11,15.608324345613802,14.435139542626597,false,false,0.4864273729685199,2.9900108109527861,,,
2007-11-20T00:00:00,EURJPY,10,0.62691780179042744,0.59880003403445181,success,11,15.608323899866372,15.089307231351262,false,false,5.9880003403445183,55.24554171806485,,,
2007-11-21T00:00:00,EURJPY,10,0.62384437058566478,0.49756297743696365,success,11,15.608323898891584,15.102425933512199,false,false,4.9756297743696365,28.855151959074981,,,
2007-11-22T00:00:00,EURJPY,10,0.69963528020194587,0.39992682735817564,success,11,15.608323889979491,14.762762187913262,false,false,3.9992682735817562,1347.6380090268701,,,
2007-11-23T00:00:00,EURJPY,10,0.77082255137920186,0.26865903675516523,success,11,15.608323902137979,14.395362297210276,false,false,2.686590367551652,20.294782890879429,,,
2007-11-26T00:00:00,EURJPY,10,0.96612625543759867,0.72771918231582566,success,11,15.608323921470705,12.257669614212393,false,false,7.2771918231582564,4.630660230024862,,,
2007-11-27T00:00:00,EURJPY,10,0.73882412674621201,0.66437780766832799,success,11,15.608323891570205,14.568458011386568,false,false,6.6437780766832795,22.879508553239706,,,
2007-11-28T00:00:00,EURJPY,10,0.66639246990453282,0.59612140611937414,success,11,15.608324257545302,14.916410708878038,false,false,5.9612140611937416,20.055206693808145,,,
2007-11-29T00:00:00,EURJPY,10,0.69438223565647406,0.48554000809351933,success,11,15.608323889439975,14.787636493712283,false,false,4.8554000809351932,6.021218471247626,,,
2007-11-30T00:00:00,EURJPY,10,0.72891450809165526,0.36673719340324867,success,11,15.608323883061434,14.619201670207243,false,false,3.6673719340324866,16.684815537352367,,,
2007-12-03T00:00:00,EURJPY,10,0.7660002232393629,0.29617318725068403,success,11,15.608324045507313,14.42246174567444,false,false,2.9617318725068404,31.273337906315824,,,
2007-12-04T00:00:00,EURJPY,10,0.98220845627247455,0.91255380792600038,success,11,15.608323884561326,11.597243594399773,false,false,9.1255380792600036,5.0621064613874651,,,
2007-12-05T00:00:00,EURJPY,10,0.98987202666844676,0.82225275571599465,success,11,15.608323937851866,11.02604950132814,false,false,8.2225275571599461,2.1022433137024099,,,
2007-12-06T00:00:00,EURJPY,10,0.80749804123930247,0.75237707218745931,success,11,15.60832391402734,14.174489613699629,false,false,7.5237707218745928,3.7131057885594503,,,
2007-12-07T00:00:00,EURJPY,10,0.8394947650111152,0.654403176662535,success,11,15.608323937487043,13.953850255621658,false,false,6.5440317666253502,3.7225386449198958,,,
2007-12-10T00:00:00,EURJPY,10,0.91601485259728588,0.53135249011974572,success,11,15.608323885566534,13.218931272973055,false,false,5.3135249011974572,8.7663894515078713,,,
2007-12-11T00:00:00,EURJPY,10,0.81135904619105903,0.91256076182318679,success,11,15.608323899658593,14.149458716196047,false,false,9.1256076182318679,14.62899862129461,,,
2007-12-12T00:00:00,EURJPY,10,0.94755739732831523,0.80791176504967466,success,11,15.608323942803967,12.714155719111208,false,false,8.0791176504967464,27.671874666829705,,,
2007-12-13T00:00:00,EURJPY,10,0.95309223336817139,0.70246059219920176,success,11,15.608323898475943,12.596795478944498,false,false,7.0246059219920172,87.357712480800615,,,
2007-12-14T00:00:00,EURJPY,10,0.96023095678384185,0.6283589685897556,success,11,15.608323899022809,12.424238864513544,false,false,6.2835896858975557,22.676900330651716,,,
2007-12-17T00:00:00,EURJPY,10,0.91180529511627917,0.3453925758876682,success,11,15.608323890715567,13.272444341509591,false,false,3.4539257588766819,1.2314056821632269,,,
2007-12-18T00:00:00,EURJPY,10,0.99594951638871643,0.16109073229243737,success,11,15.608323898389516,10.103463612629334,false,false,1.6109073229243736,2.8690925786463639,,,
2007-12-19T00:00:00,EURJPY,10,0.76982962058124127,0.77045221080709525,success,11,15.608324064460783,14.40097466083234,false,false,7.7045221080709521,1.3997828788727638,,,
2007-12-20T00:00:00,EURJPY,10,0.86744944525017909,0.49700142960147875,success,11,15.608323911942398,13.729730796126239,false,false,4.9700142960147877,16.835367920427831,,,
2007-12-21T00:00:00,EURJPY,10,0.7108421367127532,0.39092784346430454,success,11,15.608323908674301,14.708846312189291,false,false,3.9092784346430456,22.564958634639684,,,
2007-12-24T00:00:00,EURJPY,10,0.79431539463953449,0.2884880343692115,success,11,15.608324186495691,14.257187535260295,false,false,2.8848803436921151,17.439334989656579,,,
2007-12-26T00:00:00,EURJPY,10,0.88868692912256964,0.18853995026282624,success,11,15.608323983288043,13.530925660152318,false,false,1.8853995026282624,15.810662441255781,,,
2007-12-27T00:00:00,EURJPY,10,0.80758545560349715,3.9653688720764167e-06,success,11,15.608323882381807,14.173927135462463,false,false,3.9653688720764164e-05,0.98431038655645786,,,
2007-12-28T00:00:00,EURJPY,10,0.95895360324632128,0.23873600549716709,success,11,15.526554412667412,12.375414774336615,false,false,2.3873600549716709,1.582365534226774,,,
2007-12-31T00:00:00,EURJPY,10,0.75178989970552978,0.74046883581774137,success,11,15.176111660946725,14.067930330841101,false,false,7.4046883581774132,0.72664123698103789,,,
2008-01-02T00:00:00,EURJPY,10,0.74361631451142474,0.5751429513550077,success,11,14.655346151898136,13.590496050271497,false,false,5.751429513550077,2.0396126816731668,,,
2008-01-03T00:00:00,EURJPY,10,0.71289113340907584,0.4693310295711372,success,11,14.452250112442405,13.542782861686376,false,false,4.6933102957113721,2.0504737260834918,,,
2008-01-04T00:00:00,EURJPY,10,0.59719999040893956,0.3508990167717061,success,11,14.658114514088419,14.264302649138813,false,false,3.508990167717061,2.101230533408033,,,
2008-01-07T00:00:00,EURJPY,10,0.61056664898925006,0.22561103028594015,success,11,14.99969860169918,14.550003879401251,false,false,2.2561103028594016,1.8367016752200431,,,
2008-01-08T00:00:00,EURJPY,10,0.79460891561295266,0.096985558140588818,success,11,14.186944070193098,12.834009897074973,false,false,0.96985558140588812,1.2021822484172211,,,
2008-01-09T00:00:00,EURJPY,10,0.69729555777789454,0.50901154438759066,success,11,14.849778447099538,14.015325974745823,false,false,5.0901154438759066,11.394577209083151,,,
2008-01-10T00:00:00,EURJPY,10,0.72127138176073102,0.69777940965629559,success,11,14.760946391481225,13.810169542640365,false,false,6.9777940965629561,123.34588526074786,,,
2008-01-11T00:00:00,EURJPY,10,0.7613015651195213,0.30792519307520411,success,11,15.380774039613492,14.220945461927926,false,false,3.079251930752041,4.0535094304308679,,,
2008-01-14T00:00:00,EURJPY,10,0.64417703514463298,0.29085756267649898,success,11,15.233472813783445,14.639932543594439,false,false,2.9085756267649896,16202.590633821434,,,
2008-01-15T00:00:00,EURJPY,10,0.77196136838372809,0.92008521117040121,success,11,15.549094359458373,14.329674903154508,false,false,9.2008521117040125,17.43330533142429,,,
2008-01-16T00:00:00,EURJPY,10,0.70780838158284132,0.4322092249611188,success,11,15.608323907615562,14.723560312536563,false,false,4.3220922496111882,21.093716584305437,,,
2008-01-17T00:00:00,EURJPY,10,0.73153231422224196,0.33110684500282395,success,11,15.608323959867123,14.605913120881254,false,false,3.3110684500282392,28.13800843931368,,,
2008-01-18T00:00:00,EURJPY,10,0.63005045546300043,0.23408556848324732,success,11,15.608323901563066,15.075890627571203,false,false,2.3408556848324733,24.391139384115313,,,
2008-01-21T00:00:00,EURJPY,10,0.80274554399003817,0.99763569457334034,success,11,15.608323898366734,14.204780666486005,false,false,9.9763569457334036,8.4731112877042492,,,
2008-01-22T00:00:00,EURJPY,10,0.96408283406470396,0.99999301473669333,success,11,15.608323906985936,12.318362029583762,false,false,9.9999301473669338,1.3386336373171202,,,
2008-01-23T00:00:00,EURJPY,10,0.92068300388412083,0.73844032242166846,success,11,15.608323882554966,13.156660524909059,false,false,7.384403224216685,20.694346976382448,,,
2008-01-24T00:00:00,EURJPY,10,0.83910282830889571,0.2362991597024838,success,11,15.608323882853458,13.956756099127107,false,false,2.3629915970248381,24.775754122234499,,,
2008-01-25T00:00:00,EURJPY,10,0.78176245801891808,0.16381122519306585,success,11,15.60832682492924,14.332360004328207,false,false,1.6381122519306583,0.58300468868591526,,,
2008-01-28T00:00:00,EURJPY,10,0.77682401820185998,0.40163910618979931,success,11,15.608323887579463,14.361070667950653,false,false,4.016391061897993,78.441904515261868,,,
2008-01-29T00:00:00,EURJPY,10,0.67574675661201,0.99999989999999994,success,11,15.608323892330548,14.874030332756892,false,false,9.999998999999999,1.0965709209505066,,,
2008-01-30T00:00:00,EURJPY,10,0.95986276857182684,0.82044815067643118,success,11,15.608323895102803,12.433837938362405,false,false,8.2044815067643118,5.6310932521274975,,,
2008-01-31T00:00:00,EURJPY,10,0.99487789430749518,0.70005470381437318,success,11,15.608323936584272,10.339269548816471,false,false,7.0005470381437318,1.082246649698174,,,
2008-02-01T00:00:00,EURJPY,10,0.99366852171610676,0.60341998305707722,success,11,15.608324106271068,10.552454179440709,false,false,6.0341998305707722,2.1399062911444839,,,
2008-02-04T00:00:00,EURJPY,10,0.99833097779538127,0.37120354389345095,success,11,15.608323917436143,9.2144770037645536,false,false,3.7120354389345094,0.74967696492048685,,,
2008-02-05T00:00:00,EURJPY,10,0.87670104913990687,6.5743348173609117e-07,success,11,15.608323882993659,13.646769729002427,false,false,6.5743348173609117e-06,0.56253763509698484,,,
2008-02-06T00:00:00,EURJPY,10,0.82394640127179741,0.39805631421617554,success,11,15.608323892823277,14.065006898933921,false,false,3.9805631421617553,71.877367604552944,,,
2008-02-07T00:00:00,EURJPY,10,0.88531207690734459,0.23399856655195292,success,11,15.608324214372857,13.564598729583539,false,false,2.3399856655195292,8.9222596568630088,,,
2008-02-08T00:00:00,EURJPY,10,0.86778711230341099,0.18919402940513738,success,11,15.608323892351567,13.726790879120763,false,false,1.8919402940513739,15.908763753252206,,,
2008-02-11T00:00:00,EURJPY,10,0.8503434487901228,1.0009798062874139e-07,success,11,15.608323933038848,13.871026617982643,false,false,1.000979806287414e-06,9.0357060989245834,,,
2008-02-12T00:00:00,EURJPY,10,0.98571549450779095,0.28683977172589914,success,11,15.6083238862131,11.374131536178872,false,false,2.8683977172589916,1.2370457396005681,,,
2008-02-13T00:00:00,EURJPY,10,0.69390172943366935,0.77024739199102443,success,11,15.523777680754053,14.705353526550939,false,false,7.7024739199102443,1.651124211856529,,,
2008-02-14T00:00:00,EURJPY,10,0.62735788586279839,0.55855073384543696,success,11,15.458004593071264,14.937105903951483,false,false,5.5855073384543701,1.6986823478821347,,,
2008-02-15T00:00:00,EURJPY,10,0.66643744296865393,0.3794979366731776,success,11,15.429579590708128,14.73746373957681,false,false,3.7949793667317762,2.1569803273191934,,,
2008-02-18T00:00:00,EURJPY,10,0.76774279203232254,0.22775112863833485,success,11,15.315444537804456,14.119835179553561,false,false,2.2775112863833487,2.0790365322246025,,,
2008-02-19T00:00:00,EURJPY,10,0.99589432472752526,0.60328954755989284,success,11,14.43456419934251,8.9432932764276192,false,false,6.0328954755989281,16.121213628093855,,,
2008-02-20T00:00:00,EURJPY,10,0.99927547821676876,0.57321609329721279,success,11,15.473423332284575,8.2441493865767654,false,false,5.7321609329721284,12.828764452011706,,,
2008-02-21T00:00:00,EURJPY,10,0.99704275543185383,0.48058548782059252,success,11,15.587406837925085,9.7668711304484344,false,false,4.8058548782059249,17.708270397427182,,,
2008-02-22T00:00:00,EURJPY,10,0.99751385640581136,0.38164441779247177,success,11,15.566232290903161,9.5716990036602532,false,false,3.8164441779247178,16.727775202472642,,,
2008-02-25T00:00:00,EURJPY,10,0.8422987800422469,0.25018438190098702,success,11,15.608323888040031,13.932891320963826,false,false,2.5018438190098702,2.8515694238056892,,,
2008-02-26T00:00:00,EURJPY,10,0.86578583319213542,0.85030168673706119,success,11,15.022859509515612,13.158658721174266,false,false,8.5030168673706115,35.191422969273162,,,
2008-02-27T00:00:00,EURJPY,10,0.74625014339418572,0.51304710109843543,success,11,15.608323910928389,14.529612019324182,false,false,5.1304710109843539,0.86252054568549918,,,
2008-02-28T00:00:00,EURJPY,10,0.99772278809344539,0.76411792774953857,success,11,14.999956934111731,8.9174333105015222,false,false,7.6411792774953859,0.45685173189397715,,,
2008-02-29T00:00:00,EURJPY,10,0.99970529398452468,0.59114691959978249,success,11,13.477943026739498,5.3487055199603866,false,false,5.9114691959978245,19.445313689203637,,,
2008-03-03T00:00:00,EURJPY,10,0.99709569878930804,0.42086256080412154,success,11,14.594900608696543,8.7562466708653535,false,false,4.2086256080412152,19.05616022331591,,,
2008-03-04T00:00:00,EURJPY,10,0.84991869276553433,0.70473721299790815,success,11,14.61428935955357,12.880325865685405,false,false,7.047372129979081,16.019530442595912,,,
2008-03-05T00:00:00,EURJPY,10,0.8692890697262794,0.60325152757225897,success,11,14.720375964258563,12.825688493755953,false,false,6.0325152757225897,21.615677793909253,,,
2008-03-06T00:00:00,EURJPY,10,0.77651339353502835,0.50158671409458644,success,11,15.313954993738861,14.068492588629319,false,false,5.0158671409458648,26.032104939177476,,,
2008-03-07T00:00:00,EURJPY,10,0.53376904915100121,0.71035863010495548,success,11,15.316897942841859,15.181615803695445,false,false,7.103586301049555,0.19356059301316228,,,
2008-03-10T00:00:00,EURJPY,10,0.8863273371994782,0.48229389726829464,success,11,15.34652676977292,13.292763371455965,false,false,4.8229389726829464,13.148417034994759,,,
2008-03-11T00:00:00,EURJPY,10,0.74056274882993867,0.91573035567361638,success,11,15.60832402707398,14.559428525195377,false,false,9.1573035567361636,6.2020756532329813,,,
2008-03-12T00:00:00,EURJPY,10,0.68701922341266242,0.80916684919819504,success,11,15.608323893465254,14.822103391956764,false,false,8.0916684919819506,16.477911377504288,,,
2008-03-13T00:00:00,EURJPY,10,0.58261929255813882,0.70309018584866489,success,11,15.608323979350738,15.27478879357105,false,false,7.0309018584866489,36.426639046593962,,,
2008-03-14T00:00:00,EURJPY,10,0.58964770154126234,0.60153015972036894,success,11,15.608324089474856,15.245814902227055,false,false,6.0153015972036892,42.160976114216822,,,
2008-03-17T00:00:00,EURJPY,10,0.92252147695861608,0.10422342047239605,success,11,15.60832388906705,13.13121400807465,false,false,1.0422342047239606,14.636680820004901,,,
2008-03-18T00:00:00,EURJPY,10,0.85437951577954718,0.99999963616921195,success,11,15.608323889024666,13.838952210277458,false,false,9.9999963616921193,0.22145897232810111,,,
2008-03-19T00:00:00,EURJPY,10,0.79226488250585891,0.6736635800234394,success,11,15.608323911054041,14.269691922105244,false,false,6.736635800234394,1.8880267018818848,,,
2008-03-20T00:00:00,EURJPY,10,0.75005926335274864,0.69994881417238886,success,11,15.608323898741926,14.509395513879298,false,false,6.9994881417238881,16.996373836321631,,,
2008-03-21T00:00:00,EURJPY,10,0.68416423726118125,0.4376700922706579,success,11,15.608323892245258,14.835348230798184,false,false,4.3767009227065792,2.1354200229929376,,,
2008-03-24T00:00:00,EURJPY,10,0.63047629927870674,0.31662253987926908,success,11,15.608323906444971,15.074063223119442,false,false,3.1662253987926907,2.1322694520867524,,,
2008-03-25T00:00:00,EURJPY,10,0.66609591450566008,0.70130206789722216,success,11,15.608324023428597,14.917744130040333,false,false,7.0130206789722216,4.1012665868205262,,,
2008-03-26T00:00:00,EURJPY,10,0.67899213793349289,0.93761348487124019,success,11,15.608323920650987,14.859179987298724,false,false,9.3761348487124021,1.0385352085255923,,,
2008-03-27T00:00:00,EURJPY,10,0.84170027454099638,0.74712722506761564,success,11,15.608323960132891,13.937390210318219,false,false,7.4712722506761562,0.76725127995551967,,,
2008-03-28T00:00:00,EURJPY,10,0.92817870783490053,0.52296773598844581,success,11,15.60832389386128,13.049280586869816,false,false,5.2296773598844579,0.50424927600507508,,,
2008-03-31T00:00:00,EURJPY,10,0.97943848132639277,0.27132515408070318,success,11,15.608323891330981,11.744765765426369,false,false,2.7132515408070317,0.56040863664718299,,,
2008-04-01T00:00:00,EURJPY,10,0.98902123037888079,0.2267598320233995,success,11,15.608323920308026,11.107571495843443,false,false,2.2675983202339949,3.8721538268632965,,,
2008-04-02T00:00:00,EURJPY,10,0.82465419598503753,0.37697870103002257,success,11,12.980554569705959,11.432350474724561,false,false,3.7697870103002256,1.231748598323313,,,
2008-04-03T00:00:00,EURJPY,10,0.81001969365616044,0.20448840966775891,success,11,15.525251368378253,14.075113223818047,false,false,2.0448840966775892,1.0512118854492232,,,
2008-04-04T00:00:00,EURJPY,10,0.83472657746315848,0.41740527280121753,success,11,15.031165890932517,13.411662880544522,false,false,4.1740527280121755,19.668710956731143,,,
2008-04-07T00:00:00,EURJPY,10,0.61829421487000424,0.50101290285867228,success,11,15.427342432091823,14.945028127939333,false,false,5.0101290285867233,16.330794687584579,,,
2008-04-08T00:00:00,EURJPY,10,0.643379324779217,0.40284572794519208,success,11,15.606434550591221,15.016372753115741,false,false,4.0284572794519207,15.958632187164502,,,
2008-04-09T00:00:00,EURJPY,10,0.59263899085331195,0.54778277329565594,success,11,15.592698041267832,15.21781240470099,false,false,5.477827732956559,34.003850017553553,,,
2008-04-10T00:00:00,EURJPY,10,0.59115715782277489,0.84642009199312229,success,11,15.511167381953742,15.142416314660659,false,false,8.4642009199312227,1.6660464546128131,,,
2008-04-11T00:00:00,EURJPY,10,0.77608157701593294,0.34216898572930371,success,11,14.932916402244381,13.689940564983301,false,false,3.4216898572930372,4.5794321478692579,,,
2008-04-14T00:00:00,EURJPY,10,0.69866059343561449,0.5920890198128419,success,11,14.802662791591935,13.961734953507385,false,false,5.9208901981284185,14.567986081591203,,,
2008-04-15T00:00:00,EURJPY,10,0.80571989560093049,0.4648007763752286,success,11,14.904860644206359,13.482425441009894,false,false,4.6480077637522861,3.9623082015405076,,,
2008-04-16T00:00:00,EURJPY,10,0.83493551186602744,0.38726490173086769,success,11,15.461698071998557,13.840679816147579,false,false,3.8726490173086767,1.686212420628681,,,
2008-04-17T00:00:00,EURJPY,10,0.7926325397329308,0.40220409073096164,success,11,15.100956114358526,13.760088769910293,false,false,4.0220409073096164,14.483714403157267,,,
2008-04-18T00:00:00,EURJPY,10,0.79772730779293466,0.59986698129411842,success,11,15.151748954344855,13.779598883295831,false,false,5.9986698129411842,436.35582098521837,,,
2008-04-21T00:00:00,EURJPY,10,0.71554820151126919,0.44851706632261285,success,11,14.237856105435586,13.315370954982425,false,false,4.4851706632261283,2.960619049987208,,,
2008-04-22T00:00:00,EURJPY,10,0.71815935788107832,0.36170748741357162,success,11,13.972386017695257,13.037036338704523,false,false,3.6170748741357164,3.189119206841144,,,
2008-04-23T00:00:00,EURJPY,10,0.71566414641756193,0.25853315594129922,success,11,14.085111510330261,13.162056645163659,false,false,2.5853315594129924,2.8869692175665,,,
2008-04-24T00:00:00,EURJPY,10,0.61435061353367926,0.66471492214869821,success,11,13.194583577351311,12.728946411837704,false,false,6.6471492214869823,0.6414091790991856,,,
2008-04-25T00:00:00,EURJPY,10,0.71119531287019633,0.75520225897224447,success,11,13.674745998202006,12.773549541037315,false,false,7.5520225897224442,2.9865596924745605,,,
2008-04-28T00:00:00,EURJPY,10,0.67974726658266582,0.57513809855130504,success,11,12.669011156266013,11.916400569972692,false,false,5.7513809855130509,1.5850337375527435,,,
2008-04-29T00:00:00,EURJPY,10,0.81020739867125302,0.48755647558108361,success,11,12.678418100210099,11.227059741583911,false,false,4.8755647558108359,1.0930147315704211,,,
2008-04-30T00:00:00,EURJPY,10,0.77413111310950333,0.29625231713404371,success,11,14.115533518127247,12.883746946521192,false,false,2.962523171340437,1.1418035880688884,,,
2008-05-01T00:00:00,EURJPY,10,0.77681552219806072,0.30021741094548293,success,11,15.082135845364192,13.834931630545151,false,false,3.0021741094548293,454.99984382844622,,,
2008-05-02T00:00:00,EURJPY,10,0.72223668622591586,0.60051086667859033,success,11,15.608323884302479,14.652740340624536,false,false,6.0051086667859028,194.45915384602824,,,
2008-05-05T00:00:00,EURJPY,10,0.73815450080466982,0.84971496804190294,success,11,15.608324163722848,14.571925642442597,false,false,8.4971496804190298,0.16056707779520793,,,
2008-05-06T00:00:00,EURJPY,10,0.81627850364968368,0.40114280896767829,success,11,15.608323906284928,14.116989310216608,false,false,4.0114280896767829,127.18662219900843,,,
2008-05-07T00:00:00,EURJPY,10,0.95047635265647379,0.34105641971744222,success,11,15.608323884255409,12.653810881095286,false,false,3.4105641971744221,20.70253119195338,,,
2008-05-08T00:00:00,EURJPY,10,0.9045857945114727,0.23749438803289663,success,11,15.608323887232647,13.359074205786404,false,false,2.3749438803289662,2.867596464929012,,,
2008-05-09T00:00:00,EURJPY,10,0.97905267779607996,0.1051479943936863,success,11,15.608324309787477,11.763749680715573,false,false,1.0514799439368629,10.634920301805124,,,
2008-05-12T00:00:00,EURJPY,10,0.81952812635496208,0.99999990000000005,success,11,15.608323992896359,14.095170214890679,false,false,9.9999990000000007,0.58146694676258859,,,
2008-05-13T00:00:00,EURJPY,10,0.78251213413540077,0.5332808113075449,success,11,15.581564688019848,14.301198318687657,false,false,5.3328081130754486,3.5016928321259639,,,
2008-05-14T00:00:00,EURJPY,10,0.82027105993784255,0.40427361091572322,success,11,15.494043924500993,13.975858905323003,false,false,4.0427361091572322,29.916940117798514,,,
2008-05-15T00:00:00,EURJPY,10,0.71753713335542457,0.30751296259449923,success,11,15.501876028257966,14.569598424598752,false,false,3.0751296259449923,14.264743579878655,,,
2008-05-16T00:00:00,EURJPY,10,0.79397374638498996,0.50495622029283749,success,11,15.39500829997773,14.045961509685814,false,false,5.0495622029283753,15.192864558361377,,,
2008-05-19T00:00:00,EURJPY,10,0.87250050727680317,0.59866869752778651,success,11,15.422780347543133,13.499529498009615,false,false,5.9866869752778653,57.34517968239436,,,
2008-05-20T00:00:00,EURJPY,10,0.89907812126532016,0.72072795171874349,success,11,15.442936414799817,13.255913225822859,false,false,7.2072795171874349,1.1458278071873433,,,
2008-05-21T00:00:00,EURJPY,10,0.95466714659291496,0.64408873194492799,success,11,15.363228568253888,12.315897836529031,false,false,6.4408873194492795,0.88472449108438511,,,
2008-05-22T00:00:00,EURJPY,10,0.91007284094981555,0.45810559472280082,success,11,15.608323922181276,13.293799279621851,false,false,4.5810559472280081,0.71994921899257514,,,
2008-05-23T00:00:00,EURJPY,10,0.85459284083782905,0.19900194091595844,success,11,15.608323990494323,13.837236646119086,false,false,1.9900194091595844,168.40048181053305,,,
2008-05-26T00:00:00,EURJPY,10,0.87647142817341461,1.5163834037783492e-05,success,11,15.608323890588714,13.648892264526289,false,false,0.00015163834037783491,8.300677779586394,,,
2008-05-27T00:00:00,EURJPY,10,0.59752772902111417,0.60308074930971944,success,11,15.608324115739945,15.213149627115111,false,false,6.0308074930971944,16.40910158396003,,,
2008-05-28T00:00:00,EURJPY,10,0.6415258325270492,0.19894267637925361,success,11,15.608324195902885,15.026331343900056,false,false,1.9894267637925362,80.496162689385727,,,
2008-05-29T00:00:00,EURJPY,10,0.66357956989442946,1.3645305484161376e-06,success,11,15.608323901740997,14.929036788516987,false,false,1.3645305484161376e-05,8.3413656370343112,,,
2008-05-30T00:00:00,EURJPY,10,0.97623814208482262,0.59713667071287468,success,11,15.608324005685388,11.892699137517841,false,false,5.9713667071287473,93.194551805913122,,,
2008-06-02T00:00:00,EURJPY,10,0.9530083096957126,0.99996103572067929,success,11,15.608323917177778,12.598671078091073,false,false,9.9996103572067927,7.360152008415862,,,
2008-06-03T00:00:00,EURJPY,10,0.89182101253731572,0.80064345112725266,success,11,15.608323885300528,13.498845578099139,false,false,8.006434511272527,291.10494152668019,,,
2008-06-04T00:00:00,EURJPY,10,0.7846746709352419,0.70336150726253466,success,11,15.608324909965885,14.315205752911474,false,false,7.0336150726253468,39.607148048725797,,,
2008-06-05T00:00:00,EURJPY,10,0.96959599174950695,0.61050592157675299,success,11,15.608323881861123,12.146018850542179,false,false,6.1050592157675299,21.70192676319898,,,
2008-06-06T00:00:00,EURJPY,10,0.97651433359911333,0.50200587898364823,success,11,15.595391078456201,11.867791944375279,false,false,5.0200587898364821,123.91284045645831,,,
2008-06-09T00:00:00,EURJPY,10,0.99840690477232874,0.37615762311030881,success,11,15.591645121899646,9.151163016438808,false,false,3.761576231103088,2.0179053021723465,,,
2008-06-10T00:00:00,EURJPY,10,0.99325024909874593,0.27216384877891087,success,11,15.602806389661524,10.611329344860817,false,false,2.7216384877891087,2.1163230688605816,,,
2008-06-11T00:00:00,EURJPY,10,0.98607425678304461,0.24762708748141499,success,11,15.602972750982113,11.342980245316669,false,false,2.47627087481415,33.045041143478038,,,
2008-06-12T00:00:00,EURJPY,10,0.95136798835382863,0.74533232981095499,success,11,15.603037882972457,12.629418936346985,false,false,7.4533232981095496,1.4586102823504783,,,
2008-06-13T00:00:00,EURJPY,10,0.98201760600161203,0.47492651679990905,success,11,15.606585351895768,11.606369283016054,false,false,4.7492651679990905,24.413612274319771,,,
2008-06-16T00:00:00,EURJPY,10,0.98494180065252546,0.39969870934922092,success,11,15.60832389261547,11.427663988803477,false,false,3.9969870934922089,764.9164495421652,,,
2008-06-17T00:00:00,EURJPY,10,0.94825977373499726,0.29774612908870784,success,11,15.608323897563819,12.699930959782964,false,false,2.9774612908870783,91.634133278563766,,,
2008-06-18T00:00:00,EURJPY,10,0.97248641983452289,0.17061588468790337,success,11,15.608323897895847,12.043147493661838,false,false,1.7061588468790336,25.228535066854622,,,
2008-06-19T00:00:00,EURJPY,10,0.98979341299672841,0.00023615642420956833,success,11,15.608323879599533,11.0338609284825,false,false,0.0023615642420956834,9.9934061849229732,,,
2008-06-20T00:00:00,EURJPY,10,0.49999996054559404,1.0004544749015973e-07,success,11,15.608323890034004,15.608324047851628,false,false,1.0004544749015973e-06,1.3229279809997179,,,
2008-06-23T00:00:00,EURJPY,10,0.85245364344383778,0.59735327291403784,success,11,15.608323884740114,13.854347462393322,false,false,5.9735327291403788,62.753772450509494,,,
2008-06-24T00:00:00,EURJPY,10,0.80949276898613265,0.49762413548644968,success,11,15.608323910599273,14.161606222137511,false,false,4.9762413548644968,58.313753091863809,,,
2008-06-25T00:00:00,EURJPY,10,0.68399114513332637,0.99999982761396677,success,11,15.608323971059511,14.836149234156558,false,false,9.9999982761396673,8.534105959140085,,,
2008-06-26T00:00:00,EURJPY,10,0.79731542117281218,0.8010593186610635,success,11,15.608323903421033,14.238724514118788,false,false,8.0105931866106346,147.00285675095668,,,
2008-06-27T00:00:00,EURJPY,10,0.80338589687596096,0.7013348054214068,success,11,15.608323893296289,14.200731666081875,false,false,7.0133480542140685,11.319834748530464,,,
2008-06-30T00:00:00,EURJPY,10,0.79986457992653914,0.60129322338865043,success,11,15.39695110601496,14.011502905553815,false,false,6.0129322338865041,15.656350383429984,,,
2008-07-01T00:00:00,EURJPY,10,0.99960184566022159,0.27055951888067414,success,11,15.472599142535776,7.644326536697605,false,false,2.7055951888067415,2.2722307215311854,,,
2008-07-02T00:00:00,EURJPY,10,0.96942002855872678,0.21388618322257602,success,11,15.276975180224763,11.820622462846732,false,false,2.1388618322257602,1.2140222795497577,,,
2008-07-03T00:00:00,EURJPY,10,0.5753377152431226,0.75668496949881492,success,11,15.570541524153374,15.266878553851553,false,false,7.5668496949881492,2.6479763773048521,,,
2008-07-04T00:00:00,EURJPY,10,0.61994663738355038,0.63284044757322344,success,11,15.582458033228455,15.09313629842903,false,false,6.3284044757322349,3.2055876371015675,,,
2008-07-07T00:00:00,EURJPY,10,0.63820193757796462,0.54023538783628067,success,11,15.550644823795809,14.983076291514704,false,false,5.4023538783628062,2.5798749507570706,,,
2008-07-08T00:00:00,EURJPY,10,0.72022135368641893,0.42336620068359004,success,11,15.573568726557054,14.628008867760665,false,false,4.2336620068359005,2.5500072053636162,,,
2008-07-09T00:00:00,EURJPY,10,0.75544661916386746,1.1070716640160047e-05,success,11,15.608324162156679,14.480448650855429,false,false,0.00011070716640160046,0.15302747398562602,,,
2008-07-10T00:00:00,EURJPY,10,0.62451480170751961,0.59787382214825358,success,11,15.531955385966745,15.023199406754024,false,false,5.9787382214825353,16.131872334910671,,,
2008-07-11T00:00:00,EURJPY,10,0.92358967505587053,0.10012600431782918,success,11,15.608324090144427,13.11617402203715,false,false,1.0012600431782919,1075.6825768745762,,,
2008-07-14T00:00:00,EURJPY,10,0.56165692830974823,0.70270828713033251,success,11,15.608323888517797,15.360434545351488,false,false,7.0270828713033247,16.629412809927814,,,
2008-07-15T00:00:00,EURJPY,10,0.95323972252561395,0.98456388190841315,success,11,15.178523116310355,12.16369076973872,false,false,9.8456388190841313,0.79073671608823937,,,
2008-07-16T00:00:00,EURJPY,10,0.8503651504508809,0.60787805411578177,success,11,15.447705940814703,13.710238084754362,false,false,6.0787805411578173,1.0159063148855403,,,
2008-07-17T00:00:00,EURJPY,10,0.98686328708541393,0.70899582816583195,success,11,15.264728645812797,10.945607952618737,false,false,7.0899582816583191,15.89022390863876,,,
2008-07-18T00:00:00,EURJPY,10,0.98671717535215542,0.60628952064298525,success,11,14.799322281532609,10.491410653774413,false,false,6.062895206429852,15.283362341839473,,,
2008-07-21T00:00:00,EURJPY,10,0.96109441108662097,0.50580126328311237,success,11,14.805973889538874,11.599039157018238,false,false,5.0580126328311241,15.749080585045531,,,
2008-07-22T00:00:00,EURJPY,10,0.93629986467076776,0.4059730286148785,success,11,14.706194459638768,12.018445353283727,false,false,4.0597302861487847,16.528100038844379,,,
2008-07-23T00:00:00,EURJPY,10,0.99962917778083571,0.68208538087604553,success,11,14.723431282126445,6.8240143692830433,false,false,6.8208538087604555,3.0354494042071778,,,
2008-07-24T00:00:00,EURJPY,10,0.9104417330879585,0.59960134695207912,success,11,14.507475738508459,12.188435276205315,false,false,5.9960134695207907,3.4707237609540549,,,
2008-07-25T00:00:00,EURJPY,10,0.89246573887429648,0.5003654958086835,success,11,15.147908545255561,13.031729925091655,false,false,5.0036549580868348,4.3384781223689961,,,
2008-07-28T00:00:00,EURJPY,10,0.95300752916599607,0.40139866764455456,success,11,15.274989413993902,12.265354003738205,false,false,4.0139866764455459,2.8768841363035067,,,
2008-07-29T00:00:00,EURJPY,10,0.98335062693854125,0.29275329738777206,success,11,15.299108107675556,11.22051492219836,false,false,2.9275329738777205,9.1233762338746605,,,
2008-07-30T00:00:00,EURJPY,10,0.85296419329860573,0.1990697536568766,success,11,15.563500330841888,13.805458901726787,false,false,1.990697536568766,15.713250898434085,,,
2008-07-31T00:00:00,EURJPY,10,0.97225835265308358,0.10022547355629033,success,11,15.150824561766509,11.594137796089083,false,false,1.0022547355629032,25.830330095944692,,,
2008-08-01T00:00:00,EURJPY,10,0.7423546660157857,0.74247066839334208,success,11,15.608323894340291,14.550080743537954,false,false,7.4247066839334206,1.7461940621213852,,,
2008-08-04T00:00:00,EURJPY,10,0.65893348341688507,0.99999614626843569,success,11,15.608323909213125,14.949778836994168,false,false,9.9999614626843574,2.2816601103337968,,,
2008-08-05T00:00:00,EURJPY,10,0.76063259121144911,0.80097546173034462,success,11,15.608323914558872,14.452173117437559,false,false,8.0097546173034466,145.60537928469864,,,
2008-08-06T00:00:00,EURJPY,10,0.87812371221248831,0.78240037526753969,success,11,15.608323903153938,13.63354291287631,false,false,7.8240037526753969,1.0936814649350479,,,
2008-08-07T00:00:00,EURJPY,10,0.87593091187689975,0.65481080815740278,success,11,15.608323884421537,13.653875237046629,false,false,6.5481080815740276,1.2326256389252381,,,
2008-08-08T00:00:00,EURJPY,10,0.92200637247562667,0.57759997775261618,success,11,15.608323886501838,13.138398876336982,false,false,5.7759997775261622,1.3165395308568733,,,
2008-08-11T00:00:00,EURJPY,10,0.99560789264744176,0.40421456152339497,success,11,15.608323886597985,10.184779535265967,false,false,4.0421456152339497,81.370223098205642,,,
2008-08-12T00:00:00,EURJPY,10,0.97124251458989119,0.22046711547323516,success,11,15.608323906660967,12.088645807440535,false,false,2.2046711547323516,1.1718243891624385,,,
2008-08-13T00:00:00,EURJPY,10,0.95517151929157029,0.20870147721241583,success,11,15.608323893084366,12.549276634906642,false,false,2.0870147721241583,35.84344802810736,,,
2008-08-14T00:00:00,EURJPY,10,0.69689340260431276,0.7003964831559083,success,11,15.608323882047832,14.775775970649811,false,false,7.0039648315590828,16.950231581453977,,,
2008-08-15T00:00:00,EURJPY,10,0.82124505408754833,0.7920033087110212,success,11,15.608323885590188,14.083518188861149,false,false,7.9200330871102125,0.84464799543497338,,,
2008-08-18T00:00:00,EURJPY,10,0.97382975506393221,0.72839179990602898,success,11,15.608323884212826,11.991710461229861,false,false,7.2839179990602894,0.88569925596526133,,,
2008-08-19T00:00:00,EURJPY,10,0.85321967943080346,0.39637181595765958,success,11,15.608323886594738,13.848243885952552,false,false,3.9637181595765956,15.080532019694481,,,
2008-08-20T00:00:00,EURJPY,10,0.96982317815138341,0.20651422195262797,success,11,15.537159381723296,12.067119758662772,false,false,2.0651422195262796,1.352629965560505,,,
2008-08-21T00:00:00,EURJPY,10,0.89390210567620354,0.30002445632721331,success,11,14.551192873654324,12.419958805233227,false,false,3.0002445632721333,858.84983980009872,,,
2008-08-22T00:00:00,EURJPY,10,0.81649904963603259,0.12290148122193101,success,11,15.009519514939388,13.51671361305447,false,false,1.2290148122193101,1.5864999600364651,,,
2008-08-25T00:00:00,EURJPY,10,0.88061967236252314,0.80253419398806769,success,11,15.6083241632717,13.610012757702714,false,false,8.0253419398806773,70.172218749177432,,,
2008-08-26T00:00:00,EURJPY,10,0.88974431409261145,0.70171398149657738,success,11,15.608323890762229,13.520191842700658,false,false,7.0171398149657733,99.77748131402511,,,
2008-08-27T00:00:00,EURJPY,10,0.90059303525357914,0.63371294462167449,success,11,15.608323908283424,13.404492612976682,false,false,6.3371294462167453,19.881360012933175,,,
2008-08-28T00:00:00,EURJPY,10,0.88683727881505159,0.50015299890285125,success,11,15.608323907481243,13.549489186545468,false,false,5.001529989028513,1123.3967392130564,,,
2008-08-29T00:00:00,EURJPY,10,0.91733606881272545,0.14208893658471483,success,11,15.608323886632911,13.201633360734471,false,false,1.4208893658471484,1.5763587327532671,,,
2008-09-01T00:00:00,EURJPY,10,0.61315102639028163,0.99993149703197126,success,11,15.608324254463831,15.147747344086714,false,false,9.9993149703197126,7.8223501494771961,,,
2008-09-02T00:00:00,EURJPY,10,0.58876363632640394,0.70190576651341186,success,11,15.608323880409275,15.249467217147625,false,false,7.0190576651341186,8.0224468392329893,,,
2008-09-03T00:00:00,EURJPY,10,0.56570268785994893,0.36302101186475483,success,11,15.608324156331253,15.343984853179871,false,false,3.6302101186475482,19.468713700091747,,,
2008-09-04T00:00:00,EURJPY,10,0.98048987670753507,0.98568598917328865,success,11,15.608323902949444,11.69120505605377,false,false,9.8568598917328867,9.9571797745764616,,,
2008-09-05T00:00:00,EURJPY,10,0.9888588462821204,0.80442505828011535,success,11,15.608323896510846,11.122418093228383,false,false,8.044250582801153,61.762995385505533,,,
2008-09-08T00:00:00,EURJPY,10,0.99249805550427339,0.70177301444271678,success,11,15.60832389397596,10.723261093641675,false,false,7.0177301444271674,155.95704021657158,,,
2008-09-09T00:00:00,EURJPY,10,0.97719100267421577,0.63134698904080311,success,11,15.608323888807208,11.850796834387634,false,false,6.3134698904080313,21.792427276504455,,,
2008-09-10T00:00:00,EURJPY,10,0.94720227307950422,0.50919402181577456,success,11,15.608323893052429,12.72127936817456,false,false,5.0919402181577453,22.950960227044661,,,
2008-09-11T00:00:00,EURJPY,10,0.96747824883933675,0.40245569763986949,success,11,15.608323886759946,12.215540075887235,false,false,4.0245569763986948,102.18961681760398,,,
2008-09-12T00:00:00,EURJPY,10,0.7091645183180777,0.99998870110129157,success,11,15.608323905744506,14.716994115621519,false,false,9.9998870110129161,7.5735263169149025,,,
2008-09-15T00:00:00,EURJPY,10,0.78629813331505483,0.80254314208919264,success,11,15.608323891915148,14.305569764290844,false,false,8.0254314208919268,55.231647574528964,,,
2008-09-16T00:00:00,EURJPY,10,0.68491521348288076,0.70253106990023118,success,11,15.60832390351608,14.831870615006164,false,false,7.0253106990023113,35.032183719690096,,,
2008-09-17T00:00:00,EURJPY,10,0.63263000822971482,0.29265199984719736,success,11,15.608323891211592,15.064807637296786,false,false,2.9265199984719739,8.1475019941142168,,,
2008-09-18T00:00:00,EURJPY,10,0.71337032467680039,0.11824393034851508,success,11,15.608323939196456,14.696514316852534,false,false,1.1824393034851508,1.6872214362159528,,,
2008-09-19T00:00:00,EURJPY,10,0.76239624901214298,0.40356155373617791,success,11,15.608323922322025,14.442461864317522,false,false,4.035615537361779,35.00016455507437,,,
2008-09-22T00:00:00,EURJPY,10,0.5380919699921981,0.85785684482564784,success,11,15.6083238790811,15.455660187606005,false,false,8.5785684482564779,37.106230023241174,,,
2008-09-23T00:00:00,EURJPY,10,0.5913946087954699,0.46834553117816452,success,11,15.608323906151307,15.238590291407723,false,false,4.6834553117816453,27.805184092028785,,,
2008-09-24T00:00:00,EURJPY,10,0.67865704117661196,0.36653977751604522,success,11,15.608323885830112,14.860716940208878,false,false,3.6653977751604523,27.657559573430852,,,
2008-09-25T00:00:00,EURJPY,10,0.80414477670313522,0.26865329174441738,success,11,15.608323885292,14.195920291438128,false,false,2.6865329174441737,22.221259600880174,,,
2008-09-26T00:00:00,EURJPY,10,0.9451821596128529,0.60307686733003862,success,11,15.608323885974153,12.760961911044019,false,false,6.0307686733003862,1.4278607940404853,,,
2008-09-29T00:00:00,EURJPY,10,0.77617247196144634,0.90066456987692489,success,11,14.483059550289868,13.23956058828678,false,false,9.0066456987692494,167.83706176846079,,,
2008-09-30T00:00:00,EURJPY,10,0.89783098205820866,0.80749945874783458,success,11,14.929541752640105,12.756188398579054,false,false,8.0749945874783453,15.651357299184124,,,
2008-10-01T00:00:00,EURJPY,10,0.82656975193381388,0.70514175095479048,success,11,15.016819301494866,13.455310483555357,false,false,7.051417509547905,17.015898428213148,,,
2008-10-02T00:00:00,EURJPY,10,0.73642796926738308,0.40559874636414561,success,11,14.879865626899671,13.852380889221013,false,false,4.0559874636414559,1.104657819824447,,,
2008-10-03T00:00:00,EURJPY,10,0.89072850552149097,0.099502184090618825,success,11,15.479836459999911,13.381632346992145,false,false,0.99502184090618828,162.69859545535573,,,
2008-10-06T00:00:00,EURJPY,10,0.96094280197980253,0.98645651866206485,success,11,15.608323899191753,12.405436198866035,false,false,9.8645651866206485,9.4810054782987603,,,
2008-10-07T00:00:00,EURJPY,10,0.96011082656413715,0.83666316469983282,success,11,15.608323904943742,12.427380127423618,false,false,8.3666316469983286,21.346197581666647,,,
2008-10-08T00:00:00,EURJPY,10,0.88920210250371601,0.70210557537771545,success,11,15.608323894665741,13.525707146557222,false,false,7.021055753777155,84.413738345093819,,,
2008-10-09T00:00:00,EURJPY,10,0.85258711796391806,0.60257784393749458,success,11,15.608323919996955,13.853285895925683,false,false,6.0257784393749461,61.494131481104326,,,
2008-10-10T00:00:00,EURJPY,10,0.81846617363181529,0.50906419221403754,success,11,15.608324075196951,14.10233401402146,false,false,5.0906419221403754,19.389431129509841,,,
2008-10-13T00:00:00,EURJPY,10,0.8274731553927378,0.40750557326443654,success,11,15.608323893830569,14.040500072993966,false,false,4.0750557326443655,20.593469231022077,,,
2008-10-14T00:00:00,EURJPY,10,0.54609569113036627,0.47477526082100302,success,11,15.608323895830608,15.423416079371759,false,false,4.7477526082100301,20.930209472207306,,,
2008-10-15T00:00:00,EURJPY,10,0.60125358481342062,0.70101115926553637,success,11,15.608323883199802,15.197632763460904,false,false,7.0101115926553632,41.308861783906124,,,
2008-10-16T00:00:00,EURJPY,10,0.58962800476630628,0.2976352226348396,success,11,15.608323904022276,15.245896120161159,false,false,2.9763522263483959,30.437327122622158,,,
2008-10-17T00:00:00,EURJPY,10,0.70917967778331714,0.19829807834262617,success,11,15.608323904068598,14.716920612450863,false,false,1.9829807834262616,73.77591320648618,,,
2008-10-20T00:00:00,EURJPY,10,0.84274211042067848,0.0057577028751524279,success,11,15.608324361428144,13.929550435593191,false,false,0.057577028751524276,8.5105847608968848,,,
2008-10-21T00:00:00,EURJPY,10,0.6821620469826809,0.32984595855949311,success,11,15.608323996146654,14.844598432173216,false,false,3.298459585594931,21.435553241874366,,,
2008-10-22T00:00:00,EURJPY,10,0.60014554639766693,0.40395845753945558,success,11,15.579254875633962,15.173183287404015,false,false,4.0395845753945556,16.14557712786576,,,
2008-10-23T00:00:00,EURJPY,10,0.63482037389894042,0.73418866854088027,success,11,15.608323909757562,15.055371185463791,false,false,7.3418866854088032,16.515282228189619,,,
2008-10-24T00:00:00,EURJPY,10,0.71864795713376173,0.99963475629320142,success,11,15.608323894967096,14.670558992413735,false,false,9.996347562932014,7.3996321741564355,,,
2008-10-27T00:00:00,EURJPY,10,0.62049008077318035,0.49281414755126302,success,11,15.60832389930591,15.116695014764316,false,false,4.9281414755126303,1.1225032083773923,,,
2008-10-28T00:00:00,EURJPY,10,0.95381561261146264,0.99999969088454976,success,11,15.608324084416546,12.580495515495588,false,false,9.9999969088454979,0.47747775940566339,,,
2008-10-29T00:00:00,EURJPY,10,0.87441770631682103,0.50399888462394649,success,11,15.608323879740301,13.667726963643158,false,false,5.0399888462394653,0.73397910202391425,,,
2008-10-30T00:00:00,EURJPY,10,0.87375146176979568,0.2678184212857333,success,11,15.60832389572797,13.673780418911141,false,false,2.678184212857333,3.0770828708699152,,,
2008-10-31T00:00:00,EURJPY,10,0.97868495232454444,0.16848525270441705,success,11,15.608323891386567,11.781527393163314,false,false,1.6848525270441705,2.7006373909496788,,,
2008-11-03T00:00:00,EURJPY,10,0.80731890300329034,0.05997628338225143,success,11,15.608323916592937,14.175641630481049,false,false,0.59976283382251427,2.9216675964812802,,,
2008-11-04T00:00:00,EURJPY,10,0.87627711880257153,0.59681050162735616,success,11,15.608323953116718,13.650685802136787,false,false,5.9681050162735616,54.980609471754427,,,
2008-11-05T00:00:00,EURJPY,10,0.91920528042416105,0.49712631152536568,success,11,15.608324136532843,13.176726277035383,false,false,4.9712631152536568,66.036763519064976,,,
2008-11-06T00:00:00,EURJPY,10,0.93535279965396179,0.39972153971640845,success,11,15.608323884954471,12.936344900503357,false,false,3.9972153971640845,701.52926126741352,,,
2008-11-07T00:00:00,EURJPY,10,0.97298130326738608,0.29562085118467102,success,11,15.608323891738733,12.024488123224685,false,false,2.9562085118467101,53.051774973355677,,,
2008-11-10T00:00:00,EURJPY,10,0.95219230668780963,0.16689617435646331,success,11,15.608323885216524,12.616743442502102,false,false,1.6689617435646331,24.393822157700274,,,
2008-11-11T00:00:00,EURJPY,10,0.96323315747012439,0.019999682761357922,success,11,15.608324178468584,12.342625101026844,false,false,0.19999682761357923,10.760456989637778,,,
2008-11-12T00:00:00,EURJPY,10,0.59584697402349152,0.83062801273955011,success,11,15.608323889343561,15.220133593652323,false,false,8.3062801273955014,1.7626577873470979,,,
2008-11-13T00:00:00,EURJPY,10,0.884592222274588,0.92389258771171312,success,11,15.608323901753296,13.571668878492002,false,false,9.238925877117131,1.6904505145418753,,,
2008-11-14T00:00:00,EURJPY,10,0.80527387665207395,0.79727025181576172,success,11,15.608323905982507,14.188735542665473,false,false,7.9727025181576172,15.181539069138914,,,
2008-11-17T00:00:00,EURJPY,10,0.68442333577797143,0.68736900856639038,success,11,15.608323885610446,14.834148892721922,false,false,6.8736900856639043,12.684247874683424,,,
2008-11-18T00:00:00,EURJPY,10,0.64150529871642625,0.39999909172696024,success,11,15.608323883910231,15.026420319692711,false,false,3.9999909172696024,1.483101942079353,,,
2008-11-19T00:00:00,EURJPY,10,0.77634615441733579,0.48959957408197469,success,11,15.608324072082263,14.36382510045839,false,false,4.895995740819747,15.337718397817081,,,
2008-11-20T00:00:00,EURJPY,10,0.85956968334885608,0.59458010611710099,success,11,15.608323888853008,13.796603391876165,false,false,5.9458010611710099,14.901931347291665,,,
2008-11-21T00:00:00,EURJPY,10,0.68187878404467461,0.47701291931439449,success,11,15.608323913223787,14.845904499580246,false,false,4.7701291931439451,17.387524456038978,,,
2008-11-24T00:00:00,EURJPY,10,0.6455583264840995,0.51472922720514658,success,11,15.608323885057429,15.008752120986117,false,false,5.147292272051466,1.5411928673900264,,,
2008-11-25T00:00:00,EURJPY,10,0.71898766067296405,0.29568203372757834,success,11,15.6083239972097,14.668878381991446,false,false,2.9568203372757833,27.995015256944086,,,
2008-11-26T00:00:00,EURJPY,10,0.79496413623488282,0.19887650399995174,success,11,15.608323903957823,14.253211811008264,false,false,1.9887650399995174,183.13714730881438,,,
2008-11-27T00:00:00,EURJPY,10,0.85870389380164069,0.05422373089261201,success,11,15.608330032801977,13.803763612931155,false,false,0.5422373089261201,42.04255539425845,,,
2008-11-28T00:00:00,EURJPY,10,0.66785263535950901,0.16175837989493816,success,11,15.269601809622007,14.571113006006303,false,false,1.6175837989493815,1.9690126915707702,,,
2008-12-01T00:00:00,EURJPY,10,0.71300419680886762,0.72825136743429097,success,11,15.091929432345582,14.181909718446455,false,false,7.2825136743429102,1.5363126237001694,,,
2008-12-02T00:00:00,EURJPY,10,0.70176189912745257,0.59039033785794226,success,11,15.4019800722805,14.546278064514121,false,false,5.9039033785794226,1.6620414735847904,,,
2008-12-03T00:00:00,EURJPY,10,0.79607789234269466,0.45104231817769713,success,11,15.22344697305904,13.861488033021361,false,false,4.5104231817769715,1.8772863243802298,,,
2008-12-04T00:00:00,EURJPY,10,0.88748612076828481,0.2492692146269575,success,11,15.484054373528854,13.418738075855998,false,false,2.492692146269575,29.17501399908808,,,
2008-12-05T00:00:00,EURJPY,10,0.80132390837915934,0.25915201789488201,success,11,15.049908858444027,13.655319431432723,false,false,2.5915201789488203,1.6325572105463673,,,
2008-12-08T00:00:00,EURJPY,10,0.85886502284942678,0.58962639730481625,success,11,15.608324070902253,13.80242901138157,false,false,5.8962639730481623,17.359732301118505,,,
2008-12-09T00:00:00,EURJPY,10,0.61359551694624925,0.68772209957311659,success,11,15.608323883271513,15.145872643772377,false,false,6.8772209957311663,1.8013207585233029,,,
2008-12-10T00:00:00,EURJPY,10,0.64631138580872427,0.52148217420652643,success,11,15.608323889693779,15.0054593857821,false,false,5.2148217420652641,1.6523360280445683,,,
2008-12-11T00:00:00,EURJPY,10,0.74684074485622953,0.34585236064498032,success,11,15.601072130972776,14.519238919200067,false,false,3.4585236064498033,2.3853901528125303,,,
2008-12-12T00:00:00,EURJPY,10,0.85840262469711204,0.19528197472231482,success,11,15.600001302802074,13.797915698919471,false,false,1.9528197472231481,15.292705559707827,,,
2008-12-15T00:00:00,EURJPY,10,0.93559422537954651,0.0091706517324848021,success,11,15.608323895979803,12.93234533050261,false,false,0.091706517324848025,9.6249948152484066,,,
2008-12-16T00:00:00,EURJPY,10,0.66035349403681776,0.99999990000000005,success,11,15.608323900464567,14.943454000215297,false,false,9.9999990000000007,126.63815910387493,,,
2008-12-17T00:00:00,EURJPY,10,0.95706835977995774,0.88785457428917969,success,11,15.608323896673234,12.504058164800304,false,false,8.8785457428917969,16.126268951715375,,,
2008-12-18T00:00:00,EURJPY,10,0.66108096500374847,0.39891116502929813,success,11,15.608324342030325,14.940209265056092,false,false,3.9891116502929815,85.766266120016127,,,
2008-12-19T00:00:00,EURJPY,10,0.95182835001701716,0.99999989416139701,success,11,15.608323896292704,12.624709855749233,false,false,9.9999989416139705,7.7158055825849345,,,
2008-12-22T00:00:00,EURJPY,10,0.91013543085490789,0.80771703745788259,success,11,15.608323930888716,13.293034267059943,false,false,8.0771703745788255,16.776523206101121,,,
2008-12-23T00:00:00,EURJPY,10,0.84590838415099434,0.70245186697947026,success,11,15.608324027159501,13.905460300019488,false,false,7.0245186697947029,16.158606218881417,,,
2008-12-24T00:00:00,EURJPY,10,0.87592457590557693,0.60088055738392199,success,11,15.608323891987219,13.653933544838713,false,false,6.0088055738392203,17.852594469369954,,,
2008-12-26T00:00:00,EURJPY,10,0.65599094603076125,0.099407149001059777,success,11,15.608324029491335,14.962845019129929,false,false,0.9940714900105978,0.86852157862832013,,,
2008-12-29T00:00:00,EURJPY,10,0.89827510649519204,0.60123966920099359,success,11,15.608324368553276,13.430120039490571,false,false,6.0123966920099363,17.42566326699394,,,
2008-12-30T00:00:00,EURJPY,10,0.95599963300981805,0.4997047785696041,success,11,15.608323909260697,12.529764354659747,false,false,4.9970477856960409,13.413097926864335,,,
2008-12-31T00:00:00,EURJPY,10,0.9602000485898875,0.40254350904413777,success,11,15.608323899293795,12.425047944031236,false,false,4.0254350904413778,16.665498946252757,,,
2009-01-02T00:00:00,EURJPY,10,0.97425442857476974,0.2999938098397309,success,11,15.608324555058802,11.974914694058402,false,false,2.9999380983973087,20.027268232595958,,,
2009-01-05T00:00:00,EURJPY,10,0.98283980238137536,0.19916219319167477,success,11,15.608323902254382,11.56047037369424,false,false,1.9916219319167476,16.690158230968873,,,
2009-01-06T00:00:00,EURJPY,10,0.97589960350034921,0.067191231087454756,success,11,15.60832399564192,11.907192572414793,false,false,0.6719123108745475,1.6373458294031689,,,
2009-01-07T00:00:00,EURJPY,10,0.82004543457121071,0.10068518814813776,success,11,15.60832399339971,14.091668651406566,false,false,1.0068518814813776,16.168532694929826,,,
2009-01-08T00:00:00,EURJPY,10,0.55725929995700041,0.37766900432716144,success,11,15.608323895797087,15.378277506106862,false,false,3.7766900432716146,0.91872929710051621,,,
2009-01-09T00:00:00,EURJPY,10,0.96101317992698143,0.90004480483542371,success,11,15.528155583460293,12.323391101946761,false,false,9.0004480483542366,864.49655095517426,,,
2009-01-12T00:00:00,EURJPY,10,0.94429755180002495,0.80000813716285246,success,11,14.831715866082734,12.001298645713561,false,false,8.0000813716285251,1480.9083831177252,,,
2009-01-13T00:00:00,EURJPY,10,0.87645386243755463,0.69999181506526664,success,11,14.61743599405345,12.65816659928781,false,false,6.9999181506526664,1668.111681847367,,,
2009-01-14T00:00:00,EURJPY,10,0.85377115077019128,0.60007443868750721,success,11,14.605943708844423,12.841453379306646,false,false,6.0007443868750716,239.7144358435965,,,
2009-01-15T00:00:00,EURJPY,10,0.72094121210255557,0.32672062544699076,success,11,14.520340573343756,13.571205444930477,false,false,3.2672062544699076,3.5120562730603329,,,
2009-01-16T00:00:00,EURJPY,10,0.96823042189274988,0.40465621804528851,success,11,12.293269057422405,8.8763081279249718,false,false,4.0465621804528853,16.831075948816242,,,
2009-01-19T00:00:00,EURJPY,10,0.93055790180558939,0.79333223380912798,success,11,14.886497402082986,12.291206387214732,false,false,7.9333223380912798,2.1358036288743949,,,
2009-01-20T00:00:00,EURJPY,10,0.88630481701641983,0.68126719460505769,success,11,14.274746463916905,12.221206569053994,false,false,6.8126719460505765,2.1302037075392453,,,
2009-01-21T00:00:00,EURJPY,10,0.92531914755633038,0.58200385673946753,success,11,15.308217752628384,12.791302783464301,false,false,5.8200385673946755,2.0400328728153148,,,
2009-01-22T00:00:00,EURJPY,10,0.88144936528573725,0.44520997515441907,success,11,15.431724952393321,13.425497560218062,false,false,4.4520997515441909,3.1699351841055914,,,
2009-01-23T00:00:00,EURJPY,10,0.97554252069040792,0.37418291809075416,success,11,15.475364309086082,11.789306632736618,false,false,3.7418291809075415,4.2693795530245504,,,
2009-01-26T00:00:00,EURJPY,10,0.91278987965326808,0.27589753693790714,success,11,15.608324245857768,13.260138917719976,false,false,2.7589753693790713,3.5885091295407028,,,
2009-01-27T00:00:00,EURJPY,10,0.98993198488378265,0.95902124371096309,success,11,15.608323903468021,11.020051243521156,false,false,9.5902124371096313,24.956945504651486,,,
2009-01-28T00:00:00,EURJPY,10,0.58658263670828092,0.47516078926644595,success,11,15.608323923677588,15.258468015011015,false,false,4.7516078926644596,17.007413508040809,,,
2009-01-29T00:00:00,EURJPY,10,0.5900762435138529,0.51137913288273373,success,11,15.608323957854811,15.244043385625181,false,false,5.1137913288273369,1.7187242154155182,,,
2009-01-30T00:00:00,EURJPY,10,0.59096245748138354,0.2996328953010266,success,11,15.608323914171994,15.240378365333104,false,false,2.9963289530102659,11.702285094011533,,,
2009-02-02T00:00:00,EURJPY,10,0.59812259376769983,0.29816280899023606,success,11,15.608323922234636,15.210675265482658,false,false,2.9816280899023608,2.4826073483045885,,,
2009-02-03T00:00:00,EURJPY,10,0.61835409178631406,0.14346916565866813,success,11,15.608323891247741,15.12575587069708,false,false,1.4346916565866814,1.7011658534207854,,,
2009-02-04T00:00:00,EURJPY,10,0.59019757979867526,0.23324269349098675,success,11,15.608324005766745,15.243541785510711,false,false,2.3324269349098676,25.691438588636235,,,
2009-02-05T00:00:00,EURJPY,10,0.5158507341054952,0.99999989160859681,success,11,15.608323890450412,15.544899701585701,false,false,9.9999989160859677,0.045500185001349044,,,
2009-02-06T00:00:00,EURJPY,10,0.51589782400487039,0.70126283724754912,success,11,15.60832392827715,15.544711189762229,false,false,7.0126283724754916,9.8516886734065263,,,
2009-02-09T00:00:00,EURJPY,10,0.52415861127258345,0.40021287230494662,success,11,15.608323891096852,15.51161414105299,false,false,4.0021287230494664,16.486072380725673,,,
2009-02-10T00:00:00,EURJPY,10,0.60424109101815415,0.40076655759873392,success,11,15.608323891826826,15.185155826367811,false,false,4.007665575987339,66.396236283455266,,,
2009-02-11T00:00:00,EURJPY,10,0.56910136733878303,0.28997176839192262,success,11,15.608324422959067,15.33013872612001,false,false,2.899717683919226,2.6405876894009732,,,
2009-02-12T00:00:00,EURJPY,10,0.68147881827773416,0.48709339142434238,success,11,15.599479064496768,14.838902872297059,false,false,4.870933914243424,16.714889162498956,,,
2009-02-13T00:00:00,EURJPY,10,0.8031488821809063,0.76812382569179516,success,11,15.608323880574707,14.202231472271556,false,false,7.6812382569179514,29.079518461138761,,,
2009-02-16T00:00:00,EURJPY,10,0.77325403468868625,0.6676683280274206,success,11,15.608323890751242,14.381546556649099,false,false,6.6766832802742062,28.104062566203538,,,
2009-02-17T00:00:00,EURJPY,10,0.77919813115434278,0.59704958890186566,success,11,15.608323924056595,14.347324348489048,false,false,5.9704958890186566,43.997074837062883,,,
2009-02-18T00:00:00,EURJPY,10,0.78537906469773422,0.49252564658079756,success,11,15.595903137553282,14.29861003179203,false,false,4.9252564658079754,15.427753728899878,,,
2009-02-19T00:00:00,EURJPY,10,0.73311269706482896,0.39447904419435253,success,11,14.674662750763764,13.664189795905674,false,false,3.9447904419435256,17.023606728667446,,,
2009-02-20T00:00:00,EURJPY,10,0.77882683295676314,0.29239813287607341,success,11,15.315887009550647,14.057044238388496,false,false,2.9239813287607341,15.008102022447376,,,
2009-02-23T00:00:00,EURJPY,10,0.71192669635968986,0.19462558511803288,success,11,15.361490434003812,14.456730456721436,false,false,1.9462558511803287,16.368330392454805,,,
2009-02-24T00:00:00,EURJPY,10,0.93046609072871878,0.91656892748971974,success,11,15.504506035421128,12.910634938760994,false,false,9.165689274897197,14.203852799228203,,,
2009-02-25T00:00:00,EURJPY,10,0.92416165539476913,0.83190153672538059,success,11,15.60832390221027,13.108040924390785,false,false,8.3190153672538063,23.71712837769859,,,
2009-02-26T00:00:00,EURJPY,10,0.82167418478694432,0.7314208942517455,success,11,15.608323977533562,14.080592329580055,false,false,7.314208942517455,24.131150756534897,,,
2009-02-27T00:00:00,EURJPY,10,0.84445803288887644,0.63076530815948062,success,11,15.608324183570701,13.916544723348922,false,false,6.3076530815948058,20.386570708883077,,,
2009-03-02T00:00:00,EURJPY,10,0.894480719148111,0.50025240217438594,success,11,15.60832422444745,13.470974569732157,false,false,5.0025240217438594,672.49011789153315,,,
2009-03-03T00:00:00,EURJPY,10,0.80730322848034075,0.40266830915331153,success,11,15.608324438147019,14.175742914005681,false,false,4.0266830915331155,53.309665545490667,,,
2009-03-04T00:00:00,EURJPY,10,0.52204288315337599,0.63287072396466459,success,11,15.608323888951762,15.520095167565513,false,false,6.3287072396466462,24.575783442913263,,,
2009-03-05T00:00:00,EURJPY,10,0.55725005318078147,0.99673358268645518,success,11,15.6083239114481,15.378315000296034,false,false,9.9673358268645522,8.0756103188050261,,,
2009-03-06T00:00:00,EURJPY,10,0.56712775136202231,0.69954493198268464,success,11,15.60832402743902,15.338182084728556,false,false,6.9954493198268466,25.127858447934631,,,
2009-03-09T00:00:00,EURJPY,10,0.66910853648507884,0.16639295877257587,success,11,15.608323935908416,14.904168068856471,false,false,1.6639295877257587,24.055555574824915,,,
2009-03-10T00:00:00,EURJPY,10,0.81003565370211084,1.0000041696287938e-07,success,11,15.608323891510588,14.158082031384716,false,false,1.0000041696287938e-06,0.1906030783941802,,,
2009-03-11T00:00:00,EURJPY,10,0.87574655339407093,0.70690667861254752,success,11,15.608324147835011,13.655570825245132,false,false,7.0690667861254752,14.408940347741563,,,
2009-03-12T00:00:00,EURJPY,10,0.92204128935340923,0.60237278780988635,success,11,15.608323885921553,13.137913216838013,false,false,6.023727878098863,13.976688340027151,,,
2009-03-13T00:00:00,EURJPY,10,0.94178015826803052,0.50266883909585014,success,11,15.608323894914484,12.824778245075695,false,false,5.0266883909585012,14.343726599133465,,,
2009-03-16T00:00:00,EURJPY,10,0.98457830836966664,0.39888434559790686,success,11,15.60832388848735,11.451885518083667,false,false,3.9888434559790684,16.010012441541043,,,
2009-03-17T00:00:00,EURJPY,10,0.97462800960953144,0.41983380304889695,success,11,15.608323882643827,11.959913838078199,false,false,4.1983380304889693,0.63131458134313845,,,
2009-03-18T00:00:00,EURJPY,10,0.99581888451454159,0.19307512560210091,success,11,15.608323889488592,10.135336564781319,false,false,1.9307512560210092,15.534223116017381,,,
2009-03-19T00:00:00,EURJPY,10,0.97199273157494148,0.089334892062241086,success,11,15.608323937862515,12.061439674331254,false,false,0.89334892062241089,7.6634338506097075,,,
2009-03-20T00:00:00,EURJPY,10,0.68606960419919916,0.80290829047102519,success,11,15.608323895938625,14.826516101424373,false,false,8.0290829047102523,39.048759557385964,,,
2009-03-23T00:00:00,EURJPY,10,0.7700444191478818,0.70231092631216963,success,11,15.608323899101748,14.399761862254726,false,false,7.0231092631216967,56.640646142047636,,,
2009-03-24T00:00:00,EURJPY,10,0.70000694168181621,0.60339888539136977,success,11,15.608323894955181,14.760992978721742,false,false,6.0339888539136979,30.024156818385549,,,
2009-03-25T00:00:00,EURJPY,10,0.65412939147497029,0.26320410747559209,success,11,15.608323984272744,14.97108354740787,false,false,2.6320410747559206,1.13230588460232,,,
2009-03-26T00:00:00,EURJPY,10,0.98656642717050835,0.29748206282908524,success,11,15.608324034665566,11.311850383884277,false,false,2.9748206282908525,4.4329575009009883,,,
2009-03-27T00:00:00,EURJPY,10,0.99275469917507109,0.99999989998962846,success,11,15.608323898909527,10.688193392056428,false,false,9.9999989998962846,2.8150352687177809,,,
2009-03-30T00:00:00,EURJPY,10,0.96199854136710317,0.80434889308748603,success,11,15.489138490716078,12.257750100367865,false,false,8.0434889308748598,15.302653582625263,,,
2009-03-31T00:00:00,EURJPY,10,0.96328165274225852,0.70959002568681018,success,11,15.608324217690937,12.341254929782625,false,false,7.0959002568681013,16.842493703130579,,,
2009-04-01T00:00:00,EURJPY,10,0.89480741814023335,0.60239053134553233,success,11,15.608323886015222,13.467508149332527,false,false,6.0239053134553231,15.641047056606443,,,
2009-04-02T00:00:00,EURJPY,10,0.95024046015973107,0.51360662904303755,success,11,15.608323920492241,12.658811052773626,false,false,5.1360662904303753,19.839401331241003,,,
2009-04-03T00:00:00,EURJPY,10,0.95313601567544637,0.41486085040466164,success,11,15.60832389311993,12.595815731558272,false,false,4.1486085040466163,17.465850431989757,,,
2009-04-06T00:00:00,EURJPY,10,0.88124949330221403,0.89420193427577388,success,11,15.60832388251843,13.604007813202699,false,false,8.9420193427577388,16.187194925288242,,,
2009-04-07T00:00:00,EURJPY,10,0.51348856216702499,0.63399191379948638,success,11,15.608323905657109,15.554356562595217,false,false,6.3399191379948636,24.311578523545737,,,
2009-04-08T00:00:00,EURJPY,10,0.6832568884678466,0.51022682094211302,success,11,15.607328749572131,14.838548914532018,false,false,5.1022682094211298,18.246291922111592,,,
2009-04-09T00:00:00,EURJPY,10,0.87829058848253827,0.59445402029967043,success,11,15.606836033773204,13.630494859268449,false,false,5.9445402029967038,63.248061743510682,,,
2009-04-10T00:00:00,EURJPY,10,0.99444276731192582,0.78578878835866506,success,11,15.463489446561892,10.276407165520125,false,false,7.8578878835866508,3.9302268905110882,,,
2009-04-13T00:00:00,EURJPY,10,0.77352448774131122,0.70549550734022959,success,11,15.608323890204561,14.380003387762962,false,false,7.0549550734022954,13.899090967262273,,,
2009-04-14T00:00:00,EURJPY,10,0.64807828192980788,0.29862438154950421,success,11,15.608323890337749,14.997721154853949,false,false,2.9862438154950421,59.407505502038227,,,
2009-04-15T00:00:00,EURJPY,10,0.71252735421772739,0.19913265078181402,success,11,15.608323905467614,14.700633312782912,false,false,1.9913265078181404,143.54753012765258,,,
2009-04-16T00:00:00,EURJPY,10,0.85475792802217521,0.42538040551657996,success,11,15.589504585009243,13.817088093614339,false,false,4.2538040551657996,1.2844977175481145,,,
2009-04-17T00:00:00,EURJPY,10,0.64679764888076818,0.50237762062646263,success,11,15.608323884111167,15.003331516747343,false,false,5.0237762062646265,30.760072580432023,,,
2009-04-20T00:00:00,EURJPY,10,0.73270255973911513,0.40791043863408244,success,11,15.608323943764075,14.599946155854745,false,false,4.0791043863408243,16.265837632348358,,,
2009-04-21T00:00:00,EURJPY,10,0.60470234968340753,0.80123029493121245,success,11,15.608323895864684,15.1832265691259,false,false,8.0123029493121241,67.35952705905774,,,
2009-04-22T00:00:00,EURJPY,10,0.54306847552207249,0.70043680130194486,success,11,15.608323982883665,15.435622107605489,false,false,7.0043680130194481,197.70872796162186,,,
2009-04-23T00:00:00,EURJPY,10,0.54059755406453025,0.60123750876443016,success,11,15.608323893503197,15.44557539859046,false,false,6.0123750876443012,16.705018443123024,,,
2009-04-24T00:00:00,EURJPY,10,0.56318054212888047,0.26573732673934292,success,11,15.608323904954689,15.354243619331299,false,false,2.6573732673934294,18.247940676766291,,,
2009-04-27T00:00:00,EURJPY,10,0.62516734460853318,0.24347343014213935,success,11,15.608323921836314,15.096784230646065,false,false,2.4347343014213934,1.5119200985154113,,,
2009-04-28T00:00:00,EURJPY,10,0.52597968088132563,0.83142082567749598,success,11,15.608323974719241,15.504311580346126,false,false,8.3142082567749593,17.860348253782664,,,
2009-04-29T00:00:00,EURJPY,10,0.75493183722761825,0.70826789926923728,success,11,15.597301935334341,14.472210859226166,false,false,7.0826789926923732,15.534963006670841,,,
2009-04-30T00:00:00,EURJPY,10,0.61190539843180436,0.44029004307556285,success,11,15.474059872739346,15.018731308280309,false,false,4.4029004307556283,1.6951141911740235,,,
2009-05-01T00:00:00,EURJPY,10,0.61407737984419386,0.29285594545458099,success,11,15.445664085501249,14.981180022941068,false,false,2.9285594545458098,1.5255584390309878,,,
2009-05-04T00:00:00,EURJPY,10,0.61516768450783033,1.0220196131080169e-07,success,11,15.608323828406245,15.139236635262471,false,false,1.0220196131080168e-06,0.13098617819432334,,,
2009-05-05T00:00:00,EURJPY,10,0.68422218491714204,0.69516901320765556,success,11,15.583891778009885,14.810647930841487,false,false,6.9516901320765561,15.894617737037493,,,
2009-05-06T00:00:00,EURJPY,10,0.77645482484075412,0.59204673471287372,success,11,15.395371989964646,14.150247046614997,false,false,5.9204673471287368,16.42338506322141,,,
2009-05-07T00:00:00,EURJPY,10,0.72719370951222861,0.49477287088121258,success,11,15.457462760048157,14.477031852184238,false,false,4.947728708812126,15.922833219028115,,,
2009-05-08T00:00:00,EURJPY,10,0.80246944460392011,0.39138093659016182,success,11,15.325674590905955,13.92387409512749,false,false,3.913809365901618,14.796343286037587,,,
2009-05-11T00:00:00,EURJPY,10,0.74707478460592691,0.27016668809023953,success,11,15.567893045095504,14.484821605416757,false,false,2.7016668809023954,2.6436678365040058,,,
2009-05-12T00:00:00,EURJPY,10,0.60803113910139528,0.36550934010912572,success,11,15.28693682390346,14.84789312777354,false,false,3.6550934010912575,1.158354294053858,,,
2009-05-13T00:00:00,EURJPY,10,0.68002176775496614,0.030235953459362152,success,11,15.08599450067133,14.332122660854919,false,false,0.30235953459362153,1.2478523295390649,,,
2009-05-14T00:00:00,EURJPY,10,0.92412374284986165,0.212218769027885,success,11,15.570284502488212,13.070542336922681,false,false,2.1221876902788499,14.734477636324121,,,
2009-05-15T00:00:00,EURJPY,10,0.64244255200608247,0.30236668061651695,success,11,15.608323899321965,15.02234254268379,false,false,3.0236668061651693,32.213581481754808,,,
2009-05-18T00:00:00,EURJPY,10,0.62485885701020338,0.99998874940808824,success,11,15.608323905210321,15.098100446223613,false,false,9.9998874940808822,0.10896521859046326,,,
2009-05-19T00:00:00,EURJPY,10,0.59593922797638088,0.5000731603179599,success,11,15.608323889366176,15.219750486431705,false,false,5.0007316031795987,588.10334563942422,,,
2009-05-20T00:00:00,EURJPY,10,0.56479464717399075,0.40009997912022122,success,11,15.60832388929482,15.347679675702068,false,false,4.0009997912022124,122.59365630460552,,,
2009-05-21T00:00:00,EURJPY,10,0.56048979385932018,0.29928320383561496,success,11,15.608323890841978,15.365173796507429,false,false,2.9928320383561497,30.709388861513837,,,
2009-05-22T00:00:00,EURJPY,10,0.77822857733231598,0.69854075041111163,success,11,15.608323894594196,14.35295083618716,false,false,6.9854075041111168,97.844361522468148,,,
2009-05-25T00:00:00,EURJPY,10,0.65986175858340834,0.92752949776020654,success,11,15.608323897906134,14.94564566889224,false,false,9.2752949776020657,0.46832121453876591,,,
2009-05-26T00:00:00,EURJPY,10,0.96123266671294805,0.8560029447218469,success,11,15.608323882639448,12.397685360429692,false,false,8.5600294472184686,5.1538836623404825,,,
2009-05-27T00:00:00,EURJPY,10,0.94191593463413947,0.3966785413512543,success,11,15.608323897759108,12.822299232565634,false,false,3.9667854135125431,60.60200276429476,,,
2009-05-28T00:00:00,EURJPY,10,0.69607730596170525,0.26443768187388739,success,11,15.608323916277378,14.779636563467781,false,false,2.6443768187388739,2.3502257961135538,,,
2009-05-29T00:00:00,EURJPY,10,0.77249965884721483,0.12425264928516071,success,11,15.608323905626227,14.385844076438715,false,false,1.2425264928516071,1.9894445175455546,,,
2009-06-01T00:00:00,EURJPY,10,0.805096226083027,0.60910562781764122,success,11,15.60832390368347,14.189868067578185,false,false,6.0910562781764126,14.590540568640577,,,
2009-06-02T00:00:00,EURJPY,10,0.90578555398330607,0.50923606250799769,success,11,15.608323884937025,13.345094826860139,false,false,5.0923606250799773,12.20760881909958,,,
2009-06-03T00:00:00,EURJPY,10,0.87629727598456897,0.48339854658739478,success,11,15.608323903289278,13.650499814073711,false,false,4.8339854658739476,11.587899808976267,,,
2009-06-04T00:00:00,EURJPY,10,0.85040712241738059,0.30808366896347428,success,11,15.608323928909371,13.870526181208641,false,false,3.0808366896347428,3.9500732665214224,,,
2009-06-05T00:00:00,EURJPY,10,0.90197225483243371,0.90218063583910002,success,11,15.608323891612391,13.388990684188265,false,false,9.0218063583910002,15.112174780907809,,,
2009-06-08T00:00:00,EURJPY,10,0.59442699012517664,0.8677247060977068,success,11,15.608323899628898,15.226026906274111,false,false,8.6772470609770682,2.4087136587365721,,,
2009-06-09T00:00:00,EURJPY,10,0.8209590875705095,0.96135600140581323,success,11,15.608323902304171,14.085464967312115,false,false,9.6135600140581321,4.9209266401395455,,,
2009-06-10T00:00:00,EURJPY,10,0.89381248266092517,0.79708962935723859,success,11,15.608323887740102,13.478034448225436,false,false,7.9708962935723857,0.81474212542019897,,,
2009-06-11T00:00:00,EURJPY,10,0.98230650491701943,0.84916815814239521,success,11,15.608323964592316,11.591617644400237,false,false,8.4916815814239524,2.3547205587370876,,,
2009-06-12T00:00:00,EURJPY,10,0.99464783190176498,0.69658690386778754,success,11,15.60832389001208,10.383436884113475,false,false,6.9658690386778757,111.5611722889528,,,
2009-06-15T00:00:00,EURJPY,10,0.91475700758994083,0.99037680048857391,success,11,15.608323893109247,13.235171340894423,false,false,9.9037680048857393,7.4748407547725435,,,
2009-06-16T00:00:00,EURJPY,10,0.80607294578012156,0.70923701041444664,success,11,15.471460437912537,14.046768275230084,false,false,7.0923701041444662,1.194406895300969,,,
2009-06-17T00:00:00,EURJPY,10,0.71652172639940948,0.52264117414413369,success,11,15.448299278449353,14.521026192584461,false,false,5.2264117414413365,1.1373317559384306,,,
2009-06-18T00:00:00,EURJPY,10,0.96012560216869325,0.61918594391392401,success,11,14.901835205052876,11.720505553138583,false,false,6.1918594391392396,18.429610385775174,,,
2009-06-19T00:00:00,EURJPY,10,0.80540162562828843,0.37063678422053459,success,11,15.317633538075603,13.897230287275111,false,false,3.7063678422053457,1.6079559341950556,,,
2009-06-22T00:00:00,EURJPY,10,0.76525801388557679,0.23590738943541173,success,11,15.085047422683372,13.903321352215496,false,false,2.3590738943541174,1.3970651067111202,,,
2009-06-23T00:00:00,EURJPY,10,0.68273251713369809,0.7980771779419964,success,11,15.441223544891979,14.674865604021381,false,false,7.980771779419964,3.672876310612065,,,
2009-06-24T00:00:00,EURJPY,10,0.71550491731922827,0.69444556199818575,success,11,15.567350602329096,14.645078100135043,false,false,6.9444556199818575,7.2333966296266023,,,
2009-06-25T00:00:00,EURJPY,10,0.7695242792225726,0.30000331315820106,success,11,15.607127027889122,14.401500047197777,false,false,3.0000331315820103,1212.5007962902157,,,
2009-06-26T00:00:00,EURJPY,10,0.74411994533836789,0.19897224888124806,success,11,15.608323957363497,14.54083051687585,false,false,1.9897224888124807,17.382152342997369,,,
2009-06-29T00:00:00,EURJPY,10,0.90833629562706009,0.099938661532995618,success,11,15.600892469069519,13.307404281949529,false,false,0.99938661532995621,191.59230759487431,,,
2009-06-30T00:00:00,EURJPY,10,0.52731295177338999,0.99997586647386849,success,11,15.608323904577629,15.498963233766075,false,false,9.9997586647386854,0.077064049274116253,,,
2009-07-01T00:00:00,EURJPY,10,0.52864562226482537,0.99999989180352955,success,11,15.60832406124913,15.493615960527496,false,false,9.9999989180352955,6.0509020698960247,,,
2009-07-02T00:00:00,EURJPY,10,0.89358781849995772,0.99999279227965088,success,11,15.608323942495685,13.480399384908555,false,false,9.999927922796509,1.628713143702494,,,
2009-07-03T00:00:00,EURJPY,10,0.80338664394865611,0.79628494852870535,success,11,15.608323887893274,14.200726931076636,false,false,7.9628494852870535,15.130915038054535,,,
2009-07-06T00:00:00,EURJPY,10,0.68869628823283258,0.68596348084475756,success,11,15.608324040340511,14.814292668148697,false,false,6.8596348084475753,12.795606196858515,,,
2009-07-07T00:00:00,EURJPY,10,0.6813805575923968,0.58235956339333206,success,11,15.608324049779505,14.848200498111126,false,false,5.8235956339333201,17.223774054716671,,,
2009-07-08T00:00:00,EURJPY,10,0.84118261179283005,0.044014795130321333,success,11,15.608323913238014,13.941270180685024,false,false,0.44014795130321333,4.7048383241405842,,,
2009-07-09T00:00:00,EURJPY,10,0.66807848111136303,0.99998327461481318,success,11,15.60832398701292,14.908816885766221,false,false,9.9998327461481313,0.16184623429980624,,,
2009-07-10T00:00:00,EURJPY,10,0.65006690248296395,0.73361480892788111,success,11,15.608323881662903,14.988990583433615,false,false,7.3361480892788116,22.991493267516205,,,
2009-07-13T00:00:00,EURJPY,10,0.60054402752198432,0.63099412917580522,success,11,15.608323894139351,15.200591489772043,false,false,6.3099412917580526,21.877952772950987,,,
2009-07-14T00:00:00,EURJPY,10,0.60824191335175126,0.50002534448434,success,11,15.608323880737284,15.168395717496237,false,false,5.0002534448434002,2427.3008413275747,,,
2009-07-15T00:00:00,EURJPY,10,0.5703487260414799,0.40389579628375499,success,11,15.608323957147975,15.325049872182504,false,false,4.03895796283755,11.242185383046381,,,
2009-07-16T00:00:00,EURJPY,10,0.96228937629992828,0.98095041307381814,success,11,15.608323900618378,12.368950538736302,false,false,9.8095041307381816,19.836326211994454,,,
2009-07-17T00:00:00,EURJPY,10,0.91961268879173341,0.87965866210270727,success,11,15.608324062073326,13.171227814052569,false,false,8.7965866210270729,64.872390008217508,,,
2009-07-20T00:00:00,EURJPY,10,0.78396140643347501,0.76318234147253383,success,11,15.608323895072157,14.319421168064306,false,false,7.6318234147253383,23.264507488659202,,,
2009-07-21T00:00:00,EURJPY,10,0.78221983135794626,0.34265049724510382,success,11,15.608323900705104,14.329674238683022,false,false,3.4265049724510384,0.36726983852906381,,,
2009-07-22T00:00:00,EURJPY,10,0.915383142759713,3.0208850270233467e-07,success,11,15.608323891653757,13.227114683689187,false,false,3.0208850270233469e-06,0.30640449412128318,,,
2009-07-23T00:00:00,EURJPY,10,0.6860331878104321,0.19830623842584064,success,11,15.608324521321354,14.826685802691761,false,false,1.9830623842584063,65.667230724648761,,,
2009-07-24T00:00:00,EURJPY,10,0.67236350952850232,0.39690782494983218,success,11,15.608323895049359,14.889429497032859,false,false,3.9690782494983217,33.893195647748769,,,
2009-07-27T00:00:00,EURJPY,10,0.56966211516587351,0.39994851715443736,success,11,15.60832388382617,15.327851157981277,false,false,3.9994851715443738,306.87524452144493,,,
2009-07-28T00:00:00,EURJPY,10,0.70864807618671977,0.99999989933434819,success,11,15.608323893838685,14.719496753655099,false,false,9.9999989933434819,8.3709714366707644,,,
2009-07-29T00:00:00,EURJPY,10,0.66729992055778165,0.09264550609914797,success,11,15.608323946174414,14.91232576711983,false,false,0.92645506099147967,16.761974240246179,,,
2009-07-30T00:00:00,EURJPY,10,0.77769216510174133,0.13864602310990365,success,11,15.608323896534227,14.356056190387728,false,false,1.3864602310990366,24.483771352077071,,,
2009-07-31T00:00:00,EURJPY,10,0.66582041578144546,9.9999999999999995e-08,success,11,15.60832389315118,14.918982430726723,false,false,9.9999999999999995e-07,64.53356576532812,,,
2009-08-03T00:00:00,EURJPY,10,0.66847219724348039,0.50266673723924538,success,11,15.608324145891295,14.907041015638265,false,false,5.0266673723924535,32.926645679846459,,,
2009-08-04T00:00:00,EURJPY,10,0.60956484684346712,0.40094010246930817,success,11,15.60832391786996,15.162840475530723,false,false,4.0094010246930818,74.830687314680986,,,
2009-08-05T00:00:00,EURJPY,10,0.54759381006855556,0.7336694323455617,success,11,15.608323894040261,15.417370531014711,false,false,7.3366943234556175,26.196090448713495,,,
2009-08-06T00:00:00,EURJPY,10,0.543606532619196,0.36670911990273369,success,11,15.608323883116864,15.433453488106419,false,false,3.6670911990273369,26.153561588102356,,,
2009-08-07T00:00:00,EURJPY,10,0.53735825963551975,0.29526548285384691,success,11,15.608323888520967,15.458611841952989,false,false,2.9526548285384688,16.072787561186047,,,
2009-08-10T00:00:00,EURJPY,10,0.6430942377384925,0.59790224919379165,success,11,15.608323897014252,15.019504399723351,false,false,5.9790224919379167,36.53494702975965,,,
2009-08-11T00:00:00,EURJPY,10,0.6256125067393945,0.61622413552905353,success,11,15.450149928095321,14.936710086765775,false,false,6.1622413552905355,1.5621384989431659,,,
2009-08-12T00:00:00,EURJPY,10,0.62335832967423044,0.59249952481606372,success,11,15.608324226493055,15.104496963904147,false,false,5.9249952481606369,1.6458431109753782,,,
2009-08-13T00:00:00,EURJPY,10,0.60904714337216126,0.45530186513816001,success,11,15.608323879513378,15.165015185111198,false,false,4.5530186513816,1.5752404418279609,,,
2009-08-14T00:00:00,EURJPY,10,0.65740806245059402,0.254524240070442,success,11,15.607255688000828,14.955490815180735,false,false,2.5452424007044199,1.690117879004789,,,
2009-08-17T00:00:00,EURJPY,10,0.79391504190507267,1.0459407639445361e-05,success,11,15.545265377187997,14.196577423490558,false,false,0.00010459407639445361,3.0843638963872606,,,
2009-08-18T00:00:00,EURJPY,10,0.63560627626631272,0.72649240104986001,success,11,15.608323923282761,15.051979555789881,false,false,7.2649240104985999,2.9762108541056915,,,
2009-08-19T00:00:00,EURJPY,10,0.59193581080636581,0.60107699178212604,success,11,15.608323887411178,15.236350174582467,false,false,6.0107699178212606,19.317340985569214,,,
2009-08-20T00:00:00,EURJPY,10,0.58590541432492127,0.49944164712185624,success,11,15.608323885610011,15.261259933607391,false,false,4.9944164712185621,16.124370821903241,,,
2009-08-21T00:00:00,EURJPY,10,0.58880700944633924,0.39765883331935115,success,11,15.608323883390803,15.249288079093411,false,false,3.9765883331935115,8.7973046089697782,,,
2009-08-24T00:00:00,EURJPY,10,0.60677518162442889,0.30032031589118346,success,11,15.536303792154399,15.102526951180009,false,false,3.0032031589118344,10.470509627357158,,,
2009-08-25T00:00:00,EURJPY,10,0.93218242953965258,0.86290568491860564,success,11,15.608323909928817,12.987616687253359,false,false,8.6290568491860569,24.101307261170689,,,
2009-08-26T00:00:00,EURJPY,10,0.97434811643131503,0.75690744394430343,success,11,15.420308585450478,11.783156938993958,false,false,7.5690744394430345,3.3696973102764374,,,
2009-08-27T00:00:00,EURJPY,10,0.91614565485327204,0.36785859351076455,success,11,15.399875368865732,13.008781312384476,false,false,3.6785859351076455,5.71633624354505,,,
2009-08-28T00:00:00,EURJPY,10,0.997044900973862,0.56599595785250245,success,11,15.40992369859211,9.5886600552422117,false,false,5.6599595785250241,0.70999639006421544,,,
2009-08-31T00:00:00,EURJPY,10,0.98705884828849211,0.49331066689959746,success,11,15.608323929454402,11.274006557498376,false,false,4.9331066689959746,40.692663640088227,,,
2009-09-01T00:00:00,EURJPY,10,0.86086317955332814,0.57747023644064721,success,11,14.234371060413032,12.411893246143535,false,false,5.7747023644064726,0.81558576929769977,,,
2009-09-02T00:00:00,EURJPY,10,0.8976971769839166,0.29405381620509652,success,11,13.526779124210005,11.354883600215322,false,false,2.9405381620509652,25.72564778710851,,,
2009-09-03T00:00:00,EURJPY,10,0.7113129674796721,0.55415231325695546,success,11,14.324556230353464,13.422786886966195,false,false,5.5415231325695551,0.78415871311071939,,,
2009-09-04T00:00:00,EURJPY,10,0.81367498553762696,0.039502329941493809,success,11,12.838722425054057,11.364653957838396,false,false,0.39502329941493808,2.5435176393820949,,,
2009-09-07T00:00:00,EURJPY,10,0.9624665794156978,0.53235363995793239,success,11,11.683025237393949,8.4387576461807932,false,false,5.3235363995793241,2.0407000214109061,,,
2009-09-08T00:00:00,EURJPY,10,0.90159849936285408,0.425321602018919,success,11,11.465077676278209,9.2499644322890937,false,false,4.25321602018919,1.9215112396864609,,,
2009-09-09T00:00:00,EURJPY,10,0.81751178732148844,0.52140141334068046,success,11,11.51635979493264,10.016780056396996,false,false,5.2140141334068044,2.4783593396335251,,,
2009-09-10T00:00:00,EURJPY,10,0.89667830896197609,0.40003254242971498,success,11,11.264654441364112,9.1038046086378372,false,false,4.0003254242971495,17.853605040205782,,,
2009-09-11T00:00:00,EURJPY,10,0.93878862872717961,0.90189389306000467,success,11,12.959841618734568,10.229584244762739,false,false,9.0189389306000471,91.730871246182105,,,
2009-09-14T00:00:00,EURJPY,10,0.98648452884940918,0.8125683354912796,success,11,15.433436920977025,11.143124318936408,false,false,8.1256833549127965,16.206958462058406,,,
2009-09-15T00:00:00,EURJPY,10,0.9647588158642757,0.71054409396662521,success,11,15.443890032832954,12.134227297017729,false,false,7.1054409396662521,17.456936444704692,,,
2009-09-16T00:00:00,EURJPY,10,0.84738270957669115,0.6078758428631228,success,11,15.608136921965729,13.893917906026459,false,false,6.078758428631228,20.177962293737298,,,
2009-09-17T00:00:00,EURJPY,10,0.94884864071047947,0.50458184543154905,success,11,15.585360429440312,12.664900203626301,false,false,5.0458184543154907,16.967638974217309,,,
2009-09-18T00:00:00,EURJPY,10,0.89027680466714676,0.44921107104437513,success,11,15.608266507037294,13.514694864442882,false,false,4.4921107104437512,36.416923945224866,,,
2009-09-21T00:00:00,EURJPY,10,0.87516122949860842,0.50518357487106802,success,11,15.608323881208506,13.660938818299989,false,false,5.0518357487106806,15.179917975801477,,,
2009-09-22T00:00:00,EURJPY,10,0.87797496140386688,0.4057151903234274,success,11,15.608323965786964,13.634932148391828,false,false,4.0571519032342742,14.91874442890775,,,
2009-09-23T00:00:00,EURJPY,10,0.86008001401593992,0.30499944571972259,success,11,15.608323936386164,13.792369242452347,false,false,3.0499944571972262,15.210250880467498,,,
2009-09-24T00:00:00,EURJPY,10,0.84010544793454967,0.20367190970084112,success,11,15.60832388306285,13.949311014222959,false,false,2.0367190970084113,14.444202501050814,,,
2009-09-25T00:00:00,EURJPY,10,0.92959859770725617,0.047601096245053327,success,11,15.332243200996308,12.751703505286908,false,false,0.47601096245053326,34.183803910575648,,,
2009-09-28T00:00:00,EURJPY,10,0.94099324244165738,0.80765899661636986,success,11,13.539664229085693,10.770380243012585,false,false,8.0765899661636986,15.886828579603291,,,
2009-09-29T00:00:00,EURJPY,10,0.90858146322976863,0.70306523838664847,success,11,14.511372101699909,12.214935817246154,false,false,7.0306523838664852,39.677565160139167,,,
2009-09-30T00:00:00,EURJPY,10,0.84372550672599977,0.60616476919677154,success,11,14.660662979814017,12.974449800399135,false,false,6.0616476919677158,16.385389385504411,,,
2009-10-01T00:00:00,EURJPY,10,0.75148617274797935,0.50676917632126839,success,11,14.951597050740656,13.845042728107805,false,false,5.0676917632126841,16.738060522954889,,,
2009-10-02T00:00:00,EURJPY,10,0.7990449467383508,0.40589547311780028,success,11,15.50126874358142,14.120932813096905,false,false,4.0589547311780025,15.374814057491566,,,
2009-10-05T00:00:00,EURJPY,10,0.64555147282088321,0.69932892151333836,success,11,15.402267075104254,14.802725264051857,false,false,6.9932892151333839,13.499224972555078,,,
2009-10-06T00:00:00,EURJPY,10,0.6225837377229495,0.60024990860603855,success,11,15.500552675074953,15.000023259652783,false,false,6.0024990860603857,15.138411158126443,,,
2009-10-07T00:00:00,EURJPY,10,0.63311248535904385,0.49860966799616202,success,11,15.49418433348545,14.948591526597431,false,false,4.9860966799616202,14.865509619074665,,,
2009-10-08T00:00:00,EURJPY,10,0.68528624574492669,0.35783777131340938,success,11,15.550498676729774,14.77232555779573,false,false,3.5783777131340937,2.049647638991611,,,
2009-10-09T00:00:00,EURJPY,10,0.72332320180529952,0.64562084880201875,success,11,14.977683479466522,14.01667735985189,false,false,6.456208488020188,1.3473563252172418,,,
2009-10-12T00:00:00,EURJPY,10,0.7294309211515414,0.55869854605724334,success,11,15.467525108835344,14.475787879129049,false,false,5.5869854605724338,1.9413714695208228,,,
2009-10-13T00:00:00,EURJPY,10,0.67205188909490232,0.41025322136739062,success,11,15.307779560387662,14.590299404339854,false,false,4.1025322136739062,2.4662784469245898,,,
2009-10-14T00:00:00,EURJPY,10,0.69805254283164442,0.27600276705816701,success,11,15.29595297554579,14.457911618705284,false,false,2.7600276705816702,2.1114049187809218,,,
2009-10-15T00:00:00,EURJPY,10,0.7132314310780874,0.90860469040315461,success,11,15.574593781898699,14.66346333678162,false,false,9.0860469040315461,14.272066928976116,,,
2009-10-16T00:00:00,EURJPY,10,0.78541547231940045,0.74200179304458125,success,11,15.577925508852594,14.280416396164403,false,false,7.4200179304458125,1.9132278189419885,,,
2009-10-19T00:00:00,EURJPY,10,0.73783308504242473,0.58841259288210424,success,11,15.558947402722282,14.52421115663433,false,false,5.8841259288210424,1.8694036728253622,,,
2009-10-20T00:00:00,EURJPY,10,0.78013412692756201,0.39356478960103425,success,11,15.539786599002344,14.273338429079072,false,false,3.9356478960103427,16.345388454423848,,,
2009-10-21T00:00:00,EURJPY,10,0.62873311204783899,0.35674431302895093,success,11,15.608323909315894,15.081538226344458,false,false,3.5674431302895093,1.5365801947021653,,,
2009-10-22T00:00:00,EURJPY,10,0.94776766902415188,0.02165618076964123,success,11,15.608323893981909,12.709916167144888,false,false,0.21656180769641228,17.877534030839719,,,
2009-10-23T00:00:00,EURJPY,10,0.85877240719693015,0.80713599090430921,success,11,15.608324171580024,13.803192957998306,false,false,8.0713599090430925,15.152611684095948,,,
2009-10-26T00:00:00,EURJPY,10,0.7545420622977681,0.99929676117210509,success,11,15.60832396027112,14.485338534411756,false,false,9.9929676117210509,8.8426755976284834,,,
2009-10-27T00:00:00,EURJPY,10,0.77112961042673922,0.73374766208123965,success,11,15.537918095152669,14.323217487737221,false,false,7.3374766208123967,2.0966964397822099,,,
2009-10-28T00:00:00,EURJPY,10,0.78747938213932289,0.87296317199294859,success,11,14.581627259546721,13.271829079484601,false,false,8.7296317199294862,0.4250776186075112,,,
2009-10-29T00:00:00,EURJPY,10,0.89820332075186771,0.71522393282836405,success,11,15.608323891083,13.430904916549693,false,false,7.1522393282836401,1.1903867269556168,,,
2009-10-30T00:00:00,EURJPY,10,0.96336790313242049,0.99999924821337094,success,11,15.60832393406011,12.338813376355509,false,false,9.9999924821337096,0.24046143760480998,,,
2009-10-31T00:00:00,EURJPY,10,0.88080570813574799,0.64571802227093189,success,11,15.608323891279573,13.608241691705448,false,false,6.4571802227093187,4.131393263593468,,,
2009-11-02T00:00:00,EURJPY,10,0.81696012822861763,0.50892639061177836,success,11,15.608323885008648,14.112437601638769,false,false,5.0892639061177833,13.975470268766415,,,
2009-11-03T00:00:00,EURJPY,10,0.69461436577404534,0.40695204702242183,success,11,15.608323902710806,14.786542433003273,false,false,4.0695204702242185,19.338406400400537,,,
2009-11-04T00:00:00,EURJPY,10,0.75924272126056636,0.30054783649051858,success,11,15.608323886609694,14.459791653301306,false,false,3.0054783649051857,12.95395203788677,,,
2009-11-05T00:00:00,EURJPY,10,0.67378875520887538,0.59836332280319549,success,11,15.608323882050847,14.882952401504681,false,false,5.9836332280319553,50.175469268560889,,,
2009-11-06T00:00:00,EURJPY,10,0.65034297376682304,0.49988304799817768,success,11,15.60832389863193,14.987776771947583,false,false,4.9988304799817769,602.02487217358691,,,
2009-11-09T00:00:00,EURJPY,10,0.72350532506999421,0.39970615435760992,success,11,15.608323896921437,14.646407552659234,false,false,3.9970615435760992,340.72405320343074,,,
2009-11-10T00:00:00,EURJPY,10,0.83011645098540254,0.29098977365979534,success,11,15.608323885149229,14.021871088338102,false,false,2.9098977365979533,16.06341974497796,,,
2009-11-11T00:00:00,EURJPY,10,0.99242405564860625,0.87360649281164093,success,11,15.608323896522824,10.733151415603146,false,false,8.7360649281164093,3.6728329386944196,,,
2009-11-12T00:00:00,EURJPY,10,0.96998565374046852,0.79597371244343584,success,11,15.608323890893509,12.13271808547162,false,false,7.9597371244343584,85.040937537446126,,,
2009-11-13T00:00:00,EURJPY,10,0.82822409821877918,0.6669641359526588,success,11,15.608323885694482,14.035230848590533,false,false,6.6696413595265884,22.505611206116331,,,
2009-11-16T00:00:00,EURJPY,10,0.92679643263266764,0.56801219920438784,success,11,15.60832389353922,13.069834104417728,false,false,5.6801219920438788,20.498371254871564,,,
2009-11-17T00:00:00,EURJPY,10,0.98044066109418304,0.46740480234146531,success,11,15.608323880082056,11.693774621068224,false,false,4.6740480234146533,20.250497338046515,,,
2009-11-18T00:00:00,EURJPY,10,0.94098700959302917,0.32662495122337509,success,11,15.608324002812116,12.83915226427764,false,false,3.2662495122337512,8.5040393032418109,,,
2009-11-19T00:00:00,EURJPY,10,0.87966006042713396,0.2985513150380219,success,11,15.608323884706932,13.619108914490319,false,false,2.985513150380219,115.03074651467747,,,
2009-11-20T00:00:00,EURJPY,10,0.94716867654795256,0.19909864528879623,success,11,15.608324033444459,12.721951101392911,false,false,1.9909864528879622,241.1098362649758,,,
2009-11-23T00:00:00,EURJPY,10,0.73588143649661097,0.089216449245723251,success,11,15.608323901930719,14.58365299440379,false,false,0.89216449245723251,14.109279267191605,,,
2009-11-24T00:00:00,EURJPY,10,0.96348916999498024,0.50312823449162858,success,11,15.608323898099659,12.335371579627774,false,false,5.0312823449162858,15.397115940995592,,,
2009-11-25T00:00:00,EURJPY,10,0.89936977771802029,0.40201900504935972,success,11,15.608323892824496,13.418082254614099,false,false,4.0201900504935972,15.778934097515101,,,
2009-11-26T00:00:00,EURJPY,10,0.99724930568906012,0.33921655547701907,success,11,15.608323908430579,9.7151764703878492,false,false,3.3921655547701905,1.0035547613139009,,,
2009-11-27T00:00:00,EURJPY,10,0.96919141999439751,0.21195780547134868,success,11,15.608323894827247,12.159654981387966,false,false,2.1195780547134868,16.007403322011591,,,
2009-11-30T00:00:00,EURJPY,10,0.89260453954251595,0.10870160288320377,success,11,15.608323892814573,13.490698168440293,false,false,1.0870160288320376,15.245656897357325,,,
2009-12-01T00:00:00,EURJPY,10,0.64871159799701261,0.33134227247019182,success,11,15.608323886227875,14.994943191556491,false,false,3.3134227247019181,19.066491505377581,,,
2009-12-02T00:00:00,EURJPY,10,0.74159326905402034,0.50132282510554871,success,11,15.608103163212618,14.553837045372529,false,false,5.0132282510554873,73.248609077042389,,,
2009-12-03T00:00:00,EURJPY,10,0.75544981662842992,0.41022291778859143,success,11,15.366766260994407,14.23887344235788,false,false,4.1022291778859143,18.153939659212668,,,
2009-12-04T00:00:00,EURJPY,10,0.98963870576667912,0.60398714616088744,success,11,15.043789680497133,10.484526902671631,false,false,6.0398714616088744,19.132004793786763,,,
2009-12-07T00:00:00,EURJPY,10,0.72915943489936286,0.95891163959477033,success,11,15.564987875587549,14.574625791014713,false,false,9.5891163959477037,37.956041240144138,,,
2009-12-08T00:00:00,EURJPY,10,0.80726478424384296,0.43723323637398509,success,11,14.867091012575838,13.434756596621519,false,false,4.3723323637398508,1.7072618001909188,,,
2009-12-09T00:00:00,EURJPY,10,0.72267520098784754,0.31268047065221505,success,11,14.995010046084822,14.037239541664984,false,false,3.1268047065221505,1.5692768151325356,,,
2009-12-10T00:00:00,EURJPY,10,0.72077385722933873,0.091941836809585675,success,11,14.707409728807038,13.759106293345521,false,false,0.91941836809585675,14.510697305344298,,,
2009-12-11T00:00:00,EURJPY,10,0.77422294816716219,0.41410262282947236,success,11,14.198371325630736,12.966059462840574,false,false,4.1410262282947237,2.6605176931662409,,,
2009-12-14T00:00:00,EURJPY,10,0.8712325356653674,0.091659076238780321,success,11,14.197293977293238,12.285393236229153,false,false,0.91659076238780324,19.319536714842595,,,
2009-12-15T00:00:00,EURJPY,10,0.99636356634256651,0.57959673198550576,success,11,14.073932209626214,8.4608234291235966,false,false,5.7959673198550572,9.3312832493578224,,,
2009-12-16T00:00:00,EURJPY,10,0.99529273248489369,0.51002809245619951,success,11,14.363156009765593,9.0092267066401241,false,false,5.1002809245619956,1.6766353685056743,,,
2009-12-17T00:00:00,EURJPY,10,0.93666627473048925,0.38561419133912461,success,11,14.865465788230191,12.171556704946983,false,false,3.8561419133912462,14.135077395971084,,,
2009-12-18T00:00:00,EURJPY,10,0.93677702912288785,0.29795952495477523,success,11,15.608324173256531,12.912546580212766,false,false,2.9795952495477525,96.994475803238998,,,
2009-12-21T00:00:00,EURJPY,10,0.82331327028681867,0.36927198037397263,success,11,14.946760350253097,13.407801853513122,false,false,3.6927198037397262,0.98977424591330687,,,
2009-12-22T00:00:00,EURJPY,10,0.94022606333264913,0.00053370889476477023,success,11,15.608324579215614,12.85277396422517,false,false,0.0053370889476477019,9.9748319811866573,,,
2009-12-23T00:00:00,EURJPY,10,0.9689371916845082,0.50491885247586699,success,11,15.608323922942054,12.168135360272313,false,false,5.0491885247586694,47.835662518555232,,,
2009-12-24T00:00:00,EURJPY,10,0.87878575877148557,0.20749285582805771,success,11,15.608323909334512,13.62734234288558,false,false,2.0749285582805772,1.8553472089745022,,,
2009-12-28T00:00:00,EURJPY,10,0.97836806048038538,0.76800872777066242,success,11,15.608323959540776,11.796608924325421,false,false,7.6800872777066242,1.1856776139912195,,,
2009-12-29T00:00:00,EURJPY,10,0.99268222013897611,0.62815392353804678,success,11,15.608323894255996,10.698220285724016,false,false,6.2815392353804675,1.310076418339486,,,
2009-12-30T00:00:00,EURJPY,10,0.99701238665549929,0.49441501847524305,success,11,15.608323887236295,9.7980355495441067,false,false,4.9441501847524307,1.7903441568987357,,,
2009-12-31T00:00:00,EURJPY,10,0.98842181287993292,0.19263905519689373,success,11,15.608323897702999,11.161337262171095,false,false,1.9263905519689373,16.423544238672221,,,
2010-01-04T00:00:00,EURJPY,10,0.98821741588397216,0.074982479243987279,success,11,15.608323887187188,11.179043675940296,false,false,0.74982479243987277,6.6403533377853181,,,
2010-01-05T00:00:00,EURJPY,10,0.99458445330485701,0.77055137113068861,success,11,13.980324372502961,8.7672731922030103,false,false,7.7055137113068861,2.5488973530162768,,,
2010-01-06T00:00:00,EURJPY,10,0.99881369545493925,0.70770441719087107,success,11,15.608324341171633,8.8725991219195617,false,false,7.0770441719087103,2.0127910694320565,,,
2010-01-07T00:00:00,EURJPY,10,0.99757317092450137,0.5941667221549819,success,11,15.608323893462245,9.5895838910956659,false,false,5.9416672215498192,2.876014645742512,,,
2010-01-08T00:00:00,EURJPY,10,0.99974459761976975,0.44775659251654443,success,11,15.608323885874819,7.3359090260837014,false,false,4.477565925165444,2.4825991555936633,,,
2010-01-11T00:00:00,EURJPY,10,0.99862498717143255,0.33822285675523156,success,11,15.608323884638358,9.0204076256246726,false,false,3.3822285675523158,2.1911682864967839,,,
2010-01-12T00:00:00,EURJPY,10,0.95234721920985721,0.28901151791944357,success,11,15.60832388584957,12.613335178551091,false,false,2.8901151791944359,0.8586506845400822,,,
2010-01-13T00:00:00,EURJPY,10,0.56968505643719269,0.83034752457635652,success,11,15.608323915856957,15.327757607781241,false,false,8.3034752457635648,16.030653894638302,,,
2010-01-14T00:00:00,EURJPY,10,0.59296055659568181,0.60462849530141616,success,11,15.608323897506571,15.232106109024981,false,false,6.0462849530141618,2.2078776755268392,,,
2010-01-15T00:00:00,EURJPY,10,0.60589089916703776,0.52113123846347631,success,11,15.608324157048836,15.178251998199533,false,false,5.2113123846347635,1.8422100606805096,,,
2010-01-18T00:00:00,EURJPY,10,0.62983160567522412,0.39932326626090314,success,11,15.608323916677644,15.076829447499463,false,false,3.9932326626090315,82.12165701946212,,,
2010-01-19T00:00:00,EURJPY,10,0.7156640236727918,0.26849899746489181,success,11,15.608323960909484,14.685269698943884,false,false,2.6849899746489179,3.0412273986302276,,,
2010-01-20T00:00:00,EURJPY,10,0.95631573779902046,0.14032658218243471,success,11,15.608323916090701,12.522223692439564,false,false,1.4032658218243472,3.5838064042666469,,,
2010-01-21T00:00:00,EURJPY,10,0.64744057073828265,0.0930410756815606,success,11,15.608323906450675,15.000516101425118,false,false,0.93041075681560603,13.757381487911493,,,
2010-01-22T00:00:00,EURJPY,10,0.55356558108461762,0.56780778934216158,success,11,15.608323880614661,15.393236162540161,false,false,5.6780778934216158,20.700858953720505,,,
2010-01-25T00:00:00,EURJPY,10,0.58500644896371878,0.58472877483128682,success,11,15.608323885153586,15.264963994551232,false,false,5.8472877483128682,2.03017783196435,,,
2010-01-26T00:00:00,EURJPY,10,0.62929533027468332,0.80459984143598295,success,11,15.608323964491541,15.079129001617929,false,false,8.0459984143598291,15.945350334929033,,,
2010-01-27T00:00:00,EURJPY,10,0.58548666948563588,0.38529336947443626,success,11,15.608323887679074,15.262985607172046,false,false,3.8529336947443626,2.0837781917092442,,,
2010-01-28T00:00:00,EURJPY,10,0.56530818249956494,0.30079774446929852,success,11,15.608324374685177,15.345590650986363,false,false,3.0079774446929854,38.765798800696317,,,
2010-01-29T00:00:00,EURJPY,10,0.56497138658467527,0.13359183246977108,success,11,15.608323886209838,15.346960606450445,false,false,1.3359183246977109,1.7963795865804399,,,
2010-02-01T00:00:00,EURJPY,10,0.88127106464344074,0.10167513279898273,success,11,15.608323907772162,13.603801691498695,false,false,1.0167513279898273,179.63765533823852,,,
2010-02-02T00:00:00,EURJPY,10,0.64659984675908155,0.80415909101213501,success,11,15.608323908926593,15.004197274134613,false,false,8.0415909101213501,17.922487688747001,,,
2010-02-03T00:00:00,EURJPY,10,0.57823364884981454,0.49876273637214019,success,11,15.608323887175436,15.292797353864152,false,false,4.9876273637214021,34.268376314648002,,,
2010-02-04T00:00:00,EURJPY,10,0.93785516454629503,0.99999891921637674,success,11,15.608323884334389,12.894196072463547,false,false,9.9999891921637669,0.6215883564296486,,,
2010-02-05T00:00:00,EURJPY,10,0.91395812694664691,0.53542199478542951,success,11,15.608323890757335,13.245373207048637,false,false,5.3542199478542951,5.2536582740586875,,,
2010-02-08T00:00:00,EURJPY,10,0.8256734585534049,0.40256633841380041,success,11,15.608323912718165,14.053054761428522,false,false,4.0256633841380038,58.280094431196716,,,
2010-02-09T00:00:00,EURJPY,10,0.8797044412855336,0.35066082319150349,success,11,15.608324249385774,13.618689964385778,false,false,3.5066082319150351,3.7743793159191736,,,
2010-02-10T00:00:00,EURJPY,10,0.93864523192117078,0.25759838048192318,success,11,15.608323985001968,12.880559279397382,false,false,2.5759838048192316,5.0156532190495993,,,
2010-02-11T00:00:00,EURJPY,10,0.88262820645532647,0.10517920984549482,success,11,15.608323881714586,13.590766446134134,false,false,1.0517920984549483,58.126610829649856,,,
2010-02-12T00:00:00,EURJPY,10,0.9749125899186909,0.84923130026692806,success,11,15.608323883649522,11.948342197949149,false,false,8.492313002669281,2.1603138045260497,,,
2010-02-15T00:00:00,EURJPY,10,0.99867432884629415,0.77376984113685521,success,11,15.608323906941228,8.9838140408855178,false,false,7.7376984113685516,3.5477254635398903,,,
2010-02-16T00:00:00,EURJPY,10,0.79028977843548454,0.59783909613242647,success,11,15.608324005936394,14.281651000057412,false,false,5.9783909613242647,61.951083275435558,,,
2010-02-17T00:00:00,EURJPY,10,0.89035063428151195,0.49760689223833648,success,11,15.608323896416447,13.513996230419732,false,false,4.976068922383365,72.087432049217284,,,
2010-02-18T00:00:00,EURJPY,10,0.95177970265124101,0.3969119362663785,success,11,15.604669027686635,12.622115463688283,false,false,3.9691193626637848,67.783118690206948,,,
2010-02-19T00:00:00,EURJPY,10,0.63281205356622316,0.48061666610463039,success,11,15.608323891899213,15.064024260231587,false,false,4.8061666610463041,2.7495267291526329,,,
2010-02-22T00:00:00,EURJPY,10,0.71530907036342595,0.1964170479235737,success,11,15.608323889353313,14.687013308220596,false,false,1.9641704792357371,34.560077719309767,,,
2010-02-23T00:00:00,EURJPY,10,0.83299447425198925,0.90021757684645254,success,11,15.597349267488633,13.990349159075617,false,false,9.0021757684645252,297.4756795096132,,,
2010-02-24T00:00:00,EURJPY,10,0.76275869572464639,0.80207786224952249,success,11,15.605284010125834,14.437420070762514,false,false,8.0207786224952251,65.229724750566817,,,
2010-02-25T00:00:00,EURJPY,10,0.66382707307258193,0.72176870125465453,success,11,15.608323900691101,14.927927908296446,false,false,7.2176870125465458,39.196025995386961,,,
2010-02-26T00:00:00,EURJPY,10,0.67262823546168771,0.62728841513532141,success,11,15.608323909060932,14.888227550796115,false,false,6.2728841513532139,18.157044743603429,,,
2010-03-01T00:00:00,EURJPY,10,0.61055347390886006,0.50273847411115202,success,11,15.608323933644275,15.15868462086704,false,false,5.0273847411115202,19.607127879286377,,,
2010-03-02T00:00:00,EURJPY,10,0.9815620188736901,0.82562556562039047,success,11,15.608324002212267,11.633591531389001,false,false,8.2562556562039049,2.8540770672644817,,,
2010-03-03T00:00:00,EURJPY,10,0.73515439297686225,0.72466211738679376,success,11,15.608323884980605,14.58739039054816,false,false,7.246621173867938,8.7063935685728833,,,
2010-03-04T00:00:00,EURJPY,10,0.89614293993604355,0.93839179985854559,success,11,15.608323903762225,13.453239503626945,false,false,9.3839179985854564,4.2115720029054717,,,
2010-03-05T00:00:00,EURJPY,10,0.77922685854113194,0.99999989999613281,success,11,15.608323904972409,14.347157348918262,false,false,9.9999989999613277,3.0660722800182967,,,
2010-03-08T00:00:00,EURJPY,10,0.68162480825904592,0.57419493851992809,success,11,15.608323889876116,14.847075053477914,false,false,5.7419493851992804,0.95691511113604077,,,
2010-03-09T00:00:00,EURJPY,10,0.73028868004293623,0.097208292716344707,success,11,15.608323916166073,14.612236209748378,false,false,0.97208292716344713,52.292618243955225,,,
2010-03-10T00:00:00,EURJPY,10,0.72899128795037094,0.60257541710876583,success,11,15.608323898847269,14.618813085742964,false,false,6.0257541710876579,42.024475091061753,,,
2010-03-11T00:00:00,EURJPY,10,0.65341615084993598,0.23133126906097762,success,11,15.608323998699442,14.974234559915988,false,false,2.3133126906097763,1.0334595597211003,,,
2010-03-12T00:00:00,EURJPY,10,0.71798798627696903,0.055899114551184972,success,11,15.608323894951763,14.673820730133702,false,false,0.5589911455118497,1.9154467182504704,,,
2010-03-15T00:00:00,EURJPY,10,0.55734711135330406,0.99944385260598079,success,11,15.608323891918458,15.37792158175855,false,false,9.9944385260598079,7.5392009683180303,,,
2010-03-16T00:00:00,EURJPY,10,0.59419522384782431,0.69968123562612128,success,11,15.608325308542673,15.226989580542275,false,false,6.9968123562612128,81.066345224066978,,,
2010-03-17T00:00:00,EURJPY,10,0.62375300688454449,0.59941781720698295,success,11,15.608323895324705,15.102815251925444,false,false,5.9941781720698293,89.719501439879167,,,
2010-03-18T00:00:00,EURJPY,10,0.62269691355109591,0.49885359374171667,success,11,15.608323914245529,15.107312816232145,false,false,4.9885359374171667,45.081888307499575,,,
2010-03-19T00:00:00,EURJPY,10,0.74071215432692883,8.9259771055331773e-05,success,11,15.608323892837486,14.558650616545583,false,false,0.00089259771055331776,7.9627409558494309,,,
2010-03-22T00:00:00,EURJPY,10,0.71658493598093209,0.90424875924881287,success,11,15.608323902884297,14.680739600214455,false,false,9.0424875924881292,13.809625754639518,,,
2010-03-23T00:00:00,EURJPY,10,0.89610388022180099,0.80216088396303142,success,11,15.608323981275309,13.453659188946537,false,false,8.0216088396303142,13.613870613054393,,,
2010-03-24T00:00:00,EURJPY,10,0.58551053901824102,9.9999999999999995e-08,success,11,15.608323898782885,15.262887264269823,false,false,9.9999999999999995e-07,0.22606491586565935,,,
2010-03-25T00:00:00,EURJPY,10,0.58948938291312414,0.60043960757171855,success,11,15.608323906345513,15.246468989206418,false,false,6.0043960757171853,14.754469143801566,,,
2010-03-26T00:00:00,EURJPY,10,0.62381680467971468,0.5869829205759729,success,11,15.608323890937369,15.102543394248187,false,false,5.8698292057597286,1.5178779874335939,,,
2010-03-29T00:00:00,EURJPY,10,0.84614499815915323,0.60074758433870401,success,11,15.20393625396205,13.499256128811052,false,false,6.0074758433870397,284.51703280855691,,,
2010-03-30T00:00:00,EURJPY,10,0.70510893862417512,0.39291565308055176,success,11,14.51276191117263,13.641015602092727,false,false,3.9291565308055176,1.4401138077296298,,,
2010-03-31T00:00:00,EURJPY,10,0.78436358262229633,0.40013725388972288,success,11,14.824967139698677,13.533688210045131,false,false,4.001372538897229,1122.5068906802605,,,
2010-04-01T00:00:00,EURJPY,10,0.75821116449409653,0.27163764201976748,success,11,14.274924670684475,13.132027507394396,false,false,2.7163764201976748,0.96304072672450314,,,
2010-04-02T00:00:00,EURJPY,10,0.92066226588921818,0.17505661664838446,success,11,15.414752281949413,12.963372872099193,false,false,1.7505661664838446,1.463711812489366,,,
2010-04-05T00:00:00,EURJPY,10,0.71685797105487137,0.54552652636880716,success,11,15.54511932247841,14.616190230103484,false,false,5.4552652636880721,2.967221518074592,,,
2010-04-06T00:00:00,EURJPY,10,0.82607071215879102,0.31817091056063618,success,11,15.043574849232643,13.485543296333237,false,false,3.181709105606362,1.2947845490006493,,,
2010-04-07T00:00:00,EURJPY,10,0.9684303566668111,0.48436648468540577,success,11,13.638215752568007,10.2147351856119,false,false,4.8436648468540575,20.221254937108242,,,
2010-04-08T00:00:00,EURJPY,10,0.70483545991230423,0.68372509610797283,success,11,13.908972413189586,13.038540991669347,false,false,6.8372509610797287,1.8599640368653336,,,
2010-04-09T00:00:00,EURJPY,10,0.77315337359619818,0.58210920416975953,success,11,13.681201017955731,12.454997710115656,false,false,5.8210920416975949,1.9531560760315325,,,
2010-04-12T00:00:00,EURJPY,10,0.83596077705696159,0.48137905111100199,success,11,13.714768198898636,12.086292067826367,false,false,4.8137905111100201,2.1871617681882802,,,
2010-04-13T00:00:00,EURJPY,10,0.93912471415181997,0.050323165540579126,success,11,12.990158062921781,10.254037053659358,false,false,0.50323165540579129,34.101510984651235,,,
2010-04-14T00:00:00,EURJPY,10,0.96609077658302822,0.51394714159923605,success,11,10.477541012322749,7.127970265484171,false,false,5.13947141599236,2.7552918741671335,,,
2010-04-15T00:00:00,EURJPY,10,0.85139012790405766,0.75259011753826588,success,11,13.45071332430129,11.705167430207972,false,false,7.5259011753826588,1.4281008372907953,,,
2010-04-16T00:00:00,EURJPY,10,0.72368425911260081,0.34697847044169194,success,11,12.376870725095324,11.414059734612772,false,false,3.4697847044169197,2.3060465883817889,,,
2010-04-19T00:00:00,EURJPY,10,0.8635137893562056,0.6783376162671173,success,11,14.365748359252473,12.520962081246301,false,false,6.783376162671173,1.5011675920128309,,,
2010-04-20T00:00:00,EURJPY,10,0.82848556197516554,0.54838741710254291,success,11,14.055841204101995,12.480909243888131,false,false,5.4838741710254295,1.3687645122785792,,,
2010-04-21T00:00:00,EURJPY,10,0.7041576702827208,0.42791420114566725,success,11,15.100644211116798,14.233468559096062,false,false,4.2791420114566723,1.3863387173537762,,,
2010-04-22T00:00:00,EURJPY,10,0.83864235305109092,0.36613900052937692,success,11,14.675989772350846,13.027828745339008,false,false,3.6613900052937693,1.8783347511385124,,,
2010-04-23T00:00:00,EURJPY,10,0.71325674388545679,0.90903637110923508,success,11,15.299779575102352,14.388525367291658,false,false,9.0903637110923512,15.401540634037978,,,
2010-04-26T00:00:00,EURJPY,10,0.6171894834934939,0.61546947267927921,success,11,15.535565371452984,15.05792942195596,false,false,6.1546947267927923,2.0579601174275042,,,
2010-04-27T00:00:00,EURJPY,10,0.91037975650442049,0.74484975904949058,success,11,15.608323912880202,13.290043311913335,false,false,7.448497590494906,4.0569447798981866,,,
2010-04-28T00:00:00,EURJPY,10,0.89976081898587257,0.65898506761896469,success,11,15.608323899048765,13.413754068030693,false,false,6.5898506761896467,2.5783027025505665,,,
2010-04-29T00:00:00,EURJPY,10,0.83260117104366671,0.50169689736425027,success,11,15.608323956665142,14.004148377964171,false,false,5.0169689736425029,86.155490712388286,,,
2010-04-30T00:00:00,EURJPY,10,0.73194183840739524,0.40424907815995653,success,11,15.608323899334088,14.603826822090316,false,false,4.0424907815995654,26.248564043316836,,,
2010-05-03T00:00:00,EURJPY,10,0.90877869603928663,0.20065177677108531,success,11,15.608323884106591,13.309510744134077,false,false,2.0065177677108532,0.88341607645499609,,,
2010-05-04T00:00:00,EURJPY,10,0.75024737776432915,0.40153488693569256,success,11,15.608324300088919,14.508392227839398,false,false,4.0153488693569255,77.286463857701534,,,
2010-05-05T00:00:00,EURJPY,10,0.84413127781252595,0.58856805103208587,success,11,15.608323969304159,13.919030072901576,false,false,5.8856805103208583,15.702465178764321,,,
2010-05-06T00:00:00,EURJPY,10,0.92731971014115644,0.92857026864066816,success,11,15.379468792104765,12.83324063078647,false,false,9.2857026864066814,2.5772032293530915,,,
2010-05-07T00:00:00,EURJPY,10,0.87112521301908608,0.81179315228160331,success,11,15.608323885493343,13.697379450624727,false,false,8.1179315228160327,17.797709431251647,,,
2010-05-10T00:00:00,EURJPY,10,0.91446225624331401,0.70262065188506351,success,11,15.608164211763485,13.238785743324996,false,false,7.0262065188506355,25.692672852411,,,
2010-05-11T00:00:00,EURJPY,10,0.82170575790245159,0.60626073478594722,success,11,15.608324185910236,14.080377044700775,false,false,6.0626073478594726,15.803664489721259,,,
2010-05-12T00:00:00,EURJPY,10,0.93641738799426788,0.40303205104235207,success,11,15.607653489281358,12.917932221685765,false,false,4.0303205104235209,2.4721977275590539,,,
2010-05-13T00:00:00,EURJPY,10,0.91413594828894673,0.40092018783675742,success,11,15.608323881074362,13.24310983218138,false,false,4.0092018783675742,18.096433826691843,,,
2010-05-14T00:00:00,EURJPY,10,0.78934356156892671,0.81636040552460476,success,11,15.608323884474277,14.287350771702544,false,false,8.1636040552460472,1.7154282911438015,,,
2010-05-17T00:00:00,EURJPY,10,0.8194528505313925,0.69714792623543431,success,11,15.608323898849159,14.095678996308942,false,false,6.9714792623543431,1.5128714386556144,,,
2010-05-18T00:00:00,EURJPY,10,0.82679592185532602,0.60209055974194003,success,11,15.608323986627882,14.045236632997479,false,false,6.0209055974194001,1.3695940233709516,,,
2010-05-19T00:00:00,EURJPY,10,0.77688975247403547,0.395999212387115,success,11,15.60832390612657,14.360691487351234,false,false,3.95999212387115,33.097770761303615,,,
2010-05-20T00:00:00,EURJPY,10,0.82510321065729642,0.25315072083360513,success,11,15.608324003795389,14.05701154621168,false,false,2.5315072083360515,2.5347331886814484,,,
2010-05-21T00:00:00,EURJPY,10,0.60483765550254787,0.60096574341636322,success,11,15.608323881481196,15.182660476663765,false,false,6.009657434163632,45.933461239005418,,,
2010-05-24T00:00:00,EURJPY,10,0.61759693447649233,0.27745893221478046,success,11,15.608324042543105,15.128963205133056,false,false,2.7745893221478046,0.89555760211634017,,,
2010-05-25T00:00:00,EURJPY,10,0.65402927616991136,0.40324691085120284,success,11,15.60832387302861,14.971525916057516,false,false,4.0324691085120286,34.344700856608306,,,
2010-05-26T00:00:00,EURJPY,10,0.65884526081687822,0.30712264414987478,success,11,15.60832386633197,14.950171323432427,false,false,3.0712264414987476,11.65519572519408,,,
2010-05-27T00:00:00,EURJPY,10,0.61547912054136422,0.99999900039568457,success,11,15.608329707411569,15.137926775476885,false,false,9.9999900039568459,0.10992376991101917,,,
2010-05-28T00:00:00,EURJPY,10,0.53969112210525783,0.80147954629058626,success,11,15.608323966697622,15.44922472472263,false,false,8.0147954629058624,16.785709065224143,,,
2010-05-31T00:00:00,EURJPY,10,0.52562422600780911,0.41379925139771467,success,11,15.608323992210067,15.505737213754436,false,false,4.1379925139771467,11.580429125817719,,,
2010-06-01T00:00:00,EURJPY,10,0.58032590480620205,0.3187186356226831,success,11,15.608324458202008,15.284213053870037,false,false,3.1871863562268312,7.7722812837868442,,,
2010-06-02T00:00:00,EURJPY,10,0.55894781344702049,0.19241947448158531,success,11,15.608325093704478,15.371432187189908,false,false,1.9241947448158532,17.488138353547281,,,
2010-06-03T00:00:00,EURJPY,10,0.80260251702471863,0.98789321322695434,success,11,15.608323959513182,14.205683741629661,false,false,9.8789321322695436,14.498436909251756,,,
2010-06-04T00:00:00,EURJPY,10,0.63659041731805099,0.49862602247948018,success,11,15.608323959931443,15.047728023235818,false,false,4.986260224794802,47.212062035316755,,,
2010-06-07T00:00:00,EURJPY,10,0.68521850234507775,0.39971578329442725,success,11,15.608323897619274,14.830464868590282,false,false,3.9971578329442727,298.55056832563474,,,
2010-06-08T00:00:00,EURJPY,10,0.71803067184253877,0.29989690703529442,success,11,15.608323906938914,14.673609919983104,false,false,2.9989690703529441,1013.0480811501568,,,
2010-06-09T00:00:00,EURJPY,10,0.81825534439214387,0.1707165886260594,success,11,15.608324006361112,14.103752272308153,false,false,1.7071658862605941,21.935668125069736,,,
2010-06-10T00:00:00,EURJPY,10,0.73549351293388288,0.0035942969599671018,success,11,15.608323958941073,14.585648015646234,false,false,0.035942969599671019,8.2709803189380988,,,
2010-06-11T00:00:00,EURJPY,10,0.68450317313943854,0.60031305116906841,success,11,15.608323902301015,14.833779246315615,false,false,6.0031305116906841,16.327606946836134,,,
2010-06-14T00:00:00,EURJPY,10,0.80584259558921578,0.50230592115479322,success,11,15.603805476350342,14.180586236776227,false,false,5.023059211547932,14.22099734557615,,,
2010-06-15T00:00:00,EURJPY,10,0.98147981138429774,0.67346128210069967,success,11,15.52614960818601,11.555949577425267,false,false,6.7346128210069969,1.1273188830100163,,,
2010-06-16T00:00:00,EURJPY,10,0.96430929032017199,0.29466970197187076,success,11,15.00932480573948,11.71280314386723,false,false,2.9466970197187075,14.190880322330161,,,
2010-06-17T00:00:00,EURJPY,10,0.94320030982876579,0.19862517444798619,success,11,14.908202650172893,12.098454843443406,false,false,1.986251744479862,16.025587259913365,,,
2010-06-18T00:00:00,EURJPY,10,0.94447875328111519,0.59089144840735897,success,11,14.651986258963223,11.818118838735067,false,false,5.9089144840735894,0.4995944886393629,,,
2010-06-21T00:00:00,EURJPY,10,0.74517625920063801,0.71557251382385201,success,11,15.608323906014972,14.535275219696615,false,false,7.1557251382385196,6.4902022633939698,,,
2010-06-22T00:00:00,EURJPY,10,0.7908714352777928,0.94479925787393149,retry_success,11,15.000367294589703,13.670181079501038,true,false,9.4479925787393153,1.5962960497352403,,,
2010-06-23T00:00:00,EURJPY,10,0.63319033731010332,0.5773612383488963,success,11,14.760106481498756,14.214178496946381,false,false,5.7736123834889632,1.1289852704935155,,,
2010-06-24T00:00:00,EURJPY,10,0.86583924139260626,0.30038801333540932,success,11,13.899575163973873,12.034914678135838,false,false,3.0038801333540932,5800.1039736730781,,,
2010-06-25T00:00:00,EURJPY,10,0.84370564787115832,0.2438660866723672,success,11,14.527581923036845,12.841519349680032,false,false,2.438660866723672,33.872769462868682,,,
2010-06-28T00:00:00,EURJPY,10,0.93354253091965989,0.19912123504509677,success,11,14.937814085175249,12.295389742877365,false,false,1.9912123504509678,7481.150050837703,,,
2010-06-29T00:00:00,EURJPY,10,0.89250334433653167,0.90154068111310115,success,11,15.506626621831936,13.390056098005902,false,false,9.0154068111310117,62.628483633634353,,,
2010-06-30T00:00:00,EURJPY,10,0.9469789447957826,0.80213788926054497,success,11,15.608323890494285,12.725736133805739,false,false,8.0213788926054495,103.06128554008161,,,
2010-07-01T00:00:00,EURJPY,10,0.99320150728000578,0.70942547310891602,success,11,15.231693200971085,10.247460558526257,false,false,7.0942547310891602,15.538915049288214,,,
2010-07-02T00:00:00,EURJPY,10,0.9785292925793595,0.60676172428178166,success,11,14.944646686567312,11.125285524580628,false,false,6.0676172428178168,15.546891195603143,,,
2010-07-05T00:00:00,EURJPY,10,0.94293468792800039,0.50612148893131725,success,11,14.956982220117466,12.152181637469777,false,false,5.0612148893131721,16.01176786958996,,,
2010-07-06T00:00:00,EURJPY,10,0.85904998134482724,0.40389688585347194,success,11,14.957603205297218,13.150181449418529,false,false,4.0389688585347194,16.319626497570308,,,
2010-07-07T00:00:00,EURJPY,10,0.85214170041487269,0.4962688060706209,success,11,14.918291993699166,13.166793545552341,false,false,4.9626880607062089,17.044214579484812,,,
2010-07-08T00:00:00,EURJPY,10,0.72324066821557109,0.59526653167435051,success,11,15.029161267405787,14.068567516408912,false,false,5.9526653167435049,16.639851618476595,,,
2010-07-09T00:00:00,EURJPY,10,0.83395435769141246,0.49421333963980274,success,11,15.366707258959469,13.752791289316914,false,false,4.9421333963980274,16.343448097865785,,,
2010-07-12T00:00:00,EURJPY,10,0.85934401939011029,0.39325916140659761,success,11,15.3036179102203,13.493765635433396,false,false,3.9325916140659762,15.267105872926965,,,
2010-07-13T00:00:00,EURJPY,10,0.85869279529003628,0.29360881832392965,success,11,15.608324094357849,13.803849144104962,false,false,2.9360881832392964,24.564750725544624,,,
2010-07-14T00:00:00,EURJPY,10,0.62309908074795717,0.4354786686097139,success,11,15.608323951840083,15.105600746830531,false,false,4.3547866860971389,1.4579297195720007,,,
2010-07-15T00:00:00,EURJPY,10,0.67894537051996806,1.6674555091061766e-07,success,11,15.608323900391824,14.85939452580403,false,false,1.6674555091061766e-06,8.6682743726015321,,,
2010-07-16T00:00:00,EURJPY,10,0.88390173079817203,0.33218174213827067,success,11,15.608323912580367,13.578415001147786,false,false,3.3218174213827067,23.011869754931912,,,
2010-07-19T00:00:00,EURJPY,10,0.78569968087972708,0.23702807411705168,success,11,15.608323903961946,14.3091276615478,false,false,2.3702807411705167,31.511315449798019,,,
2010-07-20T00:00:00,EURJPY,10,0.90926959038534816,0.88820351535478959,success,11,15.608323900360254,13.303574848898254,false,false,8.8820351535478963,17.623080315865149,,,
2010-07-21T00:00:00,EURJPY,10,0.77101422404396147,0.99982886269726312,success,11,15.608323891510713,14.394276957188721,false,false,9.9982886269726308,9.7605616352277522,,,
2010-07-22T00:00:00,EURJPY,10,0.77536269310895833,0.80074945244961138,success,11,15.60832533819597,14.369481559418722,false,false,8.0074945244961135,181.54221460226472,,,
2010-07-23T00:00:00,EURJPY,10,0.79883017343942397,0.7087803652311615,success,11,15.608323892364298,14.229324977663156,false,false,7.0878036523116155,15.511203364115357,,,
2010-07-26T00:00:00,EURJPY,10,0.70311485516037608,0.60121732340439427,success,11,15.608323900747896,14.746148989971971,false,false,6.0121732340439422,78.656364736275904,,,
2010-07-27T00:00:00,EURJPY,10,0.62776089804295498,0.20130190353076757,success,11,15.608323915377815,15.085700952004201,false,false,2.0130190353076758,52.60565741485587,,,
2010-07-28T00:00:00,EURJPY,10,0.82276270083620884,0.11713520891640705,success,11,15.608323937922428,14.073145621079746,false,false,1.1713520891640705,16.140296969968944,,,
2010-07-29T00:00:00,EURJPY,10,0.85398214727682176,0.98293531124428757,success,11,15.608323884017457,13.842142488434231,false,false,9.8293531124428757,12.790241243988426,,,
2010-07-30T00:00:00,EURJPY,10,0.61069748422896908,0.80053683756793759,success,11,15.608323894290097,15.158078890446486,false,false,8.0053683756793763,16.331564682417202,,,
2010-08-02T00:00:00,EURJPY,10,0.60610955123839494,0.3155119858947939,success,11,15.608323966978519,15.177336041433174,false,false,3.155119858947939,13.277401742942054,,,
2010-08-03T00:00:00,EURJPY,10,0.68990531155823975,0.20849915096955232,success,11,15.608323901816471,14.808647240693956,false,false,2.0849915096955232,14.343028621756678,,,
2010-08-04T00:00:00,EURJPY,10,0.80298272117649105,0.012463778218893166,success,11,15.608324267156261,14.203282505934224,false,false,0.12463778218893165,0.16898371883682139,,,
2010-08-05T00:00:00,EURJPY,10,0.64052639709301118,0.80128182748878962,success,11,15.608324651652836,15.030675065129866,false,false,8.0128182748878967,13.644625178779245,,,
2010-08-06T00:00:00,EURJPY,10,0.79617386980473692,0.700365726667323,success,11,15.608323893272825,14.245773629340874,false,false,7.0036572666732297,16.22735361714777,,,
2010-08-09T00:00:00,EURJPY,10,0.95409423816801664,0.87329161685137513,success,11,15.608324081876873,12.574152272457278,false,false,8.7329161685137517,2.3369145611841491,,,
2010-08-10T00:00:00,EURJPY,10,0.69179671517003227,0.49865463898581713,success,11,15.608323893110068,14.799791325795439,false,false,4.9865463898581712,70.347830079237724,,,
2010-08-11T00:00:00,EURJPY,10,0.98052532180952456,0.90028677057023254,success,11,15.470488696053064,11.551515292728034,false,false,9.0028677057023252,202.77139753611368,,,
2010-08-12T00:00:00,EURJPY,10,0.94901210127747015,0.8032452732080092,success,11,15.608323906050893,12.684490680531297,false,false,8.0324527320800918,16.198978617178135,,,
2010-08-13T00:00:00,EURJPY,10,0.87247706845462425,0.70195883640391332,success,11,15.608323971814547,13.685283804341166,false,false,7.0195883640391337,16.504079078745526,,,
2010-08-16T00:00:00,EURJPY,10,0.80066541089086818,0.59671167605169451,success,11,15.608323881706069,14.217865501289483,false,false,5.9671167605169453,14.622056612857465,,,
2010-08-17T00:00:00,EURJPY,10,0.97357652461248989,0.29736678021752849,success,11,15.60832389244058,12.001600297255697,false,false,2.9736678021752847,3.012526544331195,,,
2010-08-18T00:00:00,EURJPY,10,0.87869862213048888,0.19341175622292983,success,11,15.608323884642788,13.62816008529305,false,false,1.9341175622292983,2.5452480214636264,,,
2010-08-19T00:00:00,EURJPY,10,0.98767235178420187,0.87994527829220048,success,11,15.60832388309696,11.224817430326166,false,false,8.7994527829220051,17.724117002876635,,,
2010-08-20T00:00:00,EURJPY,10,0.99834353067546322,0.79529730099067886,success,11,15.608323908143964,9.2069148962957748,false,false,7.9529730099067883,115.34606099498659,,,
2010-08-23T00:00:00,EURJPY,10,0.93376002106913236,0.6996338099838908,success,11,15.60832389385752,12.962388617403704,false,false,6.9963380998389075,648.18764304209287,,,
2010-08-24T00:00:00,EURJPY,10,0.92033526145039302,0.59834100939828394,success,11,15.608324099733915,13.16141314211805,false,false,5.9834100939828394,122.85402330231507,,,
2010-08-25T00:00:00,EURJPY,10,0.89311586237132734,0.091154544646674274,success,11,15.608323895494507,13.485352999819638,false,false,0.91154544646674274,5.8036457959901639,,,
2010-08-26T00:00:00,EURJPY,10,0.77852193760732968,0.6262692316344286,success,11,15.584308803525042,14.327235176783082,false,false,6.2626923163442862,1.8577928335430218,,,
2010-08-27T00:00:00,EURJPY,10,0.88821577664870532,0.54927326479755367,success,11,15.436836361602928,13.364192092244494,false,false,5.4927326479755365,1.8029303542322912,,,
2010-08-30T00:00:00,EURJPY,10,0.85906549779076102,0.45795662015934341,success,11,15.608323986518398,13.800774077672681,false,false,4.5795662015934342,2.437811050139659,,,
2010-08-31T00:00:00,EURJPY,10,0.73697578124954666,0.3758326114745722,success,11,15.60832388972212,14.578014973776902,false,false,3.7583261147457221,6.6587057256927178,,,
2010-09-01T00:00:00,EURJPY,10,0.9383235945891566,0.24867754751570711,success,11,15.608323921960297,12.886130498399222,false,false,2.4867754751570712,3.5935846821498374,,,
2010-09-02T00:00:00,EURJPY,10,0.8134715745986093,0.13125067655974801,success,11,15.608323971980449,14.135596630526326,false,false,1.31250676559748,5.0348316921970238,,,
2010-09-03T00:00:00,EURJPY,10,0.8672714931417268,0.21483467390119765,retry_success,11,15.608323886179685,13.731277557646983,true,false,2.1483467390119766,17.903506674464072,,,
2010-09-06T00:00:00,EURJPY,10,0.81272205746977255,0.7990303700161282,success,11,15.60832389272621,14.140528551420985,false,false,7.9903037001612818,189.10485741146638,,,
2010-09-07T00:00:00,EURJPY,10,0.66745574209688219,0.9072088418672708,success,11,15.6083239084484,14.911623782060479,false,false,9.072088418672708,15.434080836191159,,,
2010-09-08T00:00:00,EURJPY,10,0.64992637768581774,0.8016279962520787,success,11,15.608323982843666,14.989608373299905,false,false,8.0162799625207874,54.186890043681558,,,
2010-09-09T00:00:00,EURJPY,10,0.60072050529750454,0.49786246654792443,success,11,15.608323901363343,15.199855784057798,false,false,4.9786246654792441,14.792013404484535,,,
2010-09-10T00:00:00,EURJPY,10,0.66889054561312222,0.19667191646431442,success,11,15.608323900309614,14.905152461136934,false,false,1.9667191646431443,26.829872557075365,,,
2010-09-13T00:00:00,EURJPY,10,0.61229762686684819,0.29705688023351917,success,11,15.608324144182603,15.151343627188348,false,false,2.9705688023351917,15.238812096625582,,,
2010-09-14T00:00:00,EURJPY,10,0.8890984557365833,0.98400555427643943,success,11,15.608323909989007,13.526758750834551,false,false,9.8400555427643948,16.030765988018516,,,
2010-09-15T00:00:00,EURJPY,10,0.9264365653771357,0.99999989999264849,success,11,15.583746488138299,13.050549001793462,false,false,9.9999989999264844,8.3896502206511343,,,
2010-09-16T00:00:00,EURJPY,10,0.88442337462882603,0.82407436676735379,success,11,15.551281390746192,13.516279245304652,false,false,8.2407436676735379,14.58829573470752,,,
2010-09-17T00:00:00,EURJPY,10,0.80571604511783379,0.70235049714905551,success,11,15.596649839837569,14.174239234626501,false,false,7.0235049714905546,54.253484324476482,,,
2010-09-20T00:00:00,EURJPY,10,0.71296752569627753,0.61145761466269122,success,11,15.575794982352914,14.665954469226488,false,false,6.114576146626912,18.476213300772752,,,
2010-09-21T00:00:00,EURJPY,10,0.69172935252267254,2.0274542389058108e-05,success,11,15.60832388999269,14.800107242645421,false,false,0.00020274542389058108,6.816796943549468,,,
2010-09-22T00:00:00,EURJPY,10,0.90827423604319013,0.59052980125015897,success,11,15.608324014599088,13.315580958504103,false,false,5.9052980125015901,20.4829417721363,,,
2010-09-23T00:00:00,EURJPY,10,0.84790653909670388,0.49657067077697831,success,11,15.608323902591051,13.89004869245472,false,false,4.9657067077697832,44.259151822103881,,,
2010-09-24T00:00:00,EURJPY,10,0.84342070931538871,0.3995181872675535,success,11,15.608323895979105,13.924420531827202,false,false,3.995181872675535,305.09056457254502,,,
2010-09-27T00:00:00,EURJPY,10,0.90339048939161692,0.29418822814017587,success,11,15.608324009394231,13.372846303676139,false,false,2.9418822814017584,30.570207018508412,,,
2010-09-28T00:00:00,EURJPY,10,0.96910816283584555,0.19885330209495231,success,11,15.608323899299736,12.162439650044728,false,false,1.9885330209495231,207.78303377434838,,,
2010-09-29T00:00:00,EURJPY,10,0.98890474642764192,0.015323104492310866,success,11,15.608323912771002,11.118243309577069,false,false,0.15323104492310866,11.400545933831701,,,
2010-09-30T00:00:00,EURJPY,10,0.64408198384879167,0.20203101975336826,success,11,15.608323959393861,15.015198349899691,false,false,2.0203101975336826,50.863019784581923,,,
2010-10-01T00:00:00,EURJPY,10,0.59583623679422881,0.60695384977748701,success,11,15.608323986000185,15.220178277467594,false,false,6.0695384977748699,10.766785764692221,,,
2010-10-04T00:00:00,EURJPY,10,0.62778474372712756,0.68685016059233761,success,11,15.608323885042712,15.085598874914487,false,false,6.8685016059233766,1.3365625994474299,,,
2010-10-05T00:00:00,EURJPY,10,0.63388757521884076,0.56626969173559172,success,11,15.608323950158594,15.059392795365829,false,false,5.662696917355917,1.2400085429049941,,,
2010-10-06T00:00:00,EURJPY,10,0.60345508705988604,0.29515474402417002,success,11,15.608324019456157,15.188441710620211,false,false,2.9515474402417001,29.536426337961561,,,
2010-10-07T00:00:00,EURJPY,10,0.65500779256084307,0.33050227917788544,success,11,15.60832392162351,14.967198618662961,false,false,3.3050227917788546,1.015934485774201,,,
2010-10-08T00:00:00,EURJPY,10,0.63391903604823141,0.2770284115163632,success,11,15.608324058494617,15.059257337526477,false,false,2.7702841151636322,1.1877033269226156,,,
2010-10-11T00:00:00,EURJPY,10,0.73477215794970174,0.30294401018073031,success,11,15.608323912457248,14.589352688392932,false,false,3.0294401018073032,43.795138561474722,,,
2010-10-12T00:00:00,EURJPY,10,0.79349805585415045,0.91628555339616324,success,11,15.60832399728702,14.26218273451949,false,false,9.1628555339616327,1.7672260268768072,,,
2010-10-13T00:00:00,EURJPY,10,0.80765024301566291,0.76060594201203546,success,11,15.608324081007455,14.173510349549444,false,false,7.6060594201203546,1.5649023920944385,,,
2010-10-14T00:00:00,EURJPY,10,0.83987774038758378,0.59806086202292552,success,11,15.608323910181806,13.951005222113507,false,false,5.9806086202292557,84.021687921894568,,,
2010-10-15T00:00:00,EURJPY,10,0.73684966079258973,0.49752204533179356,success,11,15.608323912141461,14.578665529656064,false,false,4.9752204533179354,44.539243135530384,,,
2010-10-18T00:00:00,EURJPY,10,0.75093963943182307,0.39550422549000647,success,11,15.60832391824928,14.504693922316129,false,false,3.9550422549000648,24.774265446143165,,,
2010-10-19T00:00:00,EURJPY,10,0.69970838055546203,0.32795288490488422,success,11,15.290509135766232,14.444599554053141,false,false,3.2795288490488423,0.87747338400927399,,,
2010-10-20T00:00:00,EURJPY,10,0.84405900184417615,0.99999937231777047,success,11,15.608323888315153,13.919579207521911,false,false,9.9999937231777043,0.52034311162610791,,,
2010-10-21T00:00:00,EURJPY,10,0.80073851708747346,0.38568146773190515,success,11,15.608323906400763,14.217407404898456,false,false,3.8568146773190515,1.0780229958887999,,,
2010-10-22T00:00:00,EURJPY,10,0.94301453810629499,0.29813213602319155,success,11,15.60832394448604,12.802038425909879,false,false,2.9813213602319157,2.7569352565414782,,,
2010-10-25T00:00:00,EURJPY,10,0.87837880700991,0.19246073824442506,success,11,15.60832397766438,13.631157272814654,false,false,1.9246073824442504,5.1609069926740725,,,
2010-10-26T00:00:00,EURJPY,10,0.94069242457461699,0.089822633155591303,success,11,15.60832394262688,12.844444761969296,false,false,0.89822633155591303,3.4359290843585315,,,
2010-10-27T00:00:00,EURJPY,10,0.82941466223241311,0.86130866985090893,success,11,15.608323912849121,14.026839373347217,false,false,8.6130866985090897,3.4830713309760464,,,
2010-10-28T00:00:00,EURJPY,10,0.80343610852901837,0.72809241366610356,success,11,15.608323897893451,14.200413758227089,false,false,7.2809241366610351,6.3943239720321854,,,
2010-10-29T00:00:00,EURJPY,10,0.81296420830017402,0.36563713052676527,success,11,15.608323886526264,14.138936800182933,false,false,3.656371305267653,26.754552831403444,,,
2010-11-01T00:00:00,EURJPY,10,0.83451017245004244,0.51152632824764521,success,11,15.608323897872202,13.990388692943512,false,false,5.1152632824764517,1.0741596806794056,,,
2010-11-02T00:00:00,EURJPY,10,0.76028306200715257,0.19603301500387854,success,11,15.608324010756242,14.454091999051869,false,false,1.9603301500387855,32.213458066202755,,,
2010-11-03T00:00:00,EURJPY,10,0.80938931025876648,0.61337464374260409,success,11,15.439102600511941,13.993055649485591,false,false,6.1337464374260406,10.215717728295905,,,
2010-11-04T00:00:00,EURJPY,10,0.85270321477923627,0.54132072174918777,success,11,15.328782639127478,13.572820581793163,false,false,5.4132072174918777,5.9259645013136648,,,
2010-11-05T00:00:00,EURJPY,10,0.88067483936414781,0.48939663211789897,success,11,15.323835316521892,13.324999049120517,false,false,4.8939663211789899,13.349263178221271,,,
2010-11-08T00:00:00,EURJPY,10,0.92158203642675096,0.39464314902540243,success,11,14.380915514666679,11.916876744960005,false,false,3.9464314902540245,16.034900488919703,,,
2010-11-09T00:00:00,EURJPY,10,0.95530458739913715,0.29389146478642297,success,11,13.734372877894771,10.672213518553701,false,false,2.9389146478642298,18.068037386566452,,,
2010-11-10T00:00:00,EURJPY,10,0.62269540768430398,0.65178107085210935,success,11,14.245029832880826,13.744025144293529,false,false,6.5178107085210932,1.6887933111830904,,,
2010-11-11T00:00:00,EURJPY,10,0.86621985767067822,0.80282898263819258,success,11,15.016854663423841,13.148913633460424,false,false,8.0282898263819256,16.635452428962093,,,
2010-11-12T00:00:00,EURJPY,10,0.7725108580007114,0.39514129297660083,success,11,15.068166521378711,13.845622966817597,false,false,3.9514129297660081,4.3431261170870092,,,
2010-11-15T00:00:00,EURJPY,10,0.92524480498861605,0.60121404601610562,success,11,15.221594630141892,12.705754981938364,false,false,6.0121404601610564,17.384627320534712,,,
2010-11-16T00:00:00,EURJPY,10,0.97570175414036653,0.50093719039801266,success,11,14.961700150427918,11.2689473513826,false,false,5.0093719039801261,17.382980709433159,,,
2010-11-17T00:00:00,EURJPY,10,0.91577343081478113,0.6484283141123639,success,11,15.597809359742,13.211550791926433,false,false,6.4842831411236386,1.6466561707036531,,,
2010-11-18T00:00:00,EURJPY,10,0.7547237760316563,0.91049152571253078,success,11,15.608324015462808,14.484357212942371,false,false,9.1049152571253078,14.737494713325006,,,
2010-11-19T00:00:00,EURJPY,10,0.68885837608278211,0.57303227010986402,success,11,15.48865213742071,14.693864628382384,false,false,5.7303227010986406,1.1222919785002963,,,
2010-11-22T00:00:00,EURJPY,10,0.65766232017573512,0.48171801798663905,success,11,15.608323887895054,14.955429897362452,false,false,4.8171801798663907,1.0156469778169515,,,
2010-11-23T00:00:00,EURJPY,10,0.97980139319919457,0.60417008070925105,success,11,15.477713046015877,11.595976786661836,false,false,6.0417008070925107,40.107962373190631,,,
2010-11-24T00:00:00,EURJPY,10,0.87618808031215478,0.50857608953377809,success,11,15.567519880044955,13.610702746025204,false,false,5.0857608953377813,15.470747652074767,,,
2010-11-25T00:00:00,EURJPY,10,0.95345061269315767,0.40971608539261978,success,11,15.389334510036708,12.369760723742042,false,false,4.0971608539261979,14.91137531782779,,,
2010-11-26T00:00:00,EURJPY,10,0.74081185372657532,0.60090168625313101,success,11,15.318513787846191,14.268321334854033,false,false,6.0090168625313103,16.921118895714429,,,
2010-11-29T00:00:00,EURJPY,10,0.95091651112976949,0.20676078986494742,success,11,15.300309595338984,12.336406029949327,false,false,2.0676078986494741,15.616896197311062,,,
2010-11-30T00:00:00,EURJPY,10,0.65992998322867158,0.30083986564832571,success,11,14.976879439393709,14.313897224107489,false,false,3.0083986564832572,16.516015328183375,,,
2010-12-01T00:00:00,EURJPY,10,0.80549720229321198,0.87462688587255888,success,11,15.608323893827395,14.187310711522903,false,false,8.746268858725589,1.6738802432431026,,,
2010-12-02T00:00:00,EURJPY,10,0.66997881617526234,0.62045649839911765,success,11,15.608323882660647,14.900234634232859,false,false,6.2045649839911761,1.3439463326888175,,,
2010-12-03T00:00:00,EURJPY,10,0.66365034842290083,0.60263608015666326,success,11,15.608323901949147,14.928719723444267,false,false,6.026360801566633,34.07192032414072,,,
2010-12-06T00:00:00,EURJPY,10,0.63133555955430776,0.50256577528893209,success,11,15.608324377996256,15.070373721525241,false,false,5.0256577528893205,27.718124546810031,,,
2010-12-07T00:00:00,EURJPY,10,0.66940726219730562,0.091624538846721101,success,11,15.60832438372146,14.902818964613907,false,false,0.91624538846721104,14.09434385744281,,,
2010-12-08T00:00:00,EURJPY,10,0.76631087251794761,0.59756054337239806,success,11,15.608323888232668,14.420727679091362,false,false,5.975605433723981,51.94006014992646,,,
2010-12-09T00:00:00,EURJPY,10,0.79985610642831206,0.4689670014659435,success,11,15.608323887203349,14.222928618391585,false,false,4.689670014659435,18.472674180285367,,,
2010-12-10T00:00:00,EURJPY,10,0.89805051448410778,0.39731104294930863,success,11,15.608323979759961,13.43257511140253,false,false,3.9731104294930861,65.428644083346555,,,
2010-12-13T00:00:00,EURJPY,10,0.94495033388456895,0.29771620807530497,success,11,15.608324992063991,12.765428420722817,false,false,2.9771620807530499,89.938758633854093,,,
2010-12-14T00:00:00,EURJPY,10,0.95788526649075623,1.0000081270003303e-07,success,11,15.608323885081447,12.483993521917526,false,false,1.0000081270003302e-06,0.22815394121142374,,,
2010-12-15T00:00:00,EURJPY,10,0.77608811050020943,1.0000000000000002e-07,success,11,15.608323959489072,14.3653105253176,false,false,1.0000000000000002e-06,0.45159102062764322,,,
2010-12-16T00:00:00,EURJPY,10,0.64030182544285319,0.79861800318556853,success,11,15.60832431114172,15.031649919487959,false,false,7.9861800318556853,58.5843526975492,,,
2010-12-17T00:00:00,EURJPY,10,0.68463734351247496,0.69663535747160998,success,11,15.608323895444448,14.83315788994225,false,false,6.9663535747161003,29.645926648495863,,,
2010-12-20T00:00:00,EURJPY,10,0.85995130685633847,0.68176934093662145,success,11,15.537533274495605,13.722647677092585,false,false,6.8176934093662149,1.2413632469136695,,,
2010-12-21T00:00:00,EURJPY,10,0.72464190525853223,0.53239266445671385,success,11,14.83686050634997,13.869255310581412,false,false,5.3239266445671385,0.87969587876769562,,,
2010-12-22T00:00:00,EURJPY,10,0.83369050537735656,0.47713189114987475,success,11,15.543260651192242,13.931248892287071,false,false,4.7713189114987475,1.3883206372360637,,,
2010-12-23T00:00:00,EURJPY,10,0.82682976291141719,0.29795486909012864,success,11,14.578725378530143,13.015401693726631,false,false,2.9795486909012863,16.121336447460049,,,
2010-12-24T00:00:00,EURJPY,10,0.81996545528714948,0.1985014757149299,success,11,14.698997400707414,13.182883936583371,false,false,1.9850147571492991,16.391139694279513,,,
2010-12-27T00:00:00,EURJPY,10,0.71856980497360201,0.11669728130213378,success,11,14.864121615858044,13.926743203091615,false,false,1.1669728130213377,0.47809758092352589,,,
2010-12-28T00:00:00,EURJPY,10,0.70537890264876457,0.86941535124453018,success,11,15.608323886581044,14.735278892590363,false,false,8.6941535124453022,7.2570838761038718,,,
2010-12-29T00:00:00,EURJPY,10,0.75793703186221328,0.56131385597854488,success,11,15.60832390080367,14.466921481261096,false,false,5.6131385597854484,1.9664559912327115,,,
2010-12-30T00:00:00,EURJPY,10,0.74719950687159697,0.62910753726924962,success,11,15.608323894199568,14.524592280190523,false,false,6.2910753726924966,4.6318969419788703,,,
2010-12-31T00:00:00,EURJPY,10,0.6686224804735742,0.32109391623583383,success,11,15.592254963020322,14.890293634225145,false,false,3.2109391623583385,1.8874991740909581,,,
2011-01-03T00:00:00,EURJPY,10,0.61420446108834459,0.15743449361569889,success,11,15.506643621771138,15.041623287730257,false,false,1.5743449361569888,1.5217210101257812,,,
2011-01-04T00:00:00,EURJPY,10,0.66465294810893161,0.79814989665046565,success,11,15.426303270474371,14.742204219956278,false,false,7.9814989665046561,15.448295955659434,,,
2011-01-05T00:00:00,EURJPY,10,0.68785759749830211,0.69592070552298391,success,11,15.418340395441302,14.628218061268745,false,false,6.9592070552298386,15.149022199569584,,,
2011-01-06T00:00:00,EURJPY,10,0.66634769495502233,0.86073308930081482,success,11,15.595805815538586,14.904093664626966,false,false,8.6073308930081485,0.5148200685066413,,,
2011-01-07T00:00:00,EURJPY,10,0.75307901702439783,0.49830678602782552,success,11,14.983829825701319,13.868728045584927,false,false,4.983067860278255,0.99336939334731433,,,
2011-01-10T00:00:00,EURJPY,10,0.68633321553562987,0.33246174139108314,success,11,15.002729548499007,14.219697528240507,false,false,3.3246174139108313,1.0449283793878519,,,
2011-01-11T00:00:00,EURJPY,10,0.87261951555972928,0.68816643664935084,success,11,14.677031859105478,12.752710781872583,false,false,6.8816643664935082,15.548214562623837,,,
2011-01-12T00:00:00,EURJPY,10,0.9039085644263446,0.40840909681724452,success,11,13.859385365556381,11.617957347889519,false,false,4.0840909681724451,0.80125378529292046,,,
2011-01-13T00:00:00,EURJPY,10,0.99391344352000177,0.44952995680145741,success,11,13.166999841455695,8.0714322009217145,false,false,4.4952995680145742,5.78237859614533,,,
2011-01-14T00:00:00,EURJPY,10,0.76511560520466881,0.60009886504509458,success,11,13.499218911440796,12.318285427179113,false,false,6.000988650450946,680.62201918546202,,,
2011-01-17T00:00:00,EURJPY,10,0.68767420263625978,0.50853724987033755,success,11,13.9415006909677,13.152232373179235,false,false,5.0853724987033759,14.460540932447341,,,
2011-01-18T00:00:00,EURJPY,10,0.7286642642850778,0.40786532061797293,success,11,15.026186625442552,14.038330473616567,false,false,4.0786532061797294,11.924740080871745,,,
2011-01-19T00:00:00,EURJPY,10,0.68903217068772782,0.30452316017621539,success,11,15.174298316470626,14.378699818795385,false,false,3.0452316017621541,14.096246137225613,,,
2011-01-20T00:00:00,EURJPY,10,0.88901175136074118,0.44033462557355019,success,11,15.289970420896324,13.209284294434404,false,false,4.4033462557355021,1.1226113543466265,,,
2011-01-21T00:00:00,EURJPY,10,0.72480829879680198,0.31414349910770129,success,11,15.586380046756839,14.617940792411646,false,false,3.1414349910770127,1.4184585725735261,,,
2011-01-24T00:00:00,EURJPY,10,0.73391278460008436,0.82783602339546758,success,11,15.60832388541572,14.593757818416764,false,false,8.2783602339546754,10.088855771742697,,,
2011-01-25T00:00:00,EURJPY,10,0.67917704870138851,0.767458105478663,success,11,15.608323902225823,14.858331476845763,false,false,7.6745810547866302,3.1594196988200052,,,
2011-01-26T00:00:00,EURJPY,10,0.87187256182676176,0.69910154456386686,success,11,15.6083242144331,13.690706325254775,false,false,6.9910154456386682,1842.0407806356798,,,
2011-01-27T00:00:00,EURJPY,10,0.78812566150959551,0.56041351745439028,success,11,15.608323891223788,14.294659701119578,false,false,5.6041351745439032,3.0621235095840404,,,
2011-01-28T00:00:00,EURJPY,10,0.87513708827742442,0.91125766157099497,success,11,15.608324149698557,13.661160032556296,false,false,9.1125766157099495,5.8494957039470625,,,
2011-01-31T00:00:00,EURJPY,10,0.7678805608301168,0.80064558347979897,success,11,15.608323905986145,14.411941767883389,false,false,8.0064558347979897,15.773673153364179,,,
2011-02-01T00:00:00,EURJPY,10,0.87579987073678367,0.69915539112724023,success,11,15.608323895030111,13.655080498522745,false,false,6.9915539112724021,17.648233673558892,,,
2011-02-02T00:00:00,EURJPY,10,0.78290360300687101,0.59181141024425443,success,11,15.608323887325103,14.325655791968915,false,false,5.9181141024425443,13.78486033090317,,,
2011-02-03T00:00:00,EURJPY,10,0.69803070530484113,0.4880857365367211,success,11,15.608323885281175,14.770386132089232,false,false,4.8808573653672109,13.437677303949618,,,
2011-02-04T00:00:00,EURJPY,10,0.85589631933096211,0.30596583712280467,success,11,15.608323886065312,13.826707684679482,false,false,3.0596583712280467,30.672705833957203,,,
2011-02-07T00:00:00,EURJPY,10,0.64001879512979487,0.49457190606379531,success,11,15.608323893758907,15.032878171839458,false,false,4.9457190606379529,17.951046008971662,,,
2011-02-08T00:00:00,EURJPY,10,0.82318147708338063,0.7943848988697475,success,11,15.608323893071661,14.070271122262195,false,false,7.943848988697475,16.802180048185981,,,
2011-02-09T00:00:00,EURJPY,10,0.79233003436810046,0.26636016857329298,success,11,15.608323906216864,14.269296007002289,false,false,2.6636016857329299,25.907885250699159,,,
2011-02-10T00:00:00,EURJPY,10,0.8270552095146726,1.3842329025347613e-06,success,11,15.608324158039652,14.043425119882164,false,false,1.3842329025347612e-05,0.27933305205599018,,,
2011-02-11T00:00:00,EURJPY,10,0.82744804871526001,9.9999999999999995e-08,success,11,15.608324026229957,14.040676059956132,false,false,9.9999999999999995e-07,0.1685237597707559,,,
2011-02-14T00:00:00,EURJPY,10,0.86902841028588895,0.39086925561979835,success,11,15.580753332507204,13.688357941966508,false,false,3.9086925561979835,18.634666670799678,,,
2011-02-15T00:00:00,EURJPY,10,0.66410744530409938,0.29916105601419246,success,11,15.608323950922349,14.926671330452212,false,false,2.9916105601419245,107.83501261612321,,,
2011-02-16T00:00:00,EURJPY,10,0.83036109242533629,0.1992163526957727,success,11,15.607634195972835,14.019445643591947,false,false,1.9921635269577269,201.83839949231898,,,
2011-02-17T00:00:00,EURJPY,10,0.88089292285161636,7.6842968721289256e-07,success,11,15.60832388760042,13.607410706011056,false,false,7.6842968721289251e-06,9.0856203790043004,,,
2011-02-18T00:00:00,EURJPY,10,0.96874272981156839,0.21109165716573552,success,11,15.581283758462112,12.147536677687684,false,false,2.1109165716573552,16.320697119834374,,,
2011-02-21T00:00:00,EURJPY,10,0.78983575687534913,0.58968560618404764,success,11,15.608324187943778,14.284388501933016,false,false,5.8968560618404764,169.69980003772878,,,
2011-02-22T00:00:00,EURJPY,10,0.58629384439128629,0.69090318606340406,success,11,15.480799203828086,15.132134051748734,false,false,6.9090318606340411,1.6292944667479599,,,
2011-02-23T00:00:00,EURJPY,10,0.6191291124814946,0.5448596362892365,success,11,15.608324605268994,15.12247121176404,false,false,5.4485963628923653,1.9228255097114995,,,
2011-02-24T00:00:00,EURJPY,10,0.60245251455087678,0.49973806453082348,success,11,15.608324091974294,15.192629630947859,false,false,4.997380645308235,147.31133083668686,,,
2011-02-25T00:00:00,EURJPY,10,0.60705679939962731,0.39913330441275391,success,11,15.608323909802428,15.173366622840669,false,false,3.991333044127539,43.93168026516004,,,
2011-02-28T00:00:00,EURJPY,10,0.60196966218399217,0.28475213126318077,success,11,15.60832394778023,15.194645126832254,false,false,2.847521312631808,3.0133318960692135,,,
2011-03-01T00:00:00,EURJPY,10,0.57504139749114624,0.40104654194418232,success,11,15.608323919307587,15.305873643783659,false,false,4.0104654194418234,33.693772259077129,,,
2011-03-02T00:00:00,EURJPY,10,0.57739172665257255,0.33200586551884481,success,11,15.608323936032548,15.296248679774305,false,false,3.3200586551884479,21.654635445856499,,,
2011-03-03T00:00:00,EURJPY,10,0.77096341599973772,0.50766441403883522,success,11,15.565523940929854,14.351764764811861,false,false,5.0766441403883524,4.3159327035235924,,,
2011-03-04T00:00:00,EURJPY,10,0.64655973799846955,0.38183878188579229,success,11,15.585845682329003,14.98189456718428,false,false,3.8183878188579228,2.4833189442686403,,,
2011-03-07T00:00:00,EURJPY,10,0.75452135162128176,0.70207475839928368,success,11,15.553903033602896,14.431029428232744,false,false,7.0207475839928364,16.608072583307951,,,
2011-03-08T00:00:00,EURJPY,10,0.68811454153722462,0.60083483839346319,success,11,15.590719176826095,14.799399868050035,false,false,6.0083483839346314,17.268817061026226,,,
2011-03-09T00:00:00,EURJPY,10,0.650409758649235,0.50061876244926107,success,11,15.560084989968841,14.939244157409952,false,false,5.0061876244926111,19.128286942085758,,,
2011-03-10T00:00:00,EURJPY,10,0.82065806805771147,0.59071964899527607,success,11,15.542269137513863,14.021456815060382,false,false,5.9071964899527609,17.846814121349649,,,
2011-03-11T00:00:00,EURJPY,10,0.90849247264257127,0.49018365522885732,success,11,15.44781743025665,13.152452063032687,false,false,4.9018365522885734,16.003175515069138,,,
2011-03-14T00:00:00,EURJPY,10,0.65972082998729675,0.52736261156406783,success,11,15.350140444906573,14.688090053211464,false,false,5.2736261156406785,1.3589865794925604,,,
2011-03-15T00:00:00,EURJPY,10,0.69177290473189623,0.29983760383740055,success,11,15.5826385890345,14.774217693213979,false,false,2.9983760383740057,1010.7659333543288,,,
2011-03-16T00:00:00,EURJPY,10,0.94476980034048019,0.90656611891117933,success,11,13.991511020468479,11.152079619134877,false,false,9.0656611891117933,1.2078919867896538,,,
2011-03-17T00:00:00,EURJPY,10,0.9790325740682474,0.80383928954797668,success,11,15.60832398581455,11.764729158384364,false,false,8.0383928954797668,14.784772205546307,,,
2011-03-18T00:00:00,EURJPY,10,0.99996745590227398,0.99999990000000005,success,11,15.274868915733254,4.9419869251442723,false,false,9.9999990000000007,0.44859956920384098,,,
2011-03-21T00:00:00,EURJPY,10,0.99946319567545616,0.45911608714874452,success,11,15.018406356498652,7.4890663887696398,false,false,4.5911608714874452,0.93824721726307192,,,
2011-03-22T00:00:00,EURJPY,10,0.99744057360210225,0.33047852650424014,success,11,15.077556252476397,9.1121468508876866,false,false,3.3047852650424017,1.0833647290630044,,,
2011-03-23T00:00:00,EURJPY,10,0.98380366314965284,0.40517023202033497,success,11,15.022096879761921,10.915455628258083,false,false,4.0517023202033497,15.130157383318778,,,
2011-03-24T00:00:00,EURJPY,10,0.88849797747072579,0.69805567788065837,success,11,15.107705793668632,13.032216152429511,false,false,6.9805567788065837,15.565442018494725,,,
2011-03-25T00:00:00,EURJPY,10,0.95740285951477955,0.5970077455891144,success,11,15.20205739123201,12.08962025378999,false,false,5.9700774558911442,14.652983384747325,,,
2011-03-28T00:00:00,EURJPY,10,0.9814868723185266,0.49537654032080009,success,11,15.165489266825645,11.194900713157882,false,false,4.953765403208001,14.587567315251036,,,
2011-03-29T00:00:00,EURJPY,10,0.98259123524310621,0.36822848068803571,success,11,15.057833412998427,11.024614014323813,false,false,3.6822848068803573,3.2122365055600497,,,
2011-03-30T00:00:00,EURJPY,10,0.99453100518013471,2.4570196633152956e-07,success,11,15.546992150960774,10.343815713683863,false,false,2.4570196633152955e-06,0.3958616518046732,,,
2011-03-31T00:00:00,EURJPY,10,0.9988594389781319,0.78102214890425403,success,11,14.291299387183887,7.516205585956893,false,false,7.8102214890425401,3.6201963897260989,,,
2011-04-01T00:00:00,EURJPY,10,0.973238646423774,0.321247720348247,success,11,14.771259470174597,11.177588965435977,false,false,3.2124772034824698,3.2267793164201026,,,
2011-04-04T00:00:00,EURJPY,10,0.63236497015875925,0.44518124747912741,success,11,15.606541048447804,15.064165015859629,false,false,4.4518124747912742,1.2516772732082548,,,
2011-04-05T00:00:00,EURJPY,10,0.77330971718606134,0.10053375792154448,success,11,15.301608946689068,14.074514002244374,false,false,1.0053375792154449,3406.1153255966587,,,
2011-04-06T00:00:00,EURJPY,10,0.78113960897432244,7.8813140888672723e-05,success,11,15.608323884109131,14.336004036191472,false,false,0.00078813140888672718,7.9127535621720186,,,
2011-04-07T00:00:00,EURJPY,10,0.79872079346843283,0.50543009255032578,success,11,15.608323885362996,14.230005477029177,false,false,5.0543009255032576,24.139409288985988,,,
2011-04-08T00:00:00,EURJPY,10,0.69873686743813124,0.40131962811269134,success,11,15.608323952238649,14.767033799731053,false,false,4.0131962811269135,70.871878080815321,,,
2011-04-11T00:00:00,EURJPY,10,0.90316614998436451,0.33739845906914817,success,11,15.608323885950677,13.375413975090677,false,false,3.3739845906914816,23.083145164173786,,,
2011-04-12T00:00:00,EURJPY,10,0.70688817658174152,0.99998821149829187,success,11,15.608323903162079,14.728005601953592,false,false,9.9998821149829187,0.21330679353721521,,,
2011-04-13T00:00:00,EURJPY,10,0.76820849306418404,0.14413729495307315,success,11,15.60832394201908,14.410101060983429,false,false,1.4413729495307315,62.10085475742757,,,
2011-04-14T00:00:00,EURJPY,10,0.50243580682987776,0.56404120984820272,success,11,15.608323932907119,15.598580628509074,false,false,5.6404120984820274,18.540099022285574,,,
2011-04-15T00:00:00,EURJPY,10,0.5447364764949455,3.7788032805137435e-06,success,11,15.608324007134888,15.428898282610586,false,false,3.7788032805137436e-05,0.39198766324037421,,,
2011-04-18T00:00:00,EURJPY,10,0.86196685189578337,0.90032951199084099,success,11,15.336490599202602,13.504767644122268,false,false,9.0032951199084099,97.522462311779378,,,
2011-04-19T00:00:00,EURJPY,10,0.7133557333703846,0.80817900935544418,success,11,15.608323955729187,14.696585692815578,false,false,8.0817900935544422,15.009201170770956,,,
2011-04-20T00:00:00,EURJPY,10,0.79326405934211075,0.70701002801996304,success,11,15.608323898212779,14.263610074121875,false,false,7.0701002801996307,16.091251899295909,,,
2011-04-21T00:00:00,EURJPY,10,0.82917708883212049,0.60711673517654596,success,11,15.608323909861484,14.028517572815691,false,false,6.0711673517654594,15.994640951035679,,,
2011-04-22T00:00:00,EURJPY,10,0.72907709511262397,0.50051879361881668,success,11,15.608323900770889,14.618378716337288,false,false,5.0051879361881664,16.669167897690244,,,
2011-04-25T00:00:00,EURJPY,10,0.87349501745338176,0.40266660055682924,success,11,15.607560365577648,13.675339635249486,false,false,4.0266660055682921,15.17388324759872,,,
2011-04-26T00:00:00,EURJPY,10,0.98918030993815953,0.70970783802481419,success,11,15.608323892806688,11.092814890470265,false,false,7.0970783802481421,510.30652339964735,,,
2011-04-27T00:00:00,EURJPY,10,0.67084887013342576,0.73216271751218276,success,11,15.529795059251061,14.817768185035158,false,false,7.3216271751218276,1.179343723178498,,,
2011-04-28T00:00:00,EURJPY,10,0.70187557730785088,0.56201971446153431,success,11,15.608302255534971,14.752057032698623,false,false,5.6201971446153429,1.2536085003916571,,,
2011-04-29T00:00:00,EURJPY,10,0.76636972318114049,0.40210194214853834,success,11,15.605778643364696,14.417853774957452,false,false,4.0210194214853834,1.2910264668978477,,,
2011-05-02T00:00:00,EURJPY,10,0.85222253038157558,1.6960695087420022e-06,success,11,15.608323893520497,13.85618377348896,false,false,1.6960695087420022e-05,0.82101621693146842,,,
2011-05-03T00:00:00,EURJPY,10,0.62890924622163669,0.36781877462519208,success,11,15.608323926614794,15.080783615002291,false,false,3.678187746251921,1.5608754885667624,,,
2011-05-04T00:00:00,EURJPY,10,0.62277225574361916,0.083565525190624879,success,11,15.608323923896604,15.106992133773002,false,false,0.83565525190624879,6.2062898422534367,,,
2011-05-05T00:00:00,EURJPY,10,0.89991746431485042,0.90409896878637641,success,11,15.570052923092017,13.37374507270974,false,false,9.0409896878637639,46.308668779731811,,,
2011-05-06T00:00:00,EURJPY,10,0.81399667371559425,0.80452050996268465,success,11,15.164654869540023,13.688463146693101,false,false,8.0452050996268465,41.066352412390906,,,
2011-05-09T00:00:00,EURJPY,10,0.65546030906966457,0.60582159951154413,success,11,15.243850237035492,14.600721783251014,false,false,6.0582159951154413,1.4867644337608825,,,
2011-05-10T00:00:00,EURJPY,10,0.91001349933918751,0.60632153053823956,success,11,15.223856736365851,12.910056968948918,false,false,6.0632153053823954,35.388904713898818,,,
2011-05-11T00:00:00,EURJPY,10,0.7423489694749239,0.089602743241251018,success,11,15.60178129791295,14.54356793051635,false,false,0.89602743241251015,14.069239160129895,,,
2011-05-12T00:00:00,EURJPY,10,0.99358104531537095,0.17959561190445961,success,11,15.608319756214037,10.566259404728903,false,false,1.7959561190445961,3.7745970627612366,,,
2011-05-13T00:00:00,EURJPY,10,0.5375462056882665,0.65295125289560318,success,11,15.60832414141893,15.457856068811495,false,false,6.5295125289560314,47.1467549232772,,,
2011-05-16T00:00:00,EURJPY,10,0.50879352309924442,0.36987333652925419,success,11,15.608323928749671,15.573146209181431,false,false,3.6987333652925418,23.171906635773517,,,
2011-05-17T00:00:00,EURJPY,10,0.63978618580246915,0.40058566399933265,success,11,15.59739907709249,15.022962824712142,false,false,4.0058566399933264,14.811763766362644,,,
2011-05-18T00:00:00,EURJPY,10,0.60326827977827213,0.60544797588738974,success,11,15.509321908018356,15.090220186361719,false,false,6.0544797588738977,16.835337843962094,,,
2011-05-19T00:00:00,EURJPY,10,0.80837062687414318,0.099985212891670103,success,11,15.442993893729865,14.003536401953033,false,false,0.99985212891670106,14.119940748602307,,,
2011-05-20T00:00:00,EURJPY,10,0.57973381931630963,0.39962056900796833,success,11,15.608323892265222,15.28664310034635,false,false,3.9962056900796834,18.053043185420044,,,
2011-05-23T00:00:00,EURJPY,10,0.60284172699493666,0.69937481362669984,success,11,15.608323900259425,15.191004087742282,false,false,6.9937481362669986,102.34004391507911,,,
2011-05-24T00:00:00,EURJPY,10,0.6637765674456142,0.59544092162389961,success,11,15.608323994963088,14.928154313728401,false,false,5.9544092162389965,19.109869557921503,,,
2011-05-25T00:00:00,EURJPY,10,0.95742253369947439,0.91407453602000677,success,11,15.603269985461726,12.490350325677428,false,false,9.1407453602000679,4.0772161685853527,,,
2011-05-26T00:00:00,EURJPY,10,0.70608214581996431,0.39694174209311189,success,11,15.573361387317425,14.696930123486347,false,false,3.9694174209311188,14.223012491471382,,,
2011-05-27T00:00:00,EURJPY,10,0.83457327755752797,0.59794266852483668,success,11,15.577118157156379,13.958725939844561,false,false,5.9794266852483666,15.167164266682773,,,
2011-05-30T00:00:00,EURJPY,10,0.83129506059458236,0.50181670312396387,success,11,15.357492052954404,13.762658522568714,false,false,5.0181670312396385,16.953473756801447,,,
2011-05-31T00:00:00,EURJPY,10,0.69278962707388037,0.90719981362743485,success,11,15.586629220438384,14.773435602509668,false,false,9.0719981362743489,14.792421318567625,,,
2011-06-01T00:00:00,EURJPY,10,0.89013624089488208,0.84731795005506005,success,11,15.608323979783577,13.516190493676888,false,false,8.4731795005506001,28.188699367629575,,,
2011-06-02T00:00:00,EURJPY,10,0.88291545226368495,0.70171380421450225,success,11,15.608323900790678,13.587990759373014,false,false,7.0171380421450227,97.771552270150607,,,
2011-06-03T00:00:00,EURJPY,10,0.8114268672395929,0.60073985557903842,success,11,15.608323881525525,14.149015522950805,false,false,6.0073985557903846,181.26680879593059,,,
2011-06-06T00:00:00,EURJPY,10,0.90328903646553427,0.53393523975768742,success,11,15.608323913948142,13.374008099878818,false,false,5.3393523975768744,20.408628570250208,,,
2011-06-07T00:00:00,EURJPY,10,0.80420276820844527,0.20772448678988273,success,11,15.6083270850982,14.19555524050941,false,false,2.0772448678988273,0.87038129906543082,,,
2011-06-08T00:00:00,EURJPY,10,0.88780468198863982,0.30903244288922926,success,11,15.608323898562444,13.539813395742826,false,false,3.0903244288922926,22.22036260858015,,,
2011-06-09T00:00:00,EURJPY,10,0.66618486898003237,0.99999990000000005,success,11,15.608323899672191,14.917344026398039,false,false,9.9999990000000007,84.230485554367263,,,
2011-06-10T00:00:00,EURJPY,10,0.61928344573194094,0.49922063014494655,success,11,15.608323961568521,15.121816030798559,false,false,4.9922063014494658,62.274521657505673,,,
2011-06-13T00:00:00,EURJPY,10,0.67988622011496269,0.39960247771683527,success,11,15.608323892473813,14.8550749264014,false,false,3.9960247771683526,206.17860820721913,,,
2011-06-14T00:00:00,EURJPY,10,0.71611889949926988,0.22333547026608991,success,11,15.608323964416204,14.683033240778805,false,false,2.2333547026608991,7.3274030312111345,,,
2011-06-15T00:00:00,EURJPY,10,0.65186740069052918,0.19756810619578996,success,11,15.608323896714705,14.981066168343721,false,false,1.9756810619578997,35.436533729662926,,,
2011-06-16T00:00:00,EURJPY,10,0.64294187682001536,0.097730124870968882,success,11,15.608323906068286,15.020168158219953,false,false,0.97730124870968882,42.246706101136667,,,
2011-06-17T00:00:00,EURJPY,10,0.57907209094807988,9.9999999999999995e-08,success,11,15.60832394427597,15.289358546657381,false,false,9.9999999999999995e-07,30.808194066498604,,,
2011-06-20T00:00:00,EURJPY,10,0.50814401415460719,0.46625730269045562,success,11,15.608323886222934,15.575744948338031,false,false,4.662573026904556,23.471853104687334,,,
2011-06-21T00:00:00,EURJPY,10,0.75214884307715524,0.69909602432677009,success,11,15.608323911060468,14.498218069362682,false,false,6.9909602432677005,141.29092619739495,,,
2011-06-22T00:00:00,EURJPY,10,0.65306649635328806,0.99999990000000005,success,11,15.608323906590163,14.975778079851571,false,false,9.9999990000000007,12.105940709080091,,,
2011-06-23T00:00:00,EURJPY,10,0.72159191412448742,0.89064908469856086,success,11,15.608324780023066,14.65595298895059,false,false,8.9064908469856086,0.66894152420458064,,,
2011-06-24T00:00:00,EURJPY,10,0.85450278437021021,0.39837745580505607,success,11,15.608323997553729,13.837961186387925,false,false,3.9837745580505608,94.113977603417794,,,
2011-06-27T00:00:00,EURJPY,10,0.69142405687156117,0.94754351689604266,success,11,15.608323888033352,14.801538548741997,false,false,9.475435168960427,2.259117560415449,,,
2011-06-28T00:00:00,EURJPY,10,0.7348985052292355,0.19874358475706577,success,11,15.608324301042225,14.588704651283656,false,false,1.9874358475706577,89.497324668058837,,,
2011-06-29T00:00:00,EURJPY,10,0.79024781431388813,0.098060589441014784,success,11,15.400214568287739,14.073794748739266,false,false,0.98060589441014789,84.443171125736029,,,
2011-06-30T00:00:00,EURJPY,10,0.79697858526470822,0.16704123911119573,success,11,15.457687268960205,14.090170924494334,false,false,1.6704123911119573,1.7530316182166545,,,
2011-07-01T00:00:00,EURJPY,10,0.65042611465707223,0.16128956776268905,success,11,15.539814770563375,14.918902003764526,false,false,1.6128956776268903,1.9872964706505665,,,
2011-07-04T00:00:00,EURJPY,10,0.92910831680349715,0.60082544927329296,success,11,15.545690593071292,12.972618389366108,false,false,6.0082544927329291,16.609024755999133,,,
2011-07-05T00:00:00,EURJPY,10,0.84494283602616005,0.53450422395545327,success,11,15.526155021448856,13.830679894813738,false,false,5.3450422395545329,2.873785928547163,,,
2011-07-06T00:00:00,EURJPY,10,0.77229097326003082,0.45769519328823682,success,11,15.001531284727264,13.7802385127574,false,false,4.576951932882368,2.1432413294320241,,,
2011-07-07T00:00:00,EURJPY,10,0.70288160712173486,0.38699782610192596,success,11,15.565535110227314,14.704477332112431,false,false,3.8699782610192597,1.4830592222918133,,,
2011-07-08T00:00:00,EURJPY,10,0.71213583550555437,0.99999990000000005,success,11,15.608323889115455,14.702543933507924,false,false,9.9999990000000007,0.63322565902162653,,,
2011-07-11T00:00:00,EURJPY,10,0.96901615297009724,0.76471288541486637,success,11,14.752823758616941,11.310008482266163,false,false,7.6471288541486633,1.5694710050275664,,,
2011-07-12T00:00:00,EURJPY,10,0.9541718294685354,0.79903826528038102,success,11,14.016990428976218,10.981045638143712,false,false,7.9903826528038104,109.35959526643265,,,
2011-07-13T00:00:00,EURJPY,10,0.98164491981075419,0.55039382529558356,success,11,15.539502500113512,11.56017923167045,false,false,5.5039382529558356,1.7324422875418968,,,
2011-07-14T00:00:00,EURJPY,10,0.95268278276297247,0.43300736121558103,success,11,15.522063032729603,12.519655276273413,false,false,4.3300736121558101,1.9859288376378619,,,
2011-07-15T00:00:00,EURJPY,10,0.89780658829427029,0.31163421106784905,success,11,15.556924897469189,13.383837443856113,false,false,3.1163421106784908,10.847283873003736,,,
2011-07-18T00:00:00,EURJPY,10,0.86860579374313607,0.2177384622651061,success,11,15.594252121878014,13.705564744255895,false,false,2.1773846226510609,2.9772757955097,,,
2011-07-19T00:00:00,EURJPY,10,0.60578625340211101,0.5530509907755099,success,11,15.596996800747576,15.167362860307186,false,false,5.530509907755099,38.812485031812066,,,
2011-07-20T00:00:00,EURJPY,10,0.91010243655794354,0.58633838494372026,success,11,15.569747477288789,13.254861154596885,false,false,5.863383849437203,14.9949708689623,,,
2011-07-21T00:00:00,EURJPY,10,0.88010919414271527,0.48996867305666658,success,11,15.421723930801344,13.428259324109668,false,false,4.8996867305666658,15.754785804292792,,,
2011-07-22T00:00:00,EURJPY,10,0.91741935112505202,0.30010391856380458,success,11,15.267342195643545,12.859552898217988,false,false,3.0010391856380458,16651.309016009349,,,
2011-07-25T00:00:00,EURJPY,10,0.96712120506131682,0.28523851910233922,success,11,15.572609543628211,12.191113633937425,false,false,2.8523851910233922,13.910276307365473,,,
2011-07-26T00:00:00,EURJPY,10,0.97347411923218685,0.10549243765745105,success,11,15.608323915358497,12.005573565321669,false,false,1.0549243765745104,8.8650139982712783,,,
2011-07-27T00:00:00,EURJPY,10,0.67024771523467608,0.91459291099802442,success,11,15.60832389204592,14.899018244114991,false,false,9.1459291099802442,9.3545296810447862,,,
2011-07-28T00:00:00,EURJPY,10,0.99500429359474163,0.1658050947605742,success,11,15.608323971675901,10.314155743931487,false,false,1.6580509476057421,2.6649809578982393,,,
2011-07-29T00:00:00,EURJPY,10,0.55359991585733537,0.66504584280322432,success,11,15.608323882979949,15.393097230227024,false,false,6.650458428032243,10.20185270326359,,,
2011-08-01T00:00:00,EURJPY,10,0.53681727179589511,0.36746113136221259,success,11,15.60832389404465,15.46078777100398,false,false,3.6746113136221257,19.216486027264871,,,
2011-08-02T00:00:00,EURJPY,10,0.71118139480067355,0.29994759623692485,success,11,15.608323886610792,14.707195190423777,false,false,2.9994759623692486,339551.90498989733,,,
2011-08-03T00:00:00,EURJPY,10,0.55729180942323175,0.59710820915413521,success,11,15.608323892413603,15.378145735818793,false,false,5.9710820915413523,15.602628616857857,,,
2011-08-04T00:00:00,EURJPY,10,0.69528357711253252,0.42219728344160956,success,11,15.579598229023915,14.754660025143018,false,false,4.2219728344160954,1.5571102233714487,,,
2011-08-05T00:00:00,EURJPY,10,0.8378403755965077,0.79509177330221537,success,11,15.245694838483148,13.603448424658625,false,false,7.9509177330221537,18.578619347536279,,,
2011-08-08T00:00:00,EURJPY,10,0.82918345757283685,0.72992420961008064,success,11,15.558460449306272,13.978609148090179,false,false,7.299242096100806,1.4382081299238116,,,
2011-08-09T00:00:00,EURJPY,10,0.70221916207897639,0.51576598869976509,success,11,15.608323883486669,14.750436104206738,false,false,5.1576598869976511,1.2096624304876462,,,
2011-08-10T00:00:00,EURJPY,10,0.94990569181762308,0.48274084025626135,success,11,15.60832441516372,12.665869099770443,false,false,4.8274084025626136,8.2370719539926007,,,
2011-08-11T00:00:00,EURJPY,10,0.93615437334033269,0.38518867687321251,success,11,15.608323880657647,12.923011575154179,false,false,3.851886768732125,5.8953131824989038,,,
2011-08-12T00:00:00,EURJPY,10,0.84851878751290344,0.28504294688152043,success,11,15.608323881205887,13.885293262019598,false,false,2.8504294688152045,6.5128057927415455,,,
2011-08-15T00:00:00,EURJPY,10,0.88102781063990721,0.19698817837756838,success,11,15.608323896197639,13.606124466573931,false,false,1.9698817837756837,0.78557855026575418,,,
2011-08-16T00:00:00,EURJPY,10,0.67253601231724336,0.15628395679406565,success,11,15.608323905429375,14.888646333228106,false,false,1.5628395679406566,0.95835840176696541,,,
2011-08-17T00:00:00,EURJPY,10,0.87119994325264505,0.89441867419357468,success,11,15.608323897403389,13.696713645176851,false,false,8.9441867419357468,14.863345402539709,,,
2011-08-18T00:00:00,EURJPY,10,0.83084079217101281,0.76647623667176146,success,11,15.608323883902953,14.016726022861999,false,false,7.664762366717615,24.579728669255626,,,
2011-08-19T00:00:00,EURJPY,10,0.86158128054947603,0.66408087432482665,success,11,15.608323902465031,13.779837793423319,false,false,6.6408087432482663,24.773704060168864,,,
2011-08-22T00:00:00,EURJPY,10,0.94117288567592883,0.59557632149178552,success,11,15.608323952623522,12.835799981012549,false,false,5.9557632149178552,49.842993806257205,,,
2011-08-23T00:00:00,EURJPY,10,0.94904494032192754,0.45528704074118698,success,11,15.608323880684138,12.683811789217232,false,false,4.55287040741187,0.34454427415212968,,,
2011-08-24T00:00:00,EURJPY,10,0.97739046801639273,9.9999999999999995e-08,success,11,15.608324101429687,11.841809455573539,false,false,9.9999999999999995e-07,0.278109083096715,,,
2011-08-25T00:00:00,EURJPY,10,0.997698479692262,0.59666476039217675,success,11,15.608323901940377,9.5364427037675945,false,false,5.9666476039217677,15.536332514662714,,,
2011-08-26T00:00:00,EURJPY,10,0.9832406389853523,0.49772458458976071,success,11,15.608323915372649,11.536426993298242,false,false,4.977245845897607,15.143028795867773,,,
2011-08-29T00:00:00,EURJPY,10,0.98573441311685928,0.39231702937294571,success,11,15.608323881410733,11.372787046279264,false,false,3.923170293729457,14.87911465725813,,,
2011-08-30T00:00:00,EURJPY,10,0.75135890767960944,0.8969980889646102,success,11,15.608323886004719,14.502450902387229,false,false,8.9699808896461022,6.4580097490265462,,,
2011-08-31T00:00:00,EURJPY,10,0.68476636269730151,0.72510062654102758,success,11,15.608323880942459,14.832560246835039,false,false,7.2510062654102754,3.7716440213198514,,,
2011-09-01T00:00:00,EURJPY,10,0.63198548297385004,0.60063191476669597,success,11,15.608323896145997,15.067579858072525,false,false,6.00631914766696,93.968969727530705,,,
2011-09-02T00:00:00,EURJPY,10,0.974207512443243,0.69187405321083406,success,11,14.880568545091958,11.249027481907753,false,false,6.9187405321083411,46844.992762247988,,,
2011-09-05T00:00:00,EURJPY,10,0.9767954740090603,0.59893923449669872,success,11,14.622898539014773,10.88296859517874,false,false,5.989392344966987,7015.2799010290264,,,
2011-09-06T00:00:00,EURJPY,10,0.82343973778796598,0.49990551476539513,success,11,15.54680857054289,14.006980448822649,false,false,4.9990551476539515,21771.446003940702,,,
2011-09-07T00:00:00,EURJPY,10,0.82222427207679882,0.19996235757630715,success,11,15.597248716097242,14.065758321571115,false,false,1.9996235757630714,863.43449007940706,,,
2011-09-08T00:00:00,EURJPY,10,0.61545466012557382,0.55944358226514557,success,11,15.608324064731233,15.138024486347069,false,false,5.5944358226514561,1.1435227460102737,,,
2011-09-09T00:00:00,EURJPY,10,0.79121524233304941,0.54943641785100028,success,11,15.549847111188265,14.217580919900414,false,false,5.4943641785100032,1.1410652313061136,,,
2011-09-12T00:00:00,EURJPY,10,0.73248675534551777,0.35424947659046058,success,11,15.602167390483615,14.594891209032813,false,false,3.5424947659046055,1.0088380988467716,,,
2011-09-13T00:00:00,EURJPY,10,0.93746417217243649,0.40164922466383723,success,11,15.355217961250734,12.647779058226917,false,false,4.0164922466383723,15.928016416833881,,,
2011-09-14T00:00:00,EURJPY,10,0.74105075786424723,0.60049299487077679,success,11,15.076202338277541,14.024765282369216,false,false,6.0049299487077681,11.740809196697061,,,
2011-09-15T00:00:00,EURJPY,10,0.85274856113639785,0.29367632954605311,success,11,14.560950537256652,12.804627397334455,false,false,2.9367632954605312,21.328110408496549,,,
2011-09-16T00:00:00,EURJPY,10,0.64018932579477728,0.73110775111735649,success,11,15.171052955843823,14.594866989810468,false,false,7.3110775111735649,1.7612518147125,,,
2011-09-19T00:00:00,EURJPY,10,0.61320467327950767,0.60620420149971799,success,11,14.970514920345474,14.509711833847263,false,false,6.0620420149971794,1.6185265452817559,,,
2011-09-20T00:00:00,EURJPY,10,0.68243265807267373,0.5018935094698872,success,11,14.865223072246843,14.100249115947582,false,false,5.0189350946988718,1.7105869706827159,,,
2011-09-21T00:00:00,EURJPY,10,0.61904234603167307,0.36351679467851694,success,11,15.375504305569406,14.890018849343882,false,false,3.6351679467851694,1.8029031527534825,,,
2011-09-22T00:00:00,EURJPY,10,0.79763408258041957,0.89960703682606158,success,11,15.028146110804569,13.656573692688122,false,false,8.9960703682606162,281.2660171067501,,,
2011-09-23T00:00:00,EURJPY,10,0.62149338284743338,0.65468914196233585,success,11,15.60825207026657,15.112360361734384,false,false,6.5468914196233587,3.0791933899650052,,,
2011-09-26T00:00:00,EURJPY,10,0.56943574183239565,0.60022512444087572,success,11,15.608323903385683,15.328774536233132,false,false,6.0022512444087575,24.720126009047696,,,
2011-09-27T00:00:00,EURJPY,10,0.59227306642209454,0.50001111541125565,success,11,15.60475234038449,15.231382220890147,false,false,5.0001111541125569,893.39584665235884,,,
2011-09-28T00:00:00,EURJPY,10,0.58097786803300644,0.39960681006032372,success,11,15.608323889591116,15.281534965801923,false,false,3.996068100603237,24.456824764746226,,,
2011-09-29T00:00:00,EURJPY,10,0.55213526613613262,9.9999999999999995e-08,success,11,15.608323881990788,15.399022071869179,false,false,9.9999999999999995e-07,2.3367268315044241,,,
2011-09-30T00:00:00,EURJPY,10,0.63060135630294634,0.37166928206073929,success,11,15.608323897483087,15.073526395681768,false,false,3.7166928206073928,10.609807094540564,,,
2011-10-03T00:00:00,EURJPY,10,0.68206495719018112,0.2983936619840154,success,11,15.608323893721424,14.845046089287598,false,false,2.9839366198401538,13.134897596739183,,,
2011-10-04T00:00:00,EURJPY,10,0.78746102050180633,0.76465089925523455,success,11,15.608323890607679,14.298635423383814,false,false,7.646508992552346,1.1626924512420129,,,
2011-10-05T00:00:00,EURJPY,10,0.67214731213273926,0.55198288254691952,success,11,15.60832391473474,14.89041076889491,false,false,5.5198288254691956,2.6982496625574504,,,
2011-10-06T00:00:00,EURJPY,10,0.61943326171816626,0.46079065035517486,success,11,15.608324051395153,15.121180643592167,false,false,4.6079065035517486,2.6770432402750357,,,
2011-10-07T00:00:00,EURJPY,10,0.69687510541294406,0.14361659866908466,success,11,15.608323894422151,14.775862602446113,false,false,1.4361659866908467,3.5379677355194037,,,
2011-10-10T00:00:00,EURJPY,10,0.84763173819526405,0.077551167336755725,success,11,15.608323902947113,13.892177998164163,false,false,0.77551167336755722,2.5837683813512697,,,
2011-10-11T00:00:00,EURJPY,10,0.65806993438318762,0.59919429837325777,success,11,15.608323910763552,14.953618931480618,false,false,5.9919429837325779,91.425976863517974,,,
2011-10-12T00:00:00,EURJPY,10,0.64956645704237992,0.53189989093519929,success,11,15.60832391827312,14.991189849184657,false,false,5.3189989093519934,1.527395918142632,,,
2011-10-13T00:00:00,EURJPY,10,0.65102179651581427,0.30390701945544102,success,11,15.608323881216002,14.984790224028858,false,false,3.0390701945544101,13.415541431120833,,,
2011-10-14T00:00:00,EURJPY,10,0.73638008997233262,0.19819716872246093,success,11,15.608323903694393,14.581085822663706,false,false,1.9819716872246094,15.929389400625508,,,
2011-10-17T00:00:00,EURJPY,10,0.69330285451451379,0.14330909751864659,success,11,15.608323899029926,14.792717739692813,false,false,1.433090975186466,1.4596699920640579,,,
2011-10-18T00:00:00,EURJPY,10,0.6816934719737503,0.30338082769528041,success,11,15.608324118925156,14.846758859814649,false,false,3.0338082769528043,16.010827357121194,,,
2011-10-19T00:00:00,EURJPY,10,0.90512303438044028,0.19967572507345713,success,11,15.60832656543481,13.352836634877448,false,false,1.9967572507345712,44.83074418269225,,,
2011-10-20T00:00:00,EURJPY,10,0.50146280343790328,0.26870309664561332,success,11,15.608326578915817,15.602475348470263,false,false,2.6870309664561329,25.496335028506074,,,
2011-10-21T00:00:00,EURJPY,10,0.99521590203261878,0.69379857754019636,success,11,15.608323891708872,10.270661685691289,false,false,6.9379857754019634,16.228036426575201,,,
2011-10-24T00:00:00,EURJPY,10,0.99988188772039899,0.59848257993168541,success,11,15.608325763900067,6.5645690192894435,false,false,5.9848257993168543,54.300387049351777,,,
2011-10-25T00:00:00,EURJPY,10,0.99942594859917633,0.4865619700400533,success,11,15.608323888181825,8.1461064872326752,false,false,4.8656197004005328,16.293766591411881,,,
2011-10-26T00:00:00,EURJPY,10,0.99992394962954867,0.38671620616555391,success,11,15.608323910191826,6.1242852953398934,false,false,3.8671620616555389,16.980079036404288,,,
2011-10-27T00:00:00,EURJPY,10,0.8108680474835338,0.29572658546980279,success,11,15.608323881935013,14.152663477451165,false,false,2.9572658546980279,32.469454014451948,,,
2011-10-28T00:00:00,EURJPY,10,0.85575618087562821,0.19645592496655781,success,11,15.608323897519659,13.827843453489184,false,false,1.9645592496655782,47.459281137504789,,,
2011-10-31T00:00:00,EURJPY,10,0.76005236878818616,0.70127379544582014,success,11,15.608323910637043,14.455357269678434,false,false,7.0127379544582009,92.17141884258244,,,
2011-11-01T00:00:00,EURJPY,10,0.99939575336574782,0.55654609278505407,success,11,15.608323889577299,8.1974002103214563,false,false,5.5654609278505403,1.8565584548904448,,,
2011-11-02T00:00:00,EURJPY,10,0.99960092358122032,0.41851359496885354,success,11,15.608323888017795,7.7823654104389233,false,false,4.1851359496885356,2.8182147174104135,,,
2011-11-03T00:00:00,EURJPY,10,0.99559901284962671,0.31126118380602308,success,11,15.608323887784863,10.186808176923517,false,false,3.1126118380602308,2.7292603658493033,,,
2011-11-04T00:00:00,EURJPY,10,0.92964508229179221,0.76866783651521808,success,11,15.608323888455569,13.027073691666956,false,false,7.6866783651521811,21.22259291093275,,,
2011-11-07T00:00:00,EURJPY,10,0.881240430212609,0.66296124079638385,success,11,15.60832389125223,13.604094423868954,false,false,6.6296124079638385,24.854986387696027,,,
2011-11-08T00:00:00,EURJPY,10,0.95777545586188229,0.59517569103924317,success,11,15.608323891922002,12.486712196494615,false,false,5.9517569103924313,49.3512970269392,,,
2011-11-09T00:00:00,EURJPY,10,0.84623684557608225,0.99999989956839763,success,11,15.608323891758884,13.902938072279715,false,false,9.9999989956839759,3.3442202481123497,,,
2011-11-10T00:00:00,EURJPY,10,0.76214497408665893,0.8060513582993053,success,11,15.608323902544363,14.44384846350254,false,false,8.0605135829930532,21.22634913940329,,,
2011-11-11T00:00:00,EURJPY,10,0.85541822691041136,0.70251152152740226,success,11,15.608323898810392,13.830578646412935,false,false,7.0251152152740222,61.992159268536703,,,
2011-11-14T00:00:00,EURJPY,10,0.78942868129558852,0.60273447861364926,success,11,15.608323901664978,14.286838808001404,false,false,6.027344786136493,46.379661961817,,,
2011-11-15T00:00:00,EURJPY,10,0.83831703385405532,0.50840960467080265,success,11,15.608323893985373,13.962564961736009,false,false,5.0840960467080265,18.191743924529344,,,
2011-11-16T00:00:00,EURJPY,10,0.84300286837448068,0.40273709241058003,success,11,15.608323890861964,13.927581065566702,false,false,4.0273709241058002,59.465397174411031,,,
2011-11-17T00:00:00,EURJPY,10,0.80127362014038905,0.79758705741507629,success,11,15.608323886032748,14.214050302116339,false,false,7.9758705741507629,2.2693224778501513,,,
2011-11-18T00:00:00,EURJPY,10,0.78268896314214409,0.68874409192889807,success,11,15.608323900907477,14.326918198053569,false,false,6.8874409192889807,1.719931193718385,,,
2011-11-21T00:00:00,EURJPY,10,0.88221397956038639,0.5639311454399627,success,11,15.608323895022222,13.59475885341419,false,false,5.6393114543996274,1.690560431705779,,,
2011-11-22T00:00:00,EURJPY,10,0.91438396764869578,0.44424965701819524,success,11,15.608323882343008,13.239945862642749,false,false,4.4424965701819525,1.2007165918852178,,,
2011-11-23T00:00:00,EURJPY,10,0.9333253978834174,0.018662902212061096,success,11,15.608323887006845,12.96939408436052,false,false,0.18662902212061097,0.66816561676967168,,,
2011-11-24T00:00:00,EURJPY,10,0.82208771265787495,0.33441827157730819,success,11,15.544313235925987,14.01375680126738,false,false,3.3441827157730817,1.7615975178392753,,,
2011-11-25T00:00:00,EURJPY,10,0.78385256301381234,0.20019547707328861,success,11,15.6083239343388,14.320063742526816,false,false,2.001954770732886,14.696510051495579,,,
2011-11-28T00:00:00,EURJPY,10,0.93076210675137805,0.49421394121749057,success,11,15.313454592122955,12.7149991749812,false,false,4.9421394121749058,2.1627054329317601,,,
2011-11-29T00:00:00,EURJPY,10,0.84983832329412778,0.39319965054122263,success,11,15.601308121782406,13.867974556623643,false,false,3.9319965054122266,2.0196511948751015,,,
2011-11-30T00:00:00,EURJPY,10,0.73443465594289381,0.40303933067252062,success,11,15.60832408463215,14.591083984350629,false,false,4.0303933067252062,45.273856136665898,,,
2011-12-01T00:00:00,EURJPY,10,0.96609229295651811,0.15336771950542416,success,11,15.608323984942233,12.258706948893165,false,false,1.5336771950542416,1.943801654586397,,,
2011-12-02T00:00:00,EURJPY,10,0.54078428080384866,0.39977456238875531,success,11,15.608324139357549,15.444823757730568,false,false,3.9977456238875533,64.895410057842881,,,
2011-12-05T00:00:00,EURJPY,10,0.80155572478498804,0.73316216925848021,success,11,15.608323898004539,14.212277734070994,false,false,7.3316216925848021,1.1863210417777177,,,
2011-12-06T00:00:00,EURJPY,10,0.90670490594236552,0.64996927321585596,success,11,15.608323901624955,13.334274380243809,false,false,6.4996927321585591,0.72146436463589303,,,
2011-12-07T00:00:00,EURJPY,10,0.9962835737127661,0.60806188642877712,success,11,15.563265143899816,9.9719957453410011,false,false,6.0806188642877714,0.79120006340563331,,,
2011-12-08T00:00:00,EURJPY,10,0.85244083521047753,0.29683614257636631,success,11,15.608323888660845,13.854449295995177,false,false,2.9683614257636632,48.748407070338459,,,
2011-12-09T00:00:00,EURJPY,10,0.87962596310440533,0.19428506005205104,success,11,15.608323900400096,13.619430994429528,false,false,1.9428506005205104,31.234501160962353,,,
2011-12-12T00:00:00,EURJPY,10,0.80692558460096253,0.91030629986436085,success,11,15.608323908190355,14.178168143169447,false,false,9.1030629986436082,17.799350992187371,,,
2011-12-13T00:00:00,EURJPY,10,0.97105437996904231,0.80893908352241228,success,11,15.202523759381219,11.689560186875919,false,false,8.0893908352241226,9447.9291996456705,,,
2011-12-14T00:00:00,EURJPY,10,0.93680633917082246,0.57316333986350143,success,11,15.422038713414075,12.725766127104979,false,false,5.7316333986350143,2.9408074617207496,,,
2011-12-15T00:00:00,EURJPY,10,0.8083654352445937,0.45565998787965362,success,11,15.600436209320025,14.161012231569325,false,false,4.5565998787965363,1.589020373983109,,,
2011-12-16T00:00:00,EURJPY,10,0.99823613233751174,0.35610767189113041,success,11,15.59287739112861,9.2543964707604545,false,false,3.5610767189113042,3.5774918243868075,,,
2011-12-19T00:00:00,EURJPY,10,0.84151563471828161,0.18318603391251481,success,11,15.571630081774119,13.90208143543002,false,false,1.831860339125148,1.2726751318927196,,,
2011-12-20T00:00:00,EURJPY,10,0.89361415381493903,0.59063919908908891,success,11,15.505996689905283,13.377795146663619,false,false,5.9063919908908886,9.8527481080073294,,,
2011-12-21T00:00:00,EURJPY,10,0.95363677079794151,0.49980974181293131,success,11,15.459120133729432,12.435343949145754,false,false,4.998097418129313,362.68221195655542,,,
2011-12-22T00:00:00,EURJPY,10,0.98394931259962515,0.39699525473058539,success,11,15.315826581013555,11.200003874216513,false,false,3.9699525473058541,24.798086612935936,,,
2011-12-23T00:00:00,EURJPY,10,0.96659104299142184,0.22534309513819481,success,11,14.929637129657722,11.564685674739671,false,false,2.2534309513819482,2.600623205040749,,,
2011-12-26T00:00:00,EURJPY,10,0.99463739709119314,0.19987238485045983,success,11,12.560524836667323,7.3375960654851617,false,false,1.9987238485045982,873.260159198152,,,
2011-12-27T00:00:00,EURJPY,10,0.99269083156336946,0.683849331220162,success,11,15.261600469738209,10.350310712375583,false,false,6.8384933122016198,0.99991481359698664,,,
2011-12-28T00:00:00,EURJPY,10,0.98237583899186187,0.99999746909573906,success,11,15.558497126669277,11.537793908629066,false,false,9.9999746909573908,10.179273645235682,,,
2011-12-29T00:00:00,EURJPY,10,0.84635453270806216,0.99999989835352321,success,11,15.275118990636882,13.568828437347015,false,false,9.9999989835352316,1.0969898785448484,,,
2011-12-30T00:00:00,EURJPY,10,0.92158941170057584,0.70010568398580875,success,11,14.527332853460777,12.063192025702195,false,false,7.0010568398580872,1847.6881368107954,,,
2012-01-02T00:00:00,EURJPY,10,0.79396227488376048,0.60019079465205616,success,11,14.997634272845264,13.648657609123012,false,false,6.0019079465205616,988.37764402907374,,,
2012-01-03T00:00:00,EURJPY,10,0.93983771214663414,0.51652548678328114,success,11,15.476476285424772,12.727814780114361,false,false,5.1652548678328118,18.711607801709008,,,
2012-01-04T00:00:00,EURJPY,10,0.86237668549891633,0.41062766953942675,success,11,15.608323886338699,13.773152068917019,false,false,4.1062766953942678,16.087134387315853,,,
2012-01-05T00:00:00,EURJPY,10,0.69618678985683613,0.30228816720548607,success,11,15.608323908571224,14.779118980254045,false,false,3.0228816720548606,48.488263120197594,,,
2012-01-06T00:00:00,EURJPY,10,0.661569136907872,0.067035339513901657,success,11,15.608323908882781,14.938029241997555,false,false,0.67035339513901659,0.56322560408196698,,,
2012-01-09T00:00:00,EURJPY,10,0.59906578939529787,0.10963931982557333,success,11,15.608323890216996,15.20674981660386,false,false,1.0963931982557333,0.7917478436804698,,,
2012-01-10T00:00:00,EURJPY,10,0.6139060502517053,0.2009054617295333,success,11,15.6083238911551,15.144562720314781,false,false,2.009054617295333,61.809506374881671,,,
2012-01-11T00:00:00,EURJPY,10,0.86611216812866887,0.90495752257137574,success,11,15.608324255405448,13.741312204652997,false,false,9.0495752257137578,13.374390686616906,,,
2012-01-12T00:00:00,EURJPY,10,0.64231917785395232,0.90721766865165032,success,11,15.608323884285543,15.022879572848261,false,false,9.072176686516503,13.878381463371063,,,
2012-01-13T00:00:00,EURJPY,10,0.62826334875510847,0.8041784216949116,success,11,15.60832402367852,15.083550276773108,false,false,8.0417842169491163,16.266258144255097,,,
2012-01-16T00:00:00,EURJPY,10,0.54003752162065777,0.27643092118136647,success,11,15.608323900674803,15.447830196463388,false,false,2.7643092118136647,5.397180812079192,,,
2012-01-17T00:00:00,EURJPY,10,0.62985545066547111,0.501885645480734,success,11,15.608323905806298,15.076727159357228,false,false,5.0188564548073398,1.1604535288791009,,,
2012-01-18T00:00:00,EURJPY,10,0.73631653675367048,0.48802842635888738,success,11,15.506747538909602,14.479836816438912,false,false,4.8802842635888739,1.8520008572597493,,,
2012-01-19T00:00:00,EURJPY,10,0.67902512262142167,0.34518475806237647,success,11,15.230757675550789,14.481462405683232,false,false,3.4518475806237645,1.5323868963496174,,,
2012-01-20T00:00:00,EURJPY,10,0.62130976405856364,0.39717066031715781,success,11,15.608324067500089,15.113212846503364,false,false,3.9717066031715782,44.287170439104131,,,
2012-01-23T00:00:00,EURJPY,10,0.5330926401212509,0.7033962934470056,success,11,15.608323889630668,15.475759536849708,false,false,7.0339629344700558,16.852557299162587,,,
2012-01-24T00:00:00,EURJPY,10,0.53557624226840994,0.51431023000166065,success,11,15.607339861699902,15.464794012516515,false,false,5.1431023000166061,2.6264644505453609,,,
2012-01-25T00:00:00,EURJPY,10,0.59210294916781803,0.38228135716046413,success,11,15.608298732360522,15.235633028146953,false,false,3.8228135716046414,3.1320619806476064,,,
2012-01-26T00:00:00,EURJPY,10,0.62824495413288994,0.20356557793988089,success,11,15.601492308292462,15.076797322052826,false,false,2.0356557793988088,15.220973192086374,,,
2012-01-27T00:00:00,EURJPY,10,0.82468519313408017,0.59146944736260143,success,11,15.283828182592528,13.735409707383404,false,false,5.9146944736260147,15.970120151107929,,,
2012-01-30T00:00:00,EURJPY,10,0.76464898304379525,0.49769150526135092,success,11,15.469785808204309,14.291447014249496,false,false,4.9769150526135091,15.677711928910096,,,
2012-01-31T00:00:00,EURJPY,10,0.77435790833447005,0.70512921434386966,success,11,14.752368806886377,13.519284705060443,false,false,7.0512921434386966,1.7523561733088473,,,
2012-02-01T00:00:00,EURJPY,10,0.70452303588536092,0.7007471190618324,success,11,15.091066388529118,14.222136237708682,false,false,7.0074711906183236,12.615189110230236,,,
2012-02-02T00:00:00,EURJPY,10,0.65400944634286606,0.40061751895988928,success,11,15.511914485363009,14.875204163176839,false,false,4.0061751895988928,278.12926773020138,,,
2012-02-03T00:00:00,EURJPY,10,0.67675524017804611,0.32171408735433948,success,11,15.180475228225081,14.441575363215025,false,false,3.2171408735433946,3.0784860047906606,,,
2012-02-06T00:00:00,EURJPY,10,0.87720565806932971,0.60332385526021959,success,11,15.149321086628056,13.183090559126084,false,false,6.0332385526021959,13.049228734649551,,,
2012-02-07T00:00:00,EURJPY,10,0.81661220778123511,0.50407922877816991,success,11,15.575725930008467,14.082164595625049,false,false,5.0407922877816986,15.437626551557493,,,
2012-02-08T00:00:00,EURJPY,10,0.63471813971012891,0.83370812700078267,success,11,15.608323928316461,15.055812177983748,false,false,8.3370812700078272,21.802243364156464,,,
2012-02-09T00:00:00,EURJPY,10,0.61998977730208393,0.55764812281734311,success,11,15.245205498378851,14.755700662893297,false,false,5.5764812281734306,0.91700335400034283,,,
2012-02-10T00:00:00,EURJPY,10,0.65966552966942893,0.60133747258241588,success,11,15.608323890150263,14.946519827136052,false,false,6.0133747258241588,63.752132738098609,,,
2012-02-13T00:00:00,EURJPY,10,0.59592627509313179,0.50300221489284391,success,11,15.608323890359742,15.219804279159565,false,false,5.0300221489284391,17.414669982500037,,,
2012-02-14T00:00:00,EURJPY,10,0.6042187799450528,0.40548799681823988,success,11,15.608323885703939,15.185249118877747,false,false,4.0548799681823988,14.849519859264658,,,
2012-02-15T00:00:00,EURJPY,10,0.69844933617019456,0.29936638695647055,success,11,15.608324513042927,14.768399910589373,false,false,2.9936638695647058,22.70407030786059,,,
2012-02-16T00:00:00,EURJPY,10,0.61100249321303379,0.19739279420924122,success,11,15.608323895344551,15.15679578994612,false,false,1.9739279420924121,15.694130593134533,,,
2012-02-17T00:00:00,EURJPY,10,0.62748346811931288,1.0000259117405702e-07,success,11,15.60832390003894,15.086887992729208,false,false,1.0000259117405703e-06,29.114885816991446,,,
2012-02-20T00:00:00,EURJPY,10,0.59059505368118326,0.90105727154064275,success,11,15.608323904574242,15.24189806540091,false,false,9.0105727154064272,13.2992908099383,,,
2012-02-21T00:00:00,EURJPY,10,0.70621280519827001,0.80077161089434323,success,11,15.608323892578651,14.731262954755142,false,false,8.0077161089434323,3.2501293167315959,,,
2012-02-22T00:00:00,EURJPY,10,0.69456683829584787,0.70349601892386049,success,11,15.608323899988376,14.78676647436046,false,false,7.0349601892386051,12.900000614971971,,,
2012-02-23T00:00:00,EURJPY,10,0.84914026622414007,0.63378115867062568,success,11,15.608323933954306,13.880450037547201,false,false,6.3378115867062572,1.4314198289949016,,,
2012-02-24T00:00:00,EURJPY,10,0.66745165758258462,9.9999999999999995e-08,success,11,15.557376882218918,14.860695157921214,false,false,9.9999999999999995e-07,1.117071045100797,,,
2012-02-27T00:00:00,EURJPY,10,0.94988012121492593,0.87434535956139681,success,11,15.608323899982762,12.666405823076204,false,false,8.7434535956139676,9.4826421320919074,,,
2012-02-28T00:00:00,EURJPY,10,0.93060473034409585,0.70173727151117782,success,11,15.608323900242084,13.012307982344353,false,false,7.0173727151117786,111.43037972549685,,,
2012-02-29T00:00:00,EURJPY,10,0.8587074408482801,0.60950488073789899,success,11,15.608324292507087,13.803728637991085,false,false,6.0950488073789897,16.183283011819576,,,
2012-03-01T00:00:00,EURJPY,10,0.9386886303817783,0.50389192802479132,success,11,15.608323889761957,12.879805363337233,false,false,5.0389192802479128,52.340758282984815,,,
2012-03-02T00:00:00,EURJPY,10,0.90487576576217954,0.40195684317691027,success,11,15.608324011815323,13.355710119026549,false,false,4.0195684317691027,98.636342175074759,,,
2012-03-05T00:00:00,EURJPY,10,0.8973658831475726,0.59487597031510675,success,11,15.608323893793905,13.440030618807993,false,false,5.9487597031510671,36.874470351581387,,,
2012-03-06T00:00:00,EURJPY,10,0.64237598116023165,0.49722969483986751,success,11,15.608323895093449,15.022632330209074,false,false,4.9722969483986752,26.883151255083227,,,
2012-03-07T00:00:00,EURJPY,10,0.68034476058075766,0.39779909238678685,success,11,15.608323890864405,14.85296725851302,false,false,3.9779909238678686,40.064716763401748,,,
2012-03-08T00:00:00,EURJPY,10,0.68859736447768116,0.4361180799354078,success,11,15.608323892772097,14.814753892065118,false,false,4.3611807993540781,0.95245287503035936,,,
2012-03-09T00:00:00,EURJPY,10,0.76629287535515589,1.0000001349251966e-07,success,11,15.608324106926709,14.420828393820482,false,false,1.0000001349251965e-06,1.0497805733294736,,,
2012-03-12T00:00:00,EURJPY,10,0.78621478417030177,0.50456692811318837,success,11,15.608323891595033,14.306065720858307,false,false,5.0456692811318842,27.700785540934529,,,
2012-03-13T00:00:00,EURJPY,10,0.9743777212900856,0.40043771634818465,success,11,15.605797159015745,11.967460361483591,false,false,4.0043771634818466,356.19907926587496,,,
2012-03-14T00:00:00,EURJPY,10,0.98940115416893948,0.69608410974189483,success,11,15.595306510384786,11.05895175638519,false,false,6.9608410974189479,131.23917254844832,,,
2012-03-15T00:00:00,EURJPY,10,0.99339898863014753,0.57842327270648175,success,11,15.595216658467667,10.581307149033265,false,false,5.7842327270648175,21.153906009102222,,,
2012-03-16T00:00:00,EURJPY,10,0.99409173629671443,0.40537813460814054,success,11,15.601185615677409,10.47570812186553,false,false,4.0537813460814052,272.09347029726234,,,
2012-03-19T00:00:00,EURJPY,10,0.99877179261617544,0.35145225165249944,success,11,15.601731858000596,8.9007612360695632,false,false,3.5145225165249943,28.37206696626285,,,
2012-03-20T00:00:00,EURJPY,10,0.99985020722770335,0.23552487698847119,success,11,15.608324846239833,6.8022169131668342,false,false,2.355248769884712,2.6317946114612569,,,
2012-03-21T00:00:00,EURJPY,10,0.84183047244785958,0.26140497741525015,success,11,15.563685356778016,13.891774118951123,false,false,2.6140497741525013,1.4910551612007954,,,
2012-03-22T00:00:00,EURJPY,10,0.921116296297676,0.50012935878338349,success,11,15.136331902104349,12.678720264875318,false,false,5.0012935878338345,0.63339003467467014,,,
2012-03-23T00:00:00,EURJPY,10,0.96505712695669621,0.58941569656622617,success,11,14.915994704392693,11.597521935126093,false,false,5.8941569656622619,0.35973129821246186,,,
2012-03-26T00:00:00,EURJPY,10,0.991423136633799,0.71492953119571767,success,11,14.624120527640414,9.8740473766175647,false,false,7.1492953119571769,0.75174307872725132,,,
2012-03-27T00:00:00,EURJPY,10,0.9858901204321403,0.59941234395029031,success,11,15.254360487251006,11.007690809177333,false,false,5.9941234395029026,16.120640150030439,,,
2012-03-28T00:00:00,EURJPY,10,0.93532140115586415,0.49975846929735673,success,11,15.122438514313066,12.450978671121391,false,false,4.9975846929735672,16.964359997701163,,,
2012-03-29T00:00:00,EURJPY,10,0.92030175275753123,0.40010769816374403,success,11,14.715773251460149,12.269319236682403,false,false,4.0010769816374401,17.985715165958798,,,
2012-03-30T00:00:00,EURJPY,10,0.84846066709371037,0.49290548741970619,success,11,15.454579015203526,13.732000501812475,false,false,4.9290548741970621,13.297025959467964,,,
2012-04-02T00:00:00,EURJPY,10,0.70165155387794098,0.78056443529070785,success,11,15.608325046693601,14.7531502136095,false,false,7.8056443529070787,1.7005421617030665,,,
2012-04-03T00:00:00,EURJPY,10,0.59008790645252984,0.49837705585054903,success,11,15.608323912664954,15.243995123604677,false,false,4.9837705585054906,16.05720978809477,,,
2012-04-04T00:00:00,EURJPY,10,0.64908494396293892,0.60025029420195908,success,11,15.608324380658049,14.993304976723449,false,false,6.002502942019591,378.25131122082922,,,
2012-04-05T00:00:00,EURJPY,10,0.64169565295491138,0.29967910445182488,success,11,15.608323886620767,15.025592512805583,false,false,2.9967910445182486,232.52534295394423,,,
2012-04-06T00:00:00,EURJPY,10,0.64885683686989237,0.19905238419426285,success,11,15.608323904311012,14.994305814753872,false,false,1.9905238419426285,89.440850354987205,,,
2012-04-09T00:00:00,EURJPY,10,0.69914421042943631,0.91948896025585669,success,11,15.608323942927424,14.765097957870235,false,false,9.1948896025585665,0.86287934558251111,,,
2012-04-10T00:00:00,EURJPY,10,0.60797331130247578,0.69882650323512219,success,11,15.608324613463381,15.169523549229696,false,false,6.9882650323512214,45.887224788660696,,,
2012-04-11T00:00:00,EURJPY,10,0.58647204321840551,0.59606837156112813,success,11,15.608324132810298,15.258924255290644,false,false,5.9606837156112817,8.50434668586316,,,
2012-04-12T00:00:00,EURJPY,10,0.60321294980696305,0.5852257923095614,success,11,15.608323959258851,15.189453413558619,false,false,5.852257923095614,1.1198312475998764,,,
2012-04-13T00:00:00,EURJPY,10,0.6103644271682297,0.11486922437698092,success,11,15.60832389268513,15.159479565952353,false,false,1.1486922437698093,2.7663158608216385,,,
2012-04-16T00:00:00,EURJPY,10,0.59662928774616208,0.37132815907771621,success,11,15.608323999930414,15.216884058599693,false,false,3.7132815907771621,1.5028545452965558,,,
2012-04-17T00:00:00,EURJPY,10,0.56637752343352987,0.40133099794250382,success,11,15.608323967512723,15.341237395005859,false,false,4.0133099794250384,24.574339038376923,,,
2012-04-18T00:00:00,EURJPY,10,0.90064485807333017,0.80005040813858719,success,11,15.605677303756659,13.401267011369141,false,false,8.0005040813858717,754.6524563153281,,,
2012-04-19T00:00:00,EURJPY,10,0.9119021913337787,0.70772886464171436,success,11,15.608323914794656,13.271238836193806,false,false,7.0772886464171432,1011.8269564654782,,,
2012-04-20T00:00:00,EURJPY,10,0.67550483484574497,0.59959806006487337,success,11,15.608323891431013,14.875134213286332,false,false,5.9959806006487337,217.96832293485807,,,
2012-04-23T00:00:00,EURJPY,10,0.58919837466797675,0.62283628414326331,success,11,15.608323881077418,15.247671389584195,false,false,6.2283628414326326,0.74858168312520434,,,
2012-04-24T00:00:00,EURJPY,10,0.72491492430393101,0.087987227536775556,success,11,15.608326937781186,14.639353051589998,false,false,0.87987227536775559,12.590854666504093,,,
2012-04-25T00:00:00,EURJPY,10,0.57478178360521259,0.70327376719848067,success,11,15.608323919492504,15.306935944994187,false,false,7.0327376719848065,18.609144046139964,,,
2012-04-26T00:00:00,EURJPY,10,0.5701243018692228,0.3667451665294526,success,11,15.60832388265302,15.325965564927367,false,false,3.6674516652945259,1.1270528107475208,,,
2012-04-27T00:00:00,EURJPY,10,0.77581141594227787,0.38213927358103728,success,11,15.596229008581844,14.354807129402523,false,false,3.821392735810373,1.2335052417067052,,,
2012-04-30T00:00:00,EURJPY,10,0.65812544341589685,0.75251430764966476,success,11,15.563616902806858,14.908665222326137,false,false,7.5251430764966472,130.70722265370779,,,
2012-05-01T00:00:00,EURJPY,10,0.6288608542519587,0.60012073631638663,success,11,15.593854183450322,15.066521216843714,false,false,6.001207363163866,354.20722696513201,,,
2012-05-02T00:00:00,EURJPY,10,0.57075541122451279,0.40843439807875093,success,11,15.608323905908787,15.323390033109819,false,false,4.0843439807875095,10.462005251095656,,,
2012-05-03T00:00:00,EURJPY,10,0.65184686857702412,0.30856756431821469,success,11,15.608323905652028,14.981156651269012,false,false,3.0856756431821468,12.320429848762776,,,
2012-05-04T00:00:00,EURJPY,10,0.66421083164175554,0.37332478508375178,success,11,15.608323888156949,14.926207759439801,false,false,3.7332478508375178,0.96256606007685996,,,
2012-05-07T00:00:00,EURJPY,10,0.64950869614434137,0.20103978825332497,success,11,15.608323909381181,14.991443579861336,false,false,2.0103978825332498,13.826243531904916,,,
2012-05-08T00:00:00,EURJPY,10,0.62211207134916524,0.00015198532977432229,success,11,15.608323892399431,15.109801303481095,false,false,0.0015198532977432229,1.5584800346012835,,,
2012-05-09T00:00:00,EURJPY,10,0.57121659898400301,0.76377560578706194,success,11,15.608325916206205,15.321509344447273,false,false,7.637756057870619,35.047552067280684,,,
2012-05-10T00:00:00,EURJPY,10,0.7319240346098127,0.20245917795508292,success,11,15.608323890339419,14.603917552912968,false,false,2.0245917795508293,14.229513292695758,,,
2012-05-11T00:00:00,EURJPY,10,0.5834257342498701,0.7000911633084248,success,11,15.608323883881084,15.271471471440309,false,false,7.0009116330842485,337.41565860461088,,,
2012-05-14T00:00:00,EURJPY,10,0.59023799906868957,0.58304515867456674,success,11,15.608323901424573,15.243374563229967,false,false,5.8304515867456672,2.0844767246686851,,,
2012-05-15T00:00:00,EURJPY,10,0.60054857634663872,0.3992984719828237,success,11,15.608323896622226,15.200572530162754,false,false,3.9929847198282369,67.058736412021091,,,
2012-05-16T00:00:00,EURJPY,10,0.56567527495580205,0.29812104606739004,success,11,15.608323887319441,15.344096161630548,false,false,2.9812104606739003,14.151594055341917,,,
2012-05-17T00:00:00,EURJPY,10,0.81263307914659411,0.99985988378982005,success,11,15.60832400495725,14.141113152412865,false,false,9.9985988378982,10.929819242272067,,,
2012-05-18T00:00:00,EURJPY,10,0.84262005819222396,0.83600789966288747,success,11,15.608323944188395,13.930470683159669,false,false,8.3600789966288751,19.209636667327462,,,
2012-05-21T00:00:00,EURJPY,10,0.91762894077462009,0.70053071800596711,success,11,15.608323892746853,13.197764940017237,false,false,7.0053071800596713,356.99411042924191,,,
2012-05-22T00:00:00,EURJPY,10,0.83296707155270477,0.60193482476814208,success,11,15.608323895356232,14.001520753230619,false,false,6.0193482476814211,76.278813872721088,,,
2012-05-23T00:00:00,EURJPY,10,0.82178039114926338,0.50206367221295833,success,11,15.60832389643004,14.079867248547536,false,false,5.0206367221295833,71.519592065505464,,,
2012-05-24T00:00:00,EURJPY,10,0.80662587275092801,0.40264175118861356,success,11,15.608324223838761,14.180091061231609,false,false,4.0264175118861356,55.630425219213386,,,
2012-05-25T00:00:00,EURJPY,10,0.81091537603313024,0.86546867261359905,success,11,15.608324288933813,14.152355246182495,false,false,8.6546867261359903,26.826416836046793,,,
2012-05-28T00:00:00,EURJPY,10,0.8835173283552803,0.76339226268385862,success,11,15.608323933003707,13.582155548826577,false,false,7.6339226268385865,26.993324851947463,,,
2012-05-29T00:00:00,EURJPY,10,0.97771222766550203,0.66483317237880224,success,11,15.608323894131178,11.827146715409171,false,false,6.6483317237880222,26.874843459899086,,,
2012-05-30T00:00:00,EURJPY,10,0.65647079763440364,0.59655714703615592,success,11,15.608325026635207,14.960718937992702,false,false,5.9655714703615592,21.842116042402186,,,
2012-05-31T00:00:00,EURJPY,10,0.81554004758726606,0.49044122190798578,success,11,15.44330555914549,13.956887410099959,false,false,4.904412219079858,14.72385949891558,,,
2012-06-01T00:00:00,EURJPY,10,0.63716489745781368,0.53952424989120684,success,11,14.965913141599769,14.402833121903686,false,false,5.3952424989120686,1.1794626177602097,,,
2012-06-04T00:00:00,EURJPY,10,0.74000152095158711,0.43482675891782729,success,11,14.832893158266675,13.78691669791521,false,false,4.3482675891782732,1.1643605735352951,,,
2012-06-05T00:00:00,EURJPY,10,0.79563333603142583,0.36126583688816499,success,11,14.867897992550596,13.508675298854909,false,false,3.6126583688816498,1.2760712695141856,,,
2012-06-06T00:00:00,EURJPY,10,0.73376140685205804,0.40559333156029292,success,11,14.641527705765501,13.627736662247731,false,false,4.0559333156029291,0.8132878053969258,,,
2012-06-07T00:00:00,EURJPY,10,0.81962667507989628,0.59892442122909839,success,11,14.453108096286181,12.939287864388181,false,false,5.9892442122909841,2.672231989199052,,,
2012-06-08T00:00:00,EURJPY,10,0.76246051195191433,0.49576746700972985,success,11,14.609154144819046,13.442937300402299,false,false,4.9576746700972985,2.7127535763681943,,,
2012-06-11T00:00:00,EURJPY,10,0.67557976346880577,0.38832612387190779,success,11,14.474990774001478,13.741459244648533,false,false,3.8832612387190779,2.7261211679651534,,,
2012-06-12T00:00:00,EURJPY,10,0.66193619772338719,0.27159966542854863,success,11,14.697774517566151,14.025839986136457,false,false,2.7159966542854863,2.4638104481171874,,,
2012-06-13T00:00:00,EURJPY,10,0.78133102280399114,0.89112822151470539,success,11,14.702469271079403,13.429029432882427,false,false,8.9112822151470539,1.07102398750229,,,
2012-06-14T00:00:00,EURJPY,10,0.95160541705329749,0.76835978269687744,success,11,15.514762218462042,12.535999632345565,false,false,7.6835978269687741,2.0167594568604881,,,
2012-06-15T00:00:00,EURJPY,10,0.64199170866073019,0.81700037333409536,success,11,15.603087482604396,15.019068240154574,false,false,8.1700037333409536,1.3550140954089349,,,
2012-06-18T00:00:00,EURJPY,10,0.6671140350575675,0.61679350096721364,success,11,15.568272887282644,14.873111872588975,false,false,6.1679350096721359,1.3267411633616821,,,
2012-06-19T00:00:00,EURJPY,10,0.69211189152165864,0.48866628090067887,success,11,15.553948644152278,14.7439374414638,false,false,4.886662809006789,1.2402212729628268,,,
2012-06-20T00:00:00,EURJPY,10,0.84808882916270056,0.30177517179567037,success,11,15.236818486421614,13.517129052375099,false,false,3.0177517179567035,14.95152783473926,,,
2012-06-21T00:00:00,EURJPY,10,0.57475743743894669,0.41148223857300514,success,11,15.608323879849785,15.307035517542234,false,false,4.1148223857300517,2.1866431416951975,,,
2012-06-22T00:00:00,EURJPY,10,0.94439132227040123,0.10122766671957831,success,11,15.595414429642245,12.76321307644136,false,false,1.012276667195783,162.87757021877388,,,
2012-06-25T00:00:00,EURJPY,10,0.84097067706252615,0.99491469878835459,success,11,15.608323889073171,13.942855702666115,false,false,9.9491469878835463,9.6936196962329202,,,
2012-06-26T00:00:00,EURJPY,10,0.77041642664076737,0.80168994059379006,success,11,15.608323891741572,14.397659826545082,false,false,8.0168994059379006,84.352263572912534,,,
2012-06-27T00:00:00,EURJPY,10,0.63354012433691609,0.73611370573795099,success,11,15.608323892596502,15.060889592852693,false,false,7.3611370573795103,27.253787569291454,,,
2012-06-28T00:00:00,EURJPY,10,0.53376661364579514,0.63512323643810809,success,11,15.608323905945666,15.473051553457669,false,false,6.3512323643810804,23.621291888561657,,,
2012-06-29T00:00:00,EURJPY,10,0.80618577734740215,0.99999714917466354,success,11,15.608323887278495,14.182909763408617,false,false,9.9999714917466349,0.41585052644994236,,,
2012-07-02T00:00:00,EURJPY,10,0.85996519222108825,0.52403430427870201,success,11,15.608323905759212,13.793323010191248,false,false,5.2403430427870203,0.26808783261831171,,,
2012-07-03T00:00:00,EURJPY,10,0.76241729424196025,0.73263035610309246,success,11,15.608323977695845,14.442345739290857,false,false,7.3263035610309251,24.834506100419265,,,
2012-07-04T00:00:00,EURJPY,10,0.73197447019223016,0.23422785635064,success,11,15.608323888755978,14.603660488640065,false,false,2.3422785635064001,25.440781964731247,,,
2012-07-05T00:00:00,EURJPY,10,0.89799563457003362,0.098700074110755626,success,11,15.608323895336275,13.433174299027929,false,false,0.9870007411075562,15.042912175227956,,,
2012-07-06T00:00:00,EURJPY,10,0.49999998006646518,0.057996032955549962,success,11,15.60832390523384,15.60832398496798,false,false,0.57996032955549959,0.016856981501796375,,,
2012-07-09T00:00:00,EURJPY,10,0.65317146689225281,0.94609294617202144,success,11,15.608323886456425,14.975314725272154,false,false,9.4609294617202142,0.70228789548040504,,,
2012-07-10T00:00:00,EURJPY,10,0.70712842834778189,0.82970565230454807,success,11,15.608323902844411,14.726845791821647,false,false,8.2970565230454802,8.5174682193338089,,,
2012-07-11T00:00:00,EURJPY,10,0.77973645151948012,0.76211515583294687,success,11,15.608324054193588,14.344192851296844,false,false,7.6211515583294691,4.5017007932450603,,,
2012-07-12T00:00:00,EURJPY,10,0.90687411759931658,0.19185019771076645,success,11,15.608323890695814,13.332272392168717,false,false,1.9185019771076646,17.013314346735783,,,
2012-07-13T00:00:00,EURJPY,10,0.94772605599232584,5.0576484873022424e-06,success,11,15.608323898994103,12.710756453367955,false,false,5.0576484873022428e-05,2.174085470273623,,,
2012-07-16T00:00:00,EURJPY,10,0.54838378003280419,0.49579228952619375,success,11,15.608323904112604,15.414181282051519,false,false,4.9579228952619374,13.76747805814882,,,
2012-07-17T00:00:00,EURJPY,10,0.60163827391562663,0.39859334394628054,success,11,15.608323901706722,15.196027962919462,false,false,3.9859334394628054,45.785227006040394,,,
2012-07-18T00:00:00,EURJPY,10,0.66873038228778681,0.20104175284413786,success,11,15.608324004829655,14.905875640775438,false,false,2.0104175284413786,205905.77294346539,,,
2012-07-19T00:00:00,EURJPY,10,0.97589991875398774,0.8861705411011519,success,11,15.608324516885736,11.907179689685471,false,false,8.8617054110115188,16.874990565269734,,,
2012-07-20T00:00:00,EURJPY,10,0.56687861979292453,1.001388437190287e-07,success,11,15.608323890500291,15.339196696652012,false,false,1.0013884371902869e-06,1.7609095631304756,,,
2012-07-23T00:00:00,EURJPY,10,0.63727359240651238,0.80039508040296636,success,11,15.608324621856383,15.044774409072541,false,false,8.0039508040296639,163.24778801549778,,,
2012-07-24T00:00:00,EURJPY,10,0.66906185289117959,0.89786134388544847,success,11,15.608323885057294,14.904378864635735,false,false,8.9786134388544845,64.293781823367624,,,
2012-07-25T00:00:00,EURJPY,10,0.66730013200333194,0.60195118980635876,success,11,15.608323905223312,14.912324773757204,false,false,6.0195118980635876,38.921620429080598,,,
2012-07-26T00:00:00,EURJPY,10,0.83451857348645564,0.78522107295934374,success,11,15.289034667894711,13.67103863003158,false,false,7.8522107295934376,0.53812118095807404,,,
2012-07-27T00:00:00,EURJPY,10,0.90364290273019654,0.40787698748403234,success,11,14.234241357265855,11.995868147502383,false,false,4.0787698748403232,14.761905356786379,,,
2012-07-30T00:00:00,EURJPY,10,0.79646636762874401,0.69799589498719783,success,11,14.946446639536388,13.58209299714186,false,false,6.9799589498719783,39.837959469759575,,,
2012-07-31T00:00:00,EURJPY,10,0.73885552720303205,0.58055502334245579,success,11,15.217845512430307,14.177816898088691,false,false,5.8055502334245581,17.205995506213288,,,
2012-08-01T00:00:00,EURJPY,10,0.82459538210293637,0.41516303775925001,success,11,15.150324298524255,13.602526885830247,false,false,4.1516303775925003,4199.6203979858328,,,
2012-08-02T00:00:00,EURJPY,10,0.695060353359084,0.83258647264523833,success,11,15.124631786036328,14.300746982037026,false,false,8.3258647264523837,2.8812231908869932,,,
2012-08-03T00:00:00,EURJPY,10,0.84259542998823467,0.90249908818907154,success,11,15.607545853012809,13.929878297129205,false,false,9.0249908818907159,100.7344052406208,,,
2012-08-06T00:00:00,EURJPY,10,0.68263319059139271,0.80491270675026405,success,11,15.608323994609332,14.842424567933277,false,false,8.0491270675026403,16.875217129208263,,,
2012-08-07T00:00:00,EURJPY,10,0.5799065045708065,0.69525149500075845,success,11,15.608323882080379,15.285934285218362,false,false,6.9525149500075845,15.541218358936415,,,
2012-08-08T00:00:00,EURJPY,10,0.58118814905823757,0.58550044440096871,success,11,15.608323916689706,15.280671151646171,false,false,5.8550044440096869,11.712583338814683,,,
2012-08-09T00:00:00,EURJPY,10,0.57851796744129269,0.40302804052882057,success,11,15.608323889765337,15.291631434094571,false,false,4.030280405288206,10.800658135891087,,,
2012-08-10T00:00:00,EURJPY,10,0.84874278518074631,0.59550663331980669,success,11,15.608323993037169,13.883549611781417,false,false,5.9550663331980669,36.098374157037576,,,
2012-08-13T00:00:00,EURJPY,10,0.89173943011157453,0.49658384879531392,success,11,15.608323955594193,13.499690989825053,false,false,4.965838487953139,51.035624888608531,,,
2012-08-14T00:00:00,EURJPY,10,0.73451903352357828,0.82374930010561886,success,11,15.608323991113398,14.590651231014331,false,false,8.2374930010561886,0.53738257974630166,,,
2012-08-15T00:00:00,EURJPY,10,0.929639669131897,0.83794127561491738,success,11,15.608323892306821,13.027156456146184,false,false,8.3794127561491738,1.3837943216519015,,,
2012-08-16T00:00:00,EURJPY,10,0.90431348958565083,0.18453665709477077,success,11,15.608323906805389,13.362225157528268,false,false,1.8453665709477076,28.480017922176614,,,
2012-08-17T00:00:00,EURJPY,10,0.92344157197820931,9.9999999999999995e-08,success,11,15.608323897928789,13.118270582619925,false,false,9.9999999999999995e-07,7.9360970461842388,,,
2012-08-20T00:00:00,EURJPY,10,0.55450434974802765,0.73292225963153967,success,11,15.60824343160937,15.389356263517838,false,false,7.3292225963153967,15.876610406619809,,,
2012-08-21T00:00:00,EURJPY,10,0.67141484805987883,0.34211093067870985,success,11,15.605935961175414,14.891344780565214,false,false,3.4211093067870983,38.677274703718858,,,
2012-08-22T00:00:00,EURJPY,10,0.60761053527067466,0.50202718534974977,success,11,15.608323944772707,15.171044714082759,false,false,5.0202718534974977,19.63825071646832,,,
2012-08-23T00:00:00,EURJPY,10,0.50984587150642224,0.99992071558775764,success,11,15.608323891285055,15.568935313565575,false,false,9.9992071558775759,0.044074305049154619,,,
2012-08-24T00:00:00,EURJPY,10,0.51406136280711012,1.5160621308128644e-07,success,11,15.608323893369155,15.552063607155283,false,false,1.5160621308128643e-06,0.040654484356791101,,,
2012-08-27T00:00:00,EURJPY,10,0.51951176939854149,0.53461604200080848,success,11,15.608324097272739,15.530237365792182,false,false,5.3461604200080846,25.611813105239904,,,
2012-08-28T00:00:00,EURJPY,10,0.57531570066827598,0.26470158968260749,success,11,15.608323902108904,15.304751035132256,false,false,2.6470158968260749,23.755368691091366,,,
2012-08-29T00:00:00,EURJPY,10,0.83205133568670864,0.72997705340874186,success,11,15.608323898577911,14.008088121257265,false,false,7.2997705340874184,6.3710218600238422,,,
2012-08-30T00:00:00,EURJPY,10,0.83537562366449403,0.49724448169489072,success,11,15.608323895152191,13.984108794414404,false,false,4.9724448169489071,53.936324143531415,,,
2012-08-31T00:00:00,EURJPY,10,0.75861573252611192,0.54440557973659887,success,11,15.608323937398222,14.463218703980628,false,false,5.4440557973659889,1.9369102641095646,,,
2012-09-03T00:00:00,EURJPY,10,0.86852275561919701,0.39976893908134803,success,11,15.608323907534103,13.720363911247535,false,false,3.9976893908134801,1.4533095289771385,,,
2012-09-04T00:00:00,EURJPY,10,0.95367544845973917,5.618627814570818e-07,success,11,15.608323900383546,12.583672578988878,false,false,5.6186278145708182e-06,0.76136905959714596,,,
2012-09-05T00:00:00,EURJPY,10,0.71539818574367975,2.1545629918063103e-06,success,11,15.608323969190881,14.686575738765976,false,false,2.1545629918063103e-05,0.97854443685509773,,,
2012-09-06T00:00:00,EURJPY,10,0.94057781781943139,0.99999990000000005,success,11,15.574191524431953,12.81236473225206,false,false,9.9999990000000007,2.2248860176579299,,,
2012-09-07T00:00:00,EURJPY,10,0.88201554569099583,0.80717546945424989,success,11,14.232063732944873,12.220406924236155,false,false,8.0717546945424985,17.621497541741395,,,
2012-09-10T00:00:00,EURJPY,10,0.95487984132516657,0.74427490771405225,success,11,15.459534930370859,12.40727854232121,false,false,7.4427490771405225,3.5269512189757291,,,
2012-09-11T00:00:00,EURJPY,10,0.88586706018170636,0.60856487300370143,success,11,15.477752929608839,13.428549942943064,false,false,6.0856487300370148,15.070488983509719,,,
2012-09-12T00:00:00,EURJPY,10,0.80208368619080372,0.5066785196055168,success,11,15.425299636554968,14.025930971081237,false,false,5.066785196055168,15.318026184256608,,,
2012-09-13T00:00:00,EURJPY,10,0.70637372470608895,0.4053862539094612,success,11,15.561346704185313,14.683510037887213,false,false,4.0538625390946121,15.889466661632419,,,
2012-09-14T00:00:00,EURJPY,10,0.98800355230404246,0.99999990000000005,success,11,15.606874190753695,11.195798478189825,false,false,9.9999990000000007,0.36464495926252705,,,
2012-09-17T00:00:00,EURJPY,10,0.96576508511368309,0.8024903466014216,success,11,15.608323884106358,12.268649288989845,false,false,8.0249034660142158,94.742851658929709,,,
2012-09-18T00:00:00,EURJPY,10,0.97021634782513688,0.7012223168726297,success,11,15.608324182289479,12.124764754914127,false,false,7.0122231687262966,187.76252983695869,,,
2012-09-19T00:00:00,EURJPY,10,0.96925106374912595,0.65253066423990713,success,11,15.56047095980191,12.109802685940958,false,false,6.5253066423990713,39.102198283617874,,,
2012-09-20T00:00:00,EURJPY,10,0.95661315647589718,0.52405999502738676,success,11,15.336579180931246,12.243336346950192,false,false,5.240599950273868,16.454865051136025,,,
2012-09-21T00:00:00,EURJPY,10,0.95668152384176175,0.41439367304929631,success,11,15.391038787930022,12.296147482928331,false,false,4.1439367304929631,19.997702133643834,,,
2012-09-24T00:00:00,EURJPY,10,0.94778927118234313,0.4999040304625324,success,11,15.271223035701405,12.372378852613215,false,false,4.999040304625324,668.80273777932803,,,
2012-09-25T00:00:00,EURJPY,10,0.97779978129232159,0.39990002770168975,success,11,15.176753105052148,11.391550319107782,false,false,3.9990002770168975,719.7044851617112,,,
2012-09-26T00:00:00,EURJPY,10,0.99409634964386229,0.29991620465929614,success,11,15.137546781890215,10.011283512723033,false,false,2.9991620465929616,1050.2243365480297,,,
2012-09-27T00:00:00,EURJPY,10,0.95432798516793504,3.0339660527560767e-05,success,11,15.204473902829063,12.164952233913779,false,false,0.00030339660527560768,0.27179596343360696,,,
2012-09-28T00:00:00,EURJPY,10,0.99655059322173623,4.6805222120755264e-05,success,11,14.91569020810325,9.2495925667483512,false,false,0.00046805222120755265,0.59312712582566884,,,
2012-10-01T00:00:00,EURJPY,10,0.71740204855491219,0.90522491085566126,success,11,15.559815808281916,14.628204608929373,false,false,9.0522491085566124,1.1561705120638683,,,
2012-10-02T00:00:00,EURJPY,10,0.80919301650064335,0.709337869869481,success,11,14.115121933662399,12.670346818027824,false,false,7.09337869869481,0.93187163698222231,,,
2012-10-03T00:00:00,EURJPY,10,0.78284089450867389,0.58432135801437901,success,11,13.583678847785263,12.301379662209678,false,false,5.8432135801437903,0.99371111386555866,,,
2012-10-04T00:00:00,EURJPY,10,0.76840506931690566,0.59990771335887194,success,11,13.047204563982444,11.847877393089847,false,false,5.9990771335887194,0.58235506623766098,,,
2012-10-05T00:00:00,EURJPY,10,0.71599163005750732,0.48780930793219579,success,11,13.327448047408671,12.402783279735591,false,false,4.8780930793219577,0.99125554646492653,,,
2012-10-08T00:00:00,EURJPY,10,0.85701496973141189,0.83837384342870069,success,11,14.858384694432004,13.067669249732635,false,false,8.3837384342870074,0.84352168024853269,,,
2012-10-09T00:00:00,EURJPY,10,0.91937687425202685,0.60405134516000858,success,11,14.02037135697357,11.586460755313519,false,false,6.040513451600086,0.76717478915632564,,,
2012-10-10T00:00:00,EURJPY,10,0.89963440426337538,0.40202187292067981,success,11,13.909646185738195,11.716477199013907,false,false,4.0202187292067979,0.96121180074666579,,,
2012-10-11T00:00:00,EURJPY,10,0.97141988567471504,0.47194632765513961,success,11,14.740050191081194,11.214002562908123,false,false,4.7194632765513962,2.6838428348696777,,,
2012-10-12T00:00:00,EURJPY,10,0.94003722702521408,0.36156930611372945,success,11,14.85718976153689,12.104994203081564,false,false,3.6156930611372946,4.2088861527891952,,,
2012-10-15T00:00:00,EURJPY,10,0.9136124151211823,0.23957620824401521,success,11,14.840247703049169,12.481685246961941,false,false,2.395762082440152,1.0265176778631575,,,
2012-10-16T00:00:00,EURJPY,10,0.72303958019865888,0.61105003025135507,success,11,14.934229988699107,13.974640630816214,false,false,6.1105003025135503,16.637815993459707,,,
2012-10-17T00:00:00,EURJPY,10,0.72085528637604357,0.5087891221463916,success,11,15.030085272244346,14.081377201656084,false,false,5.0878912214639156,17.04425686359555,,,
2012-10-18T00:00:00,EURJPY,10,0.6333133238538764,0.59516303037982266,success,11,15.041448228957755,14.494990686822366,false,false,5.9516303037982263,14.597484221371236,,,
2012-10-19T00:00:00,EURJPY,10,0.61542105130834179,0.49645825731612209,success,11,15.144222784939355,14.67406521118113,false,false,4.9645825731612208,12.208093201285408,,,
2012-10-22T00:00:00,EURJPY,10,0.96066957190522706,0.20365466163246765,success,11,15.270944955025485,12.075312914020991,false,false,2.0365466163246766,76.045899058746954,,,
2012-10-23T00:00:00,EURJPY,10,0.57471372468859272,0.80426648833018377,success,11,15.608323905104138,15.307214389525264,false,false,8.0426648833018373,17.954742055699551,,,
2012-10-24T00:00:00,EURJPY,10,0.55800929526394483,0.71268267964631793,success,11,15.608323912271686,15.375237143697648,false,false,7.1268267964631793,13.300835131726551,,,
2012-10-25T00:00:00,EURJPY,10,0.58521303441053585,0.47738996693179503,success,11,15.608323910926124,15.264113021099101,false,false,4.7738996693179505,2.2336434254826574,,,
2012-10-26T00:00:00,EURJPY,10,0.57774671075322093,0.50162969274909774,success,11,15.608324356800068,15.294794146329014,false,false,5.016296927490977,42.344952996429335,,,
2012-10-29T00:00:00,EURJPY,10,0.61224162429496665,0.1990589763258854,success,11,15.60832388259956,15.151579269675107,false,false,1.9905897632588541,66.461104647142776,,,
2012-10-30T00:00:00,EURJPY,10,0.85353235205435396,0.89372861100570022,success,11,15.608323909052011,13.845745033309926,false,false,8.937286110057002,15.257460012841134,,,
2012-10-31T00:00:00,EURJPY,10,0.86756798976050997,0.76723729204424507,success,11,15.608323906388405,13.728699406736688,false,false,7.6723729204424505,27.098370136127134,,,
2012-11-01T00:00:00,EURJPY,10,0.87066462642941156,0.66487599036112721,success,11,15.60832390360774,13.701475871047993,false,false,6.6487599036112721,26.022846164193613,,,
2012-11-02T00:00:00,EURJPY,10,0.79772275053505715,0.59777685171371409,success,11,15.608323907891823,14.236202079674531,false,false,5.9777685171371413,61.854022028373727,,,
2012-11-05T00:00:00,EURJPY,10,0.75729151541179762,4.1196225614370483e-07,success,11,15.608323962820727,14.470436761780087,false,false,4.1196225614370482e-06,0.43517876277005724,,,
2012-11-06T00:00:00,EURJPY,10,0.65241543215367503,0.39809978582943212,success,11,15.608323933853844,14.978650405057598,false,false,3.9809978582943213,35.696023838413105,,,
2012-11-07T00:00:00,EURJPY,10,0.56401738198737916,0.90916830345718291,success,11,15.608323919498014,15.350841224959092,false,false,9.0916830345718296,1.6038890953292597,,,
2012-11-08T00:00:00,EURJPY,10,0.62236578231395512,0.19787903556882913,success,11,15.60832387994745,15.108721934634204,false,false,1.9787903556882913,28.502082584075463,,,
2012-11-09T00:00:00,EURJPY,10,0.65629061940587741,0.60316605770857112,success,11,15.502229526350614,14.855422294577059,false,false,6.0316605770857112,15.913949260267914,,,
2012-11-12T00:00:00,EURJPY,10,0.73621177646479852,0.27697822596180205,success,11,15.448197523543834,14.421826304088265,false,false,2.7697822596180206,2.1633456860021187,,,
2012-11-13T00:00:00,EURJPY,10,0.60674996825096772,0.40580155489579645,success,11,15.47369358603409,15.04002241642713,false,false,4.0580155489579646,16.071927765982647,,,
2012-11-14T00:00:00,EURJPY,10,0.68280431596187574,0.99999785867466717,success,11,15.594074082474247,14.827384653829663,false,false,9.9999785867466713,0.16360548034053934,,,
2012-11-15T00:00:00,EURJPY,10,0.98237953256932287,0.89986193036518747,success,11,14.257444122400555,10.236527547907173,false,false,8.9986193036518749,888.96401382168915,,,
2012-11-16T00:00:00,EURJPY,10,0.85447205529917036,0.79550358435532775,success,11,14.66444083935631,12.894325168290532,false,false,7.9550358435532775,14.009339978807748,,,
2012-11-19T00:00:00,EURJPY,10,0.68315293243858322,0.5678954044211133,success,11,15.017101589887956,14.248802063339955,false,false,5.6789540442111335,1.7326860491052292,,,
2012-11-20T00:00:00,EURJPY,10,0.70490006766712077,0.42305552516474138,success,11,14.636231987326308,13.765489995197662,false,false,4.2305552516474139,1.6091358347576823,,,
2012-11-21T00:00:00,EURJPY,10,0.99061989554057728,0.21896219629546945,success,11,14.086497202953915,9.4267571980232852,false,false,2.1896219629546945,2.7428100956803871,,,
2012-11-22T00:00:00,EURJPY,10,0.73958343609126287,0.65793359325188283,success,11,15.02384836931124,13.980043783607309,false,false,6.5793359325188288,2.849129081442813,,,
2012-11-23T00:00:00,EURJPY,10,0.83535118368503969,0.56327275085553863,success,11,15.540770180842788,13.916732784845284,false,false,5.6327275085553863,3.6083461647179647,,,
2012-11-26T00:00:00,EURJPY,10,0.71477705350606269,0.46489174718725074,success,11,15.608324175271257,14.689624637335331,false,false,4.6489174718725073,2.5968715765212811,,,
2012-11-27T00:00:00,EURJPY,10,0.74427181396346875,0.3536128536163306,success,11,15.551314276887958,14.483023074531197,false,false,3.5361285361633059,2.0139641833102901,,,
2012-11-28T00:00:00,EURJPY,10,0.80668809087114302,0.75823956723503616,success,11,15.127782834615735,13.699150739435822,false,false,7.582395672350362,3.5705590198535249,,,
2012-11-29T00:00:00,EURJPY,10,0.83890675219192312,0.17566583418200737,success,11,15.575202949037502,13.925086766610981,false,false,1.7566583418200739,0.31135857752143525,,,
2012-11-30T00:00:00,EURJPY,10,0.86038824173414086,0.59333938420382504,success,11,14.838776379519537,13.020258063311942,false,false,5.9333938420382504,17.175933176286886,,,
2012-12-03T00:00:00,EURJPY,10,0.83447064103637636,0.48912131662538555,success,11,14.839148936519006,13.221499950173229,false,false,4.8912131662538556,16.430934496027565,,,
2012-12-04T00:00:00,EURJPY,10,0.87647263607175807,0.56487277318389728,success,11,14.778938457320328,12.819495674782143,false,false,5.6487277318389726,2.7529524829029524,,,
2012-12-05T00:00:00,EURJPY,10,0.93822399477860419,0.4888325943354993,success,11,15.434106299069748,12.713632602211479,false,false,4.8883259433549933,10.280301983443708,,,
2012-12-06T00:00:00,EURJPY,10,0.85118097852070096,0.99967216009537929,success,11,15.608323910326215,13.864430085402518,false,false,9.9967216009537925,2.1747316185197172,,,
2012-12-07T00:00:00,EURJPY,10,0.69708916405834842,0.79795160939703658,success,11,15.608323886849718,14.774849050176282,false,false,7.979516093970366,11.444977744340845,,,
2012-12-10T00:00:00,EURJPY,10,0.63351798098619416,0.3036367698904413,success,11,15.608323894933301,15.060984970782725,false,false,3.0363676989044128,16.219910253171879,,,
2012-12-11T00:00:00,EURJPY,10,0.80219434819480395,0.5989725843050292,success,11,15.608323899417664,14.208257983601268,false,false,5.9897258430502918,16.493226016761703,,,
2012-12-12T00:00:00,EURJPY,10,0.97797003815289263,0.42638164680408897,success,11,15.326985774631114,11.533910169853058,false,false,4.2638164680408899,2.1052251657728438,,,
2012-12-13T00:00:00,EURJPY,10,0.94828230573607553,0.29947290868248844,success,11,15.114040642085889,12.205188365080199,false,false,2.9947290868248841,3.1064084832785293,,,
2012-12-14T00:00:00,EURJPY,10,0.68780788461725417,0.69976669704184113,success,11,15.019708994003487,14.229818185281493,false,false,6.9976669704184111,6635.5009722103123,,,
2012-12-17T00:00:00,EURJPY,10,0.73850938916697872,0.59527280660518955,success,11,14.95112607904602,13.912890641144763,false,false,5.952728066051896,15.922527169500075,,,
2012-12-18T00:00:00,EURJPY,10,0.77890296914489621,0.49991115214563492,success,11,14.9536167761763,13.694331955090693,false,false,4.9991115214563493,18503.221901626741,,,
2012-12-19T00:00:00,EURJPY,10,0.72295112926631444,0.68311474888592294,success,11,15.417655664965455,14.458507958734168,false,false,6.8311474888592292,1.1902486800491832,,,
2012-12-20T00:00:00,EURJPY,10,0.89632232532071321,0.49239987798414209,success,11,15.377802095474989,13.220788813599773,false,false,4.9239987798414209,12.946388580863799,,,
2012-12-21T00:00:00,EURJPY,10,0.84814352994369702,0.63718340778897675,success,11,15.608323897095557,13.888209817408445,false,false,6.3718340778897673,1.8746468492482837,,,
2012-12-24T00:00:00,EURJPY,10,0.62315892252395311,0.59599967970984469,success,11,15.608323885819114,15.105345860644885,false,false,5.9599967970984471,13.796906758925928,,,
2012-12-26T00:00:00,EURJPY,10,0.77591354159802373,0.50178354405733372,success,11,15.608323888258937,14.366314742144016,false,false,5.0178354405733367,14.622421747972611,,,
2012-12-27T00:00:00,EURJPY,10,0.72073273134441507,0.40447469075009729,success,11,15.608323897150717,14.66022479565407,false,false,4.044746907500973,16.11715342823582,,,
2012-12-28T00:00:00,EURJPY,10,0.97355842625353284,0.28750314600679416,success,11,15.608323884046046,12.002303578975528,false,false,2.8750314600679419,10.504723792285452,,,
2012-12-31T00:00:00,EURJPY,10,0.95355777043170353,0.18844548309806375,success,11,15.608323886795935,12.586333041158664,false,false,1.8844548309806375,13.130707637177895,,,
2013-01-01T00:00:00,EURJPY,10,0.50615366270931161,0.53992026283353078,success,11,15.608323890271921,15.583707996525868,false,false,5.3992026283353081,22.313842121183924,,,
2013-01-02T00:00:00,EURJPY,10,0.53955308244246603,0.36550039217651237,success,11,15.608323981486347,15.449780387437279,false,false,3.6550039217651236,23.427089576002452,,,
2013-01-03T00:00:00,EURJPY,10,0.65937484671281377,0.99851052156709996,success,11,15.60832390748322,14.947814338727108,false,false,9.9851052156710001,9.2542673461729752,,,
2013-01-04T00:00:00,EURJPY,10,0.71783165544592209,0.80135498287023954,success,11,15.608323883123552,14.674592664061667,false,false,8.013549828702395,83.253564025414718,,,
2013-01-07T00:00:00,EURJPY,10,0.63571555544907032,0.70179255467591672,success,11,15.608323903126486,15.051507683232508,false,false,7.0179255467591677,39.172012729223574,,,
2013-01-08T00:00:00,EURJPY,10,0.68947186765497792,0.60062090805426183,success,11,15.608324596949059,14.810673202263521,false,false,6.006209080542618,148.8345821996208,,,
2013-01-09T00:00:00,EURJPY,10,0.69020569176580016,0.50147863201483245,success,11,15.608323982244654,14.807242880495116,false,false,5.0147863201483247,61.349046384551094,,,
2013-01-10T00:00:00,EURJPY,10,0.84090287756980431,0.9999985886956132,success,11,15.608323894236705,13.943362574023878,false,false,9.9999858869561322,0.36736638271098265,,,
2013-01-11T00:00:00,EURJPY,10,0.82947001900362471,0.6014109565221849,success,11,15.575341434729152,13.993465592093605,false,false,6.0141095652218493,15.344806700808649,,,
2013-01-14T00:00:00,EURJPY,10,0.77989218456468834,0.4992886361459104,success,11,15.541458071289982,14.276419882545062,false,false,4.9928863614591039,17.32703208909173,,,
2013-01-15T00:00:00,EURJPY,10,0.79018918228174961,0.4022153150768043,success,11,15.5687295118571,14.242663380505657,false,false,4.0221531507680428,14.606684292613556,,,
2013-01-16T00:00:00,EURJPY,10,0.73364991331628693,0.30100240194208355,success,11,15.475231807828848,14.462011409142773,false,false,3.0100240194208356,16.064245087640241,,,
2013-01-17T00:00:00,EURJPY,10,0.60804033610453789,0.69518131253128101,success,11,15.555046486213211,15.11596420044061,false,false,6.9518131253128104,2.4689022991459231,,,
2013-01-18T00:00:00,EURJPY,10,0.67087787228258078,0.58021265467579963,success,11,15.588932467645041,14.876774246511605,false,false,5.8021265467579966,2.3632167981501855,,,
2013-01-21T00:00:00,EURJPY,10,0.71288553143290789,0.39805013178661813,success,11,15.486802317067765,14.577362435940607,false,false,3.9805013178661812,16.807772075994571,,,
2013-01-22T00:00:00,EURJPY,10,0.7047992793621668,0.29633730398004277,success,11,15.48508695052724,14.614829432285589,false,false,2.9633730398004277,13.917296044866879,,,
2013-01-23T00:00:00,EURJPY,10,0.67608228970189388,0.19690159522088835,success,11,15.243918536879852,14.508093240889581,false,false,1.9690159522088835,16.352293743876796,,,
2013-01-24T00:00:00,EURJPY,10,0.62804501257881429,0.70161349558018027,success,11,15.579413970157569,15.055574975572979,false,false,7.0161349558018022,1.3814973686816658,,,
2013-01-25T00:00:00,EURJPY,10,0.66089478360906939,0.60025839533292824,success,11,15.564047052673788,14.896762835147531,false,false,6.0025839533292826,1.9146592086312391,,,
2013-01-28T00:00:00,EURJPY,10,0.6470074732191935,0.48784966615514619,success,11,15.604650693151994,14.998739734263758,false,false,4.8784966615514618,1.9085598461631799,,,
2013-01-29T00:00:00,EURJPY,10,0.63881285662635756,0.34607851764906877,success,11,15.579397034874367,15.009181719226396,false,false,3.4607851764906878,1.9049213606237547,,,
2013-01-30T00:00:00,EURJPY,10,0.55618102866709229,0.19997769591048487,success,11,15.608324104941895,15.382647029624476,false,false,1.9997769591048487,1721.0424883952726,,,
2013-01-31T00:00:00,EURJPY,10,0.97446418277665037,0.79613873826276405,success,11,15.490991106660811,11.849185406485658,false,false,7.96138738262764,17.531623959422504,,,
2013-02-01T00:00:00,EURJPY,10,0.80938615164927274,0.63292870832200177,success,11,14.997813742569926,13.55178726487271,false,false,6.3292870832200174,1.7537298441183675,,,
2013-02-04T00:00:00,EURJPY,10,0.7502152227119645,0.89193148108179565,success,11,15.608323886786508,14.508563414041429,false,false,8.9193148108179567,1.6452092807158327,,,
2013-02-05T00:00:00,EURJPY,10,0.72619307909637842,0.72816139143799374,success,11,15.608323887376777,14.632931148499381,false,false,7.2816139143799372,1.0681879643185879,,,
2013-02-06T00:00:00,EURJPY,10,0.74637949450791663,0.70884518913905536,success,11,15.60832391558416,14.528928815865525,false,false,7.0884518913905534,15.847167022219008,,,
2013-02-07T00:00:00,EURJPY,10,0.70095665460279133,0.60218238162331184,success,11,15.608323894361074,14.756466373667973,false,false,6.0218238162331179,13.551245957296292,,,
2013-02-08T00:00:00,EURJPY,10,0.85290470622195436,0.48773248508832873,success,11,15.608323950591837,13.850756759120525,false,false,4.8773248508832872,13.109988361700834,,,
2013-02-11T00:00:00,EURJPY,10,0.89788024651641196,0.39073790633821998,success,11,15.608323893237008,13.434433367982637,false,false,3.9073790633821996,12.87349241066274,,,
2013-02-12T00:00:00,EURJPY,10,0.51293972152576428,0.73102390655100979,success,11,15.608323903347401,15.556553457503799,false,false,7.3102390655100979,17.776114732201478,,,
2013-02-13T00:00:00,EURJPY,10,0.79214869882845951,0.90413626471130948,success,11,15.608323901649516,14.270397702238064,false,false,9.041362647113095,13.959044234350644,,,
2013-02-14T00:00:00,EURJPY,10,0.62298400252566111,0.35685464122164029,success,11,15.608323906542546,15.106090686380403,false,false,3.5685464122164028,29.556103738904053,,,
2013-02-15T00:00:00,EURJPY,10,0.72506614193411467,0.29776296895668608,success,11,15.608323945822459,14.638591617488936,false,false,2.9776296895668608,50.890349738834004,,,
2013-02-18T00:00:00,EURJPY,10,0.87017490104801476,0.5920272934806301,success,11,15.608323899876467,13.705817824670673,false,false,5.9202729348063015,28.829059413822399,,,
2013-02-19T00:00:00,EURJPY,10,0.9432968990627657,0.71538976356747663,success,11,15.608323898672294,12.796771719839963,false,false,7.1538976356747668,0.66228647738186086,,,
2013-02-20T00:00:00,EURJPY,10,0.85684274295174734,0.80829224696989255,success,11,15.608324211959516,13.819013533009876,false,false,8.082922469698925,2.7233535205720827,,,
2013-02-21T00:00:00,EURJPY,10,0.81961630651151784,0.29505030309504521,success,11,15.608324143249435,14.094574044068684,false,false,2.9505030309504523,29.564282190372094,,,
2013-02-22T00:00:00,EURJPY,10,0.86206264765384433,0.16166545802652149,success,11,15.608323900151717,13.775795568612438,false,false,1.616654580265215,24.96730340024537,,,
2013-02-25T00:00:00,EURJPY,10,0.69820858685663989,0.66655224226618348,success,11,15.608323900638977,14.769542101267103,false,false,6.6655224226618346,0.73052067754931338,,,
2013-02-26T00:00:00,EURJPY,10,0.75393575876548391,0.67608037964806134,success,11,15.608324146254997,14.488609627523243,false,false,6.7608037964806131,6.3200739102602261,,,
2013-02-27T00:00:00,EURJPY,10,0.79864225309523929,0.50865053768182,success,11,15.608323903484099,14.230493962670982,false,false,5.0865053768182005,15.402146086380133,,,
2013-02-28T00:00:00,EURJPY,10,0.7021087419058879,0.40227503238802287,success,11,15.608323934993717,14.75096415415095,false,false,4.0227503238802287,43.318610094782684,,,
2013-03-01T00:00:00,EURJPY,10,0.75466881038120759,0.30123622461720467,success,11,15.608323890508597,14.484653991302238,false,false,3.0123622461720467,111.11686905379027,,,
2013-03-04T00:00:00,EURJPY,10,0.69642744044346416,0.79500094665481191,success,11,15.608323884098516,14.77798093159608,false,false,7.9500094665481189,23.431801009878985,,,
2013-03-05T00:00:00,EURJPY,10,0.8573073553830648,0.83213429489908841,success,11,15.608323886012791,13.815220369431652,false,false,8.3213429489908837,9.1170017466203213,,,
2013-03-06T00:00:00,EURJPY,10,0.98843311873220585,0.71799759768345783,success,11,15.608324679240621,11.160349649793464,false,false,7.1799759768345783,7.503965652640038,,,
2013-03-07T00:00:00,EURJPY,10,0.79353108817283546,0.29030229835505839,success,11,15.608323968700038,14.261981103974458,false,false,2.9030229835505836,13.494828160733144,,,
2013-03-08T00:00:00,EURJPY,10,0.88401861922728864,0.19683015254104153,success,11,15.608323907573512,13.577275450326459,false,false,1.9683015254104153,57.39577801327912,,,
2013-03-11T00:00:00,EURJPY,10,0.9625756415457517,0.098929718767887961,success,11,15.571824193781383,12.324533330076113,false,false,0.98929718767887964,133.1983727207068,,,
2013-03-12T00:00:00,EURJPY,10,0.93262322222561966,0.60021490913833675,success,11,15.608323883415126,12.980623013972927,false,false,6.0021490913833677,906.07847632811695,,,
2013-03-13T00:00:00,EURJPY,10,0.92946269235078094,0.50174439545319161,success,11,15.608323890488387,13.029858977825636,false,false,5.0174439545319158,113.3454607463806,,,
2013-03-14T00:00:00,EURJPY,10,0.92609249822854145,0.40194634475445917,success,11,15.608323885877946,13.08016410139594,false,false,4.0194634475445916,106.7053090514036,,,
2013-03-15T00:00:00,EURJPY,10,0.62778280531415198,0.8685543831696565,success,11,15.608323953187639,15.085607238527954,false,false,8.685543831696565,3.3800094656512871,,,
2013-03-18T00:00:00,EURJPY,10,0.73156754376909428,0.89964670753291909,success,11,15.56033033868389,14.557740109147842,false,false,8.9964670753291909,98.44079888148984,,,
2013-03-19T00:00:00,EURJPY,10,0.97446520052218755,0.79909541413515117,success,11,15.279115426683502,11.637268825690466,false,false,7.9909541413515113,2.5588932123303678,,,
2013-03-20T00:00:00,EURJPY,10,0.68289570636445918,0.72570143612402427,success,11,15.6082918091672,14.841180382348959,false,false,7.2570143612402429,1.1267547912950522,,,
2013-03-21T00:00:00,EURJPY,10,0.687937609106684,0.53619591783208964,success,11,15.608323901504116,14.817828890750709,false,false,5.3619591783208964,0.76415187119879235,,,
2013-03-22T00:00:00,EURJPY,10,0.77356922177170429,0.56612776399172948,success,11,15.608323892644824,14.379748018338372,false,false,5.6612776399172944,1.8917335806140321,,,
2013-03-25T00:00:00,EURJPY,10,0.72138007743581545,0.60265090419296385,success,11,15.608323891881751,14.65700630867466,false,false,6.0265090419296383,16.221091760180023,,,
2013-03-26T00:00:00,EURJPY,10,0.83575054682134819,0.39410269478830151,success,11,15.608323885537358,13.981380034106849,false,false,3.9410269478830151,2.3078301067963651,,,
2013-03-27T00:00:00,EURJPY,10,0.78132517677682567,0.39897410673967904,success,11,15.608324062170698,14.334918440380996,false,false,3.9897410673967904,16.374512173885208,,,
2013-03-28T00:00:00,EURJPY,10,0.59747305559250019,0.94725429179514775,success,11,15.608323954434123,15.213376804133345,false,false,9.4725429179514773,0.88965706192556404,,,
2013-03-29T00:00:00,EURJPY,10,0.77315453604778128,0.8834085843112367,success,11,15.608323955889745,14.382114020123236,false,false,8.8340858431123674,0.93491607361232643,,,
2013-04-01T00:00:00,EURJPY,10,0.78657454575381991,0.63810063123299898,success,11,15.608323907776137,14.303924019395522,false,false,6.3810063123299896,0.65048011751695478,,,
2013-04-02T00:00:00,EURJPY,10,0.88644421940435503,0.30138866745089549,success,11,15.608327259197051,13.553403233123694,false,false,3.0138866745089548,0.34760171502708254,,,
2013-04-03T00:00:00,EURJPY,10,0.96887944538013482,0.00061784458099468714,success,11,15.608323890560625,12.170052218908488,false,false,0.0061784458099468711,0.25084560824274976,,,
2013-04-04T00:00:00,EURJPY,10,0.99674298010894391,0.9999966132822159,success,11,15.608324035657001,9.8846437256469475,false,false,9.9999661328221592,10.45888025539502,,,
2013-04-05T00:00:00,EURJPY,10,0.99664241194946501,0.80076914423104617,success,11,15.363122354324394,9.6699531868409565,false,false,8.0076914423104615,8222.9571695492396,,,
2013-04-08T00:00:00,EURJPY,10,0.98813817348813393,0.79865543801506378,success,11,14.960023866158416,10.537526714251658,false,false,7.986554380150638,55914.212306762711,,,
2013-04-09T00:00:00,EURJPY,10,0.98034970684918243,0.68718819383923935,success,11,15.237495648190148,11.327678553276119,false,false,6.8718819383923933,673.09605535060291,,,
2013-04-10T00:00:00,EURJPY,10,0.97897791996792372,0.50019365261355142,success,11,15.230499239492771,11.389563466332321,false,false,5.0019365261355144,1603.4247001328517,,,
2013-04-11T00:00:00,EURJPY,10,0.64865338968813757,1.0000000000018293e-07,success,11,15.319249798895269,14.706124523114209,false,false,1.0000000000018293e-06,0.91619938423667902,,,
2013-04-12T00:00:00,EURJPY,10,0.67058527446675709,0.69532221304930519,success,11,15.290379784847024,14.579546430651819,false,false,6.9532221304930522,29.746428662443058,,,
2013-04-15T00:00:00,EURJPY,10,0.85643642238537487,0.58715872664049074,success,11,14.769564765023258,12.983562666231588,false,false,5.8715872664049078,14.064688687692607,,,
2013-04-16T00:00:00,EURJPY,10,0.69155399211584723,0.67094048676928886,success,11,15.516824660392098,14.709430245696888,false,false,6.7094048676928884,1.1164719959757687,,,
2013-04-17T00:00:00,EURJPY,10,0.63121816623775384,0.16562511637327174,success,11,15.555052385510097,15.017606068689197,false,false,1.6562511637327173,19.252933712781644,,,
2013-04-18T00:00:00,EURJPY,10,0.82696870201914108,0.048556287534978551,retry_success,11,15.246734332228234,13.682439974440364,true,false,0.48556287534978554,1.516447267728708,,,
2013-04-19T00:00:00,EURJPY,10,0.68429601631801329,0.40323723260716243,success,11,15.60832388245057,14.834738300104778,false,false,4.0323723260716244,26.769222508719256,,,
2013-04-22T00:00:00,EURJPY,10,0.60960217430377894,0.098839866954209113,success,11,15.608323985244178,15.162683699204576,false,false,0.9883986695420911,51.031098341069978,,,
2013-04-23T00:00:00,EURJPY,10,0.88679838955384904,0.89662604553523817,success,11,15.608323972777274,13.549876703280322,false,false,8.9662604553523817,90.692513571398024,,,
2013-04-24T00:00:00,EURJPY,10,0.96119640654624883,0.75127766382010552,success,11,15.608323890578498,12.398657982359174,false,false,7.5127766382010552,6.6421087658105584,,,
2013-04-25T00:00:00,EURJPY,10,0.99234196972212718,0.6295273105326038,success,11,15.608323881211916,10.744010912593971,false,false,6.2952731053260376,10.497005800914746,,,
2013-04-26T00:00:00,EURJPY,10,0.94957686924487195,0.59820483413843262,success,11,15.608324172218643,12.672757700988392,false,false,5.982048341384326,127.14894080358138,,,
2013-04-29T00:00:00,EURJPY,10,0.96039073632070826,2.1339939906330717e-07,success,11,15.608323935330269,12.420046738874621,false,false,2.1339939906330718e-06,0.56083060215415437,,,
2013-04-30T00:00:00,EURJPY,10,0.90287711226247647,9.2423720078556806e-05,success,11,15.608323900669467,13.378714505391356,false,false,0.00092423720078556803,2.2643198697432267,,,
2013-05-01T00:00:00,EURJPY,10,0.74060173229811821,0.29373050926948441,success,11,15.608323887226899,14.559225473467228,false,false,2.9373050926948441,17.622702051470796,,,
2013-05-02T00:00:00,EURJPY,10,0.75624713584302061,0.16878234701175701,success,11,15.608323881409577,14.476110519583241,false,false,1.6878234701175701,18.124671070129068,,,
2013-05-03T00:00:00,EURJPY,10,0.71604455018025837,0.91034653123650178,success,11,15.608324023814808,14.683398996892077,false,false,9.1034653123650173,14.231062624224538,,,
2013-05-06T00:00:00,EURJPY,10,0.82192949014575778,0.80369554160888135,success,11,15.60832388413937,14.078848865806668,false,false,8.0369554160888139,42.780760937973085,,,
2013-05-07T00:00:00,EURJPY,10,0.73894363897681958,0.70006835943751078,success,11,15.608324164553867,14.567838839749925,false,false,7.0006835943751078,1687.1324279912794,,,
2013-05-08T00:00:00,EURJPY,10,0.62870304166258473,0.60243624041591115,success,11,15.608323893505176,15.08166702933104,false,false,6.0243624041591115,29.852887190855309,,,
2013-05-09T00:00:00,EURJPY,10,0.66212732797437057,0.19751165466076107,success,11,15.608323888188984,14.9355351269434,false,false,1.9751165466076106,35.651540964794854,,,
2013-05-10T00:00:00,EURJPY,10,0.62480980450737855,9.9999999999999995e-08,success,11,15.608324082400632,15.098309877139341,false,false,9.9999999999999995e-07,0.10707224359133799,,,
2013-05-13T00:00:00,EURJPY,10,0.74358011966284443,0.85430236938821658,success,11,15.608323900490598,14.543663638714856,false,false,8.5430236938821658,3.6975473674242814,,,
2013-05-14T00:00:00,EURJPY,10,0.85407141312808132,0.76641335972755709,success,11,15.608323897798002,13.841426456606197,false,false,7.6641335972755709,2.047683513843408,,,
2013-05-15T00:00:00,EURJPY,10,0.66348485724855888,0.40567406065359962,success,11,15.608323887448794,14.929461005290673,false,false,4.0567406065359961,1.7457884588054182,,,
2013-05-16T00:00:00,EURJPY,10,0.77428011380106143,0.24830994356508493,success,11,15.608323897532754,14.375684974210452,false,false,2.4830994356508493,0.77559278549902633,,,
2013-05-17T00:00:00,EURJPY,10,0.92712155806572583,0.25405279114080659,success,11,15.415777085234529,12.87248527188037,false,false,2.5405279114080659,4.2903129986268445,,,
2013-05-20T00:00:00,EURJPY,10,0.74549425187844887,0.57843344222697002,success,11,15.589491769198654,14.514767767123018,false,false,5.7843344222697004,1.1973636613075103,,,
2013-05-21T00:00:00,EURJPY,10,0.72556907043894681,0.40316468440177655,success,11,15.608323931240552,14.636067266093695,false,false,4.0316468440177653,1.1298142692876587,,,
2013-05-22T00:00:00,EURJPY,10,0.88910513885822007,0.20016853382005778,success,11,15.588380332506553,13.506747393070336,false,false,2.0016853382005779,633.70196080149708,,,
2013-05-23T00:00:00,EURJPY,10,0.64069342263919848,0.18483928795927915,success,11,15.608323881978146,15.029948819277463,false,false,1.8483928795927915,1.4634199728180133,,,
2013-05-24T00:00:00,EURJPY,10,0.69270480631655296,0.40173736847589137,success,11,15.608324985358276,14.795529870372105,false,false,4.0173736847589137,52.086327375509363,,,
2013-05-27T00:00:00,EURJPY,10,0.69912581262903861,0.19934843787805848,success,11,15.608324145511739,14.765185625232807,false,false,1.9934843787805847,1.4781537751897953,,,
2013-05-28T00:00:00,EURJPY,10,0.54385344376588118,0.69703351951435211,success,11,15.608323898103947,15.432458245514395,false,false,6.9703351951435213,14.0578527356402,,,
2013-05-29T00:00:00,EURJPY,10,0.53864109572500063,0.50007204533649507,success,11,15.608323964998315,15.45345076083488,false,false,5.0007204533649503,27.293534493502502,,,
2013-05-30T00:00:00,EURJPY,10,0.56497089553184809,0.40306672218502076,success,11,15.60832435218118,15.346963070368417,false,false,4.0306672218502078,4.2661608898847616,,,
2013-05-31T00:00:00,EURJPY,10,0.56395496274936574,0.28509704982358197,success,11,15.608323900462832,15.351095039895215,false,false,2.8509704982358195,1.7999740697262061,,,
2013-06-03T00:00:00,EURJPY,10,0.52933630017586164,0.30034760766027857,success,11,15.608324470141525,15.490844338027443,false,false,3.0034760766027855,31.693568916908266,,,
2013-06-04T00:00:00,EURJPY,10,0.55566162507904926,0.99999990000000005,success,11,15.608323913575727,15.384750770432277,false,false,9.9999990000000007,0.46155762248336268,,,
2013-06-05T00:00:00,EURJPY,10,0.60788894351618594,0.99998928669559817,success,11,15.608323891949114,15.169876792380741,false,false,9.9998928669559817,0.10175945005087889,,,
2013-06-06T00:00:00,EURJPY,10,0.70379024740989415,0.70112563693032837,success,11,15.608323883359754,14.742911342600003,false,false,7.0112563693032834,86.808197642430386,,,
2013-06-07T00:00:00,EURJPY,10,0.66552043570204156,0.60070254400093959,success,11,15.608323899151333,14.920330338919172,false,false,6.0070254400093956,116.23284946390147,,,
2013-06-10T00:00:00,EURJPY,10,0.85304036779314762,0.99999980136558775,success,11,15.608323937549232,13.849675004912132,false,false,9.9999980136558779,0.18063637948565014,,,
2013-06-11T00:00:00,EURJPY,10,0.95248356170600446,0.883108176336447,success,11,15.60832389528683,12.61032676700602,false,false,8.8310817633644696,8.0905152296157681,,,
2013-06-12T00:00:00,EURJPY,10,0.91290144714080113,0.63370784918457101,success,11,15.608324058239804,13.258736396472667,false,false,6.3370784918457099,0.47611799547750105,,,
2013-06-13T00:00:00,EURJPY,10,0.83243165915068651,0.63262154354532607,success,11,15.60832392498379,14.00536407073335,false,false,6.3262154354532605,26.091760335838806,,,
2013-06-14T00:00:00,EURJPY,10,0.92054632244308887,0.15154856564139915,success,11,15.608323894509764,13.158530751571442,false,false,1.5154856564139916,6.7719149460998693,,,
2013-06-17T00:00:00,EURJPY,10,0.82289371345719187,0.057194315577673127,success,11,15.608323882872915,14.072246877083218,false,false,0.57194315577673127,3.3110330028408628,,,
2013-06-18T00:00:00,EURJPY,10,0.61156570850151126,0.59825250460121926,success,11,15.608323882353222,15.154425500027505,false,false,5.9825250460121921,28.535927330628212,,,
2013-06-19T00:00:00,EURJPY,10,0.65570685400655582,0.49899606800074175,success,11,15.608323919868354,14.96410356276186,false,false,4.9899606800074174,74.908179763238763,,,
2013-06-20T00:00:00,EURJPY,10,0.73425830320375085,0.82379324216101746,success,11,15.608323899258655,14.591987793146007,false,false,8.237932421610175,6.6103630581255244,,,
2013-06-21T00:00:00,EURJPY,10,0.89898425688270278,0.739749832801187,success,11,15.608323892512239,13.422334747146969,false,false,7.3974983280118698,0.58807912808955076,,,
2013-06-24T00:00:00,EURJPY,10,0.98610867085019949,0.65442027342145315,success,11,15.608323885260125,11.345822166205064,false,false,6.5442027342145312,0.73053529522641636,,,
2013-06-25T00:00:00,EURJPY,10,0.99900056662083858,0.70827191228147901,success,11,15.608323884064742,8.7010017567995632,false,false,7.0827191228147903,5.8022679589946478,,,
2013-06-26T00:00:00,EURJPY,10,0.84398816735225257,0.56267087494653523,success,11,15.565829075256671,13.877622455162932,false,false,5.6267087494653518,1.0382885494947229,,,
2013-06-27T00:00:00,EURJPY,10,0.84072962373842397,0.36382699884070158,success,11,15.608323920817728,13.944657043980438,false,false,3.638269988407016,4.1754033569684053,,,
2013-06-28T00:00:00,EURJPY,10,0.89756625705157111,1.1866025126672472e-05,success,11,15.608323905368236,13.437853143023812,false,false,0.00011866025126672473,0.91847351979167047,,,
2013-07-01T00:00:00,EURJPY,10,0.58781168234372327,0.32764756385931432,success,11,15.20439572472932,14.849469422859904,false,false,3.2764756385931433,1.2327690198765762,,,
2013-07-02T00:00:00,EURJPY,10,0.57185075831216392,0.25189542502821466,success,11,15.441825803599748,15.152419588639056,false,false,2.5189542502821465,29.966658060911016,,,
2013-07-03T00:00:00,EURJPY,10,0.81948324635823588,0.40555492629090129,success,11,15.544319797398272,14.031469434585027,false,false,4.0555492629090129,15.166158334005885,,,
2013-07-04T00:00:00,EURJPY,10,0.84864197238908312,0.58253895305465853,success,11,15.308504252835984,13.584514934651725,false,false,5.8253895305465857,3.1933703283646273,,,
2013-07-05T00:00:00,EURJPY,10,0.67845989228226911,0.49414456121423689,success,11,15.365870815583339,14.619167738128761,false,false,4.9414456121423687,13.926162919062675,,,
2013-07-08T00:00:00,EURJPY,10,0.60238368773832207,0.60152513450054068,success,11,15.426750558748768,15.011343462173295,false,false,6.0152513450054066,15.901257771280287,,,
2013-07-09T00:00:00,EURJPY,10,0.63144640012689424,0.50154532099281424,success,11,15.414973900961318,14.876546995101476,false,false,5.0154532099281424,15.5997743071614,,,
2013-07-10T00:00:00,EURJPY,10,0.69491587418186063,0.39647642667721728,success,11,15.54369199274729,14.720488759781576,false,false,3.9647642667721725,15.06622218571033,,,
2013-07-11T00:00:00,EURJPY,10,0.88128067940587995,0.51070939469188259,success,11,14.764404549054413,12.759790438667965,false,false,5.1070939469188259,16.730138161591295,,,
2013-07-12T00:00:00,EURJPY,10,0.93301118695412388,0.40824504380512261,success,11,14.985792492695817,12.351900937601307,false,false,4.0824504380512261,16.339079025285457,,,
2013-07-15T00:00:00,EURJPY,10,0.87614076056398227,0.30491159122919786,success,11,15.557035454978413,13.600654446352966,false,false,3.0491159122919789,16.240999739470126,,,
2013-07-16T00:00:00,EURJPY,10,0.60724572404929444,0.39714350377872748,success,11,15.608324113764905,15.172574751690998,false,false,3.9714350377872747,13.459276340495023,,,
2013-07-17T00:00:00,EURJPY,10,0.62328922380205476,0.27476473736727541,success,11,15.608323884528993,15.104790950938604,false,false,2.7476473736727542,3.0228216772299143,,,
2013-07-18T00:00:00,EURJPY,10,0.6312952989587034,0.50872060886078563,success,11,15.608323892556323,15.070546209289009,false,false,5.0872060886078563,1.2142002813086046,,,
2013-07-19T00:00:00,EURJPY,10,0.57212668264726707,0.50118817735506938,success,11,15.608324348411724,15.317791072669166,false,false,5.0118817735506935,41.657407144140599,,,
2013-07-22T00:00:00,EURJPY,10,0.75816783229179363,0.40266503277904431,success,11,15.608323896891498,14.46566308481699,false,false,4.0266503277904429,46.480458736327634,,,
2013-07-23T00:00:00,EURJPY,10,0.61417864115307441,0.63309577647413473,success,11,15.608323897906132,15.143412526997071,false,false,6.3309577647413473,26.851365693873102,,,
2013-07-24T00:00:00,EURJPY,10,0.85491360244142256,0.12648365110658061,success,11,15.608323937894005,13.834652934046087,false,false,1.2648365110658062,1.3427461933399858,,,
2013-07-25T00:00:00,EURJPY,10,0.64719942928467022,0.43669711686794555,success,11,15.608323903306605,15.00157236119008,false,false,4.3669711686794557,25.308514741884004,,,
2013-07-26T00:00:00,EURJPY,10,0.8827196838461715,0.89997131926801432,success,11,15.57309768419422,13.554656926681732,false,false,8.9997131926801437,467.88696510978912,,,
2013-07-29T00:00:00,EURJPY,10,0.66387358556432763,0.60018676192866738,success,11,15.0990224170204,14.418417991500052,false,false,6.0018676192866742,15.759748131801746,,,
2013-07-30T00:00:00,EURJPY,10,0.65655914538161886,0.49843333007395774,success,11,14.897610721385686,14.249612852045688,false,false,4.9843333007395776,17.011647531590338,,,
2013-07-31T00:00:00,EURJPY,10,0.66678511385711092,0.39749002150508289,success,11,14.887791496726559,14.194111256442422,false,false,3.974900215050829,15.864260962081167,,,
2013-08-01T00:00:00,EURJPY,10,0.59446874878334088,0.30032760289613269,success,11,15.138063199442401,14.755592990858284,false,false,3.0032760289613267,18.086459043523238,,,
2013-08-02T00:00:00,EURJPY,10,0.66292946899343641,0.80484812955468499,success,11,15.559260985510313,14.882884581866826,false,false,8.0484812955468499,15.821640656079008,,,
2013-08-05T00:00:00,EURJPY,10,0.71416363996140853,0.70634437938897421,success,11,15.332035069995094,14.416342425666178,false,false,7.0634437938897419,16.448085927593123,,,
2013-08-06T00:00:00,EURJPY,10,0.65460425835202507,0.50471347075332917,success,11,15.269486213407912,14.630146182969943,false,false,5.0471347075332913,1.8443879431941119,,,
2013-08-07T00:00:00,EURJPY,10,0.64808181805884446,0.39591560009312882,success,11,15.506219395465505,14.895601155560277,false,false,3.9591560009312881,1.4233451094842937,,,
2013-08-08T00:00:00,EURJPY,10,0.73928184618434256,0.40470173300736512,success,11,15.608323889829991,14.566084606384264,false,false,4.0470173300736514,24.747536221995947,,,
2013-08-09T00:00:00,EURJPY,10,0.54254200082039128,0.73226203175143234,success,11,15.608323887984236,15.43774346012872,false,false,7.322620317514323,20.594281609593622,,,
2013-08-12T00:00:00,EURJPY,10,0.60186797631500666,0.63195093377818023,success,11,15.608323902855433,15.195069458124802,false,false,6.3195093377818026,74.096665460038309,,,
2013-08-13T00:00:00,EURJPY,10,0.97480192307790225,0.11285605238923817,success,11,15.608324248729538,11.952857633178422,false,false,1.1285605238923817,83.568922453548609,,,
2013-08-14T00:00:00,EURJPY,10,0.59726297903130887,0.401186589584895,success,11,15.608323897740011,15.214250175962938,false,false,4.0118658958489499,28.682875851344626,,,
2013-08-15T00:00:00,EURJPY,10,0.92683762312570195,0.89383320618363449,success,11,15.608323903415616,13.0692268287356,false,false,8.9383320618363449,14.431581455488773,,,
2013-08-16T00:00:00,EURJPY,10,0.95598127750033213,0.77184792297506333,success,11,15.608323902319636,12.530200628434745,false,false,7.7184792297506331,31.112652060777293,,,
2013-08-19T00:00:00,EURJPY,10,0.97362626339327774,0.66534359581102964,success,11,15.608323896746988,11.999665069371767,false,false,6.653435958110296,22.896272018074306,,,
2013-08-20T00:00:00,EURJPY,10,0.9837047563429121,0.59340828306238314,success,11,15.608323882542766,11.507871339931894,false,false,5.9340828306238311,14.426475435580189,,,
2013-08-21T00:00:00,EURJPY,10,0.99665342370267118,0.49282139996000607,success,11,15.608323887587735,9.9118586196549323,false,false,4.9282139996000609,13.06677181519952,,,
2013-08-22T00:00:00,EURJPY,10,0.71396450428576042,0.59285628855492567,success,11,15.60832388933591,14.693606556125275,false,false,5.9285628855492565,0.84306857101460964,,,
2013-08-23T00:00:00,EURJPY,10,0.77288835182143167,0.36827291863272715,success,11,15.608323882639757,14.383631018148195,false,false,3.6827291863272715,0.86207376940683345,,,
2013-08-26T00:00:00,EURJPY,10,0.69273156280415882,0.5559727841942701,success,11,15.608323900075277,14.7954030849803,false,false,5.559727841942701,1.0437879013864717,,,
2013-08-27T00:00:00,EURJPY,10,0.92233479936491114,0.62414358540220027,success,11,15.545167734061915,13.070666742239446,false,false,6.2414358540220025,22.237657292067848,,,
2013-08-28T00:00:00,EURJPY,10,0.96280177297315439,0.99999986199035007,success,11,15.597776783489364,12.344190335680711,false,false,9.9999986199035007,0.30398012804459928,,,
2013-08-29T00:00:00,EURJPY,10,0.98586697512800692,0.34770781428741043,success,11,15.605750049198692,11.360742865597805,false,false,3.4770781428741042,1.1982950672960764,,,
2013-08-30T00:00:00,EURJPY,10,0.63194066563381834,0.60158265725695759,success,11,15.599262461990255,15.058711115604249,false,false,6.0158265725695763,17.160899350458912,,,
2013-09-02T00:00:00,EURJPY,10,0.9356035863268265,0.18543700884888417,success,11,15.608324127885826,12.93219020325418,false,false,1.8543700884888417,1.3824734415335012,,,
2013-09-03T00:00:00,EURJPY,10,0.51672175882279614,0.011680592662782898,success,11,15.608323922521347,15.541411933459695,false,false,0.11680592662782899,0.34395102361653201,,,
2013-09-04T00:00:00,EURJPY,10,0.66269547639090354,0.49989043555638635,success,11,15.608323896645938,14.932994476814853,false,false,4.9989043555638633,726.29898062740631,,,
2013-09-05T00:00:00,EURJPY,10,0.79538461391379744,0.38857769410552712,success,11,15.608324180214701,14.250630442965425,false,false,3.8857769410552709,145.83945392654235,,,
2013-09-06T00:00:00,EURJPY,10,0.54808638362194362,0.26810850183822987,success,11,15.6083240690163,15.415382207504404,false,false,2.6810850183822987,19.908654504740845,,,
2013-09-09T00:00:00,EURJPY,10,0.60088109057852124,0.99999985376067957,success,11,15.60832388675593,15.199186215502245,false,false,9.9999985376067961,13.582436851944291,,,
2013-09-10T00:00:00,EURJPY,10,0.72915338418983688,2.6303953587951214e-06,success,11,15.608324093329163,14.617992647224225,false,false,2.6303953587951212e-05,2.8074021299736618,,,
2013-09-11T00:00:00,EURJPY,10,0.60754678923917538,0.60138189239978046,success,11,15.608324003866008,15.171312134157313,false,false,6.013818923997805,105.50179481585039,,,
2013-09-12T00:00:00,EURJPY,10,0.60340263976446296,0.50223438025798361,success,11,15.608323884870185,15.188660743414481,false,false,5.0223438025798357,28.909303892023672,,,
2013-09-13T00:00:00,EURJPY,10,0.58845652406958215,0.27187328369830899,success,11,15.608324052645788,15.250735671370098,false,false,2.7187328369830897,1.5836943484423278,,,
2013-09-16T00:00:00,EURJPY,10,0.86320677904606957,0.82219824731447155,success,11,15.58400707975091,13.741823261978285,false,false,8.2219824731447151,1.3970915177049166,,,
2013-09-17T00:00:00,EURJPY,10,0.96153531669798653,0.76554923897717919,success,11,15.485292899893107,12.266502108174054,false,false,7.6554923897717915,2.1566075912190676,,,
2013-09-18T00:00:00,EURJPY,10,0.99584856750575823,0.60724831083062103,success,11,15.412544473226637,9.9324027218755653,false,false,6.0724831083062103,0.78849731364825482,,,
2013-09-19T00:00:00,EURJPY,10,0.76582921937069259,0.91009377496496902,success,11,15.408742230128516,14.223833717367635,false,false,9.1009377496496899,15.203165880419995,,,
2013-09-20T00:00:00,EURJPY,10,0.61953461040925761,0.27331604428059936,success,11,15.608323895041078,15.120750540061534,false,false,2.7331604428059935,3.326158031760686,,,
2013-09-23T00:00:00,EURJPY,10,0.9634008812231224,0.71075946238501431,success,11,15.191415540118166,11.920970094204252,false,false,7.1075946238501428,17.430773749176549,,,
2013-09-24T00:00:00,EURJPY,10,0.84136187615742475,0.60881377636637946,success,11,15.503499971775677,13.835103769288351,false,false,6.088137763663795,17.450508800939378,,,
2013-09-25T00:00:00,EURJPY,10,0.95467712824325979,0.51121199142827489,success,11,15.475140916760164,12.427579519416934,false,false,5.1121199142827489,18.097446789510272,,,
2013-09-26T00:00:00,EURJPY,10,0.95083357368516797,0.40948679525607412,success,11,15.475119323865808,12.512991276605451,false,false,4.0948679525607412,20.01331240938411,,,
2013-09-27T00:00:00,EURJPY,10,0.7091809905663623,0.70562097169106863,success,11,15.594454518471824,14.703044861647495,false,false,7.0562097169106863,2.0482750594363068,,,
2013-09-30T00:00:00,EURJPY,10,0.80888629608341511,0.58867161597752582,success,11,15.597169630886276,14.154379831812918,false,false,5.8867161597752586,2.3742101648736718,,,
2013-10-01T00:00:00,EURJPY,10,0.89974759550746608,0.46754985707387886,success,11,15.59741057105782,13.402987347364931,false,false,4.6754985707387888,2.283126658019667,,,
2013-10-02T00:00:00,EURJPY,10,0.96308962249618935,0.33298578914443766,success,11,15.589463320479483,12.327809591749357,false,false,3.3298578914443766,1.963567367877924,,,
2013-10-03T00:00:00,EURJPY,10,0.98445248378173822,1.7225396291840693e-07,success,11,15.608323918721229,11.460139183260059,false,false,1.7225396291840693e-06,0.32478379983669348,,,
2013-10-04T00:00:00,EURJPY,10,0.80648138806567782,0.59694280753612949,success,11,15.608323986943917,14.181016860610235,false,false,5.9694280753612947,13.209766452813897,,,
2013-10-07T00:00:00,EURJPY,10,0.67732504036537189,0.57175950788092877,success,11,15.60832388218456,14.866818105409493,false,false,5.7175950788092882,1.2019760740806071,,,
2013-10-08T00:00:00,EURJPY,10,0.69195592606481038,0.80222726947175238,success,11,15.608323914219763,14.79904452121654,false,false,8.0222726947175236,47.19721908747448,,,
2013-10-09T00:00:00,EURJPY,10,0.63699052381459897,0.47238936878902382,success,11,15.608323894254374,15.045998054183137,false,false,4.7238936878902384,1.0848851493453326,,,
2013-10-10T00:00:00,EURJPY,10,0.83886691825472681,0.99999990000000005,success,11,15.608323901758117,13.958502445588515,false,false,9.9999990000000007,0.45941466775335904,,,
2013-10-11T00:00:00,EURJPY,10,0.81581900202581104,0.50035627498423652,success,11,15.106729285092035,13.618455724725187,false,false,5.0035627498423647,540.57357490006791,,,
2013-10-14T00:00:00,EURJPY,10,0.92879681879316811,0.11610329024148061,success,11,14.896738475574841,12.328385967560028,false,false,1.1610329024148061,2.3304826621689694,,,
2013-10-15T00:00:00,EURJPY,10,0.88751378818686366,0.30215570834433425,success,11,15.273408622109358,13.207815217367441,false,false,3.0215570834433425,28.45723466965584,,,
2013-10-16T00:00:00,EURJPY,10,0.74314577261140025,0.20115032370367564,success,11,15.608323888304877,14.545940383565899,false,false,2.0115032370367563,14.654512389564388,,,
2013-10-17T00:00:00,EURJPY,10,0.67242606855344911,1.0000071017453174e-07,success,11,15.60832394919607,14.889145553473634,false,false,1.0000071017453174e-06,2.1150968202632514,,,
2013-10-18T00:00:00,EURJPY,10,0.83865710483151767,0.87264376433691349,success,11,15.608324129604725,13.960054085617283,false,false,8.7264376433691346,60.030403924103794,,,
2013-10-21T00:00:00,EURJPY,10,0.56697163598015787,0.37120532301883197,success,11,15.608323887542797,15.33881784146925,false,false,3.7120532301883196,16.968886575447513,,,
2013-10-22T00:00:00,EURJPY,10,0.50000026303580647,0.87012584761199974,success,11,15.608323892779113,15.608322840635887,false,false,8.7012584761199978,0.0054620202961587214,,,
2013-10-23T00:00:00,EURJPY,10,0.70270569866617261,0.99999845094474948,success,11,15.608323905305312,14.748108299222364,false,false,9.9999845094474953,2.1098815596878717,,,
2013-10-24T00:00:00,EURJPY,10,0.62861487138765304,0.60220439006850124,success,11,15.608323901420043,15.082044726071413,false,false,6.0220439006850119,1.1503121320668683,,,
2013-10-25T00:00:00,EURJPY,10,0.56177941105086859,0.60260586514405046,success,11,15.608323898901617,15.3599370444222,false,false,6.026058651440505,17.95044206649688,,,
2013-10-28T00:00:00,EURJPY,10,0.61897904608672294,0.29869885696179538,success,11,15.608323893278381,15.123106843161954,false,false,2.9869885696179539,38.694392118120014,,,
2013-10-29T00:00:00,EURJPY,10,0.66026041667118851,3.4053061687978048e-06,success,11,15.608323912319063,14.943868977156274,false,false,3.405306168797805e-05,1.3514812770270486,,,
2013-10-30T00:00:00,EURJPY,10,0.79173733332196949,0.99999989705243097,success,11,15.608323880922704,14.272894297543774,false,false,9.9999989705243095,0.54860871357790797,,,
2013-10-31T00:00:00,EURJPY,10,0.86425845197392148,0.99999989236153919,success,11,15.60832388453427,13.757204721790568,false,false,9.9999989236153919,10.200423614690996,,,
2013-11-01T00:00:00,EURJPY,10,0.71621184587591868,0.64326663864650913,success,11,15.607742016154809,14.681994042457474,false,false,6.4326663864650913,1.0750738197942888,,,
2013-11-04T00:00:00,EURJPY,10,0.69683049039503353,0.48061852907966029,success,11,15.608324134305777,14.776074038704865,false,false,4.8061852907966029,1.0153171593450694,,,
2013-11-05T00:00:00,EURJPY,10,0.66151300621417852,0.23586710233569597,success,11,15.608323904047211,14.938279927515472,false,false,2.3586710233569597,1.1646210011754956,,,
2013-11-06T00:00:00,EURJPY,10,0.62178362006949905,0.50305183719969726,success,11,15.608323974522657,15.111198285529234,false,false,5.0305183719969726,24.202955400892069,,,
2013-11-07T00:00:00,EURJPY,10,0.72743349413417246,0.5861196295325154,success,11,15.608323931724144,14.626683996404141,false,false,5.8611962953251542,0.18280100141510155,,,
2013-11-08T00:00:00,EURJPY,10,0.68821625567200928,0.80261882885006453,success,11,15.608324162505292,14.816530869188995,false,false,8.026188288500645,14.714082902235022,,,
2013-11-11T00:00:00,EURJPY,10,0.62347152481383283,0.70589534344916827,success,11,15.608323919133007,15.104014500646064,false,false,7.0589534344916824,17.399322290121233,,,
2013-11-12T00:00:00,EURJPY,10,0.59715897111982486,0.60117178923112768,success,11,15.608324052327562,15.21468270594252,false,false,6.0117178923112764,71.305737761415642,,,
2013-11-13T00:00:00,EURJPY,10,0.58827315187311879,0.32994577676344006,success,11,15.608323887629091,15.251492643086902,false,false,3.2994577676344008,1.5728977104532789,,,
2013-11-14T00:00:00,EURJPY,10,0.53426101406300486,9.9999999999999995e-08,success,11,15.608323882664148,15.471064733929939,false,false,9.9999999999999995e-07,0.086289053279666045,,,
2013-11-15T00:00:00,EURJPY,10,0.68308909330751311,0.79097614476450739,success,11,15.608323910460285,14.840319298246969,false,false,7.9097614476450735,12.078376031992649,,,
2013-11-18T00:00:00,EURJPY,10,0.73037315799666325,0.57292045199310093,success,11,15.608323890061467,14.611807247595811,false,false,5.7292045199310095,1.2896563101521625,,,
2013-11-19T00:00:00,EURJPY,10,0.89164307762148454,0.27076037499612382,success,11,15.608326035578447,13.500690735261401,false,false,2.7076037499612382,35.319268492957725,,,
2013-11-20T00:00:00,EURJPY,10,0.73686772156073654,0.19763950891564033,success,11,15.608323914214754,14.578572385993766,false,false,1.9763950891564033,56.55571040886074,,,
2013-11-21T00:00:00,EURJPY,10,0.75787375912066124,0.80449487206624293,success,11,15.608323882666779,14.467266302257627,false,false,8.0449487206624291,29.564001656472364,,,
2013-11-22T00:00:00,EURJPY,10,0.97675484148636116,0.71525937761964864,success,11,15.608323928344616,11.8701851120681,false,false,7.1525937761964862,0.32372220899806176,,,
2013-11-25T00:00:00,EURJPY,10,0.93445671127254748,0.48597318448390076,success,11,15.608323947563521,12.95106946556421,false,false,4.8597318448390077,2.2384916555785641,,,
2013-11-26T00:00:00,EURJPY,10,0.8403460171689191,0.38063578875101245,success,11,15.608323888445691,13.947519022341146,false,false,3.8063578875101247,1.9973844346962546,,,
2013-11-27T00:00:00,EURJPY,10,0.83796914798697786,0.27205111948427041,success,11,15.608323905549316,13.965129383614579,false,false,2.7205111948427039,2.5702950946350849,,,
2013-11-28T00:00:00,EURJPY,10,0.65336582048055203,0.99999990000000005,success,11,15.608323888060603,14.974456686666382,false,false,9.9999990000000007,386.39926588115941,,,
2013-11-29T00:00:00,EURJPY,10,0.78846366501648679,0.89685641467976784,success,11,15.608323895639815,14.292634351787694,false,false,8.9685641467976787,69.386284007571788,,,
2013-12-02T00:00:00,EURJPY,10,0.92059024733279593,0.76125714483976681,success,11,15.608323895916369,13.157930048677477,false,false,7.6125714483976683,21.669336122652986,,,
2013-12-03T00:00:00,EURJPY,10,0.90426484083605785,0.29307678320300756,success,11,15.608323887733796,13.362787225091868,false,false,2.9307678320300754,16.05620472492549,,,
2013-12-04T00:00:00,EURJPY,10,0.94318519792927591,3.6262099439909059e-07,success,11,15.608323994688348,12.798858230661097,false,false,3.626209943990906e-06,0.37496125123567786,,,
2013-12-05T00:00:00,EURJPY,10,0.97594133172883757,0.50189074035962733,success,11,14.735751539936519,11.032844424952623,false,false,5.0189074035962733,0.85319039879044734,,,
2013-12-06T00:00:00,EURJPY,10,0.84018470201656792,0.9999132238023527,success,11,15.6083238841026,13.948720893894665,false,false,9.9991322380235275,8.5545886491144607,,,
2013-12-09T00:00:00,EURJPY,10,0.73795026781342388,0.592625385253854,success,11,15.444301510946325,14.408959379657249,false,false,5.9262538525385402,0.93656047914108587,,,
2013-12-10T00:00:00,EURJPY,10,0.73874333064667763,0.49002749467671303,success,11,15.579004889936995,14.539557680725204,false,false,4.90027494676713,0.93932642517785736,,,
2013-12-11T00:00:00,EURJPY,10,0.68240966167195016,0.37516984121007696,success,11,15.148986539304721,14.384118692885897,false,false,3.7516984121007697,0.91069927896890401,,,
2013-12-12T00:00:00,EURJPY,10,0.95727023445533266,0.27302306251954972,success,11,15.487006754072716,12.377816788567847,false,false,2.7302306251954973,0.75895465069795398,,,
2013-12-13T00:00:00,EURJPY,10,0.93139044847425367,0.25425025890521225,success,11,15.608323892865551,13.000077077498709,false,false,2.5425025890521225,1.3331224501736048,,,
2013-12-16T00:00:00,EURJPY,10,0.51941357123073351,0.50377175456466783,success,11,15.608324022433372,15.530630679680895,false,false,5.0377175456466787,15.246537831774013,,,
2013-12-17T00:00:00,EURJPY,10,0.55242787968519214,0.3954675139278892,success,11,15.608323966353312,15.397838763432464,false,false,3.9546751392788919,18.636580315564579,,,
2013-12-18T00:00:00,EURJPY,10,0.55198223415123204,0.29838649686267266,success,11,15.60832404253363,15.399641068824243,false,false,2.9838649686267265,24.217558384158011,,,
2013-12-19T00:00:00,EURJPY,10,0.60359421950871273,0.19806021966112114,success,11,15.608323890522417,15.187860125186535,false,false,1.9806021966112115,41.465573444498901,,,
2013-12-20T00:00:00,EURJPY,10,0.7219976549182312,0.00011619561701737043,success,11,15.608323993842506,14.653931652191634,false,false,0.0011619561701737044,8.0353246137053276,,,
2013-12-23T00:00:00,EURJPY,10,0.51931799501461173,0.46541846855788782,success,11,15.608323892204352,15.53101342868778,false,false,4.654184685578878,23.997806832409029,,,
2013-12-24T00:00:00,EURJPY,10,0.52785729148058902,0.36086889353733098,success,11,15.608323948941518,15.496779271500104,false,false,3.6086889353733098,22.628604949664162,,,
2013-12-26T00:00:00,EURJPY,10,0.73390145819858821,0.5969118112070847,success,11,15.608324080826424,14.593816012439264,false,false,5.9691181120708467,14.746298683722882,,,
2013-12-27T00:00:00,EURJPY,10,0.66708159663469768,0.49693009006929767,success,11,15.60832389433131,14.913308947128145,false,false,4.9693009006929767,16.159593882760781,,,
2013-12-30T00:00:00,EURJPY,10,0.68111937108708709,0.39007987354411805,success,11,15.608323906230803,14.849403156220792,false,false,3.9007987354411804,16.865383105603797,,,
2013-12-31T00:00:00,EURJPY,10,0.71724665431178181,0.30163110284557593,success,11,15.608324038269952,14.677479195623718,false,false,3.0163110284557595,16.083187713631297,,,
2014-01-01T00:00:00,EURJPY,10,0.78687164183000946,0.19664420371520447,success,11,15.60832389576631,14.302153363429721,false,false,1.9664420371520446,14.547459592900021,,,
2014-01-02T00:00:00,EURJPY,10,0.85058727324329553,0.94121103412979379,success,11,15.363693658317978,13.624479092562307,false,false,9.4121103412979377,0.55921557377430176,,,
2014-01-03T00:00:00,EURJPY,10,0.90310225380271636,0.80896025678260985,success,11,13.865873956269709,11.633694430955149,false,false,8.0896025678260983,16.602437544350558,,,
2014-01-06T00:00:00,EURJPY,10,0.87699896034143032,0.70570043232519319,success,11,13.802186003937083,11.837873004882567,false,false,7.0570043232519319,28.78045510966291,,,
2014-01-07T00:00:00,EURJPY,10,0.87752115120432517,0.60924237049887409,success,11,13.853279951697413,11.884117244895712,false,false,6.0924237049887413,17.556240469064178,,,
2014-01-08T00:00:00,EURJPY,10,0.83189250270350967,0.50742421437702201,success,11,13.773840699509973,12.174741110154697,false,false,5.0742421437702196,16.662086944019517,,,
2014-01-09T00:00:00,EURJPY,10,0.80969523449207714,0.19999114188063899,success,11,13.582190851429043,12.134159744346308,false,false,1.99991141880639,248.44189687483473,,,
2014-01-10T00:00:00,EURJPY,10,0.954961003227628,0.49706481418006565,success,11,14.485269129635224,11.431127333740175,false,false,4.9706481418006563,15.687749920802156,,,
2014-01-13T00:00:00,EURJPY,10,0.70300141071272804,0.90051869635009374,success,11,15.061613460823192,14.199981951227716,false,false,9.0051869635009378,246.01491812034962,,,
2014-01-14T00:00:00,EURJPY,10,0.90302691857722184,0.89149484105216636,success,11,15.608323885058647,13.37700495080761,false,false,8.9149484105216636,6.1856918179595954,,,
2014-01-15T00:00:00,EURJPY,10,0.86648361180471412,0.73449185249565418,success,11,15.608324171445254,13.738105203884958,false,false,7.3449185249565421,4.4142093072052901,,,
2014-01-16T00:00:00,EURJPY,10,0.72680527909862536,0.60241448079850457,success,11,15.608323916044727,14.629850120375746,false,false,6.0241448079850457,41.780841562484007,,,
2014-01-17T00:00:00,EURJPY,10,0.92165143344597611,0.50201390246204269,success,11,15.60832393812311,13.143324514095063,false,false,5.0201390246204269,94.927589353224178,,,
2014-01-20T00:00:00,EURJPY,10,0.95385090133116279,0.40242521065890324,success,11,15.608323893386917,12.579693952354427,false,false,4.0242521065890324,96.256898240431823,,,
2014-01-21T00:00:00,EURJPY,10,0.86848035209206098,0.88958570263881676,success,11,15.608323890335223,13.720735181922313,false,false,8.8958570263881676,27.522811942339985,,,
2014-01-22T00:00:00,EURJPY,10,0.91675745970620071,0.74465346976392754,success,11,15.608323884867948,13.209239459593247,false,false,7.446534697639275,4.7564394572440643,,,
2014-01-23T00:00:00,EURJPY,10,0.98052542948457899,0.62119107512036309,success,11,15.608323897041016,11.689344854909724,false,false,6.2119107512036305,7.5181134639219245,,,
2014-01-24T00:00:00,EURJPY,10,0.84643574651104825,0.29777921224200987,success,11,15.608323897018899,13.901408672163797,false,false,2.9777921224200985,68.110537604992075,,,
2014-01-27T00:00:00,EURJPY,10,0.89483410271576491,0.19835196664620167,success,11,15.608323890191022,13.4672246266387,false,false,1.9835196664620167,112.18467333753951,,,
2014-01-28T00:00:00,EURJPY,10,0.77406589288612726,0.088087344329175615,success,11,15.608324373903098,14.376910766326104,false,false,0.8808734432917561,13.876985229950021,,,
2014-01-29T00:00:00,EURJPY,10,0.97008271113184619,0.60216747863295217,success,11,15.608323898275323,12.12937909751032,false,false,6.0216747863295215,106.07169468108164,,,
2014-01-30T00:00:00,EURJPY,10,0.92062923823903575,0.50215109316819673,success,11,15.608323886010229,13.157396555799679,false,false,5.0215109316819673,89.333555475584873,,,
2014-01-31T00:00:00,EURJPY,10,0.81650686704259778,0.43325318994335638,success,11,15.608323885207611,14.115465806711391,false,false,4.3325318994335635,18.687834143478785,,,
2014-02-03T00:00:00,EURJPY,10,0.75665795992500806,0.30172713385473193,success,11,15.608323898873435,14.473880609803638,false,false,3.0172713385473191,79.178109664849003,,,
2014-02-04T00:00:00,EURJPY,10,0.72681020163802401,0.23304679067684558,success,11,15.608323918087718,14.629825331006515,false,false,2.3304679067684559,24.207896344086326,,,
2014-02-05T00:00:00,EURJPY,10,0.59495821990077613,0.9999998999999995,success,11,15.608323892074328,15.223822930172961,false,false,9.9999989999999954,22.711264539198769,,,
2014-02-06T00:00:00,EURJPY,10,0.65169614932780062,9.9999999999999995e-08,success,11,15.608324185744801,14.98182099401172,false,false,9.9999999999999995e-07,26.697604078459637,,,
2014-02-07T00:00:00,EURJPY,10,0.88273291948931443,0.80024961815090223,success,11,15.557991066300353,13.539422453598013,false,false,8.0024961815090219,107.89486987436509,,,
2014-02-10T00:00:00,EURJPY,10,0.711674110936664,0.50009934872153983,success,11,15.349139456345947,14.445610758726517,false,false,5.000993487215398,1285.5197706936435,,,
2014-02-11T00:00:00,EURJPY,10,0.84284754826021913,0.40010788254181512,success,11,15.344301164479534,13.66473143151906,false,false,4.0010788254181513,963.41586380563649,,,
2014-02-12T00:00:00,EURJPY,10,0.79947750018472308,0.30007237987148788,success,11,14.842896305998922,13.459864375459642,false,false,3.0007237987148789,1235.0058515289033,,,
2014-02-13T00:00:00,EURJPY,10,0.84205568983967627,0.60794889545234232,success,11,15.23207216281939,13.558468514368135,false,false,6.0794889545234234,14.98796157786014,,,
2014-02-14T00:00:00,EURJPY,10,0.88054018915991494,5.7371787305977283e-07,success,11,15.275459681511048,13.277904114895085,false,false,5.7371787305977287e-06,0.40328313853261755,,,
2014-02-17T00:00:00,EURJPY,10,0.65908493312998873,0.49817193223973033,success,11,15.608323894403553,14.94910486186731,false,false,4.9817193223973035,44.073768083102046,,,
2014-02-18T00:00:00,EURJPY,10,0.62795457806443034,0.50017485625632674,success,11,15.608323937744352,15.08487205061147,false,false,5.0017485625632672,318.69656939736132,,,
2014-02-19T00:00:00,EURJPY,10,0.60850362779519751,0.80284911138245485,success,11,15.608323977344162,15.167297352057737,false,false,8.0284911138245487,16.540661727153896,,,
2014-02-20T00:00:00,EURJPY,10,0.6124662856974904,0.18002838889756217,success,11,15.608323903067918,15.150632855583552,false,false,1.8002838889756219,1.6605272552892723,,,
2014-02-21T00:00:00,EURJPY,10,0.57573926084853222,0.095762252118634927,success,11,15.608323906423019,15.303017237408167,false,false,0.95762252118634927,2.5104971086343908,,,
2014-02-24T00:00:00,EURJPY,10,0.64123527764637989,1.0008783977819684e-07,success,11,15.608323893391875,15.027594260157805,false,false,1.0008783977819684e-06,1.7625151461544211,,,
2014-02-25T00:00:00,EURJPY,10,0.82329226167320091,0.64885439104303777,success,11,15.608323895100243,14.069509811951662,false,false,6.4885439104303773,3.6865294584791473,,,
2014-02-26T00:00:00,EURJPY,10,0.84413399454866589,0.50036305746519638,success,11,15.608323886153551,13.919009341580434,false,false,5.0036305746519636,15.795121597256802,,,
2014-02-27T00:00:00,EURJPY,10,0.86084049285797637,0.40324699250588736,success,11,15.608323904009602,13.786035483362296,false,false,4.0324699250588738,14.349542549450277,,,
2014-02-28T00:00:00,EURJPY,10,0.89154618929089458,0.30012790759195307,success,11,15.608323884460541,13.501691012332387,false,false,3.0012790759195305,16.486884078179443,,,
2014-03-03T00:00:00,EURJPY,10,0.70985275326054831,0.58853008226891967,success,11,15.608323885700317,14.713654868444921,false,false,5.8853008226891967,0.66306945886201585,,,
2014-03-04T00:00:00,EURJPY,10,0.84780194343954629,0.80334277890439032,success,11,15.608323880847054,13.890859505959451,false,false,8.0334277890439036,50.81803769640527,,,
2014-03-05T00:00:00,EURJPY,10,0.9741937615828794,0.70371789216104674,success,11,15.608324032977606,11.977330077068544,false,false,7.037178921610467,14.667912286670234,,,
2014-03-06T00:00:00,EURJPY,10,0.98021954340160578,0.99999915066708611,success,11,15.608323887042285,11.705241726358192,false,false,9.9999915066708613,0.30840534946430032,,,
2014-03-07T00:00:00,EURJPY,10,0.93314455780385019,0.31276914130487099,success,11,15.608323892982099,12.972296474741725,false,false,3.1276914130487099,0.54936749433423027,,,
2014-03-10T00:00:00,EURJPY,10,0.89189216137465266,0.43710261727415212,success,11,15.608323896967496,13.49810790175497,false,false,4.3710261727415212,20.289797834068896,,,
2014-03-11T00:00:00,EURJPY,10,0.86710754187884498,0.33578551868329176,success,11,15.608323902736117,13.732701110156741,false,false,3.3578551868329174,25.182403838889538,,,
2014-03-12T00:00:00,EURJPY,10,0.78232158071002189,0.23486578830875843,success,11,15.60832393531614,14.329076883598626,false,false,2.3486578830875842,27.730100388401329,,,
2014-03-13T00:00:00,EURJPY,10,0.55942702490492302,0.99999209179447868,success,11,15.608323899358767,15.369486905127191,false,false,9.9999209179447863,0.095928591910653532,,,
2014-03-14T00:00:00,EURJPY,10,0.68222707104273439,0.49939554258532254,success,11,15.608324093578757,14.844298610242594,false,false,4.9939554258532253,142.87051010883809,,,
2014-03-17T00:00:00,EURJPY,10,0.73308880439295854,0.39894011517900474,success,11,15.60832389130797,14.59797304714473,false,false,3.9894011517900472,99.832254964130527,,,
2014-03-18T00:00:00,EURJPY,10,0.69857006883864448,0.29997438811027527,success,11,15.522040090468177,14.681542191870683,false,false,2.9997438811027526,1500.7264278030279,,,
2014-03-19T00:00:00,EURJPY,10,0.7949253546852405,0.15171081940924319,success,11,15.602997637419044,14.248123456998837,false,false,1.5171081940924318,27.84385538866611,,,
2014-03-20T00:00:00,EURJPY,10,0.83906235666677143,1.4238094158474465e-06,success,11,15.607351668517842,13.956083623677916,false,false,1.4238094158474466e-05,0.17576870870934613,,,
2014-03-21T00:00:00,EURJPY,10,0.82934725682253307,0.83312634925165008,success,11,15.608323896684581,14.027315692960199,false,false,8.3312634925165003,1.1714610296426531,,,
2014-03-24T00:00:00,EURJPY,10,0.74349187521533566,0.57900129378404375,success,11,15.608323896121174,14.544126397716992,false,false,5.7900129378404372,21.659996073994019,,,
2014-03-25T00:00:00,EURJPY,10,0.84392459651674445,0.49023896423424773,success,11,15.608323898677547,13.920599994825384,false,false,4.9023896423424773,16.7389161363919,,,
2014-03-26T00:00:00,EURJPY,10,0.82098082750639878,0.39715771793913363,success,11,15.608323880984056,14.085317033423074,false,false,3.9715771793913364,51.983704514445343,,,
2014-03-27T00:00:00,EURJPY,10,0.90151417708199,0.29537382483430752,success,11,15.608323935819213,13.394160775249109,false,false,2.953738248343075,39.66280276543656,,,
2014-03-28T00:00:00,EURJPY,10,0.70257226891802294,0.70649100657442399,success,11,15.608323894054742,14.748746898976153,false,false,7.0649100657442396,14.573002887356887,,,
2014-03-31T00:00:00,EURJPY,10,0.83212999706165658,0.60464413387324356,success,11,15.602566361542644,14.001767574296313,false,false,6.0464413387324356,15.222280977596579,,,
2014-04-01T00:00:00,EURJPY,10,0.84990021675890781,0.50562542116212694,success,11,14.800095441235392,13.066276785232079,false,false,5.0562542116212699,15.679684896756463,,,
2014-04-02T00:00:00,EURJPY,10,0.81019815231673886,0.40544978240648266,success,11,14.665121507833526,13.213823278619333,false,false,4.0544978240648266,15.874267265968204,,,
2014-04-03T00:00:00,EURJPY,10,0.7932128517052609,0.50255849289476173,success,11,13.980398381045202,12.635996777305714,false,false,5.0255849289476178,17.372771927569705,,,
2014-04-04T00:00:00,EURJPY,10,0.8125095668767377,0.40652976271134439,success,11,13.58960676021943,12.123206892233464,false,false,4.065297627113444,16.249639183828108,,,
2014-04-07T00:00:00,EURJPY,10,0.65792272268177476,0.69589103384149043,success,11,14.371512760954889,13.71746194786836,false,false,6.9589103384149045,14.943847364711596,,,
2014-04-08T00:00:00,EURJPY,10,0.77430698358922512,0.83292814242239677,success,11,15.014194926369655,13.781402253222545,false,false,8.3292814242239679,0.91756114242246356,,,
2014-04-09T00:00:00,EURJPY,10,0.83340281354730883,0.49744251151267516,success,11,15.517877706835527,13.907939453417251,false,false,4.9744251151267518,14.988019960079903,,,
2014-04-10T00:00:00,EURJPY,10,0.61634183359260697,0.39991080670735701,success,11,15.547901047017701,15.073851277219042,false,false,3.9991080670735704,1301.8325608421101,,,
2014-04-11T00:00:00,EURJPY,10,0.75718663377370288,0.74942289304923582,success,11,15.451236319885812,14.313919660906189,false,false,7.4942289304923584,35.069787449159769,,,
2014-04-14T00:00:00,EURJPY,10,0.97024498644576684,0.19962262471885223,success,11,15.608324311640414,12.123773349310213,false,false,1.9962262471885224,259.0607142138835,,,
2014-04-15T00:00:00,EURJPY,10,0.93759468005219204,0.81664992197269015,success,11,15.608323903335217,12.898656685849511,false,false,8.1664992197269015,1.2088023678283566,,,
2014-04-16T00:00:00,EURJPY,10,0.69287639681775026,0.593000200883815,success,11,15.608323881220318,14.794722540296579,false,false,5.9300020088381498,14.32357376211783,,,
2014-04-17T00:00:00,EURJPY,10,0.77452955034071913,0.49661402786352615,success,11,15.608323997450826,14.374257290950528,false,false,4.9661402786352618,38.069981769619261,,,
2014-04-18T00:00:00,EURJPY,10,0.88462260233589673,0.90032836723127274,success,11,15.608323866510819,13.571371224586418,false,false,9.0032836723127279,15.193260387489866,,,
2014-04-21T00:00:00,EURJPY,10,0.92374695630521064,0.29361681588457766,success,11,15.608323887768812,13.113943042444854,false,false,2.9361681588457764,4.6343325201147376,,,
2014-04-22T00:00:00,EURJPY,10,0.98715459439439146,0.066674008401885587,success,11,15.608323907230904,11.266483456459467,false,false,0.66674008401885587,0.28932156381681129,,,
2014-04-23T00:00:00,EURJPY,10,0.99434537425155289,0.57078627355906375,success,11,15.608324157820167,10.438713479240015,false,false,5.7078627355906377,0.97577483506775142,,,
2014-04-24T00:00:00,EURJPY,10,0.93264878358394709,0.49938129164632822,success,11,15.608323884035414,12.980216155611153,false,false,4.9938129164632823,17.111556478553531,,,
2014-04-25T00:00:00,EURJPY,10,0.92798186636364477,0.47578826718435624,success,11,15.588801192695675,13.032706944022941,false,false,4.7578826718435625,1.5523067100266048,,,
2014-04-28T00:00:00,EURJPY,10,0.72192358029622139,0.59640785948699293,success,11,15.608323897949671,14.654300576059642,false,false,5.9640785948699291,0.75861070445302603,,,
2014-04-29T00:00:00,EURJPY,10,0.74317589507782811,0.6051490662713308,success,11,15.608323887819425,14.545782568739941,false,false,6.0514906627133085,0.96973800250053588,,,
2014-04-30T00:00:00,EURJPY,10,0.70303612483807931,0.40125921131758135,success,11,15.608323892090814,14.746526113870926,false,false,4.0125921131758133,0.90805268786759552,,,
2014-05-01T00:00:00,EURJPY,10,0.93045572598966464,0.44690628482924943,success,11,15.608323887641653,13.014612979442262,false,false,4.4690628482924941,4.4643681728558207,,,
2014-05-02T00:00:00,EURJPY,10,0.94167625564819812,0.36321579065549886,success,11,15.608323907281255,12.826671658634005,false,false,3.6321579065549887,3.8214045548721791,,,
2014-05-05T00:00:00,EURJPY,10,0.50000051392952516,0.77398643475579898,success,11,15.608323901676226,15.608321845958125,false,false,7.7398643475579894,0.0049649291603444824,,,
2014-05-06T00:00:00,EURJPY,10,0.91028481476673828,0.82512102913611562,success,11,15.608323884857834,13.291206394903853,false,false,8.251210291361156,4.3731918843520132,,,
2014-05-07T00:00:00,EURJPY,10,0.98193818852879822,0.71783807788868903,success,11,15.608323895807855,11.612595379810841,false,false,7.1783807788868899,4.4781171562646636,,,
2014-05-08T00:00:00,EURJPY,10,0.95698514584905958,0.99999987411423386,success,11,15.608323896525237,12.506081528183328,false,false,9.9999987411423383,9.8007546013909295,,,
2014-05-09T00:00:00,EURJPY,10,0.91875655811213019,0.85570972999310335,success,11,15.495864597068,13.07029351121118,false,false,8.5570972999310335,38.342833399627793,,,
2014-05-12T00:00:00,EURJPY,10,0.92527623701361006,0.74871587430627073,success,11,15.603831580993099,13.087537407273201,false,false,7.4871587430627073,29.564923076152123,,,
2014-05-13T00:00:00,EURJPY,10,0.98057000444978271,0.13184460547378082,success,11,15.60832404861103,11.68700804321133,false,false,1.3184460547378083,2.8198031823903067,,,
2014-05-14T00:00:00,EURJPY,10,0.88753577962559038,0.505788539331821,success,11,15.608323916408837,13.542510210743123,false,false,5.0578853933182097,14.620050011996275,,,
2014-05-15T00:00:00,EURJPY,10,0.72485689756974803,0.40074065325674918,success,11,15.608323878176641,14.639640960260316,false,false,4.0074065325674919,15.310824459216212,,,
2014-05-16T00:00:00,EURJPY,10,0.97486481278046,0.8531555002351936,success,11,15.608324241673747,11.950294179523873,false,false,8.5315550023519364,2.3827362223984867,,,
2014-05-19T00:00:00,EURJPY,10,0.80346651095450872,0.59782670020574602,success,11,15.608323913373324,14.200221252526344,false,false,5.9782670020574606,67.009905704752697,,,
2014-05-20T00:00:00,EURJPY,10,0.90188201366762721,0.4985239753615483,success,11,15.608323887399644,13.390010877819746,false,false,4.9852397536154829,123.18653257807115,,,
2014-05-21T00:00:00,EURJPY,10,0.9166116171564157,0.39910773603045546,success,11,15.608323884303546,13.211149043346429,false,false,3.9910773603045544,208.34418305209689,,,
2014-05-22T00:00:00,EURJPY,10,0.92430540181039689,0.28743591671939045,success,11,15.573383445558818,13.071047706855362,false,false,2.8743591671939046,16.294758104978065,,,
2014-05-23T00:00:00,EURJPY,10,0.75376609415221651,0.26297646212703707,success,11,15.608324009013529,14.489523830044034,false,false,2.6297646212703705,1.0225116515406121,,,
2014-05-26T00:00:00,EURJPY,10,0.88551595521337112,0.70368035135863494,success,11,15.504813120587805,13.459078111660348,false,false,7.0368035135863494,0.66274817352911519,,,
2014-05-27T00:00:00,EURJPY,10,0.85988363002002488,0.30003492843858109,success,11,13.855508264434622,12.04118448975785,false,false,3.0003492843858108,1896.0948991731386,,,
2014-05-28T00:00:00,EURJPY,10,0.83129285793701724,0.91352956231291516,success,11,15.452444553069521,13.857626728544018,false,false,9.1352956231291511,15.024529382628733,,,
2014-05-29T00:00:00,EURJPY,10,0.75504426046199624,0.81089802952048817,success,11,15.608324029495162,14.482625198113666,false,false,8.1089802952048817,12.317097106006472,,,
2014-05-30T00:00:00,EURJPY,10,0.92058659940627252,0.70109934131497009,success,11,15.608324106369549,13.157980158695056,false,false,7.0109934131497011,171.18624373690849,,,
2014-06-02T00:00:00,EURJPY,10,0.97814169266562478,0.61712433416672208,success,11,15.369815179166118,11.568741687253285,false,false,6.1712433416672212,18.957041407342782,,,
2014-06-03T00:00:00,EURJPY,10,0.9665380819735202,0.51644350967930297,success,11,14.574500888491837,11.211188205564124,false,false,5.1644350967930297,16.399354591841053,,,
2014-06-04T00:00:00,EURJPY,10,0.99893651326706001,0.4132405656588527,success,11,14.906030201775634,8.0608918561063767,false,false,4.132405656588527,17.622104093701665,,,
2014-06-05T00:00:00,EURJPY,10,0.68828297980054431,0.4967283128240404,success,11,15.01461693332168,14.222512661810706,false,false,4.9672831282404042,17.443949529738852,,,
2014-06-06T00:00:00,EURJPY,10,0.67364213889174474,0.39669977405730777,success,11,15.163650195457858,14.438945689508049,false,false,3.9669977405730776,17.040369831954923,,,
2014-06-09T00:00:00,EURJPY,10,0.70924881358411695,0.29706548020840262,success,11,14.901279325539154,14.009540796553484,false,false,2.970654802084026,16.161197630428724,,,
2014-06-10T00:00:00,EURJPY,10,0.79592079031671248,0.89101502509278752,success,11,14.349241602471295,12.988250132473883,false,false,8.9101502509278756,1.7039875497005839,,,
2014-06-11T00:00:00,EURJPY,10,0.73728044138860849,0.72876082492606808,success,11,12.343103659138329,11.311222468029776,false,false,7.2876082492606811,1.7387337136805268,,,
2014-06-12T00:00:00,EURJPY,10,0.66973222384471442,0.69182122040455152,success,11,11.748219209477664,11.041245011197299,false,false,6.9182122040455152,1.9121416824091546,,,
2014-06-13T00:00:00,EURJPY,10,0.70979870873161377,0.546162922756664,success,11,11.896074507002403,11.0016678760131,false,false,5.4616292275666405,0.90822248875329481,,,
2014-06-16T00:00:00,EURJPY,10,0.64581463841513442,0.3921456003575382,success,11,12.730674437964737,12.129982309183164,false,false,3.9214560035753823,1.4682397287663198,,,
2014-06-17T00:00:00,EURJPY,10,0.73330808658271651,0.094517744434199066,success,11,13.707760309619246,12.696288496753995,false,false,0.94517744434199069,14.182622398734035,,,
2014-06-18T00:00:00,EURJPY,10,0.90431084469920575,0.59999828248223619,success,11,12.858270976662814,10.612202792916202,false,false,5.9999828248223617,1009.6474422430773,,,
2014-06-19T00:00:00,EURJPY,10,0.91122895625764699,0.65706654720250246,success,11,12.512055022518421,10.183321345570949,false,false,6.5706654720250244,40.681955631135409,,,
2014-06-20T00:00:00,EURJPY,10,0.96058786160673426,0.50004142298255305,success,11,11.974744969364123,8.7812733663792439,false,false,5.0004142298255303,5787.4282668259148,,,
2014-06-23T00:00:00,EURJPY,10,0.86618717552677793,0.46533657072551626,success,11,12.245934902147413,10.378275870099628,false,false,4.6533657072551629,58.307733383047847,,,
2014-06-24T00:00:00,EURJPY,10,0.92394184009993929,2.8826806627513652e-05,success,11,13.030015795157979,10.532864978577804,false,false,0.00028826806627513653,0.3460677853370337,,,
2014-06-25T00:00:00,EURJPY,10,0.96942499169736662,0.23785266119800602,success,11,15.190760740211651,11.734240589672419,false,false,2.3785266119800603,5.6004009569343074,,,
2014-06-26T00:00:00,EURJPY,10,0.83759225222804956,0.99999948184115905,success,11,15.608323956493283,13.967902681491198,false,false,9.9999948184115901,8.1238053040806246,,,
2014-06-27T00:00:00,EURJPY,10,0.83326309958953892,0.82600381121038036,success,11,15.608158312771694,13.999225998079632,false,false,8.2600381121038033,48.80861181714031,,,
2014-06-30T00:00:00,EURJPY,10,0.84791514901999088,0.84955077598733963,success,11,15.608324192881959,13.889982217439774,false,false,8.4955077598733961,0.20239895821001438,,,
2014-07-01T00:00:00,EURJPY,10,0.86901611600484752,0.31186738878270215,success,11,15.525333917419365,13.633046539561256,false,false,3.1186738878270215,15.498522766376958,,,
2014-07-02T00:00:00,EURJPY,10,0.79708294965795357,0.15349448196601423,success,11,15.546667848914678,14.17850637470718,false,false,1.5349448196601423,1.1635251513530376,,,
2014-07-03T00:00:00,EURJPY,10,0.81515216570061999,0.44787120689063242,success,11,15.568975978990172,14.085134146120367,false,false,4.478712068906324,35.543809319756654,,,
2014-07-04T00:00:00,EURJPY,10,0.62561376437891303,0.90726783370506237,success,11,15.608323935793072,15.09487872501462,false,false,9.0726783370506237,13.150479999001677,,,
2014-07-07T00:00:00,EURJPY,10,0.58607466988754098,0.7079874540176474,success,11,15.50803575046068,15.160274141495933,false,false,7.0798745401764744,1.9227771032728789,,,
2014-07-08T00:00:00,EURJPY,10,0.593682978487308,0.64364962310917961,success,11,15.378637044446062,14.999425269873756,false,false,6.4364962310917964,1.4835551952072921,,,
2014-07-09T00:00:00,EURJPY,10,0.68574588034246453,0.80303018848948216,success,11,15.608323883771234,14.828018718367973,false,false,8.030301884894822,35.44600449448621,,,
2014-07-10T00:00:00,EURJPY,10,0.85532057596314237,0.86138350393133467,success,11,15.608324133359289,13.831368218179845,false,false,8.6138350393133472,1.9652214908289147,,,
2014-07-11T00:00:00,EURJPY,10,0.78388390394042684,0.99999790662179033,success,11,15.608324136113149,14.319878953486423,false,false,9.9999790662179038,0.46312421531620174,,,
2014-07-14T00:00:00,EURJPY,10,0.82535026152343816,0.58224689781361005,success,11,15.608324274377749,14.055298892557813,false,false,5.8224689781361008,5.0701464158478338,,,
2014-07-15T00:00:00,EURJPY,10,0.83823295855594848,0.49584113097428395,success,11,15.608323889537173,13.963185118702553,false,false,4.9584113097428393,10.084115092579674,,,
2014-07-16T00:00:00,EURJPY,10,0.83221101960453592,0.3996166345871307,success,11,15.608324370118817,14.006945452936401,false,false,3.9961663458713068,10.050513280360866,,,
2014-07-17T00:00:00,EURJPY,10,0.81903102028297581,0.32891303498072461,success,11,15.608323885153537,14.098527560013595,false,false,3.2891303498072459,18.263309620827776,,,
2014-07-18T00:00:00,EURJPY,10,0.52116514089925103,0.83484195508997183,success,11,15.60832390348367,15.523612719031005,false,false,8.3484195508997185,22.139832322633456,,,
2014-07-21T00:00:00,EURJPY,10,0.52658519401760517,0.56789589047267341,success,11,15.608324377698677,15.5018832196458,false,false,5.6789589047267341,26.344093142076165,,,
2014-07-22T00:00:00,EURJPY,10,0.61246475809554557,0.49670271121758258,success,11,15.608323879832584,15.150639268380448,false,false,4.9670271121758258,17.506387156929442,,,
2014-07-23T00:00:00,EURJPY,10,0.63644471746603515,0.92591231595909951,success,11,15.60832396077576,15.048357769902013,false,false,9.2591231595909953,0.31384269901200301,,,
2014-07-24T00:00:00,EURJPY,10,0.60943016288744356,0.095703880694402388,success,11,15.608324161534089,15.163406593693026,false,false,0.95703880694402388,18.134253492258704,,,
2014-07-25T00:00:00,EURJPY,10,0.57213822964853789,0.59836403735497723,success,11,15.608323980130915,15.317743534669878,false,false,5.9836403735497719,16.160651911220548,,,
2014-07-28T00:00:00,EURJPY,10,0.60023355742994955,0.47898437996604848,success,11,15.608323896307397,15.201885537451817,false,false,4.7898437996604848,2.9988805577133801,,,
2014-07-29T00:00:00,EURJPY,10,0.56860161154526878,0.39855362205828193,success,11,15.608323902613046,15.332175867497345,false,false,3.9855362205828193,21.253272699238082,,,
2014-07-30T00:00:00,EURJPY,10,0.71646663069678229,0.99999989860270166,success,11,15.608323926523147,14.68132207400315,false,false,9.9999989860270162,2.8205182455092621,,,
2014-07-31T00:00:00,EURJPY,10,0.64540890630900016,0.094467741071268874,success,11,15.608324015716535,15.009405213350858,false,false,0.94467741071268874,21.232748181557639,,,
2014-08-01T00:00:00,EURJPY,10,0.53451201469852183,0.43505944190558282,success,11,15.608323917510745,15.470055994985739,false,false,4.3505944190558283,23.742959960165479,,,
2014-08-04T00:00:00,EURJPY,10,0.54666265564974503,0.49995152027908479,success,11,15.608323950405319,15.42112859336247,false,false,4.9995152027908478,200.35965907774141,,,
2014-08-05T00:00:00,EURJPY,10,0.53653599122125495,7.2785065160488701e-05,success,11,15.608323888886538,15.46191897487267,false,false,0.00072785065160488706,6.5459178835232228,,,
2014-08-06T00:00:00,EURJPY,10,0.8077647857549809,0.042767396295157883,success,11,15.6083241480246,14.172772935051686,false,false,0.42767396295157883,4.3613427925296158,,,
2014-08-07T00:00:00,EURJPY,10,0.8481509682197369,0.70008064378037849,success,11,15.52193270236261,13.801760869167378,false,false,7.0008064378037851,544.28414457015811,,,
2014-08-08T00:00:00,EURJPY,10,0.82741299312389294,0.39381381989552422,success,11,15.549986943332009,13.982584482868271,false,false,3.938138198955242,17.218707148643126,,,
2014-08-11T00:00:00,EURJPY,10,0.74545885873589957,0.29631419904515438,success,11,15.442719860157402,14.368182391798499,false,false,2.9631419904515437,24.449239801078221,,,
2014-08-12T00:00:00,EURJPY,10,0.8418169574643477,0.19096067030531175,success,11,15.446610840554925,13.774801099678296,false,false,1.9096067030531174,16.200371120354436,,,
2014-08-13T00:00:00,EURJPY,10,0.88625002478194947,0.78048468632896673,success,11,15.443707293118887,13.390711027277588,false,false,7.8048468632896668,19.471472750177625,,,
2014-08-14T00:00:00,EURJPY,10,0.85747886746975566,0.50240201270538143,success,11,14.974607284874962,13.180101037660114,false,false,5.0240201270538138,17.601398698384315,,,
2014-08-15T00:00:00,EURJPY,10,0.87745966960870148,0.58866499457789023,success,11,14.857334203118613,12.888743412880006,false,false,5.8866499457789025,17.443230048262059,,,
2014-08-18T00:00:00,EURJPY,10,0.79860162974092752,0.60598941644825,success,11,14.94370347321968,13.566126126036679,false,false,6.0598941644825004,0.91118665762996454,,,
2014-08-19T00:00:00,EURJPY,10,0.96534440861097792,0.38639085950564744,success,11,14.806286790880955,11.47926093336676,false,false,3.8639085950564742,17.809698865175296,,,
2014-08-20T00:00:00,EURJPY,10,0.8983117436275031,0.24961502012209139,success,11,15.581179398218225,13.402574060056599,false,false,2.4961502012209138,3.5584861263754939,,,
2014-08-21T00:00:00,EURJPY,10,0.72375034459044896,0.41425045687544754,success,11,15.608323900864249,14.645182401304037,false,false,4.1425045687544753,0.7578668530620235,,,
2014-08-22T00:00:00,EURJPY,10,0.83760602316997046,0.74374779503203836,success,11,15.608323887557747,13.967801375595903,false,false,7.4374779503203836,3.6098131436383372,,,
2014-08-25T00:00:00,EURJPY,10,0.9832532212000008,0.68299338592044079,success,11,14.82621853757159,10.75355777952003,false,false,6.8299338592044077,4.7820628009054715,,,
2014-08-26T00:00:00,EURJPY,10,0.96379688248191697,0.57139006780474288,success,11,14.563845113028307,11.282109777846044,false,false,5.7139006780474286,4.2317130242682133,,,
2014-08-27T00:00:00,EURJPY,10,0.93688519007081195,0.47322856667426844,success,11,14.216714704196093,11.519109406438865,false,false,4.7322856667426842,4.7416854825590002,,,
2014-08-28T00:00:00,EURJPY,10,0.92099108692535625,0.3489371516490119,success,11,14.446116201701104,11.990226512930674,false,false,3.4893715164901189,3.6465151989775837,,,
2014-08-29T00:00:00,EURJPY,10,0.74578703467950536,0.68254912093290554,success,11,14.649037126951743,13.572769405667628,false,false,6.825491209329055,1.9447185796499016,,,
2014-09-01T00:00:00,EURJPY,10,0.67317519536133286,0.60308289702789741,success,11,14.592274295196821,13.869692941120062,false,false,6.0308289702789741,1.7127280177554862,,,
2014-09-02T00:00:00,EURJPY,10,0.94525796730228751,0.90153907336640771,success,11,14.190872995970981,11.342046961061945,false,false,9.0153907336640771,75.223810924855314,,,
2014-09-03T00:00:00,EURJPY,10,0.94342456631684657,0.80825798328829068,success,11,15.415779007566298,12.601837453986109,false,false,8.0825798328829066,16.157374223996047,,,
2014-09-04T00:00:00,EURJPY,10,0.99619573567681285,0.74114093098627398,success,11,15.109488993104456,9.5416678609237024,false,false,7.4114093098627398,3.3979116248074157,,,
2014-09-05T00:00:00,EURJPY,10,0.9994671979041726,0.6355440416258451,success,11,15.462292362813335,7.9254648017629528,false,false,6.3554404162584515,2.4336012146910209,,,
2014-09-08T00:00:00,EURJPY,10,0.99635429372947981,0.52388465634068437,success,11,15.403981204494064,9.7934284044595827,false,false,5.2388465634068435,4.1228697263988003,,,
2014-09-09T00:00:00,EURJPY,10,0.98767821017915691,0.40986736587550548,success,11,15.120872780082825,10.736885058804802,false,false,4.0986736587550547,13.867294303419797,,,
2014-09-10T00:00:00,EURJPY,10,0.96297344860820167,0.31048808262773392,success,11,14.912192106493389,11.653801527086571,false,false,3.1048808262773391,14.352499710231186,,,
2014-09-11T00:00:00,EURJPY,10,0.99215262502795853,0.59365213764850677,success,11,14.883942212516718,10.044244338596121,false,false,5.9365213764850679,15.83640227797928,,,
2014-09-12T00:00:00,EURJPY,10,0.93879171651392102,0.49426629658469967,success,11,14.965283148534256,12.234972039518439,false,false,4.9426629658469965,16.060311154365987,,,
2014-09-15T00:00:00,EURJPY,10,0.78069034838925255,0.60446746548416941,success,11,15.377928689897681,14.108234765061306,false,false,6.0446746548416943,0.95646904803687482,,,
2014-09-16T00:00:00,EURJPY,10,0.87788331697625288,0.43828662700781756,success,11,15.373479197448434,13.400942514911417,false,false,4.3828662700781758,0.86277644516439145,,,
2014-09-17T00:00:00,EURJPY,10,0.84990213457915065,0.34184599851371328,success,11,15.305413780404635,13.571580090829464,false,false,3.4184599851371327,0.78248049735834935,,,
2014-09-18T00:00:00,EURJPY,10,0.92612898002563671,0.17020168678734898,success,11,15.226614129116765,12.697921216024877,false,false,1.7020168678734897,0.85602907210458612,,,
2014-09-19T00:00:00,EURJPY,10,0.80472456575632789,0.44525228959157276,success,11,15.608324112648466,14.19223509336647,false,false,4.4525228959157275,3.0702643439496575,,,
2014-09-22T00:00:00,EURJPY,10,0.96473425027158299,0.34537108644495834,success,11,15.608323929359202,12.299383484544819,false,false,3.4537108644495835,4.6683937295139986,,,
2014-09-23T00:00:00,EURJPY,10,0.61732200884472499,0.63373697844279753,success,11,15.608323901074881,15.130127000293998,false,false,6.3373697844279757,23.473878756611178,,,
2014-09-24T00:00:00,EURJPY,10,0.59044225285203966,0.53204142499866336,success,11,15.608323884484955,15.242529959302907,false,false,5.3204142499866336,23.625183855785451,,,
2014-09-25T00:00:00,EURJPY,10,0.6150211472692555,0.31644566228217913,success,11,15.607226095901597,15.138757847689686,false,false,3.1644566228217914,2.5816788554466221,,,
2014-09-26T00:00:00,EURJPY,10,0.69689504408332381,0.59712725881421069,success,11,15.608323894112882,14.77576821176233,false,false,5.9712725881421065,32.847307620204298,,,
2014-09-29T00:00:00,EURJPY,10,0.84620034519261078,0.46329575455524619,success,11,15.540981357824897,13.835876024250087,false,false,4.6329575455524621,3.3528286210597482,,,
2014-09-30T00:00:00,EURJPY,10,0.80025988781466417,0.35823905336240147,success,11,15.572183001978718,14.184263549769634,false,false,3.5823905336240145,3.0183499451748435,,,
2014-10-01T00:00:00,EURJPY,10,0.8886452671233559,0.19740114518990701,success,11,15.447965249066305,13.370988015097248,false,false,1.9740114518990701,15.480508554800219,,,
2014-10-02T00:00:00,EURJPY,10,0.92885094320777295,0.05896678243390404,success,11,15.608323986860071,13.039152777403986,false,false,0.58966782433904041,4.4420123062790857,,,
2014-10-03T00:00:00,EURJPY,10,0.61746267208260808,0.30005411899997558,success,11,15.551170682759242,15.072378303984516,false,false,3.0005411899997561,16.796976771996384,,,
2014-10-06T00:00:00,EURJPY,10,0.64824573937349528,0.39837608522693591,success,11,15.161035739214721,14.54969869589921,false,false,3.9837608522693593,17.809162917643505,,,
2014-10-07T00:00:00,EURJPY,10,0.55161002785542346,0.10103190550655192,success,11,15.608323892655259,15.401145894632611,false,false,1.0103190550655192,40.762479736752077,,,
2014-10-08T00:00:00,EURJPY,10,0.72230452620603602,0.99917581460163252,success,11,15.608323892426229,14.652402156283893,false,false,9.9917581460163252,2.2208303324378935,,,
2014-10-09T00:00:00,EURJPY,10,0.72752504729395107,0.80444935507064075,success,11,15.608323881502963,14.626222146983606,false,false,8.0444935507064077,41.323850254390379,,,
2014-10-10T00:00:00,EURJPY,10,0.7383578084390533,0.72631898335227552,success,11,15.608324000644801,14.570873347559424,false,false,7.2631898335227554,19.170063844916527,,,
2014-10-13T00:00:00,EURJPY,10,0.69204929237292245,0.60888672782730491,success,11,15.60832388240495,14.798606427565316,false,false,6.0888672782730495,16.282970667473883,,,
2014-10-14T00:00:00,EURJPY,10,0.67917797392684776,0.32169834436232059,success,11,15.608323888432516,14.858327216861959,false,false,3.2169834436232061,1.6282604214922749,,,
2014-10-15T00:00:00,EURJPY,10,0.62217207756527659,0.404410388425544,success,11,15.608323897329965,15.109546051133727,false,false,4.0441038842554402,24.603264049727631,,,
2014-10-16T00:00:00,EURJPY,10,0.94830582420465948,0.17141345339329705,success,11,15.608323897095941,12.698991968799481,false,false,1.7141345339329705,1.6185493258583381,,,
2014-10-17T00:00:00,EURJPY,10,0.62994052160907488,0.79982042491250094,success,11,15.608323946139929,15.076362286482487,false,false,7.9982042491250098,14.540648260483236,,,
2014-10-20T00:00:00,EURJPY,10,0.65554085379801741,0.69750733642469398,success,11,15.608323903393103,14.964838772244821,false,false,6.9750733642469402,57.747781004702588,,,
2014-10-21T00:00:00,EURJPY,10,0.56941424818576314,0.39615737921957883,success,11,15.608323939685702,15.328862237235521,false,false,3.9615737921957885,12.357031759364105,,,
2014-10-22T00:00:00,EURJPY,10,0.62778517596451966,0.495339906181884,success,11,15.608323884671822,15.085597024774543,false,false,4.9533990618188399,0.93770208570933666,,,
2014-10-23T00:00:00,EURJPY,10,0.79300952423693905,0.99950138961216872,success,11,15.608323885900397,14.265161435350983,false,false,9.9950138961216872,8.0087298817041344,,,
2014-10-24T00:00:00,EURJPY,10,0.70848623490765317,0.54356386984009453,success,11,15.608324004095342,14.720280599915219,false,false,5.435638698400945,0.96937261284910292,,,
2014-10-27T00:00:00,EURJPY,10,0.7466226937499435,0.50525292558545554,success,11,15.608323894753038,14.527643639457789,false,false,5.0525292558545551,12.736050331150896,,,
2014-10-28T00:00:00,EURJPY,10,0.70055840511434331,0.40171583925227178,success,11,15.608323896591958,14.758365547777196,false,false,4.0171583925227177,63.502209499872791,,,
2014-10-29T00:00:00,EURJPY,10,0.98434545854609801,0.30207837200438636,success,11,15.608323895031413,11.467108047470887,false,false,3.0207837200438639,15.89979195961558,,,
2014-10-30T00:00:00,EURJPY,10,0.74612869300280726,0.9148162464474151,success,11,15.608323888546577,14.530253265748343,false,false,9.1481624644741508,1.2707122239116049,,,
2014-10-31T00:00:00,EURJPY,10,0.94957972248745115,0.99990377186271329,success,11,15.608323997234081,12.672697933669575,false,false,9.9990377186271324,7.3516301192226265,,,
2014-11-03T00:00:00,EURJPY,10,0.85793855792053719,0.81751634573618603,success,11,15.40595264427545,13.607679812884966,false,false,8.1751634573618599,18.898190355123187,,,
2014-11-04T00:00:00,EURJPY,10,0.67878362884532017,0.58133819118336161,success,11,15.422928576335314,14.674741110553754,false,false,5.8133819118336163,1.40522270207596,,,
2014-11-05T00:00:00,EURJPY,10,0.6838025994954523,0.60494171034686028,success,11,15.608323890048718,14.837021315000575,false,false,6.0494171034686026,17.758986716181209,,,
2014-11-06T00:00:00,EURJPY,10,0.70259064427660778,0.35826130567305015,success,11,15.54987417164917,14.690209239681542,false,false,3.5826130567305015,2.2623046428472526,,,
2014-11-07T00:00:00,EURJPY,10,0.75615276941528908,0.27973241871349142,success,11,15.334428843240827,14.202727336576858,false,false,2.7973241871349139,3.4111770879804477,,,
2014-11-10T00:00:00,EURJPY,10,0.80672953572180017,0.49999776860479878,success,11,15.364629189736577,13.935731302666058,false,false,4.9999776860479876,16.291956900752766,,,
2014-11-11T00:00:00,EURJPY,10,0.67349958499697926,0.39932064246482041,success,11,15.517246358801525,14.793190198921486,false,false,3.993206424648204,17.66344575022347,,,
2014-11-12T00:00:00,EURJPY,10,0.743888906285465,0.29994823539606386,success,11,15.608324343125297,14.54204394911889,false,false,2.9994823539606386,388.01294341443133,,,
2014-11-13T00:00:00,EURJPY,10,0.71353176241146976,0.19390300972594599,success,11,15.608323935178179,14.69572464935171,false,false,1.9390300972594599,31.080615310304875,,,
2014-11-14T00:00:00,EURJPY,10,0.80895645497936541,0.00024223348085232894,success,11,15.608323916994834,14.165080213584623,false,false,0.0024223348085232895,8.3349845423392193,,,
2014-11-17T00:00:00,EURJPY,10,0.63733254494449076,0.50031866251961732,success,11,15.608323894514035,15.044518639195054,false,false,5.0031866251961734,253.43358346990837,,,
2014-11-18T00:00:00,EURJPY,10,0.88216550071065636,0.10397764012636176,success,11,15.608323881755158,13.595225292400567,false,false,1.0397764012636177,13.563800828689862,,,
2014-11-19T00:00:00,EURJPY,10,0.5321469039580865,0.99816504157942632,success,11,15.608323949696546,15.479558712508888,false,false,9.9816504157942632,6.9621689701544662,,,
2014-11-20T00:00:00,EURJPY,10,0.59294853911439005,0.49799998200019441,success,11,15.608323888535626,15.232155890858545,false,false,4.979999820001944,18.316136668082418,,,
2014-11-21T00:00:00,EURJPY,10,0.85300343910975562,0.99936708068170055,success,11,15.608324525032842,13.849970136968233,false,false,9.9936708068170059,9.5943559881773623,,,
2014-11-24T00:00:00,EURJPY,10,0.79570565300627139,0.80735131652536651,success,11,15.608323911776848,14.248656408291422,false,false,8.0735131652536651,19.637652769093865,,,
2014-11-25T00:00:00,EURJPY,10,0.6364783265491446,0.40780949027682201,success,11,15.608323881034448,15.048212434145107,false,false,4.0780949027682203,0.90553191590908044,,,
2014-11-26T00:00:00,EURJPY,10,0.62239788544987429,0.33896921959706505,success,11,15.608323890721232,15.108585349505779,false,false,3.3896921959706505,2.6630995546550977,,,
2014-11-27T00:00:00,EURJPY,10,0.63447313976482289,0.036305486082658982,success,11,15.60832397480638,15.056868786969142,false,false,0.36305486082658983,0.91673564472794022,,,
2014-11-28T00:00:00,EURJPY,10,0.85979308220350559,0.60406382064041575,success,11,15.608323912619451,13.794751470136408,false,false,6.0406382064041573,13.965479610397725,,,
2014-12-01T00:00:00,EURJPY,10,0.94213697325682844,0.5062769655758047,success,11,15.608323889525193,12.818251828341015,false,false,5.0627696557580473,12.324362458881323,,,
2014-12-02T00:00:00,EURJPY,10,0.94984739657703365,0.5853542375247639,success,11,15.60832391272317,12.667093001995553,false,false,5.8535423752476392,0.4412196497981124,,,
2014-12-03T00:00:00,EURJPY,10,0.98637706020466354,0.31457937067631286,success,11,15.608323900802805,11.326040326735647,false,false,3.1457937067631287,0.38292841010603512,,,
2014-12-04T00:00:00,EURJPY,10,0.97718260186031192,0.20573380266594216,success,11,15.608323892735141,11.851173678850399,false,false,2.0573380266594214,14.595804747661111,,,
2014-12-05T00:00:00,EURJPY,10,0.98601801394620103,0.096099933168559748,success,11,15.608323886092117,11.35241905258372,false,false,0.96099933168559748,8.2947533117601129,,,
2014-12-08T00:00:00,EURJPY,10,0.66596742482086202,0.71687557099679411,success,11,15.608324008641485,14.918321769675073,false,false,7.1687557099679413,0.95509222354624845,,,
2014-12-09T00:00:00,EURJPY,10,0.76935282964524765,0.63313969042825602,success,11,15.608323892219616,14.403663353548222,false,false,6.3313969042825597,3.0995056481484604,,,
2014-12-10T00:00:00,EURJPY,10,0.85402882624125298,0.59946855193849902,success,11,15.585046755366392,13.81849096997254,false,false,5.9946855193849897,159.41379657771461,,,
2014-12-11T00:00:00,EURJPY,10,0.76507070133441191,0.43793796013339958,success,11,15.608323887116766,14.427640249651228,false,false,4.3793796013339961,2.4877348402258681,,,
2014-12-12T00:00:00,EURJPY,10,0.77970030251811417,0.35426693255052966,success,11,15.567078008231828,14.303157270520961,false,false,3.5426693255052966,1.4853291168218801,,,
2014-12-15T00:00:00,EURJPY,10,0.99661867473514665,0.26929145291583417,success,11,15.6083239548873,9.9222234536106839,false,false,2.6929145291583416,7.1619956963175602,,,
2014-12-16T00:00:00,EURJPY,10,0.71126441455685241,0.50588174542330033,success,11,15.594653886147206,14.693120974446478,false,false,5.0588174542330036,15.236353473707133,,,
2014-12-17T00:00:00,EURJPY,10,0.65540219600041805,0.40186216326958729,success,11,15.60832388445662,14.9654527490377,false,false,4.018621632695873,40.955404289678505,,,
2014-12-18T00:00:00,EURJPY,10,0.59076082088217241,0.30129600189553329,success,11,15.608323894834699,15.241212436880639,false,false,3.0129600189553329,24.321032672345762,,,
2014-12-19T00:00:00,EURJPY,10,0.5858646765476393,0.20110621834766484,success,11,15.608323906582863,15.261427859724739,false,false,2.0110621834766484,17.909752056131605,,,
2014-12-22T00:00:00,EURJPY,10,0.61024517532697997,0.79821705683850364,success,11,15.608324079302568,15.159981162873512,false,false,7.9821705683850368,32.719951957417635,,,
2014-12-23T00:00:00,EURJPY,10,0.71262565608300599,0.69831117363243334,success,11,15.608323891111995,14.700153335164213,false,false,6.9831117363243331,67.601612475229473,,,
2014-12-24T00:00:00,EURJPY,10,0.83898239113293993,0.59506763319244349,success,11,15.608323882227776,13.957647894752309,false,false,5.9506763319244351,32.467714301332897,,,
2014-12-26T00:00:00,EURJPY,10,0.94901317093314252,0.78960623507935912,success,11,15.60832388748315,12.684468556000265,false,false,7.8960623507935912,29.026110713957113,,,
2014-12-29T00:00:00,EURJPY,10,0.98558066098411812,0.69601870866750137,success,11,15.608324088196538,11.383663409971462,false,false,6.9601870866750133,82.362286987557937,,,
2014-12-30T00:00:00,EURJPY,10,0.72165553554226403,0.29782998490583174,success,11,15.608323912163872,14.65563541215201,false,false,2.9782998490583172,48.089626209392854,,,
2014-12-31T00:00:00,EURJPY,10,0.65764040148079916,0.62255834019382228,success,11,15.608323896108056,14.955527258805033,false,false,6.2255834019382226,1.1330855406504519,,,
2015-01-02T00:00:00,EURJPY,10,0.64944126203013097,0.51930681445300264,success,11,15.608323960042515,14.991739839495173,false,false,5.1930681445300264,1.2575616774093035,,,
2015-01-05T00:00:00,EURJPY,10,0.83662200101588058,0.57355817021376454,retry_success,11,15.489177171080618,13.855871342508328,true,false,5.7355817021376456,1.559695093966895,,,
2015-01-06T00:00:00,EURJPY,10,0.88090893748138765,0.89974332912754629,success,11,14.466139067499038,12.465073241302569,false,false,8.9974332912754633,888.91101258358538,,,
2015-01-07T00:00:00,EURJPY,10,0.81853615518829548,0.37218132164011558,success,11,15.507709293743405,14.001248157133556,false,false,3.7218132164011557,0.93537303798866311,,,
2015-01-08T00:00:00,EURJPY,10,0.84209753398720755,0.61160568129247195,success,11,15.576623041089363,13.902704736166275,false,false,6.1160568129247199,14.15536728816455,,,
2015-01-09T00:00:00,EURJPY,10,0.80862489001446036,0.17418705893667225,success,11,15.608323881537892,14.167224171879102,false,false,1.7418705893667226,1.5274856279874478,,,
2015-01-12T00:00:00,EURJPY,10,0.68346151447779668,0.40088570069915858,success,11,15.608323892011864,14.838598375394662,false,false,4.0088570069915859,101.93681391515921,,,
2015-01-13T00:00:00,EURJPY,10,0.76121132549595016,0.73214022415287305,success,11,15.608323893218721,14.448991833125191,false,false,7.3214022415287303,2.663807285972335,,,
2015-01-14T00:00:00,EURJPY,10,0.83961615272854861,0.63588480354097787,success,11,15.608323888064705,13.952949049268408,false,false,6.3588480354097783,3.0977048846134654,,,
2015-01-15T00:00:00,EURJPY,10,0.88109212005114645,0.9999995226234788,success,11,15.608324307897719,13.605511199623773,false,false,9.9999952262347875,8.5712743039348371,,,
2015-01-16T00:00:00,EURJPY,10,0.91488983471975116,0.80096493459568952,success,11,15.608324003374586,13.233466824008392,false,false,8.0096493459568947,204.49641432668551,,,
2015-01-19T00:00:00,EURJPY,10,0.87947671440956465,0.70293127003386913,success,11,15.608323880541821,13.620839768332466,false,false,7.029312700338691,56.877857244759369,,,
2015-01-20T00:00:00,EURJPY,10,0.88596583803436491,0.60162370916252539,success,11,15.608324078074473,13.55814375560476,false,false,6.0162370916252534,102.41764931552711,,,
2015-01-21T00:00:00,EURJPY,10,0.91871594628968356,0.39190360501532717,success,11,15.608324046821361,13.183296918235197,false,false,3.9190360501532715,2.1907197100441658,,,
2015-01-22T00:00:00,EURJPY,10,0.95599395918304231,0.3574769181432963,success,11,15.608323892976228,12.529899214580148,false,false,3.5747691814329627,1.8767152212835949,,,
2015-01-23T00:00:00,EURJPY,10,0.91235359360555868,0.55905420218667778,success,11,15.513933658044206,13.171216641857837,false,false,5.5905420218667778,2.5632665423279537,,,
2015-01-26T00:00:00,EURJPY,10,0.63817029721708063,0.70466490074643939,success,11,15.608323986101693,15.040892481672421,false,false,7.0466490074643939,14.404146578107166,,,
2015-01-27T00:00:00,EURJPY,10,0.65772228346662809,0.63209356455432564,success,11,15.562803339674151,14.909643003229281,false,false,6.3209356455432566,2.5905711157161364,,,
2015-01-28T00:00:00,EURJPY,10,0.59750878889857806,0.51018934625168477,success,11,15.606410697742042,15.211314965438222,false,false,5.1018934625168475,3.0247067696260967,,,
2015-01-29T00:00:00,EURJPY,10,0.63698605928685414,0.086569147218423126,success,11,15.608323889944401,15.046017357257586,false,false,0.86569147218423126,9.169813268385635,,,
2015-01-30T00:00:00,EURJPY,10,0.98112097065602399,0.30001837573578133,success,11,15.608330251905583,11.657686233858062,false,false,3.0001837573578132,1536.6973954057548,,,
2015-02-02T00:00:00,EURJPY,10,0.5463059915053694,0.93442511346568846,success,11,15.608323891030356,15.422567628969807,false,false,9.3442511346568846,1.8983334263598681,,,
2015-02-03T00:00:00,EURJPY,10,0.55610367916140746,0.40356719761836307,success,11,15.608323887456027,15.382960160816896,false,false,4.0356719761836306,13.442407100721317,,,
2015-02-04T00:00:00,EURJPY,10,0.53470648709415691,0.46469237658698948,success,11,15.608323894357504,15.469274337271631,false,false,4.6469237658698948,2.4990583950670353,,,
2015-02-05T00:00:00,EURJPY,10,0.60262059107138866,0.19714043747565457,success,11,15.608323957921005,15.191927675730691,false,false,1.9714043747565457,12.376421164147114,,,
2015-02-06T00:00:00,EURJPY,10,0.66249598348270611,1.019336913639719e-05,success,11,15.608323901710971,14.933886817570338,false,false,0.00010193369136397191,7.1060649740399873,,,
2015-02-09T00:00:00,EURJPY,10,0.57290786930542914,0.50004114891587903,success,11,15.608323887110274,15.314598722581499,false,false,5.0004114891587905,582.98128254851031,,,
2015-02-10T00:00:00,EURJPY,10,0.56090851806357744,0.40017236252211241,success,11,15.608327823872981,15.363477779517442,false,false,4.0017236252211239,16.849793346553554,,,
2015-02-11T00:00:00,EURJPY,10,0.75319213864803969,0.69810717526195054,success,11,15.608323894721877,14.49261367991542,false,false,6.9810717526195054,69.402940890995851,,,
2015-02-12T00:00:00,EURJPY,10,0.73005373009271257,0.59725850546851122,success,11,15.60832388426827,14.613428688819461,false,false,5.972585054685112,40.995678719281159,,,
2015-02-13T00:00:00,EURJPY,10,0.79030725435608229,0.49700558976764453,success,11,15.60832389250672,14.281545436431244,false,false,4.9700558976764455,42.982533737840122,,,
2015-02-16T00:00:00,EURJPY,10,0.77969419601891332,0.39874945928718752,success,11,15.60832395880381,14.344438771647745,false,false,3.987494592871875,99.097138568498536,,,
2015-02-17T00:00:00,EURJPY,10,0.7695348539078587,0.26624471911220349,success,11,15.60832389211259,14.402637286623087,false,false,2.6624471911220349,3.6984247367587142,,,
2015-02-18T00:00:00,EURJPY,10,0.79223248879203012,0.19405472124187487,success,11,15.608323883879269,14.269888708679684,false,false,1.9405472124187486,23.732889195690937,,,
2015-02-19T00:00:00,EURJPY,10,0.63900660985899282,1.0821967742199744e-07,success,11,15.608323893671677,15.037268743586909,false,false,1.0821967742199744e-06,7.9252245439705282,,,
2015-02-20T00:00:00,EURJPY,10,0.51640074320447749,0.50106985112800007,success,11,15.608323893865558,15.542697377613932,false,false,5.0106985112800011,12.346252602652335,,,
2015-02-23T00:00:00,EURJPY,10,0.52595064696079652,0.26842911650810458,success,11,15.608323915358994,15.504427970704851,false,false,2.6842911650810457,22.637656444277034,,,
2015-02-24T00:00:00,EURJPY,10,0.82074930655395817,0.60715851855469094,success,11,15.608323931822103,14.086891568403306,false,false,6.0715851855469092,10.320012949400228,,,
2015-02-25T00:00:00,EURJPY,10,0.90557016180809535,0.7668755055633053,success,11,15.608323893966638,13.347616241343253,false,false,7.6687550556330528,0.70137509106417517,,,
2015-02-26T00:00:00,EURJPY,10,0.71413966428902753,0.39868308742384351,success,11,15.608323915091265,14.692748718502287,false,false,3.9868308742384353,82.354198787163369,,,
2015-02-27T00:00:00,EURJPY,10,0.75120204320913264,0.26701494005075521,success,11,15.608323885735302,14.503290386493935,false,false,2.6701494005075523,23.152020325056636,,,
2015-03-02T00:00:00,EURJPY,10,0.79213020676326429,0.19116710684895208,success,11,15.608323898466695,14.270510007317084,false,false,1.9116710684895208,16.607511639654778,,,
2015-03-03T00:00:00,EURJPY,10,0.85196036639316763,0.00071434111031696917,success,11,15.60832392388534,13.858263949010203,false,false,0.0071434111031696921,2.4530589408576327,,,
2015-03-04T00:00:00,EURJPY,10,0.71263022106711349,0.20740837627703379,success,11,15.608323894860884,14.700131047793517,false,false,2.0740837627703379,0.83318891821351992,,,
2015-03-05T00:00:00,EURJPY,10,0.80297278922431692,0.069329211839028251,success,11,15.608323885122852,14.20334490311026,false,false,0.69329211839028249,2.4027018515577043,,,
2015-03-06T00:00:00,EURJPY,10,0.61644697755384081,0.99981540741086317,success,11,15.60832388239548,15.133829439642042,false,false,9.9981540741086317,8.7556098770283448,,,
2015-03-09T00:00:00,EURJPY,10,0.65990919301491424,0.80010421970205103,success,11,15.608324078933839,14.945434501039037,false,false,8.0010421970205101,873.56436300420739,,,
2015-03-10T00:00:00,EURJPY,10,0.75595440821968285,0.89445639249638531,success,11,15.608323956274052,14.477697947898056,false,false,8.9445639249638536,1.0666177093636424,,,
2015-03-11T00:00:00,EURJPY,10,0.66825805378335923,0.61819333640766716,success,11,15.608323958459861,14.908006947715442,false,false,6.1819333640766718,1.3136662314023546,,,
2015-03-12T00:00:00,EURJPY,10,0.72210459777953495,0.54828088610992176,success,11,15.608323920550728,14.653398711764998,false,false,5.4828088610992181,1.7640297156984346,,,
2015-03-13T00:00:00,EURJPY,10,0.6940641449156929,0.43807669750098421,success,11,15.608323902347241,14.78913497434994,false,false,4.3807669750098421,1.7735009772235781,,,
2015-03-16T00:00:00,EURJPY,10,0.72675070689209964,0.38045697888860874,success,11,15.608323893659596,14.630124921619316,false,false,3.8045697888860874,4.6186737041520667,,,
2015-03-17T00:00:00,EURJPY,10,0.98221137707985795,0.090129022604651721,success,11,15.608324471610889,11.597077025968204,false,false,0.90129022604651721,4.8819001996981557,,,
2015-03-18T00:00:00,EURJPY,10,0.60522142849648497,0.99754747984177894,success,11,15.608323887161902,15.181054527823113,false,false,9.9754747984177889,9.2251364771542637,,,
2015-03-19T00:00:00,EURJPY,10,0.56788457741111775,0.83274617337301071,success,11,15.608323882445825,15.335098427633707,false,false,8.3274617337301073,21.74689043369608,,,
2015-03-20T00:00:00,EURJPY,10,0.58024937739226179,0.70099166641862587,success,11,15.608323885728511,15.284526692812491,false,false,7.0099166641862585,38.059694144278176,,,
2015-03-23T00:00:00,EURJPY,10,0.55729106474556844,0.2992173064615703,success,11,15.608323966925852,15.378148828670179,false,false,2.9921730646157028,43.790331777580505,,,
2015-03-24T00:00:00,EURJPY,10,0.60252093084968372,0.0032813056033896434,success,11,15.608323903708127,15.192343775429642,false,false,0.032813056033896434,1.8943219381904932,,,
2015-03-25T00:00:00,EURJPY,10,0.55680637149642387,0.27134363056471789,success,11,15.608323887092205,15.380113094286006,false,false,2.7134363056471789,18.598498007459224,,,
2015-03-26T00:00:00,EURJPY,10,0.59830065860033066,0.90154511522563108,success,11,15.608324003145183,15.209934503794772,false,false,9.0154511522563112,31.837819881413036,,,
2015-03-27T00:00:00,EURJPY,10,0.65040204015447933,0.67627435484281206,success,11,15.608323901721931,14.987517014806574,false,false,6.7627435484281211,2.0761346631442419,,,
2015-03-30T00:00:00,EURJPY,10,0.60293197775609808,0.58923673862157511,success,11,15.608323893010338,15.190627115695696,false,false,5.8923673862157511,1.9849708829508534,,,
2015-03-31T00:00:00,EURJPY,10,0.64502576493180253,0.48170214689540736,success,11,15.608323913226805,15.011078861167011,false,false,4.8170214689540733,2.0738210156587877,,,
2015-04-01T00:00:00,EURJPY,10,0.75206509610315642,0.35077795303424025,success,11,15.608324132275841,14.498667475528514,false,false,3.5077795303424026,2.0968203692501159,,,
2015-04-02T00:00:00,EURJPY,10,0.64859907595228894,0.27596639504566822,success,11,15.608323895242016,14.995436931417604,false,false,2.7596639504566824,2.0798599187475957,,,
2015-04-03T00:00:00,EURJPY,10,0.60619580983465582,0.49993609876013884,success,11,15.608323885829176,15.176974639899404,false,false,4.9993609876013885,600.09103125767513,,,
2015-04-06T00:00:00,EURJPY,10,0.6185953115845525,0.39969377668094147,success,11,15.608323885615039,15.124733590204684,false,false,3.9969377668094146,154.42588439514898,,,
2015-04-07T00:00:00,EURJPY,10,0.54201095440079594,0.40167889544452234,success,11,15.608323892835003,15.439882946450497,false,false,4.0167889544452233,10.726360889978393,,,
2015-04-08T00:00:00,EURJPY,10,0.56724152931190541,0.17004124366859438,success,11,15.608326532017726,15.33772110932652,false,false,1.7004124366859439,18.024551777783309,,,
2015-04-09T00:00:00,EURJPY,10,0.81380033321515877,0.72952373971942186,success,11,15.590959359205197,14.116063889468126,false,false,7.295237397194219,1.2899662994312331,,,
2015-04-10T00:00:00,EURJPY,10,0.97890771060836557,0.77943828467089527,success,11,15.304331796548146,11.466801969522248,false,false,7.7943828467089524,2.0466491949322303,,,
2015-04-13T00:00:00,EURJPY,10,0.95284940112409722,0.51959356051151739,success,11,15.288061055874909,12.281950901313454,false,false,5.1959356051151744,1.5729378396893958,,,
2015-04-14T00:00:00,EURJPY,10,0.90626786434895856,0.41864937400103475,success,11,14.779639916976899,12.510746092254665,false,false,4.1864937400103477,1.228530253261469,,,
2015-04-15T00:00:00,EURJPY,10,0.92590443939723066,0.31622410085456515,success,11,14.437399534894155,11.911984122381899,false,false,3.1622410085456516,1.2996206208884693,,,
2015-04-16T00:00:00,EURJPY,10,0.89109826010079218,2.5611715281838167e-07,success,11,13.357039010250578,11.255030315010668,false,false,2.5611715281838165e-06,3.5500652976139038,,,
2015-04-17T00:00:00,EURJPY,10,0.88177135767799875,0.60485162304099049,success,11,11.739042249935128,9.7297298556384302,false,false,6.0485162304099047,7.8706235511743587,,,
2015-04-20T00:00:00,EURJPY,10,0.69032329741068232,0.50539032653672089,success,11,13.382352528355938,12.58072135193926,false,false,5.0539032653672091,13.773092250042644,,,
2015-04-21T00:00:00,EURJPY,10,0.91794309324834078,0.40249995457324228,success,11,14.075091924354453,11.660369516925474,false,false,4.024999545732423,14.194354332770937,,,
2015-04-22T00:00:00,EURJPY,10,0.91234441017377033,0.30367067640517653,success,11,14.078420366979072,11.735818189193953,false,false,3.0367067640517651,13.055931729356452,,,
2015-04-23T00:00:00,EURJPY,10,0.86337613002203328,0.44090990601002877,success,11,14.367237775932821,12.523619015168835,false,false,4.4090990601002877,0.74033960752809758,,,
2015-04-24T00:00:00,EURJPY,10,0.94762809293257644,0.10043980855912413,success,11,15.538135576101658,12.642543780745612,false,false,1.0043980855912413,82.191633219964515,,,
2015-04-27T00:00:00,EURJPY,10,0.83001409243580837,0.90352507953853234,success,11,15.608324165076372,14.02259702252446,false,false,9.0352507953853234,15.524151952752909,,,
2015-04-28T00:00:00,EURJPY,10,0.53191062253118004,0.63124861698921575,success,11,15.608323967644516,15.4805077503591,false,false,6.3124861698921579,16.073940347461122,,,
2015-04-29T00:00:00,EURJPY,10,0.95292282653443849,0.90033530067683964,success,11,15.568412718955335,12.560667041831866,false,false,9.0033530067683962,148.28785381254937,,,
2015-04-30T00:00:00,EURJPY,10,0.89549104867961715,0.80336943018728524,success,11,14.75724298966465,12.609143490409473,false,false,8.0336943018728526,22.366547828986281,,,
2015-05-01T00:00:00,EURJPY,10,0.75996082019262501,0.5207612723679913,success,11,14.994856692696096,13.842391972338401,false,false,5.2076127236799126,1.1454170614105557,,,
2015-05-04T00:00:00,EURJPY,10,0.9323740932217498,0.64010047947048021,success,11,14.670123215608182,12.046380239877317,false,false,6.4010047947048019,2.7356405974283868,,,
2015-05-05T00:00:00,EURJPY,10,0.91134511292868992,0.50369414326449191,success,11,14.30541834876888,11.975247853273755,false,false,5.0369414326449187,15.508066935241887,,,
2015-05-06T00:00:00,EURJPY,10,0.76732218761117532,0.26185830612269578,success,11,14.675141478153012,13.481889420109439,false,false,2.6185830612269578,1.0227976447554352,,,
2015-05-07T00:00:00,EURJPY,10,0.81138175002943458,0.60050449393284566,success,11,15.452503879353138,13.993490351789998,false,false,6.0050449393284566,15.719079233739111,,,
2015-05-08T00:00:00,EURJPY,10,0.86203624236565857,0.49150222440594238,success,11,14.60027061310268,12.767964323642001,false,false,4.9150222440594238,2.2829555341597803,,,
2015-05-11T00:00:00,EURJPY,10,0.78064038811033776,0.39570943519579932,success,11,14.385235105417603,13.115832958708307,false,false,3.9570943519579931,2.4006511788192757,,,
2015-05-12T00:00:00,EURJPY,10,0.71746527942543781,0.28880283802379858,success,11,14.409273495024605,13.477350387329448,false,false,2.8880283802379858,2.5344857309698892,,,
2015-05-13T00:00:00,EURJPY,10,0.92533603634242356,0.15418662752799936,success,11,14.552479333517487,12.035319940960893,false,false,1.5418662752799936,2.4216401151776332,,,
2015-05-14T00:00:00,EURJPY,10,0.8884585638209751,0.70913084808409688,success,11,15.409043272819364,13.333951409205577,false,false,7.0913084808409685,1.9068120370546289,,,
2015-05-15T00:00:00,EURJPY,10,0.9788398075690431,0.71690967866519839,success,11,15.515718851842321,11.681472552372011,false,false,7.1690967866519841,1.6061610851170318,,,
2015-05-18T00:00:00,EURJPY,10,0.62139937581803273,0.54697268393360887,success,11,15.587862521604746,15.09237041655523,false,false,5.4697268393360892,1.1452850933323646,,,
2015-05-19T00:00:00,EURJPY,10,0.88074886916856188,0.18990267171269543,success,11,15.144590191958486,13.145049271266121,false,false,1.8990267171269544,18.105244547233458,,,
2015-05-20T00:00:00,EURJPY,10,0.86731454663926755,0.085078978707349665,success,11,15.094525950806165,13.217105555766892,false,false,0.85078978707349662,15.902937618182261,,,
2015-05-21T00:00:00,EURJPY,10,0.93914994928704032,0.56435532017491519,success,11,13.871981500533714,11.135418996515625,false,false,5.6435532017491523,2.1171730800380537,,,
2015-05-22T00:00:00,EURJPY,10,0.8646961089825993,0.4552724099580458,success,11,14.096204882738082,12.241350049835164,false,false,4.5527240995804581,2.0650525501037387,,,
2015-05-25T00:00:00,EURJPY,10,0.67395750076957961,0.34801528175249902,success,11,14.099381763521112,13.373242448442202,false,false,3.4801528175249903,2.0066315802411125,,,
2015-05-26T00:00:00,EURJPY,10,0.82471203640350232,0.58498088737423493,success,11,14.233157781566758,12.684553630773841,false,false,5.849808873742349,16.349668762228433,,,
2015-05-27T00:00:00,EURJPY,10,0.84981093908583916,0.48694024880096487,success,11,14.059517876247847,12.326398882654107,false,false,4.8694024880096487,14.33607818686756,,,
2015-05-28T00:00:00,EURJPY,10,0.91856231738189109,0.3870713280755303,success,11,13.69276030889797,11.269788656954869,false,false,3.8707132807553029,15.506160966921071,,,
2015-05-29T00:00:00,EURJPY,10,0.96731336097777421,0.2922063272105922,success,11,13.720214155696951,10.33265805976639,false,false,2.9220632721059219,28.182904744803459,,,
2015-06-01T00:00:00,EURJPY,10,0.941246874011053,0.18593432044858255,success,11,12.535320339760803,9.7614592416872696,false,false,1.8593432044858256,20.165807221403089,,,
2015-06-02T00:00:00,EURJPY,10,0.78607333827333226,0.49996257561332358,success,11,14.97095514668996,13.669538306996392,false,false,4.999625756133236,1549.9955793438251,,,
2015-06-03T00:00:00,EURJPY,10,0.99136174255262677,0.80007861608804232,success,11,14.272754302711412,9.5298756853281645,false,false,8.0007861608804234,3.6294053824894674,,,
2015-06-04T00:00:00,EURJPY,10,0.98758239283286298,0.69481608468617329,success,11,15.057473767237109,10.681329236455557,false,false,6.9481608468617324,3.882425404014481,,,
2015-06-05T00:00:00,EURJPY,10,0.96110763580138803,0.58392046805155196,success,11,15.048313251191225,11.841024782798829,false,false,5.8392046805155191,3.5050890136391217,,,
2015-06-08T00:00:00,EURJPY,10,0.8445550466038545,0.45491219546202782,success,11,15.58248436029116,13.889966115183148,false,false,4.5491219546202784,3.1807902409732196,,,
2015-06-09T00:00:00,EURJPY,10,0.94590256896822578,0.36838353812485342,success,11,15.608323886100958,12.7469710141627,false,false,3.6838353812485343,3.9514564411714215,,,
2015-06-10T00:00:00,EURJPY,10,0.84330702019055481,0.90000398022999684,success,11,15.277443984001462,13.594401240953278,false,false,9.0000398022999679,532.60636501417741,,,
2015-06-11T00:00:00,EURJPY,10,0.63920544522918898,0.79994763182590223,success,11,15.254382455425667,14.682465238166698,false,false,7.9994763182590223,15.697082403194941,,,
2015-06-12T00:00:00,EURJPY,10,0.62073366214093317,0.47640293949155332,success,11,15.323938268422269,14.831274860619619,false,false,4.764029394915533,1.7161961829297268,,,
2015-06-15T00:00:00,EURJPY,10,0.78136701247099838,0.20553670345188549,success,11,15.198585338512677,13.924934840681461,false,false,2.0553670345188548,16.073183483052958,,,
2015-06-16T00:00:00,EURJPY,10,0.97981202456347549,0.10023047364726401,success,11,14.698534598614442,10.816261008758778,false,false,1.0023047364726401,607.38069950831084,,,
2015-06-17T00:00:00,EURJPY,10,0.72543482928884639,0.5966989977291195,success,11,15.608323896709011,14.63674130594549,false,false,5.9669899772911945,32.250106583875727,,,
2015-06-18T00:00:00,EURJPY,10,0.57945135856039054,0.80223281549884329,success,11,15.608323906274919,15.287802331894435,false,false,8.0223281549884327,29.939438343690163,,,
2015-06-19T00:00:00,EURJPY,10,0.67111743737238816,0.39730742360560833,success,11,15.608323898768866,14.895080493215398,false,false,3.9730742360560831,28.751888809761446,,,
2015-06-22T00:00:00,EURJPY,10,0.73217476132684345,0.29897964668124632,success,11,15.608324167681033,14.602639610534357,false,false,2.9897964668124635,104.33769396274791,,,
2015-06-23T00:00:00,EURJPY,10,0.70558992644820817,0.50061873845826443,success,11,15.608323893307894,14.734263268789771,false,false,5.0061873845826446,159.96578360224291,,,
2015-06-24T00:00:00,EURJPY,10,0.61699393473196451,0.71257457118186163,success,11,15.608324514849937,15.131516146513226,false,false,7.1257457118186167,2.273506550248154,,,
2015-06-25T00:00:00,EURJPY,10,0.64448368220020258,0.69521504155969782,success,11,15.6083240445955,15.013445690251805,false,false,6.9521504155969787,15.419516716716492,,,
2015-06-26T00:00:00,EURJPY,10,0.54849194272827029,0.58442126380176451,success,11,15.608323915983522,15.413744544284658,false,false,5.8442126380176456,14.477467917460485,,,
2015-06-29T00:00:00,EURJPY,10,0.53288909996536638,0.2649634583470909,success,11,15.608323900901148,15.476577268775705,false,false,2.6496345834709087,25.523126748230673,,,
2015-06-30T00:00:00,EURJPY,10,0.65036254241024294,0.60312925522620464,success,11,15.608323917460456,14.987690734682802,false,false,6.0312925522620464,10.692545238861026,,,
2015-07-01T00:00:00,EURJPY,10,0.7613637614099481,0.49961278600508596,success,11,15.608323989178416,14.448153119267225,false,false,4.9961278600508594,13.593345561422266,,,
2015-07-02T00:00:00,EURJPY,10,0.68207362584095699,0.41148673191654772,success,11,15.608323895215531,14.845006115592071,false,false,4.1148673191654774,12.054149353948397,,,
2015-07-03T00:00:00,EURJPY,10,0.77796420116164777,0.30343007758311608,success,11,15.608323896447402,14.354482012159265,false,false,3.0343007758311606,14.717144834425032,,,
2015-07-06T00:00:00,EURJPY,10,0.83779818611141643,0.20100453029641652,success,11,15.608323902389664,13.966387983596317,false,false,2.0100453029641652,13.557315176872541,,,
2015-07-07T00:00:00,EURJPY,10,0.87303227351613333,0.13199081684162761,success,11,15.608324373479039,13.680284781794651,false,false,1.3199081684162761,2.8877497075245961,,,
2015-07-08T00:00:00,EURJPY,10,0.63069758986354407,0.49638395478908348,success,11,15.001053477721321,14.46584283349293,false,false,4.963839547890835,15.582120576653434,,,
2015-07-09T00:00:00,EURJPY,10,0.74604017106874421,0.20574897751258187,success,11,15.608323936263213,14.530720589588567,false,false,2.0574897751258185,27.042182956090389,,,
2015-07-10T00:00:00,EURJPY,10,0.99544192882150107,0.99999982205494953,success,11,14.506219254643263,9.1199320133912281,false,false,9.9999982205494948,1.0829527744155294,,,
2015-07-13T00:00:00,EURJPY,10,0.98729679420446725,0.77355207799653614,success,11,15.60832391140103,11.255207600277604,false,false,7.7355207799653609,1.4716131163806856,,,
2015-07-14T00:00:00,EURJPY,10,0.94956314949848974,0.59951072325672816,success,11,15.608323882093933,12.673043914546337,false,false,5.9951072325672818,1.9497214550622839,,,
2015-07-15T00:00:00,EURJPY,10,0.97479364870984997,0.29618445087716255,success,11,15.60832392812234,11.953194119957992,false,false,2.9618445087716254,2.9701586031087475,,,
2015-07-16T00:00:00,EURJPY,10,0.9201018573175328,0.19225509169254246,success,11,15.608323993513403,13.164592222099115,false,false,1.9225509169254245,3.0666654558374322,,,
2015-07-17T00:00:00,EURJPY,10,0.97918005098653416,0.60355133852886078,success,11,15.608323880230119,11.757519955709476,false,false,6.035513385288608,16.415474822286338,,,
2015-07-20T00:00:00,EURJPY,10,0.99259414189168249,0.50266486547556133,success,11,15.608323880298723,10.710273342234819,false,false,5.0266486547556131,16.044425317715259,,,
2015-07-21T00:00:00,EURJPY,10,0.9545973581500623,0.40323553381153393,success,11,15.608323883532375,12.562604540340143,false,false,4.0323553381153392,16.62186872709357,,,
2015-07-22T00:00:00,EURJPY,10,0.98313051594446155,0.30226118760450343,success,11,15.608323892905425,11.543088321026682,false,false,3.0226118760450342,16.606277969770012,,,
2015-07-23T00:00:00,EURJPY,10,0.979680194677086,0.20372474501002041,success,11,15.608323987203612,11.732693842858144,false,false,2.037247450100204,15.113441042175317,,,
2015-07-24T00:00:00,EURJPY,10,0.99543409203412636,0.096818096862183872,success,11,15.608323970251551,10.223762446334996,false,false,0.96818096862183867,9.0070141435267121,,,
2015-07-27T00:00:00,EURJPY,10,0.82217523769088463,0.49995034183020853,success,11,15.335774760581945,13.804619787670079,false,false,4.9995034183020852,1729.2167824953103,,,
2015-07-28T00:00:00,EURJPY,10,0.66046618836572057,0.55103470852978165,success,11,15.524288556494831,14.858916159293027,false,false,5.5103470852978162,35.347343890945069,,,
2015-07-29T00:00:00,EURJPY,10,0.79559339566601095,0.49017606738601716,success,11,15.537608917256373,14.178631840023614,false,false,4.9017606738601716,18.108393218967016,,,
2015-07-30T00:00:00,EURJPY,10,0.72425629827376836,0.39815755234426342,success,11,15.516410451484921,14.55073693595436,false,false,3.9815755234426344,85.424797299103631,,,
2015-07-31T00:00:00,EURJPY,10,0.64850984528584799,0.29898965380974146,success,11,15.60832389033961,14.995828406580589,false,false,2.9898965380974145,69.33565132729484,,,
2015-08-03T00:00:00,EURJPY,10,0.54915338036916272,0.16262173641882813,success,11,15.608323911691556,15.411073319985924,false,false,1.6262173641882813,26.524207304948057,,,
2015-08-04T00:00:00,EURJPY,10,0.66254995531134941,0.0014303925372785322,success,11,15.608323974178855,14.933645498537532,false,false,0.014303925372785322,8.9204956913808449,,,
2015-08-05T00:00:00,EURJPY,10,0.64204554434162187,0.83770042593910099,success,11,15.608323987118546,15.024070504079065,false,false,8.3770042593910095,1.9869149952291962,,,
2015-08-06T00:00:00,EURJPY,10,0.55874900958611795,0.70114259274319157,success,11,15.608323981841757,15.372237461277384,false,false,7.0114259274319153,30.255597788696342,,,
2015-08-07T00:00:00,EURJPY,10,0.56199795449966417,0.60117073652792707,success,11,15.608323948532831,15.359049318783709,false,false,6.0117073652792703,18.144893664661183,,,
2015-08-10T00:00:00,EURJPY,10,0.59183965066446842,0.45385833355024896,success,11,15.608323930087867,15.236748302529262,false,false,4.5385833355024898,1.8039836820951143,,,
2015-08-11T00:00:00,EURJPY,10,0.74046578898128701,0.2670889168863862,success,11,15.425872395544532,14.377481491079546,false,false,2.6708891688638619,3.3250820734393387,,,
2015-08-12T00:00:00,EURJPY,10,0.61913201393118367,0.59912997285822367,success,11,15.369324307232958,14.883458609434639,false,false,5.9912997285822369,14.39920446358281,,,
2015-08-13T00:00:00,EURJPY,10,0.66230452248046978,0.49690738701301929,success,11,15.599805778110998,14.926224859492065,false,false,4.9690738701301926,14.60134657167565,,,
2015-08-14T00:00:00,EURJPY,10,0.65268643580665475,0.4001976498100891,success,11,15.554227160899726,14.923358352256034,false,false,4.0019764981008912,14.116073654124166,,,
2015-08-17T00:00:00,EURJPY,10,0.93209862619195272,0.433265961300623,success,11,15.12140730808769,12.502024944080118,false,false,4.3326596130062303,23.049770440731777,,,
2015-08-18T00:00:00,EURJPY,10,0.96610643180953359,0.31671386284847725,success,11,15.000460086579277,11.650411348070039,false,false,3.1671386284847727,20.105611395193556,,,
2015-08-19T00:00:00,EURJPY,10,0.61703973124316713,0.53933755813546058,success,11,14.330836304852944,13.853834135657767,false,false,5.393375581354606,1.4117742453169793,,,
2015-08-20T00:00:00,EURJPY,10,0.77065907124788957,0.50583015685958377,success,11,13.820325287969439,12.608288870816464,false,false,5.0583015685958381,15.308481455993064,,,
2015-08-21T00:00:00,EURJPY,10,0.63285154958961676,0.33792916845029092,success,11,14.269539180483342,13.725069567957492,false,false,3.3792916845029093,1.259601965339747,,,
2015-08-24T00:00:00,EURJPY,10,0.96520537541249718,0.45840217039890979,success,11,13.70518950934053,10.382311515356751,false,false,4.584021703989098,0.84733787091971169,,,
2015-08-25T00:00:00,EURJPY,10,0.92724576604222719,0.59801806441334648,success,11,14.72531369742687,12.180182150302794,false,false,5.9801806441334646,15.407432849142401,,,
2015-08-26T00:00:00,EURJPY,10,0.92473466959463713,0.49524096150626262,success,11,15.161758839458685,12.65327159597196,false,false,4.952409615062626,10.104228064834974,,,
2015-08-27T00:00:00,EURJPY,10,0.90261013198857076,0.39591119582008472,success,11,15.571128115047445,13.344559583095469,false,false,3.9591119582008472,11.058805686768482,,,
2015-08-28T00:00:00,EURJPY,10,0.89695240047126135,0.49994157147577595,success,11,15.501444196334873,13.337632413760327,false,false,4.9994157147577596,17.671858346559357,,,
2015-08-31T00:00:00,EURJPY,10,0.7207262594023307,0.59552419547483515,success,11,15.523715897802546,14.575648950472441,false,false,5.9552419547483515,17.622966366396295,,,
2015-09-01T00:00:00,EURJPY,10,0.85016353524419064,0.64945305607661419,success,11,15.541365898447257,13.805481637459934,false,false,6.4945305607661421,29.341804719033021,,,
2015-09-02T00:00:00,EURJPY,10,0.86306177521538474,0.64190064780008027,success,11,15.539331180663151,13.698374820355173,false,false,6.4190064780008029,2.3913285337053209,,,
2015-09-03T00:00:00,EURJPY,10,0.69356429003050846,0.59675828331286551,success,11,15.608324019733264,14.791488058527301,false,false,5.9675828331286551,0.80375448605608879,,,
2015-09-04T00:00:00,EURJPY,10,0.5796726023241473,0.50095732027535145,success,11,15.608324038219925,15.286894498695721,false,false,5.0095732027535149,13.933221239740758,,,
2015-09-07T00:00:00,EURJPY,10,0.61909239443883546,0.55813514122386332,success,11,15.608323906841481,15.122626221887542,false,false,5.5813514122386332,1.1880684733571312,,,
2015-09-08T00:00:00,EURJPY,10,0.71543133437252893,0.5380301725830251,success,11,15.571760916697217,14.649849870939304,false,false,5.3803017258302512,1.082627757999111,,,
2015-09-09T00:00:00,EURJPY,10,0.71249269980423002,0.25603686211514898,success,11,15.240591726985866,14.33307031268467,false,false,2.5603686211514898,1.2282354488460006,,,
2015-09-10T00:00:00,EURJPY,10,0.86794647113609091,0.20412802322263229,success,11,14.080005822018025,12.1970831405383,false,false,2.041280232226323,29.481829302454869,,,
2015-09-11T00:00:00,EURJPY,10,0.98979584507193474,0.59432527165600813,success,11,13.781145376475381,9.2064416549476302,false,false,5.9432527165600817,14.690527273872021,,,
2015-09-14T00:00:00,EURJPY,10,0.7645454876366734,0.4963976616726139,success,11,14.377244828676739,13.199481046579251,false,false,4.9639766167261392,24.345487621201332,,,
2015-09-15T00:00:00,EURJPY,10,0.77271887033742803,0.35364691476669019,success,11,14.286757312842832,13.063029724792734,false,false,3.5364691476669021,3.22417806400026,,,
2015-09-16T00:00:00,EURJPY,10,0.77164896833884322,0.22154458043195863,success,11,13.802693039295331,12.585047354419238,false,false,2.2154458043195864,2.7458586793774895,,,
2015-09-17T00:00:00,EURJPY,10,0.73094213919102147,0.42816378418178347,success,11,12.352470844835697,11.353062993588319,false,false,4.2816378418178349,0.89602306347224203,,,
2015-09-18T00:00:00,EURJPY,10,0.79681593061588385,0.99993567703787212,success,11,15.60832388220182,14.241812496819239,false,false,9.9993567703787214,1.7011455317048749,,,
2015-09-21T00:00:00,EURJPY,10,0.97140146082727274,0.41402418900397536,success,11,15.298650051407121,11.773265856304212,false,false,4.1402418900397535,13.489740126472045,,,
2015-09-22T00:00:00,EURJPY,10,0.99740411315977939,0.30013725249038353,success,11,15.164429878699487,9.2132020695521799,false,false,3.0013725249038354,1159.6916854200415,,,
2015-09-23T00:00:00,EURJPY,10,0.8390181131208807,0.53924314567404796,success,11,15.583938389876709,13.932997949501305,false,false,5.3924314567404794,2.6189447062146787,,,
2015-09-24T00:00:00,EURJPY,10,0.65442165328671176,0.40235698404831244,success,11,15.608324494494941,14.96979200177147,false,false,4.0235698404831242,35.712562243371352,,,
2015-09-25T00:00:00,EURJPY,10,0.6638824119255341,0.30580629534860138,success,11,15.608323888654992,14.927679908581769,false,false,3.0580629534860138,17.481172507760466,,,
2015-09-28T00:00:00,EURJPY,10,0.93655143938674634,0.87255806853834184,success,11,15.608323886959399,12.916348947848189,false,false,8.7255806853834184,2.060841134295353,,,
2015-09-29T00:00:00,EURJPY,10,0.99866509874939879,0.83140685399875558,success,11,15.608323886057603,8.9907617196296989,false,false,8.3140685399875558,3.1718749121111824,,,
2015-09-30T00:00:00,EURJPY,10,0.93054320596085871,0.5820471917441985,success,11,15.608323894768446,13.013260277458901,false,false,5.820471917441985,4.408305861546558,,,
2015-10-01T00:00:00,EURJPY,10,0.95310271176101125,0.47009864784441424,success,11,15.608323883744184,12.596561062320099,false,false,4.7009864784441424,3.0158187237610949,,,
2015-10-02T00:00:00,EURJPY,10,0.92195594360247213,0.42632006207699291,success,11,15.460338241863276,12.991114295804749,false,false,4.2632006207699291,1.2477386755097155,,,
2015-10-05T00:00:00,EURJPY,10,0.91836016471642512,0.28784934352311536,success,11,15.608323882187921,13.188051552563772,false,false,2.8784934352311535,13.16339021248139,,,
2015-10-06T00:00:00,EURJPY,10,0.91611051551673472,0.10447136983888809,success,11,15.608323953214949,13.217687217379137,false,false,1.044713698388881,7.7108912478325653,,,
2015-10-07T00:00:00,EURJPY,10,0.70899249710218615,0.83197018334117845,success,11,15.608323900632056,14.717828006515486,false,false,8.3197018334117843,1.6734027740306143,,,
2015-10-08T00:00:00,EURJPY,10,0.70022568669093643,0.7005718889995417,success,11,15.608323880871486,14.759951090807464,false,false,7.0057188899954168,192.44995756118959,,,
2015-10-09T00:00:00,EURJPY,10,0.8370228411364603,0.66619216294054995,success,11,15.608323903518682,13.972082605426827,false,false,6.6619216294054997,1.6023857975016005,,,
2015-10-12T00:00:00,EURJPY,10,0.75017749985495508,0.52356936166944856,success,11,15.608323890930105,14.508764712201039,false,false,5.2356936166944852,1.5826947849786761,,,
2015-10-13T00:00:00,EURJPY,10,0.66926164176145664,0.40245434676096015,success,11,15.608323889331018,14.903476416152396,false,false,4.0245434676096012,35.278683564653448,,,
2015-10-14T00:00:00,EURJPY,10,0.60015701429988444,0.30247458159219326,success,11,15.608323895752317,15.202204518567296,false,false,3.0247458159219325,19.464858165157747,,,
2015-10-15T00:00:00,EURJPY,10,0.96701369582913932,0.22725780155796996,success,11,15.608324162763312,12.230203954389355,false,false,2.2725780155796995,3.5987590985677667,,,
2015-10-16T00:00:00,EURJPY,10,0.55480595208754369,0.99999989999999972,success,11,15.608323893918691,15.388215727030572,false,false,9.9999989999999972,0.099872039728389955,,,
2015-10-19T00:00:00,EURJPY,10,0.61402496129780715,0.46868953673974306,success,11,15.608323911051345,15.144061030950274,false,false,4.6868953673974305,21.170829773206979,,,
2015-10-20T00:00:00,EURJPY,10,0.65755927692472893,0.36749206276881302,success,11,15.608323904081344,14.955887560485179,false,false,3.6749206276881301,24.145388944093281,,,
2015-10-21T00:00:00,EURJPY,10,0.76404060066725665,0.26990025970760734,success,11,15.608323913734797,14.433362737245577,false,false,2.6990025970760736,19.516990151985226,,,
2015-10-22T00:00:00,EURJPY,10,0.8893359366786483,0.91440941801175535,success,11,15.608324021019042,13.524348131123119,false,false,9.1440941801175537,14.919079223044289,,,
2015-10-23T00:00:00,EURJPY,10,0.75704430101992903,0.80242944808407035,success,11,15.608323893173386,14.471781237621686,false,false,8.0242944808407035,52.788105918526441,,,
2015-10-26T00:00:00,EURJPY,10,0.97235394491026506,0.19200898936881922,success,11,15.608323894128578,12.04808705982108,false,false,1.9200898936881921,1.4835365891454557,,,
2015-10-27T00:00:00,EURJPY,10,0.71244780061812363,0.078040773832783739,success,11,15.608323895030852,14.701021654686434,false,false,0.78040773832783739,1.0859724058743252,,,
2015-10-28T00:00:00,EURJPY,10,0.5328263415251776,1.00003825779751e-07,success,11,15.608323891749436,15.476829382181201,false,false,1.00003825779751e-06,0.89283553038085894,,,
2015-10-29T00:00:00,EURJPY,10,0.67747377716019597,0.59795048786090599,success,11,15.608323896782238,14.866137494137487,false,false,5.9795048786090597,40.607065649633505,,,
2015-10-30T00:00:00,EURJPY,10,0.75188277238219958,0.4973564166789467,success,11,15.608323951507558,14.499644853987679,false,false,4.9735641667894672,42.302182202754857,,,
2015-11-02T00:00:00,EURJPY,10,0.79158169423814562,0.39771597815008791,success,11,15.60832388382164,14.273837940945382,false,false,3.977159781500879,55.281581909685443,,,
2015-11-03T00:00:00,EURJPY,10,0.87596595553255951,0.27022610879589087,success,11,15.608323943650767,13.653552797096157,false,false,2.7022610879589086,18.224910612149355,,,
2015-11-04T00:00:00,EURJPY,10,0.85461632403544441,0.17067872833933867,success,11,15.608323890992295,13.837047555541183,false,false,1.7067872833933866,22.880506043931309,,,
2015-11-05T00:00:00,EURJPY,10,0.90167351514774607,1.2080842303854157e-05,success,11,15.608323900859885,13.392364822594359,false,false,0.00012080842303854156,8.2893333816307013,,,
2015-11-06T00:00:00,EURJPY,10,0.57040174536820321,0.47074034803542553,success,11,15.608323891007185,15.324833442420855,false,false,4.7074034803542553,16.886451684999166,,,
2015-11-09T00:00:00,EURJPY,10,0.68074348927895345,0.39991371138820703,success,11,15.608323905413801,14.851133226452808,false,false,3.9991371138820702,1003.2673841876149,,,
2015-11-10T00:00:00,EURJPY,10,0.74485806966498769,0.26857406642408382,success,11,15.608323995274187,14.536950285429839,false,false,2.6857406642408383,19.869978174167233,,,
2015-11-11T00:00:00,EURJPY,10,0.95695201893106174,0.90391687144774835,success,11,15.608323895553568,12.506885974736326,false,false,9.0391687144774835,3.5156556237739123,,,
2015-11-12T00:00:00,EURJPY,10,0.64186259966935921,0.6279412563149438,success,11,15.608323992757825,15.024866443754501,false,false,6.279412563149438,1.570601512916856,,,
2015-11-13T00:00:00,EURJPY,10,0.67468678571767193,0.80189239016120428,success,11,15.608323899663965,14.878863792128998,false,false,8.0189239016120428,47.630591005439335,,,
2015-11-16T00:00:00,EURJPY,10,0.62415929963228656,0.70334496920539125,success,11,15.608323948698985,15.10108370941963,false,false,7.033449692053912,16.0199240829186,,,
2015-11-17T00:00:00,EURJPY,10,0.62601807717963365,0.29850378013684559,success,11,15.60832397383478,15.093152187409332,false,false,2.9850378013684558,37.640593426088508,,,
2015-11-18T00:00:00,EURJPY,10,0.6379750682917511,0.19761094113679586,success,11,15.608323888370416,15.041737765278233,false,false,1.9761094113679587,31.46446849142518,,,
2015-11-19T00:00:00,EURJPY,10,0.63319925371238373,0.40114123768655741,success,11,15.608323883497921,15.062357509059003,false,false,4.0114123768655743,55.316793317053417,,,
2015-11-20T00:00:00,EURJPY,10,0.83488770610456975,0.9999997912863956,success,11,15.608323892286185,13.987652471667866,false,false,9.9999979128639556,0.97105946941131605,,,
2015-11-23T00:00:00,EURJPY,10,0.72708321095619832,0.63536521961144266,success,11,15.608323979179536,14.628449996895336,false,false,6.3536521961144263,2.4561883139654044,,,
2015-11-24T00:00:00,EURJPY,10,0.65927407643134839,0.50110582752423816,success,11,15.608323913160623,14.94826297855993,false,false,5.0110582752423811,66.202383039070952,,,
2015-11-25T00:00:00,EURJPY,10,0.60027978072021226,0.40263956308631776,success,11,15.608324012448939,15.201693015293975,false,false,4.0263956308631776,14.81687005714498,,,
2015-11-26T00:00:00,EURJPY,10,0.62915449355460806,0.14629568546641664,success,11,15.608323884922042,15.079732591849931,false,false,1.4629568546641663,1.5488273503802108,,,
2015-11-27T00:00:00,EURJPY,10,0.9775970653048951,0.59288967723080033,success,11,15.608323981886386,11.83241835886593,false,false,5.9288967723080033,15.628773348898131,,,
2015-11-30T00:00:00,EURJPY,10,0.98279054930841603,0.4945253390712166,success,11,15.608323890707934,11.563386557930658,false,false,4.9452533907121659,47.835488112606861,,,
2015-12-01T00:00:00,EURJPY,10,0.83487202712928599,0.3980093491351685,success,11,15.608323919658085,13.987766233915375,false,false,3.9800934913516848,72.054708128904721,,,
2015-12-02T00:00:00,EURJPY,10,0.95982273531576823,0.28927891089628693,success,11,15.540557708773983,12.367110372594627,false,false,2.8927891089628694,18.753264778771857,,,
2015-12-03T00:00:00,EURJPY,10,0.99910198069686851,0.94242291715581938,success,11,15.284264510084352,8.2698439386473197,false,false,9.4242291715581938,12.300614924493875,,,
2015-12-04T00:00:00,EURJPY,10,0.99103015072831901,0.84787400734998075,success,11,15.608323884449856,10.903447798359934,false,false,8.4787400734998073,34.43876868269286,,,
2015-12-07T00:00:00,EURJPY,10,0.997877058636498,0.70312386474591571,success,11,15.608324156120831,9.4554966378351502,false,false,7.0312386474591566,101.15660214085379,,,
2015-12-08T00:00:00,EURJPY,10,0.9911781094381753,0.6013024995618359,success,11,15.608323947772464,10.886665899072817,false,false,6.013024995618359,210.56330535430064,,,
2015-12-09T00:00:00,EURJPY,10,0.9827047202940703,0.50405843051336707,success,11,15.608324006071848,11.568448932227586,false,false,5.0405843051336703,64.172617337715408,,,
2015-12-10T00:00:00,EURJPY,10,0.98195806579021216,0.4046136225018917,success,11,15.608323884239944,11.611474006383084,false,false,4.046136225018917,60.509344238547996,,,
2015-12-11T00:00:00,EURJPY,10,0.88581419947477491,0.49823574344566091,success,11,15.608323911509194,13.559643640867753,false,false,4.9823574344566088,99.327733665820915,,,
2015-12-14T00:00:00,EURJPY,10,0.85769726371040866,0.85160018730798315,success,11,15.608323885910309,13.812029422114456,false,false,8.5160018730798317,1.0800357183196625,,,
2015-12-15T00:00:00,EURJPY,10,0.93093507465912972,0.53079745613352602,success,11,15.608323893052244,13.007181364568467,false,false,5.3079745613352598,0.40302638531616375,,,
2015-12-16T00:00:00,EURJPY,10,0.99581028439505481,0.1676147294881925,success,11,15.608323887369252,10.137399982358502,false,false,1.6761472948819249,26.262944612215691,,,
2015-12-17T00:00:00,EURJPY,10,0.99895074734748834,0.011670667521380695,success,11,15.60832392844325,8.749696604200274,false,false,0.11670667521380695,10.631073578491634,,,
2015-12-18T00:00:00,EURJPY,10,0.83332252573370158,0.70702615411073921,success,11,15.479202338305113,13.869842238570076,false,false,7.0702615411073921,13.920593879653861,,,
2015-12-21T00:00:00,EURJPY,10,0.87884415031176732,0.6846851722848909,success,11,15.608323899447406,13.626794051652599,false,false,6.8468517228489088,1.6830686402005126,,,
2015-12-22T00:00:00,EURJPY,10,0.82429932348057888,0.57442538148744415,success,11,15.608324123511238,14.06257224852151,false,false,5.7442538148744413,1.6737994039729303,,,
2015-12-23T00:00:00,EURJPY,10,0.79486700433887825,0.45333323683387949,success,11,15.608323884036464,14.253807601624063,false,false,4.5333323683387947,2.2229309552670191,,,
2015-12-24T00:00:00,EURJPY,10,0.68753799832053009,0.30486226786917586,success,11,15.608323924225305,14.819689693085051,false,false,3.0486226786917587,20.195656045379753,,,
2015-12-28T00:00:00,EURJPY,10,0.75869142430993763,1.0000000167193084e-07,success,11,15.608324256055401,14.462805628447857,false,false,1.0000000167193084e-06,0.64946107918465634,,,
2015-12-29T00:00:00,EURJPY,10,0.71435141853200546,0.79852631141770436,success,11,15.608323902451879,14.691711197555371,false,false,7.9852631141770436,85.553810894791539,,,
2015-12-30T00:00:00,EURJPY,10,0.7800550199406161,0.69755459477620718,success,11,15.60832394394366,14.34233691279765,false,false,6.9755459477620718,57.786639482900469,,,
2015-12-31T00:00:00,EURJPY,10,0.62782504893891544,0.65454827948534411,success,11,15.608323894800346,15.085426393904935,false,false,6.5454827948534415,0.91127834121079498,,,
2016-01-04T00:00:00,EURJPY,10,0.6070753440303821,0.46638583505815701,success,11,15.596283803723969,15.161248773510932,false,false,4.6638583505815703,1.5598937178962657,,,
2016-01-05T00:00:00,EURJPY,10,0.65368953378641237,0.33139694139710929,success,11,15.403483831953638,14.768186986111195,false,false,3.3139694139710931,1.6599215287587163,,,
2016-01-06T00:00:00,EURJPY,10,0.91728985771101623,0.10041160641264077,success,11,15.069573295377404,12.663492013637271,false,false,1.0041160641264077,355.63378221152118,,,
2016-01-07T00:00:00,EURJPY,10,0.89172868642716985,0.69714116556084738,success,11,15.381799995211724,13.273278311726612,false,false,6.971411655608474,1.5841576122963554,,,
2016-01-08T00:00:00,EURJPY,10,0.74800826421423927,0.33821213863106153,success,11,15.396127331851631,14.30810959799615,false,false,3.3821213863106152,4.0056563497883326,,,
2016-01-11T00:00:00,EURJPY,10,0.70243814395081494,0.23898877262388524,success,11,15.384062876433189,14.525127653284081,false,false,2.3898877262388525,3.9383123224448715,,,
2016-01-12T00:00:00,EURJPY,10,0.60758871352837895,0.59680836999797604,success,11,15.424195030794552,14.987007325689223,false,false,5.9680836999797604,16.982529513842486,,,
2016-01-13T00:00:00,EURJPY,10,0.6173943377811032,0.49685152289645218,success,11,15.296203626225056,14.817700541483703,false,false,4.968515228964522,17.112197780925957,,,
2016-01-14T00:00:00,EURJPY,10,0.96048559129475874,0.59513850106017507,success,11,14.983863393471566,11.793089795370156,false,false,5.9513850106017507,16.297346418661672,,,
2016-01-15T00:00:00,EURJPY,10,0.9430648907699053,0.45710643911914117,success,11,14.644740838656503,11.837517930038898,false,false,4.5710643911914115,41.791516477278911,,,
2016-01-18T00:00:00,EURJPY,10,0.95384722490087193,0.34258247334829445,success,11,15.28083741170645,12.252290985995327,false,false,3.4258247334829446,34.594925890584349,,,
2016-01-19T00:00:00,EURJPY,10,0.92367559722170456,0.29080129228245072,success,11,15.608323903607918,13.114955692739963,false,false,2.9080129228245073,9.4590806834197281,,,
2016-01-20T00:00:00,EURJPY,10,0.69057209911549955,0.88931177256647975,success,11,15.608323890678829,14.805528618935664,false,false,8.8931177256647977,2.0891020053564135,,,
2016-01-21T00:00:00,EURJPY,10,0.69035026039942182,0.80410723834814557,success,11,15.608323886941855,14.806566580816757,false,false,8.0410723834814561,13.80347881913206,,,
2016-01-22T00:00:00,EURJPY,10,0.77748745585158763,0.42164147950879743,success,11,15.608323891370281,14.357239859612204,false,false,4.2164147950879745,0.82869708814312548,,,
2016-01-25T00:00:00,EURJPY,10,0.8410340535161851,0.3076305602746825,success,11,15.608323890138134,13.942381745513272,false,false,3.076305602746825,14.999013415580208,,,
2016-01-26T00:00:00,EURJPY,10,0.82439499916692227,0.2304666968044003,success,11,15.608323881014682,14.061911257388074,false,false,2.3046669680440028,25.625281532682067,,,
2016-01-27T00:00:00,EURJPY,10,0.78937827145092254,0.69415059822535896,success,11,15.608323935318674,14.287142066741424,false,false,6.9415059822535898,25.434940207659679,,,
2016-01-28T00:00:00,EURJPY,10,0.76261635061783095,0.50948108134864634,success,11,15.608323916451132,14.441246434733733,false,false,5.0948108134864638,9.1368291419114076,,,
2016-01-29T00:00:00,EURJPY,10,0.93718541063279903,0.43350642013469542,success,11,15.608323964548944,12.905630186267185,false,false,4.3350642013469542,172.80443961556045,,,
2016-02-01T00:00:00,EURJPY,10,0.82479839309972725,0.29993608681721406,success,11,15.608323895463029,14.059122261257821,false,false,2.9993608681721406,2362.1915227729778,,,
2016-02-02T00:00:00,EURJPY,10,0.70576964848800294,0.49744771543887012,success,11,15.608323882717288,14.733397944493422,false,false,4.9744771543887012,0.81977868144792898,,,
2016-02-03T00:00:00,EURJPY,10,0.88687615830200006,0.084757888749070198,success,11,15.455480287355336,13.396258096227083,false,false,0.84757888749070198,16.358012780869657,,,
2016-02-04T00:00:00,EURJPY,10,0.93543750781472923,0.53543180307157034,success,11,14.378904330456489,11.705523613651579,false,false,5.354318030715703,1.9600789893713142,,,
2016-02-05T00:00:00,EURJPY,10,0.97918813283423323,0.37188880114458728,success,11,14.204345928725658,10.35314549711585,false,false,3.7188880114458729,1.1595801675588684,,,
2016-02-08T00:00:00,EURJPY,10,0.97678435304984756,0.50199321447649869,success,11,13.331826215972033,9.592386800733145,false,false,5.0199321447649874,18.508216717654626,,,
2016-02-09T00:00:00,EURJPY,10,0.5945599626024678,0.67729071031123012,success,11,14.066524822871525,13.683676238957762,false,false,6.7729071031123009,1.8656775918051101,,,
2016-02-10T00:00:00,EURJPY,10,0.73959555582216574,0.30008167817079073,success,11,15.24702309102865,14.20315557735144,false,false,3.0008167817079072,1721.8080136366234,,,
2016-02-11T00:00:00,EURJPY,10,0.76708642083546008,0.20004379047364457,success,11,15.305663948821666,14.11373195985165,false,false,2.0004379047364456,2107.7538005716146,,,
2016-02-12T00:00:00,EURJPY,10,0.78406478171807203,0.64570578703362924,success,11,15.607386993974965,14.317873794634881,false,false,6.4570578703362926,2.9756648677050386,,,
2016-02-15T00:00:00,EURJPY,10,0.82295743567465707,0.59803354383729501,success,11,15.608323899324482,14.071809598563046,false,false,5.9803354383729497,16.406926890032175,,,
2016-02-16T00:00:00,EURJPY,10,0.92834606760219718,0.44634834694033299,success,11,15.608323900055856,13.046767355310132,false,false,4.4634834694033296,4.6373639002932725,,,
2016-02-17T00:00:00,EURJPY,10,0.70102547750035504,9.9999999999999995e-08,success,11,15.608324141542626,14.756138271389032,false,false,9.9999999999999995e-07,0.66496542041446416,,,
2016-02-18T00:00:00,EURJPY,10,0.62602075390075784,0.79888644555277277,success,11,15.608323998838621,15.093140779253533,false,false,7.9888644555277279,70.514720589729777,,,
2016-02-19T00:00:00,EURJPY,10,0.73541296676463541,0.66741175446751322,success,11,15.608323901293316,14.586061945643443,false,false,6.6741175446751324,23.742059543778204,,,
2016-02-22T00:00:00,EURJPY,10,0.8446949488850547,0.75987579930917659,success,11,15.608323896478181,13.91473959604911,false,false,7.5987579930917661,0.52212415977902393,,,
2016-02-23T00:00:00,EURJPY,10,0.8684927072437385,0.34774578297346581,success,11,15.608323890163424,13.720627009776081,false,false,3.4774578297346581,0.45716707596488776,,,
2016-02-24T00:00:00,EURJPY,10,0.88665228176189159,0.24146263618046876,success,11,15.606003266077602,13.549010623196473,false,false,2.4146263618046877,1.1905542254574959,,,
2016-02-25T00:00:00,EURJPY,10,0.83349552046585684,0.7133776520474655,success,11,15.513123124623922,13.902517009981171,false,false,7.1337765204746555,1.4332060073472952,,,
2016-02-26T00:00:00,EURJPY,10,0.69353846364318816,0.5629938011675476,success,11,15.256872517399433,14.440158070481711,false,false,5.6299380116754758,1.7389339993658932,,,
2016-02-29T00:00:00,EURJPY,10,0.92214072121181401,0.70097062738214899,success,11,15.608325771548921,13.136531012803641,false,false,7.0097062738214895,88.125826373266804,,,
2016-03-01T00:00:00,EURJPY,10,0.95247764891003384,0.74560104729084209,success,11,15.608323963796389,12.610457472411561,false,false,7.4560104729084209,0.6990917865091435,,,
2016-03-02T00:00:00,EURJPY,10,0.9027226335934484,0.50332557433250058,success,11,15.608323892099426,13.380474892442454,false,false,5.0332557433250056,54.991334505494628,,,
2016-03-03T00:00:00,EURJPY,10,0.79044071394047766,0.43409683177434089,success,11,15.608323898767459,14.280739930787684,false,false,4.3409683177434086,4.1093763305218074,,,
2016-03-04T00:00:00,EURJPY,10,0.67406459257861506,0.081586442819689867,success,11,15.608323959362176,14.881697243346158,false,false,0.81586442819689864,0.52531999137457963,,,
2016-03-07T00:00:00,EURJPY,10,0.63416359804474254,0.2055519439866127,success,11,15.608323998759651,15.058203280807895,false,false,2.055519439866127,13.137513461615329,,,
2016-03-08T00:00:00,EURJPY,10,0.61592251894851424,0.79717222308339808,success,11,15.608323886116576,15.136047017227632,false,false,7.971722230833981,13.324678490122844,,,
2016-03-09T00:00:00,EURJPY,10,0.65207370341643445,0.69786875628043166,success,11,15.608323895332061,14.9801569636614,false,false,6.9786875628043168,1.9783352337070672,,,
2016-03-10T00:00:00,EURJPY,10,0.58775776593257734,0.31447376414680789,success,11,15.608323884523461,15.253620107546611,false,false,3.1447376414680788,7.5748508192357775,,,
2016-03-11T00:00:00,EURJPY,10,0.66219392818917455,0.20200052043961264,success,11,15.608323897666597,14.935237420530383,false,false,2.0200052043961265,15.116853117959717,,,
2016-03-14T00:00:00,EURJPY,10,0.76874628663327405,0.093519685004311265,success,11,15.608323917332033,14.407078362684381,false,false,0.9351968500431127,5.6154108191245751,,,
2016-03-15T00:00:00,EURJPY,10,0.71535946319350097,0.37055674910880115,success,11,15.608043149020066,14.686485096764702,false,false,3.7055674910880114,2.3420677147226114,,,
2016-03-16T00:00:00,EURJPY,10,0.63726043519239628,0.29902996116436198,success,11,15.475533323595421,14.912040029574433,false,false,2.9902996116436196,13.884400902867897,,,
2016-03-17T00:00:00,EURJPY,10,0.74764831498556295,0.80909255936002666,success,11,15.193102350069047,14.106993339844582,false,false,8.0909255936002662,16.678758794696492,,,
2016-03-18T00:00:00,EURJPY,10,0.7511920845458312,0.70606194329527772,success,11,15.329346437228066,14.224366221354448,false,false,7.0606194329527767,15.62855179726696,,,
2016-03-21T00:00:00,EURJPY,10,0.91767015582903833,0.89929586699750774,success,11,15.261982022501966,12.850877672395143,false,false,8.9929586699750779,24.894307268618057,,,
2016-03-22T00:00:00,EURJPY,10,0.9882363766021881,0.7830061409868978,success,11,15.37732035265816,10.946410443024917,false,false,7.8300614098689776,2.6490548130066198,,,
2016-03-23T00:00:00,EURJPY,10,0.87917471992267349,0.48722712823144321,success,11,15.204536468080223,13.219898354673994,false,false,4.8722712823144319,0.59176260261980185,,,
2016-03-24T00:00:00,EURJPY,10,0.96140907317575686,5.2430357440012609e-06,success,11,15.579329059758868,12.363946259355707,false,false,5.2430357440012611e-05,0.44720088225426413,,,
2016-03-25T00:00:00,EURJPY,10,0.71964132122050217,0.39872315461379698,success,11,15.608323888846575,14.665640744968801,false,false,3.9872315461379699,86.406421220573094,,,
2016-03-28T00:00:00,EURJPY,10,0.66279817121315865,0.48213800407981272,success,11,15.608324139809021,14.932535263005461,false,false,4.8213800407981271,0.8307339098479336,,,
2016-03-29T00:00:00,EURJPY,10,0.65313928857841808,0.1129213120086191,success,11,15.608323935539005,14.975456814730011,false,false,1.129213120086191,5.2375354565933732,,,
2016-03-30T00:00:00,EURJPY,10,0.73918868833599849,0.93011943214000536,success,11,15.608323903466324,14.566567887888406,false,false,9.3011943214000539,1.6073687275647588,,,
2016-03-31T00:00:00,EURJPY,10,0.80298527597076652,0.40062364084782615,success,11,15.283234650131893,13.878176739838896,false,false,4.0062364084782613,29433.036165786059,,,
2016-04-01T00:00:00,EURJPY,10,0.87597170346412812,0.99990854492379921,success,11,15.608323943464304,13.65349989247302,false,false,9.9990854492379917,1.6871729066174188,,,
2016-04-04T00:00:00,EURJPY,10,0.97547588508907879,0.1410016059670573,success,11,15.608323884654947,11.925055361003215,false,false,1.4100160596705731,3.6964705405926099,,,
2016-04-05T00:00:00,EURJPY,10,0.94060634691974843,0.70189175326053854,success,11,15.268642422458923,12.506305075394383,false,false,7.0189175326053856,941.16581358231042,,,
2016-04-06T00:00:00,EURJPY,10,0.90448455294388874,0.60014873211284081,success,11,14.976683071167765,12.728605828169229,false,false,6.0014873211284083,14829.619348335513,,,
2016-04-07T00:00:00,EURJPY,10,0.94876031332313837,0.52999857623085211,retry_success,11,14.005469441048978,11.086827604159893,true,false,5.2999857623085216,207.9933812724625,,,
2016-04-08T00:00:00,EURJPY,10,0.78348164881795157,0.49933148792407778,success,11,15.15537408833649,13.869301755688161,false,false,4.9933148792407778,2767.5516125818281,,,
2016-04-11T00:00:00,EURJPY,10,0.91265731645984449,0.30069296296793785,success,11,15.372454526721754,13.025933327323727,false,false,3.0069296296793784,2832.812842412548,,,
2016-04-12T00:00:00,EURJPY,10,0.62292744529445587,0.40408667827702593,success,11,15.537123222456634,15.03513079238391,false,false,4.0408667827702596,14.131744498781792,,,
2016-04-13T00:00:00,EURJPY,10,0.59087659591443109,0.30063018995298096,success,11,15.60222195178792,15.234631593758714,false,false,3.0063018995298099,36.552851326594741,,,
2016-04-14T00:00:00,EURJPY,10,0.78496715541789297,0.88896603914231931,success,11,15.608323906935791,14.313472812219068,false,false,8.8896603914231935,19.522729104652576,,,
2016-04-15T00:00:00,EURJPY,10,0.86204848607220597,0.91416565476753209,success,11,15.608323891796053,13.775914649441205,false,false,9.1416565476753213,2.4244650113932225,,,
2016-04-18T00:00:00,EURJPY,10,0.71459015176269114,0.66839910218514409,success,11,15.608323914208329,14.69054096141781,false,false,6.6839910218514405,3.2511704810860635,,,
2016-04-19T00:00:00,EURJPY,10,0.85900978702069375,0.28850214467147717,success,11,15.440875724894886,13.63378588594545,false,false,2.8850214467147715,18.572193143924249,,,
2016-04-20T00:00:00,EURJPY,10,0.93781696617197485,0.18562340538950942,success,11,15.499214790258687,12.785742186804995,false,false,1.8562340538950941,18.271101413097281,,,
2016-04-21T00:00:00,EURJPY,10,0.97389860094730685,1.0050117476569127e-07,success,11,15.592780949554765,11.973462673578693,false,false,1.0050117476569127e-06,14.489796951868604,,,
2016-04-22T00:00:00,EURJPY,10,0.9757545637762145,0.99999918614370742,success,11,15.608323996050924,11.913341315517794,false,false,9.9999918614370742,0.25239156336824842,,,
2016-04-25T00:00:00,EURJPY,10,0.92828446878445803,0.38490214542919404,success,11,15.608323895963494,13.047693008545544,false,false,3.8490214542919405,0.42716116649802105,,,
2016-04-26T00:00:00,EURJPY,10,0.75661174659779629,0.14142234658965822,success,11,15.608323900410625,14.474131581747598,false,false,1.4142234658965822,0.60612261806471357,,,
2016-04-27T00:00:00,EURJPY,10,0.6900056441319754,0.50379400355354809,success,11,15.608323900909635,14.808178213886476,false,false,5.0379400355354811,23.651376380517029,,,
2016-04-28T00:00:00,EURJPY,10,0.97966055505209204,0.99999989999679606,success,11,15.608323889447881,11.733679851731178,false,false,9.9999989999679606,0.25926689536317143,,,
2016-04-29T00:00:00,EURJPY,10,0.93706499674410482,0.40323376073241174,success,11,15.599570170233786,12.898920023022816,false,false,4.0323376073241173,71.965489791625373,,,
2016-05-02T00:00:00,EURJPY,10,0.94038545497931691,0.71433960602940605,success,11,15.608322247986697,12.849931986553628,false,false,7.1433960602940605,126.45147361708216,,,
2016-05-03T00:00:00,EURJPY,10,0.7676258676663531,0.20245861538942025,success,11,15.608323914948249,14.413370164102378,false,false,2.0245861538942025,66.499989119933559,,,
2016-05-04T00:00:00,EURJPY,10,0.7435013330948308,0.50092400178275176,success,11,15.608323889569844,14.544076798018658,false,false,5.0092400178275174,125.0922129396545,,,
2016-05-05T00:00:00,EURJPY,10,0.91967800992390714,0.72763065582057895,success,11,15.608323975646023,13.170343788556863,false,false,7.2763065582057891,3.6160365261389913,,,
2016-05-06T00:00:00,EURJPY,10,0.97905671073621969,0.61788987992619782,success,11,15.608324003375513,11.763552708831451,false,false,6.1788987992619777,3.623263785116869,,,
2016-05-09T00:00:00,EURJPY,10,0.83017014479936091,0.53957845341290445,success,11,15.608323992522664,14.021490403108949,false,false,5.395784534129044,2.3527083692302315,,,
2016-05-10T00:00:00,EURJPY,10,0.91425812726926581,0.4233251249520979,success,11,15.559543473889116,13.192771830255069,false,false,4.2332512495209791,1.8222070836239175,,,
2016-05-11T00:00:00,EURJPY,10,0.94588764496386013,0.2952451337837691,success,11,15.60064876778028,12.739587508148785,false,false,2.9524513378376911,1.597891516810158,,,
2016-05-12T00:00:00,EURJPY,10,0.96148764758420935,2.2501079476090815e-06,success,11,15.021160521806314,11.803657835689854,false,false,2.2501079476090816e-05,0.9403354055194556,,,
2016-05-13T00:00:00,EURJPY,10,0.62736522729048227,0.50179805570287428,success,11,15.60832388905034,15.087393796653878,false,false,5.0179805570287428,32.737599627354413,,,
2016-05-16T00:00:00,EURJPY,10,0.6329055499261439,0.40082322938712317,success,11,15.608324159443901,15.063622130753311,false,false,4.0082322938712318,91.021260938447014,,,
2016-05-17T00:00:00,EURJPY,10,0.56666533249061313,0.73341114114171069,success,11,15.608324104497514,15.340065551197013,false,false,7.3341114114171067,23.321483248208729,,,
2016-05-18T00:00:00,EURJPY,10,0.52901445767949618,0.49996625957806062,success,11,15.608323891720675,15.492135527863963,false,false,4.999662595780606,463.56489185606279,,,
2016-05-19T00:00:00,EURJPY,10,0.56531952498077831,0.36671250454027099,success,11,15.60832388646231,15.34554400522496,false,false,3.66712504540271,21.566156831157308,,,
2016-05-20T00:00:00,EURJPY,10,0.88930187307418618,0.60388738547516829,success,11,15.608323973395674,13.524694150056728,false,false,6.0388738547516834,14.931423570773257,,,
2016-05-23T00:00:00,EURJPY,10,0.68392116871065467,0.50424774145482298,success,11,15.608323882070689,14.836472870093939,false,false,5.0424774145482294,10.240294556434799,,,
2016-05-24T00:00:00,EURJPY,10,0.75279592852895449,0.4990271277936088,success,11,15.608323896812346,14.494743912792392,false,false,4.9902712779360883,116.47924136893042,,,
2016-05-25T00:00:00,EURJPY,10,0.68728421128894746,0.39607931919819139,success,11,15.608323891749771,14.820870740716664,false,false,3.9607931919819142,22.524101823586104,,,
2016-05-26T00:00:00,EURJPY,10,0.77080880983568512,0.22549253602427796,success,11,15.608323890282776,14.395440071110992,false,false,2.2549253602427797,8.1085743285876184,,,
2016-05-27T00:00:00,EURJPY,10,0.86447192932867178,0.10816226905828494,success,11,15.608323910381557,13.755383858687939,false,false,1.0816226905828494,8.9839600730903868,,,
2016-05-30T00:00:00,EURJPY,10,0.65082929853414906,0.99998722819328978,success,11,15.608323886355128,14.985637411336189,false,false,9.9998722819328982,0.25456204781252706,,,
2016-05-31T00:00:00,EURJPY,10,0.83056573863497163,0.84619159772739272,success,11,15.608323960215724,14.018681891841647,false,false,8.461915977273927,27.576344287441021,,,
2016-06-01T00:00:00,EURJPY,10,0.79975504309385947,0.73196771666761429,success,11,15.608323888070819,14.223559805065211,false,false,7.3196771666761427,24.274360118472323,,,
2016-06-02T00:00:00,EURJPY,10,0.81996161662935441,0.60409402209113239,success,11,15.608323895550148,14.092236434481638,false,false,6.0409402209113239,33.978581403536765,,,
2016-06-03T00:00:00,EURJPY,10,0.72745123747205831,0.50173572078520512,success,11,15.608323886280228,14.626594460162051,false,false,5.0173572078520507,60.198976267850995,,,
2016-06-06T00:00:00,EURJPY,10,0.76830641695666646,0.40457460137980295,success,11,15.608323928216667,14.409551030174386,false,false,4.0457460137980297,27.952270903264282,,,
2016-06-07T00:00:00,EURJPY,10,0.91039255768721528,0.30843068350238717,success,11,15.608323895721705,13.289886385213526,false,false,3.0843068350238716,17.101562379751527,,,
2016-06-08T00:00:00,EURJPY,10,0.57021733630153426,0.33190511005304346,success,11,15.608323978078314,15.32558604581965,false,false,3.3190511005304346,3377.43669183374,,,
2016-06-09T00:00:00,EURJPY,10,0.76565867999420045,0.76723343974154123,success,11,15.60832389063018,14.424366092758186,false,false,7.6723343974154119,28.791434256161551,,,
2016-06-10T00:00:00,EURJPY,10,0.72099167829849131,0.19325713924404114,success,11,15.600319284346629,14.65093329728033,false,false,1.9325713924404115,15.895404355611445,,,
2016-06-13T00:00:00,EURJPY,10,0.89548539717780984,0.59015103427543247,success,11,15.529869982293979,13.381830869386039,false,false,5.9015103427543245,17.359030979848317,,,
2016-06-14T00:00:00,EURJPY,10,0.80704137320225544,0.49311710024974864,success,11,15.411480109258209,13.980580971394776,false,false,4.9311710024974866,17.396120632366003,,,
2016-06-15T00:00:00,EURJPY,10,0.72259541928950122,0.39990145295946677,success,11,15.608323918343157,14.650951459615936,false,false,3.9990145295946675,980.91066669846452,,,
2016-06-16T00:00:00,EURJPY,10,0.8589912069217398,0.90374077749692927,success,11,15.60832392086961,13.801387486041046,false,false,9.0374077749692923,6.2858796164700674,,,
2016-06-17T00:00:00,EURJPY,10,0.84371692323488012,0.80109493649882635,success,11,15.608323882460278,13.922175800643791,false,false,8.0109493649882637,16.644686288866506,,,
2016-06-20T00:00:00,EURJPY,10,0.74927170415428745,0.70104770477789147,success,11,15.6083239160643,14.513592108596329,false,false,7.0104770477789149,17.069782433425004,,,
2016-06-21T00:00:00,EURJPY,10,0.9539393190251233,0.48598987984905478,success,11,15.608323899125489,12.577683515392877,false,false,4.8598987984905477,2.9451863144740313,,,
2016-06-22T00:00:00,EURJPY,10,0.88161797730973279,0.3722938703015069,success,11,15.608323993343376,13.600482039002854,false,false,3.7229387030150689,2.986107083097024,,,
2016-06-23T00:00:00,EURJPY,10,0.80207118757740947,0.99999981148354511,success,11,15.608324373442231,14.209034439777264,false,false,9.9999981148354511,0.16228366215976331,,,
2016-06-24T00:00:00,EURJPY,10,0.99912182677839156,0.99999990000000005,success,11,15.60832393198003,8.5715357983587701,false,false,9.9999990000000007,0.34066230272595049,,,
2016-06-27T00:00:00,EURJPY,10,0.99541662932319031,0.79158505656826228,success,11,15.608323895723245,10.2275972063456,false,false,7.9158505656826232,13.8217238802556,,,
2016-06-28T00:00:00,EURJPY,10,0.98954291542298722,0.68829577840870626,success,11,15.608323919410804,11.058360483152043,false,false,6.882957784087063,14.399305370733313,,,
2016-06-29T00:00:00,EURJPY,10,0.97609402150750357,0.54869657199433342,success,11,15.608323888803845,11.898893547304439,false,false,5.4869657199433339,5.1537068740817453,,,
2016-06-30T00:00:00,EURJPY,10,0.94424580144710235,0.40415512492505129,success,11,15.608324148533615,12.778890351263399,false,false,4.0415512492505128,53.850784197392706,,,
2016-07-01T00:00:00,EURJPY,10,0.98406546264202577,0.7547460775427931,success,11,15.608323925561452,11.485120418021152,false,false,7.5474607754279308,1.3323978184337051,,,
2016-07-04T00:00:00,EURJPY,10,0.99482566841887721,0.63461767808148661,success,11,15.608323896215797,10.349466549768199,false,false,6.3461767808148659,1.4187193629225892,,,
2016-07-05T00:00:00,EURJPY,10,0.98006710457961765,0.49826121676250573,success,11,15.608323895773973,11.71307425556278,false,false,4.9826121676250574,1.5467743263117333,,,
2016-07-06T00:00:00,EURJPY,10,0.99544819327897249,0.38084903024128886,success,11,15.608323886557049,10.22065504100344,false,false,3.8084903024128884,1.2627674383945819,,,
2016-07-07T00:00:00,EURJPY,10,0.99892937775647317,0.1855894767124773,success,11,15.608323957986913,8.7698798902273261,false,false,1.855894767124773,0.85375194486101502,,,
2016-07-08T00:00:00,EURJPY,10,0.99887834638372375,9.9999999999999995e-08,success,11,15.194861038853098,8.4030320825518334,false,false,9.9999999999999995e-07,0.34947748635062781,,,
2016-07-11T00:00:00,EURJPY,10,0.89854337958875874,0.99998583729312018,success,11,15.608324161220416,13.427180498168369,false,false,9.9998583729312021,7.8332897518237186,,,
2016-07-12T00:00:00,EURJPY,10,0.94785318835335741,0.46908707286291573,success,11,14.732725132128468,11.83258854792248,false,false,4.6908707286291573,1.1649586170104416,,,
2016-07-13T00:00:00,EURJPY,10,0.75897050451486325,0.57992270085170372,success,11,14.976562950072999,13.82951934832121,false,false,5.799227008517037,2.3508896984668133,,,
2016-07-14T00:00:00,EURJPY,10,0.66465976025284623,0.45906428275036537,success,11,15.106300227334499,14.422170613774863,false,false,4.5906428275036539,2.5661116235534496,,,
2016-07-15T00:00:00,EURJPY,10,0.9105965499801697,0.50018569542838198,success,11,15.434806189118804,13.11386552721852,false,false,5.00185695428382,2662.743916251583,,,
2016-07-18T00:00:00,EURJPY,10,0.84191291948966951,0.40188571062723588,success,11,15.605689139299722,13.933158575113548,false,false,4.0188571062723586,166.74237285308661,,,
2016-07-19T00:00:00,EURJPY,10,0.60748635233925175,0.59944725056019688,success,11,15.608323950805419,15.171565548856394,false,false,5.9944725056019683,72.251390045723255,,,
2016-07-20T00:00:00,EURJPY,10,0.55388908394748593,0.46462668760283049,success,11,15.608323882707829,15.391927037288573,false,false,4.6462668760283048,21.477973524198113,,,
2016-07-21T00:00:00,EURJPY,10,0.58157580799059772,0.36168079182490664,success,11,15.608323885108463,15.279078286738134,false,false,3.6168079182490662,22.674786423786639,,,
2016-07-22T00:00:00,EURJPY,10,0.57826226886253362,0.99997523134959221,success,11,15.608323887027039,15.292679999547156,false,false,9.9997523134959216,0.2089324394287137,,,
2016-07-25T00:00:00,EURJPY,10,0.68212391546228601,0.90014516828882785,success,11,15.60832389766319,14.84477419767145,false,false,9.0014516828882787,0.46652036218465515,,,
2016-07-26T00:00:00,EURJPY,10,0.69051246594003823,0.49869114465336067,success,11,15.608323904111224,14.805807691567011,false,false,4.9869114465336066,77.97106997178777,,,
2016-07-27T00:00:00,EURJPY,10,0.59562443432078649,0.39876275928747207,success,11,15.608324071880741,15.221057811348262,false,false,3.9876275928747207,48.291927243235904,,,
2016-07-28T00:00:00,EURJPY,10,0.69073346229368948,0.29733787115701255,success,11,15.608323928266843,14.804773393078554,false,false,2.9733787115701253,39.219841066797805,,,
2016-07-29T00:00:00,EURJPY,10,0.69070836020417892,0.57036212206371029,success,11,15.608323897226956,14.804890867137656,false,false,5.7036212206371033,0.88486294621618167,,,
2016-08-01T00:00:00,EURJPY,10,0.63142938229063372,0.50267775994815,success,11,15.608323882208344,15.069970100866634,false,false,5.0267775994815,20.798831390293035,,,
2016-08-02T00:00:00,EURJPY,10,0.81233134645469407,0.49347020630131277,success,11,15.608323939005732,14.143093546633143,false,false,4.9347020630131277,10.103408938077031,,,
2016-08-03T00:00:00,EURJPY,10,0.69401001880643487,0.39447318623133892,success,11,15.608323889185483,14.789389852681246,false,false,3.9447318623133891,15.323503076000382,,,
2016-08-04T00:00:00,EURJPY,10,0.95168736494437023,0.80370621271090459,success,11,15.608325176759859,12.627781715873743,false,false,8.0370621271090457,4.4242089045375295,,,
2016-08-05T00:00:00,EURJPY,10,0.90125962663494852,0.7128681179560582,success,11,15.608323892831949,13.397024436982495,false,false,7.1286811795605818,2.4307849547696811,,,
2016-08-08T00:00:00,EURJPY,10,0.83731554658180629,0.61608921670715433,success,11,15.608323909230769,13.969935368667279,false,false,6.1608921670715429,1.6134974143861223,,,
2016-08-09T00:00:00,EURJPY,10,0.92023315775564352,0.48610866557854504,success,11,15.608323893883473,13.162804730990761,false,false,4.8610866557854502,1.5012941933155968,,,
2016-08-10T00:00:00,EURJPY,10,0.9735409311947546,0.40066347439555389,success,11,15.608323989854101,12.002983086049948,false,false,4.006634743955539,1.844094781344366,,,
2016-08-11T00:00:00,EURJPY,10,0.91080839338142405,0.26209258412854247,success,11,15.608323905266202,13.284778294678787,false,false,2.6209258412854246,1.7860114068358153,,,
2016-08-12T00:00:00,EURJPY,10,0.96770393734264537,0.00068050185823237104,success,11,15.608323909715718,12.20834304271858,false,false,0.0068050185823237104,2.7998580516906224,,,
2016-08-15T00:00:00,EURJPY,10,0.6726764520876275,0.69230872478067429,success,11,15.60832390807658,14.888008573608486,false,false,6.9230872478067429,0.20561900926196336,,,
2016-08-16T00:00:00,EURJPY,10,0.92151146692382546,0.46760133860567821,success,11,15.601901929063438,13.138839246927644,false,false,4.6760133860567823,50.246033490220789,,,
2016-08-17T00:00:00,EURJPY,10,0.93268147025338211,0.81157200202673163,success,11,15.608323987743811,12.979695778302457,false,false,8.1157200202673163,1.3250352838229087,,,
2016-08-18T00:00:00,EURJPY,10,0.90434075995270002,0.69693993143754018,success,11,15.60832389993047,13.361909957625116,false,false,6.9693993143754014,70.291389996667306,,,
2016-08-19T00:00:00,EURJPY,10,0.95649700134896776,0.68232925734402505,success,11,15.608324463806973,12.517876680181434,false,false,6.8232925734402503,0.61919012078069446,,,
2016-08-22T00:00:00,EURJPY,10,0.99423463468167372,0.57467587906199047,success,11,15.608323908560495,10.458219198798616,false,false,5.7467587906199045,0.64028073761144777,,,
2016-08-23T00:00:00,EURJPY,10,0.81338618820339137,0.39400977458088093,success,11,15.608324361266524,14.136159652139529,false,false,3.9400977458088096,16.316331695873718,,,
2016-08-24T00:00:00,EURJPY,10,0.79045262895495505,0.27527284492612364,success,11,15.608323883359301,14.280667982501635,false,false,2.7527284492612365,23.193487489216416,,,
2016-08-25T00:00:00,EURJPY,10,0.83107007729364724,0.19894015200929688,success,11,15.608323968480713,14.015093818693678,false,false,1.9894015200929687,155.31101864591221,,,
2016-08-26T00:00:00,EURJPY,10,0.85179931003242404,0.097170643886897917,success,11,15.563523668705619,13.814740089730885,false,false,0.97170643886897923,15.741500134694981,,,
2016-08-29T00:00:00,EURJPY,10,0.9029008017506116,0.547504594150792,success,11,14.754678803744222,12.524799228763712,false,false,5.4750459415079202,4.1274020000227294,,,
2016-08-30T00:00:00,EURJPY,10,0.88314580562000666,0.44779968606532494,success,11,15.034241686425579,13.011678329937892,false,false,4.4779968606532492,3.6354694613806773,,,
2016-08-31T00:00:00,EURJPY,10,0.96085221498348283,0.84715591455803663,success,11,13.951649125017699,10.751172354399808,false,false,8.4715591455803665,37.526722925124787,,,
2016-09-01T00:00:00,EURJPY,10,0.76907401842426804,0.78542825428212193,success,11,14.095402600685258,12.892312616079529,false,false,7.8542825428212195,17.481980021089868,,,
2016-09-02T00:00:00,EURJPY,10,0.70284274226414689,0.37348317843264345,success,11,13.985386992343772,13.12451530677105,false,false,3.7348317843264347,3.3802377741647103,,,
2016-09-05T00:00:00,EURJPY,10,0.76895219087132194,0.58570599790838174,success,11,14.39518779068676,13.192783648664534,false,false,5.8570599790838171,14.784957093711821,,,
2016-09-06T00:00:00,EURJPY,10,0.95168493058402193,0.18432211193675641,success,11,13.188181688923779,10.207691172366937,false,false,1.8432211193675641,3.1721175370153345,,,
2016-09-07T00:00:00,EURJPY,10,0.97900652148962308,0.70020234299582118,success,11,12.688428961957889,8.8461025004397698,false,false,7.0020234299582116,1001.4504925068831,,,
2016-09-08T00:00:00,EURJPY,10,0.95625359031002966,0.66736067694411594,success,11,15.326665797750183,12.242052203250825,false,false,6.6736067694411592,2.8308342139476794,,,
2016-09-09T00:00:00,EURJPY,10,0.90429510603911345,0.5012697205251947,success,11,15.608323882098675,13.36243756596309,false,false,5.0126972052519472,134.11800295888756,,,
2016-09-12T00:00:00,EURJPY,10,0.91691416534347048,0.47703034051344295,success,11,15.522898144681818,13.12175850649345,false,false,4.7703034051344293,1.3254812398193012,,,
2016-09-13T00:00:00,EURJPY,10,0.68329257222257356,0.33316259793506053,success,11,15.608323885431034,14.839379161091831,false,false,3.3316259793506053,1.3846357043098563,,,
2016-09-14T00:00:00,EURJPY,10,0.66997730513282516,0.23876896407875101,success,11,15.608323898167436,14.900241483712797,false,false,2.3876896407875101,1.6132284497523557,,,
2016-09-15T00:00:00,EURJPY,10,0.76533323166865119,0.19069874885157065,success,11,15.608323896573081,14.426179061358889,false,false,1.9069874885157065,1.529604675300916,,,
2016-09-16T00:00:00,EURJPY,10,0.58191744552357971,0.79873887606825011,success,11,15.608323988388133,15.277674308669095,false,false,7.9873887606825011,46.708657860936597,,,
2016-09-19T00:00:00,EURJPY,10,0.68503820441830299,0.66607214458443831,success,11,15.608323893730221,14.831300631752331,false,false,6.6607214458443833,25.86371615883542,,,
2016-09-20T00:00:00,EURJPY,10,0.73613551339921224,0.79978035723097052,success,11,15.608323897937643,14.582345337718868,false,false,7.9978035723097056,0.79378233565605738,,,
2016-09-21T00:00:00,EURJPY,10,0.66560894075196364,0.58839301070963934,success,11,15.608323896181981,14.919932718299719,false,false,5.8839301070963934,0.82734765987047776,,,
2016-09-22T00:00:00,EURJPY,10,0.64631654632442925,0.47564832356786002,success,11,15.608323887391695,15.005436808277633,false,false,4.7564832356786004,0.65287382908652125,,,
2016-09-23T00:00:00,EURJPY,10,0.72079818695161757,0.70229440887626626,success,11,15.60832388497119,14.659899558601602,false,false,7.0229440887626629,48.078646904379653,,,
2016-09-26T00:00:00,EURJPY,10,0.62238866936640125,0.60402656629496332,success,11,15.608323953827414,15.108624626670158,false,false,6.0402656629496327,16.494620587692125,,,
2016-09-27T00:00:00,EURJPY,10,0.85732042316447732,0.37462560802913913,success,11,15.599115894047147,13.805905550645779,false,false,3.7462560802913916,2.5839589827968168,,,
2016-09-28T00:00:00,EURJPY,10,0.7059027194745181,0.43048839894568314,success,11,15.608323881482285,14.732757043344721,false,false,4.3048839894568314,24.273375339650947,,,
2016-09-29T00:00:00,EURJPY,10,0.74729942165228491,0.64369606142164204,success,11,15.595288537464228,14.511027903509389,false,false,6.43696061421642,2.1836181567883917,,,
2016-09-30T00:00:00,EURJPY,10,0.86919095860075912,0.46098412610760597,success,11,15.542824236903455,13.648999951034801,false,false,4.6098412610760597,4.2493391328309142,,,
2016-10-03T00:00:00,EURJPY,10,0.9113913183267125,0.35462770748765809,success,11,15.550112595854428,13.219370082809242,false,false,3.5462770748765808,3.6574323177500436,,,
2016-10-04T00:00:00,EURJPY,10,0.72901392530253173,0.23994433150314592,success,11,15.596028224313571,14.606402825242702,false,false,2.3994433150314594,1.9663113176668141,,,
2016-10-05T00:00:00,EURJPY,10,0.8609909528065014,1.328973409523369e-07,success,11,15.608323894107665,13.784778916244829,false,false,1.3289734095233688e-06,8.4967100760653711,,,
2016-10-06T00:00:00,EURJPY,10,0.86558454208729685,0.69793551363079553,success,11,15.551091534839676,13.688621920645993,false,false,6.9793551363079551,15.85112899432559,,,
2016-10-07T00:00:00,EURJPY,10,0.93918187482137172,0.60572863327530602,success,11,15.261221644682104,12.52410035036001,false,false,6.0572863327530602,15.744763784499321,,,
2016-10-10T00:00:00,EURJPY,10,0.87683828747858761,0.50369643943101305,success,11,15.450759571739319,13.48793521702075,false,false,5.0369643943101305,16.709621526494104,,,
2016-10-11T00:00:00,EURJPY,10,0.88487905029056591,0.40249070288178518,success,11,15.547915423868888,13.508447766818566,false,false,4.0249070288178519,76.90018658586591,,,
2016-10-12T00:00:00,EURJPY,10,0.67964206891967149,0.59992387081622767,success,11,15.55626755124316,14.804140166215729,false,false,5.9992387081622764,1162.0014205855678,,,
2016-10-13T00:00:00,EURJPY,10,0.68254532283717806,0.49988482164423143,success,11,15.549817870970893,14.784323998078841,false,false,4.9988482164423145,1196.7206042421201,,,
2016-10-14T00:00:00,EURJPY,10,0.72814024845968861,0.39991790145612099,success,11,15.558490639458679,14.57328327481488,false,false,3.9991790145612098,1706.7977322231532,,,
2016-10-17T00:00:00,EURJPY,10,0.98495839540660579,0.91122008812074673,success,11,15.600599172570291,11.418819771677601,false,false,9.1122008812074675,5.179608598770459,,,
2016-10-18T00:00:00,EURJPY,10,0.95009500463514118,0.43120301469556244,success,11,15.600026900573205,12.653586021358928,false,false,4.3120301469556246,0.36811794131071085,,,
2016-10-19T00:00:00,EURJPY,10,0.9110810874426476,0.50153586450721055,success,11,15.608323898729537,13.281416855734955,false,false,5.015358645072105,15.229672361044162,,,
2016-10-20T00:00:00,EURJPY,10,0.86910141163704924,0.40626182701130925,success,11,15.608327832528683,13.715290903605247,false,false,4.0626182701130924,17.519425710544908,,,
2016-10-21T00:00:00,EURJPY,10,0.72255844393620483,0.31255876338915334,success,11,15.608323906765211,14.651135901015191,false,false,3.1255876338915334,10.908183621649835,,,
2016-10-24T00:00:00,EURJPY,10,0.73784105668344202,0.83230905727149551,success,11,15.608323966618482,14.573546509262185,false,false,8.3230905727149551,4.1099532638110965,,,
2016-10-25T00:00:00,EURJPY,10,0.69297388820403105,0.7020775272303964,success,11,15.608323902951932,14.794264382511424,false,false,7.0207752723039638,49.949075400974841,,,
2016-10-26T00:00:00,EURJPY,10,0.87054383028204818,0.44708612961554117,success,11,15.60832511442495,13.702549371860304,false,false,4.4708612961554115,2.2955784795061276,,,
2016-10-27T00:00:00,EURJPY,10,0.88882811363793379,0.65243129413317114,success,11,15.522030501783506,13.443204162319539,false,false,6.5243129413317114,27.226286199075844,,,
2016-10-28T00:00:00,EURJPY,10,0.8611208863484896,0.59976878332278116,success,11,15.503829690049981,13.679198661988766,false,false,5.9976878332278121,8808.2130473514408,,,
2016-10-31T00:00:00,EURJPY,10,0.81895061326479923,0.49976138254752484,success,11,15.531452878127542,14.02219894629496,false,false,4.9976138254752485,8377.1334376725863,,,
2016-11-01T00:00:00,EURJPY,10,0.85180896408025486,0.30027821334818205,success,11,15.532347811979262,13.783487755515338,false,false,3.0027821334818205,8844.6368464784337,,,
2016-11-02T00:00:00,EURJPY,10,0.78814918045033289,0.68716995166977113,success,11,15.60832428544342,14.294519243813694,false,false,6.8716995166977108,77.068035630582159,,,
2016-11-03T00:00:00,EURJPY,10,0.76632200768611924,0.59851062478091255,success,11,15.608323894480389,14.42066550394167,false,false,5.9851062478091253,82.830684261603508,,,
2016-11-04T00:00:00,EURJPY,10,0.82595285441032262,0.00032078956966558557,success,11,15.608323903229557,14.051112422501182,false,false,0.0032078956966558555,1.572818884913795,,,
2016-11-07T00:00:00,EURJPY,10,0.78009237001269693,0.61271406529421546,success,11,14.879423748411217,13.613219007136683,false,false,6.1271406529421544,2.9965019369961454,,,
2016-11-08T00:00:00,EURJPY,10,0.77008238348188374,0.51848547326459804,success,11,14.080452674898245,12.871676229945294,false,false,5.1848547326459808,3.087554162827836,,,
2016-11-09T00:00:00,EURJPY,10,0.74945942183625791,0.42854329625691723,success,11,15.414354510478844,14.318623230797479,false,false,4.2854329625691721,1.3465396764670248,,,
2016-11-10T00:00:00,EURJPY,10,0.80437819222001106,0.81340880563966844,success,11,15.608323893533376,14.194437589722686,false,false,8.1340880563966849,13.916998395651248,,,
2016-11-11T00:00:00,EURJPY,10,0.99093083996147024,0.33906045079703534,success,11,15.608323890569178,10.914558797882933,false,false,3.3906045079703535,0.81705350610389027,,,
2016-11-14T00:00:00,EURJPY,10,0.8672627173196461,0.62233034903447459,success,11,15.608324221081528,13.731354127893775,false,false,6.2233034903447457,2.7589367760531505,,,
2016-11-15T00:00:00,EURJPY,10,0.76947082153229451,0.50921283630636505,success,11,15.608324185160209,14.40299859347421,false,false,5.0921283630636509,20.670734950458005,,,
2016-11-16T00:00:00,EURJPY,10,0.68410978491393404,0.40840188343834827,success,11,15.608323892444727,14.835600216050143,false,false,4.0840188343834827,14.226289305751282,,,
2016-11-17T00:00:00,EURJPY,10,0.7073612505409751,0.3104829883457389,success,11,15.608324954819029,14.725722368168753,false,false,3.1048298834573891,15.873217138158425,,,
2016-11-18T00:00:00,EURJPY,10,0.96772996736786532,0.88733215506405683,success,11,15.60832389583719,12.207509824093107,false,false,8.8733215506405685,13.740026609754251,,,
2016-11-21T00:00:00,EURJPY,10,0.92742939038295757,0.76418443716179851,success,11,15.608323911490046,13.060467262528537,false,false,7.6418443716179851,22.703095908728969,,,
2016-11-22T00:00:00,EURJPY,10,0.9744770920087511,0.64936513997408174,success,11,15.608333776459871,11.966009166704479,false,false,6.4936513997408172,5.7993722169094761,,,
2016-11-23T00:00:00,EURJPY,10,0.96842658454358255,0.52427158033010379,success,11,15.60832396134713,12.184966768123306,false,false,5.2427158033010377,7.7295049682096302,,,
2016-11-24T00:00:00,EURJPY,10,0.97265660962591682,0.46603611597290595,success,11,15.608324341768418,12.036768072503197,false,false,4.6603611597290593,19.867094493176449,,,
2016-11-25T00:00:00,EURJPY,10,0.95885865294202011,0.3990760263001224,success,11,15.608323887870121,12.459593840854863,false,false,3.9907602630012238,233.30112724912084,,,
2016-11-28T00:00:00,EURJPY,10,0.86479323759032267,0.7587316597571,success,11,15.54447427284846,13.688789006357768,false,false,7.5873165975710002,1.0142948100266651,,,
2016-11-29T00:00:00,EURJPY,10,0.89078080217089362,0.80850348780125836,success,11,15.608323886744115,13.509582354970636,false,false,8.0850348780125838,21.645322782304589,,,
2016-11-30T00:00:00,EURJPY,10,0.89999389140379615,0.64468553623145719,success,11,15.574362039267211,13.377205333379507,false,false,6.4468553623145715,1.0020501922855274,,,
2016-12-01T00:00:00,EURJPY,10,0.99494310166577837,0.52098659550533566,success,11,15.592895058366222,10.310962825023543,false,false,5.2098659550533561,1.6227541549054938,,,
2016-12-02T00:00:00,EURJPY,10,0.988467621054124,0.41182248927803666,success,11,15.553711163047005,11.102713916222495,false,false,4.1182248927803666,1.3446922199603732,,,
2016-12-05T00:00:00,EURJPY,10,0.99201090397008251,0.3556924860760049,success,11,15.608323889913136,10.786667406478561,false,false,3.556924860760049,1.449448475925383,,,
2016-12-06T00:00:00,EURJPY,10,0.96658854896645874,0.21505697981075894,success,11,15.608323896789104,12.24344967070231,false,false,2.1505697981075893,1.1793430176786055,,,
2016-12-07T00:00:00,EURJPY,10,0.83079525373625351,0.24058200512480094,success,11,15.608323889165019,14.017050008045914,false,false,2.4058200512480092,29.22633446340161,,,
2016-12-08T00:00:00,EURJPY,10,0.5533875119701529,0.59278972679344455,success,11,15.608324069599353,15.39395686997538,false,false,5.9278972679344459,13.909790837592926,,,
2016-12-09T00:00:00,EURJPY,10,0.66666544167194919,9.9999999999999995e-08,success,11,15.608323906690746,14.915182238601965,false,false,9.9999999999999995e-07,22.869179761978117,,,
2016-12-12T00:00:00,EURJPY,10,0.70642599791851157,0.89763925122047594,success,11,15.608323884657381,14.730235176700372,false,false,8.9763925122047592,68.061889208330726,,,
2016-12-13T00:00:00,EURJPY,10,0.85896985518999547,0.76594550428007613,success,11,15.608323879846678,13.801563711895021,false,false,7.6594550428007615,25.722991390404655,,,
2016-12-14T00:00:00,EURJPY,10,0.85189002361117716,0.66916246825852566,success,11,15.608323910028712,13.858821553321915,false,false,6.6916246825852568,21.818620175865259,,,
2016-12-15T00:00:00,EURJPY,10,0.76779966606626504,0.59704187408218323,success,11,15.60832391288753,14.412395572636276,false,false,5.9704187408218319,43.829362309966534,,,
2016-12-16T00:00:00,EURJPY,10,0.83755332606143085,0.74641878431419895,success,11,15.608323898412886,13.968188751366883,false,false,7.464187843141989,0.45564070501710374,,,
2016-12-19T00:00:00,EURJPY,10,0.68096659107441537,0.09108458387778795,success,11,15.608324037332798,14.850106618489846,false,false,0.9108458387778795,14.498115125839709,,,
2016-12-20T00:00:00,EURJPY,10,0.69137781751528649,0.82658055926979268,success,11,15.60832411411876,14.801755488949707,false,false,8.2658055926979266,21.66411277191234,,,
2016-12-21T00:00:00,EURJPY,10,0.63505965125327402,0.70165968623878761,success,11,15.608323882562456,15.054338861235724,false,false,7.0165968623878765,42.771897152242822,,,
2016-12-22T00:00:00,EURJPY,10,0.62974898538932467,1.737414843788956e-07,success,11,15.608323888906881,15.07718377829152,false,false,1.737414843788956e-06,5.624507909618937,,,
2016-12-23T00:00:00,EURJPY,10,0.56910878549855848,1.7084725117114092e-07,success,11,15.608323893053296,15.330107945728965,false,false,1.7084725117114092e-06,0.83652372563764044,,,
2016-12-26T00:00:00,EURJPY,10,0.98651615041619101,0.60025236434143747,success,11,15.608324446620754,11.315637392010171,false,false,6.0025236434143752,218.7390323267451,,,
2016-12-27T00:00:00,EURJPY,10,0.97614719233601854,0.50430748455195107,success,11,15.608323890995338,11.896612436299428,false,false,5.0430748455195111,15.111376471160449,,,
2016-12-28T00:00:00,EURJPY,10,0.89967392021812187,0.40336133118582496,success,11,15.608323889392663,13.41471718152216,false,false,4.0336133118582493,15.52972366066151,,,
2016-12-29T00:00:00,EURJPY,10,0.89921582467028727,0.30889807634136679,success,11,15.608323891419273,13.419782166360772,false,false,3.0889807634136677,12.776139688297993,,,
2016-12-30T00:00:00,EURJPY,10,0.94514584813238911,0.20023101561489134,success,11,15.608323890475793,12.761662517041986,false,false,2.0023101561489134,17.038693905773609,,,
2017-01-02T00:00:00,EURJPY,10,0.97675894066737456,0.00012256048189857795,success,11,15.608323896560776,11.870004522425292,false,false,0.0012256048189857795,1.6866757567835191,,,
2017-01-03T00:00:00,EURJPY,10,0.63292942740038971,0.40578506357190902,success,11,15.608323881986895,15.063519080636826,false,false,4.05785063571909,11.279136098184013,,,
2017-01-04T00:00:00,EURJPY,10,0.8787621239742206,0.31187538585713076,success,11,15.608323881742256,13.62756417514948,false,false,3.1187538585713077,16.605029818232452,,,
2017-01-05T00:00:00,EURJPY,10,0.58235201581838703,0.89184696942010577,success,11,15.608324191714795,15.275888023265173,false,false,8.9184696942010575,5.8406038723893294,,,
2017-01-06T00:00:00,EURJPY,10,0.62913617042247194,0.80632583791007839,success,11,15.608324035350737,15.079811273976118,false,false,8.0632583791007839,11.72774789721203,,,
2017-01-09T00:00:00,EURJPY,10,0.57465719564911011,0.70105184405244092,success,11,15.608327142631556,15.307448903372228,false,false,7.0105184405244092,16.522885448555854,,,
2017-01-10T00:00:00,EURJPY,10,0.59769411094334701,0.42672438290211634,success,11,15.608323934340564,15.212457548741657,false,false,4.2672438290211634,1.3077222688309813,,,
2017-01-11T00:00:00,EURJPY,10,0.58671845488116348,0.094899424561457627,success,11,15.608324316130775,15.257908313310793,false,false,0.94899424561457624,14.922983074939205,,,
2017-01-12T00:00:00,EURJPY,10,0.78570882019901922,0.2023749399486876,success,11,15.608324116122887,14.309073593539804,false,false,2.023749399486876,31.735957639414558,,,
2017-01-13T00:00:00,EURJPY,10,0.73735647693557715,0.79565222490528709,success,11,15.60832392218807,14.576050147604596,false,false,7.9565222490528704,32.050861383135555,,,
2017-01-16T00:00:00,EURJPY,10,0.64643351583936159,0.49796800227441268,success,11,15.608324159837123,15.004925345632953,false,false,4.9796800227441267,37.257511007432235,,,
2017-01-17T00:00:00,EURJPY,10,0.77513220035241448,0.39960089387143205,success,11,15.608324117115979,14.370803193613293,false,false,3.9960089387143203,309.76931203757766,,,
2017-01-18T00:00:00,EURJPY,10,0.83914699017250283,0.99885214334763217,success,11,15.608323891801414,13.956428969335336,false,false,9.9885214334763219,8.3597102870578102,,,
2017-01-19T00:00:00,EURJPY,10,0.82498310289847721,0.65257726396378879,success,11,15.606840603669582,14.056360223008063,false,false,6.5257726396378875,3.2601458076499639,,,
2017-01-20T00:00:00,EURJPY,10,0.75606549811497237,0.50991648246120547,success,11,15.452964528393034,14.321736272608792,false,false,5.0991648246120542,13.304360212530655,,,
2017-01-23T00:00:00,EURJPY,10,0.97104458221797085,0.49525897275770764,success,11,15.344675096191583,11.83206004447837,false,false,4.9525897275770765,16.287909660030845,,,
2017-01-24T00:00:00,EURJPY,10,0.8964214615538717,0.34845782938951286,success,11,15.608323896317149,13.450243363247584,false,false,3.4845782938951286,4.3346821686593078,,,
2017-01-25T00:00:00,EURJPY,10,0.97641880947980286,0.10395565916688923,success,11,15.608323891507021,11.884881671453595,false,false,1.0395565916688922,3.7635551694914531,,,
2017-01-26T00:00:00,EURJPY,10,0.53362551799592184,0.63454665696737234,success,11,15.608323891246211,15.473618496312326,false,false,6.3454665696737234,21.729843572540478,,,
2017-01-27T00:00:00,EURJPY,10,0.58589337180763246,0.50013199714808432,success,11,15.608324410635168,15.26131009367108,false,false,5.001319971480843,128.45506256813323,,,
2017-01-30T00:00:00,EURJPY,10,0.6248189492973264,0.91454538389731999,success,11,15.608326927059847,15.098273711746288,false,false,9.1454538389732001,1.4846339169604403,,,
2017-01-31T00:00:00,EURJPY,10,0.56352233790670958,0.80269444769030895,success,11,15.608323897246867,15.352854122118275,false,false,8.0269444769030898,35.407643194141528,,,
2017-02-01T00:00:00,EURJPY,10,0.56112014224695739,0.54786726166857114,success,11,15.608323905963394,15.362614569141829,false,false,5.4786726166857118,1.7927347911913725,,,
2017-02-02T00:00:00,EURJPY,10,0.55749846567076944,0.39988712866458193,success,11,15.608324411523794,15.377308592206026,false,false,3.9988712866458194,46.711580609531715,,,
2017-02-03T00:00:00,EURJPY,10,0.525340956101775,0.26680369882688193,success,11,15.608323895358167,15.506873147339391,false,false,2.6680369882688195,24.849741564586921,,,
2017-02-06T00:00:00,EURJPY,10,0.73339678219414561,0.59900218267088001,success,11,15.60832391310641,14.596398522458189,false,false,5.9900218267087997,116.93522473218596,,,
2017-02-07T00:00:00,EURJPY,10,0.75301510566333851,0.49781131874445972,success,11,15.608323947636025,14.493565837621565,false,false,4.9781131874445972,53.03242870440112,,,
2017-02-08T00:00:00,EURJPY,10,0.81211162982373852,0.39978362619588187,success,11,15.608323938731433,14.144534143683396,false,false,3.9978362619588186,657.59724388746884,,,
2017-02-09T00:00:00,EURJPY,10,0.71665187419279563,0.29883515177654923,success,11,15.608323886543841,14.680409963149213,false,false,2.9883515177654925,89.102624321495185,,,
2017-02-10T00:00:00,EURJPY,10,0.75448762146143245,0.19924163187157945,success,11,15.60832403826201,14.485632534178233,false,false,1.9924163187157946,174.99297155255914,,,
2017-02-13T00:00:00,EURJPY,10,0.70390364580558562,1.0425593808962051e-07,success,11,15.60832390544857,14.74236734769176,false,false,1.0425593808962051e-06,2.7345417928855733,,,
2017-02-14T00:00:00,EURJPY,10,0.54274391224304253,0.6340111718476803,success,11,15.608323902062857,15.436929910900535,false,false,6.3401117184768028,22.694374370674677,,,
2017-02-15T00:00:00,EURJPY,10,0.53816736173065194,0.36726736523186349,success,11,15.608323889154169,15.455356866707753,false,false,3.6726736523186347,25.776370087225317,,,
2017-02-16T00:00:00,EURJPY,10,0.89066577382837997,0.87909444904411271,success,11,15.608323886391846,13.510764128728651,false,false,8.7909444904411274,1.7292697505346293,,,
2017-02-17T00:00:00,EURJPY,10,0.69237495047031672,0.99999959581850839,success,11,15.608323898554811,14.797077923455365,false,false,9.9999959581850835,7.9594941202763483,,,
2017-02-20T00:00:00,EURJPY,10,0.67215630340717958,0.80357784267017285,success,11,15.6083239019007,14.890369954094878,false,false,8.0357784267017287,24.868748134352675,,,
2017-02-21T00:00:00,EURJPY,10,0.71847608192104029,0.72908155196152991,success,11,15.608323899404633,14.67140889384865,false,false,7.2908155196152986,18.396812101181652,,,
2017-02-22T00:00:00,EURJPY,10,0.6456011659184776,0.60362851763896808,success,11,15.60832390458007,15.008564910568188,false,false,6.036285176389681,18.46456472797534,,,
2017-02-23T00:00:00,EURJPY,10,0.64915243386582666,0.0057771024287793645,success,11,15.608323891299619,14.993008171807483,false,false,0.057771024287793647,7.7184270573884852,,,
2017-02-24T00:00:00,EURJPY,10,0.63566583011703093,0.015755133871769956,success,11,15.608323893729779,15.051722388434101,false,false,0.15755133871769955,4.2363914799941842,,,
2017-02-27T00:00:00,EURJPY,10,0.78217225243531974,0.88898294557210877,success,11,15.608323975477509,14.329953589203148,false,false,8.8898294557210882,6.4967017800983884,,,
2017-02-28T00:00:00,EURJPY,10,0.70162975998545163,0.66656393892773347,success,11,15.60832398045001,14.753253254481871,false,false,6.6656393892773345,1.5765154886909647,,,
2017-03-01T00:00:00,EURJPY,10,0.65572708212509712,0.60031408938150932,success,11,15.608324005066304,14.964014044774419,false,false,6.0031408938150932,282.74508888930876,,,
2017-03-02T00:00:00,EURJPY,10,0.58176570782875348,0.50312827319264408,success,11,15.608323964162544,15.278297944435581,false,false,5.0312827319264413,17.29309032214509,,,
2017-03-03T00:00:00,EURJPY,10,0.67721475389129004,0.0050104625226292474,success,11,15.608323887046218,14.867322679784355,false,false,0.050104625226292471,8.345351610517449,,,
2017-03-06T00:00:00,EURJPY,10,0.6634055209640759,0.59244619230787032,success,11,15.608323880551682,14.929816311319385,false,false,5.9244619230787032,10.382893105814292,,,
2017-03-07T00:00:00,EURJPY,10,0.75947774817611569,0.93103910127180822,success,11,15.60832390077649,14.458505485602533,false,false,9.3103910127180818,1.9018389974730321,,,
2017-03-08T00:00:00,EURJPY,10,0.98337541903007575,0.85130914302933292,success,11,15.608323913590768,11.528215336234911,false,false,8.5130914302933292,2.4569786973981098,,,
2017-03-09T00:00:00,EURJPY,10,0.79954438799531424,0.29840783113611263,success,11,15.608323909587726,14.224874694887644,false,false,2.9840783113611264,85.344417768357133,,,
2017-03-10T00:00:00,EURJPY,10,0.83851568171449076,0.10461469188250325,success,11,15.608323893986206,13.961098648342322,false,false,1.0461469188250325,7.0700287510280795,,,
2017-03-13T00:00:00,EURJPY,10,0.6161734050662756,0.25810920321605235,success,11,15.608323890684014,15.134986339936997,false,false,2.5810920321605235,1.3165737687380539,,,
2017-03-14T00:00:00,EURJPY,10,0.78713053963846591,0.51005075869754801,success,11,15.428545147725197,14.120830158808401,false,false,5.1005075869754801,1.6552708971358403,,,
2017-03-15T00:00:00,EURJPY,10,0.65729466505102818,0.40770366932057039,success,11,15.253819200338256,14.602557777723668,false,false,4.0770366932057041,1.7901205041935844,,,
2017-03-16T00:00:00,EURJPY,10,0.65947087572577157,0.30673676758128138,success,11,15.203980561273912,14.543043407012085,false,false,3.0673676758128137,2.157466502450319,,,
2017-03-17T00:00:00,EURJPY,10,0.7479504679724347,0.90952370416196615,success,11,15.445580207474283,14.357869074842419,false,false,9.0952370416196615,14.98780087127127,,,
2017-03-20T00:00:00,EURJPY,10,0.72527051927493369,0.69406436708470098,success,11,15.006716894451127,14.035959086213296,false,false,6.9406436708470096,15.260178011021956,,,
2017-03-21T00:00:00,EURJPY,10,0.6884795166301686,0.59321217724164788,success,11,15.027367247369076,14.234346773633757,false,false,5.9321217724164788,14.350923377197983,,,
2017-03-22T00:00:00,EURJPY,10,0.70350087552761731,0.490132676298769,success,11,15.12209956746698,14.258074711940042,false,false,4.90132676298769,11.952395910493692,,,
2017-03-23T00:00:00,EURJPY,10,0.9777544920290645,0.10038011025256829,success,11,14.88367680018591,11.1005582915929,false,false,1.003801102525683,446.12321719132746,,,
2017-03-24T00:00:00,EURJPY,10,0.73198810167240158,5.0519369640736445e-07,success,11,15.608324163412517,14.603591280399332,false,false,5.051936964073645e-06,8.5625669992261351,,,
2017-03-27T00:00:00,EURJPY,10,0.60638707543689641,0.49780101120907611,success,11,15.608323881798361,15.176173362726331,false,false,4.9780101120907609,17.007061618384412,,,
2017-03-28T00:00:00,EURJPY,10,0.6644237625030659,0.39921960333809359,success,11,15.608323911560662,14.925252935162256,false,false,3.9921960333809361,94.803055736302454,,,
2017-03-29T00:00:00,EURJPY,10,0.65837972276949519,0.29834609234142156,success,11,15.608323885489069,14.952241854064956,false,false,2.9834609234142158,44.707796902396041,,,
2017-03-30T00:00:00,EURJPY,10,0.693444824427629,0.16844951191273561,success,11,15.608323924837066,14.792050006630131,false,false,1.6844951191273561,16.789255476560378,,,
2017-03-31T00:00:00,EURJPY,10,0.60104337839531297,0.40125751734747961,success,11,15.608323902296627,15.198509486532503,false,false,4.0125751734747963,29.699933223843246,,,
2017-04-03T00:00:00,EURJPY,10,0.65021711886755751,0.80162947083037195,success,11,15.608323883844163,14.988330170074377,false,false,8.0162947083037199,55.44171393604541,,,
2017-04-04T00:00:00,EURJPY,10,0.54000676973117223,0.73000635436061889,success,11,15.608323885625559,15.447953982174564,false,false,7.3000635436061891,20.759627723069727,,,
2017-04-05T00:00:00,EURJPY,10,0.57191027422122598,0.39996225673619606,success,11,15.608323887868076,15.318674585322714,false,false,3.9996225673619605,867.3899135674875,,,
2017-04-06T00:00:00,EURJPY,10,0.51312392949651597,0.26326606547303621,success,11,15.608323903502455,15.55581612488708,false,false,2.6326606547303624,22.862508974421228,,,
2017-04-07T00:00:00,EURJPY,10,0.93047573890575463,0.59461960906674294,success,11,15.608323881585292,13.014303651172238,false,false,5.9461960906674296,39.508812718960272,,,
2017-04-10T00:00:00,EURJPY,10,0.85141354991823892,0.49731913663026983,success,11,15.608323907954187,13.862592884107968,false,false,4.9731913663026983,58.452445650694067,,,
2017-04-11T00:00:00,EURJPY,10,0.85302695623021896,0.90391595837929994,success,11,15.608323893965004,13.849781939543533,false,false,9.0391595837929994,8.1851999719337254,,,
2017-04-12T00:00:00,EURJPY,10,0.78671892695940693,0.7983070647002819,success,11,15.608323881328445,14.303063729161234,false,false,7.983070647002819,15.683488634942298,,,
2017-04-13T00:00:00,EURJPY,10,0.69694438421561111,0.69388695139003365,success,11,15.608324073399137,14.775534798022772,false,false,6.938869513900336,14.229599359074305,,,
2017-04-14T00:00:00,EURJPY,10,0.65645548589453029,0.52106983996113398,success,11,15.608323893427704,14.960785700264102,false,false,5.2106983996113394,3.3420351137743247,,,
2017-04-17T00:00:00,EURJPY,10,0.98046105906432468,0.39383047315611103,success,11,15.608323905106301,11.692710420978139,false,false,3.9383047315611104,2.353192994462499,,,
2017-04-18T00:00:00,EURJPY,10,0.99624337270060415,0.2827374475867287,success,11,15.608323912549018,10.027853894731717,false,false,2.8273744758672872,2.3612778227680429,,,
2017-04-19T00:00:00,EURJPY,10,0.67142087161457153,0.49724042965569204,success,11,15.608323918304423,14.893705434339299,false,false,4.9724042965569204,30.1928125336342,,,
2017-04-20T00:00:00,EURJPY,10,0.67369896907336246,0.60006744518083222,success,11,15.347651622335588,14.622688607654476,false,false,6.0006744518083224,765.89864938380629,,,
2017-04-21T00:00:00,EURJPY,10,0.7193602102296226,0.26964455193312903,success,11,15.608323895541163,14.667033635546332,false,false,2.6964455193312902,20.422448058173149,,,
2017-04-24T00:00:00,EURJPY,10,0.97508338569440545,0.99999581427992246,success,11,15.608323901254744,11.94133573227748,false,false,9.9999581427992243,2.5856784063690865,,,
2017-04-25T00:00:00,EURJPY,10,0.95701841821808875,0.99999977251299887,success,11,14.945173467167042,11.842122523392916,false,false,9.9999977251299885,0.92804380134102848,,,
2017-04-26T00:00:00,EURJPY,10,0.99764726387839708,0.67373451685204433,success,11,15.503959478466919,9.4541386655801318,false,false,6.7373451685204433,2.9453054421286318,,,
2017-04-27T00:00:00,EURJPY,10,0.9951383762450472,0.53687411977683075,success,11,15.479789743818101,10.158280432794804,false,false,5.3687411977683075,1.3082694628183429,,,
2017-04-28T00:00:00,EURJPY,10,0.99017794059843778,0.44313030545513543,success,11,15.562812309223849,10.949558459673897,false,false,4.4313030545513543,3.6043610040481142,,,
2017-05-01T00:00:00,EURJPY,10,0.98112395629052263,0.34916136568463907,success,11,15.587310624547776,11.636505405362524,false,false,3.4916136568463907,6.0231846020018782,,,
2017-05-02T00:00:00,EURJPY,10,0.99971046212165215,0.68574006316365943,success,11,15.591756542322205,7.4448216931946209,false,false,6.8574006316365939,3.2124646799397438,,,
2017-05-03T00:00:00,EURJPY,10,0.99636768522649555,0.59738683483812482,success,11,15.593586205606471,9.9793399779688734,false,false,5.9738683483812487,3.1593608777990947,,,
2017-05-04T00:00:00,EURJPY,10,0.9978860610708602,0.47850094690651196,success,11,15.597824117279211,9.4407380130094953,false,false,4.7850094690651197,1.8297741028829804,,,
2017-05-05T00:00:00,EURJPY,10,0.99871561383603458,0.32974879117633937,success,11,15.601369132568749,8.9451799760846882,false,false,3.297487911763394,1.4007727844296158,,,
2017-05-08T00:00:00,EURJPY,10,0.99200456088371614,0.26728038195629572,success,11,13.745545805518635,8.9246893692198555,false,false,2.6728038195629571,1.8932308192730134,,,
2017-05-09T00:00:00,EURJPY,10,0.99834779047324362,0.11531657319843128,success,11,15.608323905722493,9.204335701903732,false,false,1.1531657319843127,1.5308824862268198,,,
2017-05-10T00:00:00,EURJPY,10,0.79705851653828197,0.35436539407946188,success,11,15.044727791901698,13.676717373483024,false,false,3.5436539407946186,1.1166673688022877,,,
2017-05-11T00:00:00,EURJPY,10,0.84939121570570064,0.90509614360093538,success,11,15.558669668265248,13.828835434515653,false,false,9.050961436009354,38.376266146159033,,,
2017-05-12T00:00:00,EURJPY,10,0.7469386997984101,0.49972629079653608,success,11,15.186235581831136,14.103884214581253,false,false,4.9972629079653608,460.43571173582961,,,
2017-05-15T00:00:00,EURJPY,10,0.94632261813736951,0.71202939180604841,success,11,15.559910097982955,12.690318271521228,false,false,7.1202939180604838,15.730237760132871,,,
2017-05-16T00:00:00,EURJPY,10,0.90079055840463074,0.6097235616286556,success,11,15.525574995452827,13.319535406601522,false,false,6.0972356162865555,16.048397904143933,,,
2017-05-17T00:00:00,EURJPY,10,0.98343908101604449,0.99999990000000005,success,11,15.608324058708339,11.524314005425863,false,false,9.9999990000000007,0.57827733729968545,,,
2017-05-18T00:00:00,EURJPY,10,0.93678726397592638,0.59119985079630422,success,11,15.608323907215938,12.912373490487074,false,false,5.9119985079630419,0.80289374847425921,,,
2017-05-19T00:00:00,EURJPY,10,0.99902003964993313,0.42312933846051476,success,11,15.608323938335685,8.6813059329271915,false,false,4.2312933846051477,1.0067138985349686,,,
2017-05-22T00:00:00,EURJPY,10,0.99130232047088707,0.26703877876194965,success,11,15.608323893183339,10.872360608603673,false,false,2.6703877876194966,3.0166290780263791,,,
2017-05-23T00:00:00,EURJPY,10,0.94205733988777252,0.16091502748031977,success,11,15.608323882202811,12.819711641895665,false,false,1.6091502748031976,3.0548670547238159,,,
2017-05-24T00:00:00,EURJPY,10,0.98841171496086822,0.84812647832417587,success,11,15.608323881847513,11.162219232743535,false,false,8.4812647832417589,2.5692592555429083,,,
2017-05-25T00:00:00,EURJPY,10,0.9768546233162082,0.67996940444834697,success,11,15.608323886232697,11.865781093627813,false,false,6.7996940444834699,1.4652915906644031,,,
2017-05-26T00:00:00,EURJPY,10,0.71641960528863635,0.62621647277221626,success,11,15.608323889204962,14.681553515188924,false,false,6.2621647277221628,1.0584548148902599,,,
2017-05-29T00:00:00,EURJPY,10,0.81431712907935783,0.45569797977817944,success,11,15.608323921849776,14.130014261760047,false,false,4.5569797977817945,1.0616231625933994,,,
2017-05-30T00:00:00,EURJPY,10,0.84838196144010192,0.40510191629209091,success,11,15.608323890927256,13.886357384312161,false,false,4.0510191629209089,1.4552118964713783,,,
2017-05-31T00:00:00,EURJPY,10,0.91202616198143771,0.20980968107326398,success,11,15.607843806332772,13.269214605320336,false,false,2.0980968107326396,1.1505777268219755,,,
2017-06-01T00:00:00,EURJPY,10,0.75207570399158918,0.50648848567638616,success,11,15.546474701549453,14.436761153998601,false,false,5.0648848567638618,18.075003992220623,,,
2017-06-02T00:00:00,EURJPY,10,0.83818586197143596,0.10026664408442862,success,11,15.589655283784049,13.944863796029956,false,false,1.0026664408442862,234.10394665796181,,,
2017-06-05T00:00:00,EURJPY,10,0.79849824028619709,0.95021732413001236,success,11,15.608323939423927,14.231389289965206,false,false,9.5021732413001239,3.4479570961850587,,,
2017-06-06T00:00:00,EURJPY,10,0.55713053914313648,0.59670247176931113,success,11,15.608324185606724,15.378799667888158,false,false,5.9670247176931115,500.89183916038718,,,
2017-06-07T00:00:00,EURJPY,10,0.55024708265734446,0.83227594687794038,success,11,15.608324919888064,15.406655860741933,false,false,8.3227594687794042,18.570715777396014,,,
2017-06-08T00:00:00,EURJPY,10,0.5557623379164861,0.50246147088830218,success,11,15.608323905927715,15.384342847036882,false,false,5.0246147088830213,13.600708918477029,,,
2017-06-09T00:00:00,EURJPY,10,0.6050618518879648,0.40456142139640283,success,11,15.608323894612203,15.181722372863343,false,false,4.0456142139640283,14.605295169980041,,,
2017-06-12T00:00:00,EURJPY,10,0.58953083281506724,0.5002753976714055,success,11,15.608323908031853,15.246297701770375,false,false,5.0027539767140548,57.857507375449011,,,
2017-06-13T00:00:00,EURJPY,10,0.8649752700755946,0.60058343290542471,success,11,15.608323913876086,13.751080943148278,false,false,6.0058343290542471,16.773564336637868,,,
2017-06-14T00:00:00,EURJPY,10,0.82038393643600827,0.49928599969773202,success,11,15.608323910200461,14.089373057002792,false,false,4.9928599969773204,16.613354332568054,,,
2017-06-15T00:00:00,EURJPY,10,0.71050213373888049,0.99999989999999139,success,11,15.6083238893673,14.710499865241497,false,false,9.9999989999999137,1.436513781276592,,,
2017-06-16T00:00:00,EURJPY,10,0.66208594333137494,0.80091548245076127,success,11,15.608323890327851,14.935720111993511,false,false,8.009154824507613,13.59670987838375,,,
2017-06-19T00:00:00,EURJPY,10,0.68108053331030616,0.19608787112072745,success,11,15.608323907387394,14.849581966193426,false,false,1.9608787112072745,27.482951394873723,,,
2017-06-20T00:00:00,EURJPY,10,0.78208448249526907,1.0005347706450954e-07,success,11,15.608324031331186,14.330468716035963,false,false,1.0005347706450953e-06,7.5939924763038942,,,
2017-06-21T00:00:00,EURJPY,10,0.6864270018108759,0.24056432062802049,success,11,15.608324112094746,14.824856408448115,false,false,2.4056432062802049,3.1836318471394001,,,
2017-06-22T00:00:00,EURJPY,10,0.500000100652084,0.94270739268339432,success,11,15.608324025017811,15.608323622409475,false,false,9.427073926833943,0.044077913060199106,,,
2017-06-23T00:00:00,EURJPY,10,0.62199036646463801,0.50024532258434173,success,11,15.608323891364558,15.110318967582415,false,false,5.0024532258434169,14.210581473299545,,,
2017-06-26T00:00:00,EURJPY,10,0.63101898781456123,0.39932050959032839,success,11,15.608323886737217,15.071733118249547,false,false,3.9932050959032837,119.25582073671029,,,
2017-06-27T00:00:00,EURJPY,10,0.98237695404757697,0.9999998998271854,success,11,15.488939695667476,11.468172071981956,false,false,9.9999989982718542,18.843529863330335,,,
2017-06-28T00:00:00,EURJPY,10,0.94119797490843271,0.8018936330440154,success,11,15.586633367147165,12.813656156546575,false,false,8.0189363304401535,113.72092661225227,,,
2017-06-29T00:00:00,EURJPY,10,0.91250432595050579,0.50966845177374576,success,11,15.522483413123492,13.177879939617455,false,false,5.096684517737458,0.5762636255233794,,,
2017-06-30T00:00:00,EURJPY,10,0.98228709325124797,0.14139552037146458,success,11,15.524313128868744,11.508723076280013,false,false,1.4139552037146457,3.7790896569179591,,,
2017-07-03T00:00:00,EURJPY,10,0.73989516113155018,0.040950949955084179,success,11,15.541516733267498,14.496093007411284,false,false,0.40950949955084176,3.1839850039668001,,,
2017-07-04T00:00:00,EURJPY,10,0.83154546721405498,0.59578466721249757,success,11,15.568191314738595,13.971571214927721,false,false,5.9578466721249752,36.713306122145937,,,
2017-07-05T00:00:00,EURJPY,10,0.88421694808466811,0.48398566913091845,success,11,15.537053560815277,13.504069309812676,false,false,4.8398566913091843,18.298689887764972,,,
2017-07-06T00:00:00,EURJPY,10,0.90482439535798798,0.39628448702166919,success,11,15.581593939967217,13.329576708571956,false,false,3.9628448702166916,63.488326435326243,,,
2017-07-07T00:00:00,EURJPY,10,0.92584129248132541,0.29984533149288906,success,11,15.596886727417987,13.072391390694396,false,false,2.9984533149288906,2712.3636875909765,,,
2017-07-10T00:00:00,EURJPY,10,0.97548218539454346,0.19993387717511685,success,11,15.589640318147657,11.906108400351746,false,false,1.9993387717511684,6058.1209495979201,,,
2017-07-11T00:00:00,EURJPY,10,0.98051576515019423,1.025793544727047e-07,success,11,15.60832392207945,11.689850867229227,false,false,1.025793544727047e-06,0.25974072227708456,,,
2017-07-12T00:00:00,EURJPY,10,0.9816481612196909,0.9999996156955312,success,11,15.608323889648826,11.628820708950165,false,false,9.9999961569553122,2.3049057307998289,,,
2017-07-13T00:00:00,EURJPY,10,0.92578134135544921,0.80479653309465804,success,11,15.608323886541847,13.084701394998627,false,false,8.04796533094658,16.401742239790359,,,
2017-07-14T00:00:00,EURJPY,10,0.73575834580399324,0.45294960176078575,success,11,15.608323955422026,14.58428626637798,false,false,4.5294960176078574,0.67232575376868819,,,
2017-07-17T00:00:00,EURJPY,10,0.72267148709805318,0.59963880030097916,success,11,15.608323920956227,14.650571947387281,false,false,5.9963880030097911,17.163024986639851,,,
2017-07-18T00:00:00,EURJPY,10,0.66095047900742931,0.10668042343157291,success,11,15.608323903722852,14.940791161308002,false,false,1.0668042343157291,17.77562186084387,,,
2017-07-19T00:00:00,EURJPY,10,0.86672961355091527,0.59554084499326232,success,11,15.608323949885406,13.735976931494106,false,false,5.955408449932623,38.040641204799364,,,
2017-07-20T00:00:00,EURJPY,10,0.66833304445118324,0.77627193233026015,success,11,15.608323945432245,14.907668646093958,false,false,7.7627193233026013,1.2403413582735574,,,
2017-07-21T00:00:00,EURJPY,10,0.66331445763435037,0.63643293314878113,success,11,15.608323972642514,14.930224185852728,false,false,6.3643293314878111,1.1743713110779821,,,
2017-07-24T00:00:00,EURJPY,10,0.69606051485827047,0.29513995508284585,success,11,15.608323889907497,14.779715906274232,false,false,2.9513995508284583,18.834930035063039,,,
2017-07-25T00:00:00,EURJPY,10,0.72321034428887476,0.19651451434607031,success,11,15.608323886427728,14.647881626014653,false,false,1.965145143460703,32.263109354270696,,,
2017-07-26T00:00:00,EURJPY,10,0.76749065119538018,1.0160277373736795e-07,success,11,15.60832390141711,14.414128037014228,false,false,1.0160277373736794e-06,9.3539028174807779,,,
2017-07-27T00:00:00,EURJPY,10,0.98486356260764696,0.37035144732833175,success,11,15.608324209038994,11.432926001958482,false,false,3.7035144732833176,10.753520000315628,,,
2017-07-28T00:00:00,EURJPY,10,0.98486826759361534,0.92651629618596787,success,11,15.608323884536661,11.432610013450869,false,false,9.2651629618596782,6.3788010782499276,,,
2017-07-31T00:00:00,EURJPY,10,0.70966328487256425,0.82576637003855757,success,11,15.608323921206113,14.714574646406684,false,false,8.2576637003855762,7.3848621532750665,,,
2017-08-01T00:00:00,EURJPY,10,0.82068756661970366,0.59767648769186754,success,11,15.608323888560346,14.08731112597866,false,false,5.9767648769186756,63.492698289949857,,,
2017-08-02T00:00:00,EURJPY,10,0.6704844265751253,0.55473250321286194,success,11,15.608323918545175,14.897947059311718,false,false,5.5473250321286196,0.67699985962586329,,,
2017-08-03T00:00:00,EURJPY,10,0.6296273503867269,0.11139105085268028,success,11,15.608323960674472,15.077705483529778,false,false,1.1139105085268028,2.3371098638207415,,,
2017-08-04T00:00:00,EURJPY,10,0.65035612414946331,0.70293354844009914,success,11,15.608323902216371,14.987718944964588,false,false,7.029335484400991,28.567813034707761,,,
2017-08-07T00:00:00,EURJPY,10,0.60365888140294244,0.60119009565189596,success,11,15.608324482773371,15.187590461319978,false,false,6.0119009565189598,57.967092481142807,,,
2017-08-08T00:00:00,EURJPY,10,0.63489344210397503,0.50127888040882262,success,11,15.608324109488919,15.055056182805421,false,false,5.0127888040882267,56.769958614096169,,,
2017-08-09T00:00:00,EURJPY,10,0.8333948638355948,0.13478416678738156,success,11,15.608323903696814,13.998442906207393,false,false,1.3478416678738157,1.0751766565844112,,,
2017-08-10T00:00:00,EURJPY,10,0.53313858173110307,0.50904479926902124,success,11,15.608323895170024,15.47557496629268,false,false,5.090447992690212,15.089563609948927,,,
2017-08-11T00:00:00,EURJPY,10,0.57750638468886939,0.49989184941822762,success,11,15.608323888302607,15.295778725222885,false,false,4.9989184941822762,190.7291050327257,,,
2017-08-14T00:00:00,EURJPY,10,0.57539826823677354,0.31289389080657232,success,11,15.608323901610154,15.304413088002187,false,false,3.1289389080657233,13.642989585970861,,,
2017-08-15T00:00:00,EURJPY,10,0.57195834488506847,0.20964995840814721,success,11,15.608323889289013,15.318478240069396,false,false,2.0964995840814722,11.673533535618462,,,
2017-08-16T00:00:00,EURJPY,10,0.63698024425304089,1.5081414899062408e-06,success,11,15.608323906353345,15.046042521322892,false,false,1.5081414899062408e-05,0.11089086919952977,,,
2017-08-17T00:00:00,EURJPY,10,0.63313294688232735,0.40617949639505035,success,11,15.608323989492401,15.062643092070106,false,false,4.0617949639505033,9.4648886627743547,,,
2017-08-18T00:00:00,EURJPY,10,0.60314246512705239,0.3019046100319932,success,11,15.608324115785857,15.189748048447555,false,false,3.0190461003199318,20.520787310725467,,,
2017-08-21T00:00:00,EURJPY,10,0.55833968694817093,0.50040328527413336,success,11,15.608324191622383,15.373897720593121,false,false,5.004032852741334,38.749516683429448,,,
2017-08-22T00:00:00,EURJPY,10,0.59917790123646075,0.39743520327790088,success,11,15.557512276115482,15.15547140992533,false,false,3.9743520327790089,15.544852069730052,,,
2017-08-23T00:00:00,EURJPY,10,0.60731720462046335,0.29867754830433119,success,11,15.582323743889608,15.146274661218234,false,false,2.9867754830433118,15.241335973183668,,,
2017-08-24T00:00:00,EURJPY,10,0.83562355233947316,0.59730125314305127,success,11,15.608323884274119,13.982304878801353,false,false,5.9730125314305127,57.187196894094079,,,
2017-08-25T00:00:00,EURJPY,10,0.84662967617541196,0.49481594286411523,success,11,15.045082351799683,13.336674385021276,false,false,4.9481594286411523,16.110862971436188,,,
2017-08-28T00:00:00,EURJPY,10,0.92507732559152489,0.39430169098596235,success,11,14.550522518295807,12.037101762838274,false,false,3.9430169098596233,16.296611528672063,,,
2017-08-29T00:00:00,EURJPY,10,0.94638259219501319,0.64398415290126587,success,11,14.234060138398329,11.363287007441725,false,false,6.4398415290126589,2.4942142251569415,,,
2017-08-30T00:00:00,EURJPY,10,0.94268701750853812,0.19332373847356657,success,11,14.337788083489139,11.537580925375345,false,false,1.9332373847356656,16.08290523925298,,,
2017-08-31T00:00:00,EURJPY,10,0.97327729550960063,0.099678665638104597,success,11,13.611736159573622,10.016580687247888,false,false,0.99678665638104602,327.28891383688392,,,
2017-09-01T00:00:00,EURJPY,10,0.88703850850881583,0.39701415173692883,success,11,13.368907636899953,11.308066218573556,false,false,3.9701415173692882,17.736332017068541,,,
2017-09-04T00:00:00,EURJPY,10,0.80670730872548135,0.63301243995400347,success,11,12.536728117035096,11.107972780332059,false,false,6.3301243995400345,4.5737876991490678,,,
2017-09-05T00:00:00,EURJPY,10,0.80018500615998633,0.93112182777266739,success,11,11.789688416524029,10.402237365535147,false,false,9.3112182777266739,1.2812102134470424,,,
2017-09-06T00:00:00,EURJPY,10,0.94531379133321247,0.97084267269935742,success,11,14.824626214173461,11.974720838365567,false,false,9.708426726993574,1.4485664547549852,,,
2017-09-07T00:00:00,EURJPY,10,0.93610089089296999,0.34384277572468835,success,11,14.645363076085937,11.96094523530093,false,false,3.4384277572468833,3.4060451605433495,,,
2017-09-08T00:00:00,EURJPY,10,0.95618032554725818,0.69170050433360275,success,11,15.225414272460442,12.14255065709332,false,false,6.9170050433360277,14.413295196632239,,,
2017-09-11T00:00:00,EURJPY,10,0.83256050359662936,0.51229667483373309,success,11,15.608323897963942,14.004440072266062,false,false,5.1229667483373307,1.0694517491437359,,,
2017-09-12T00:00:00,EURJPY,10,0.90513685550198819,0.40332861698499106,success,11,15.608324186134773,13.352673301048519,false,false,4.0332861698499105,13.811381572911943,,,
2017-09-13T00:00:00,EURJPY,10,0.96091444563691986,0.31288499868475733,success,11,15.608323908461777,12.406191474943803,false,false,3.1288499868475732,4.7221019938778941,,,
2017-09-14T00:00:00,EURJPY,10,0.89299463287618908,0.20189628052219585,success,11,15.608323888706032,13.486622311304178,false,false,2.0189628052219586,14.085807816695802,,,
2017-09-15T00:00:00,EURJPY,10,0.70165973294564388,0.09763029001022544,success,11,15.608323954736198,14.753110049983979,false,false,0.9763029001022544,13.918260086409358,,,
2017-09-18T00:00:00,EURJPY,10,0.59625815298170037,0.79838595624984665,success,11,15.608324139197123,15.21842610451365,false,false,7.9838595624984663,24.339134769711862,,,
2017-09-19T00:00:00,EURJPY,10,0.75189984599775872,0.94633458834077511,success,11,15.608323902815469,14.499553282673009,false,false,9.4633458834077508,2.5223763793624054,,,
2017-09-20T00:00:00,EURJPY,10,0.64384743437639469,0.59835003282815524,success,11,15.608323896278115,15.016221295552986,false,false,5.9835003282815524,45.005035444280452,,,
2017-09-21T00:00:00,EURJPY,10,0.70444703133297704,0.49924956409896676,success,11,15.608323960833411,14.739758890276708,false,false,4.9924956409896675,132.03312874706873,,,
2017-09-22T00:00:00,EURJPY,10,0.70183863461683282,0.19272576004512992,success,11,15.608323898211932,14.752255220351874,false,false,1.9272576004512991,0.66932872120024334,,,
2017-09-25T00:00:00,EURJPY,10,0.72627419833614304,0.73343891905567216,success,11,15.116017359608611,14.140216613904844,false,false,7.3343891905567213,0.98077640554605738,,,
2017-09-26T00:00:00,EURJPY,10,0.61841166730927621,0.56676343657112693,success,11,15.514365544562244,15.031553544934264,false,false,5.6676343657112689,1.4032424310841727,,,
2017-09-27T00:00:00,EURJPY,10,0.83254369358623725,0.44110619074966761,success,11,15.224701630354653,13.620938385093748,false,false,4.4110619074966761,2.4637482568462294,,,
2017-09-28T00:00:00,EURJPY,10,0.72819614945757594,0.33161286235651871,success,11,15.259495956779903,14.274006177245944,false,false,3.316128623565187,2.9259666979810821,,,
2017-09-29T00:00:00,EURJPY,10,0.97957941478437982,0.20044122754848562,success,11,15.242013397964365,11.371433558275371,false,false,2.0044122754848561,2.7184240376378979,,,
2017-10-02T00:00:00,EURJPY,10,0.89302286219617444,0.59805546502139806,success,11,15.608323885161383,13.486326849296532,false,false,5.9805546502139801,94.755229692328626,,,
2017-10-03T00:00:00,EURJPY,10,0.89121506275813478,0.49649135926664878,success,11,15.608323912859932,13.505111022540527,false,false,4.9649135926664876,49.309702755069992,,,
2017-10-04T00:00:00,EURJPY,10,0.91962205140684583,0.398116941286558,success,11,15.608323889880328,13.171100985268776,false,false,3.9811694128655799,98.419199499964051,,,
2017-10-05T00:00:00,EURJPY,10,0.9464481428369157,0.29908649374455309,success,11,15.608323897086153,12.736258193485941,false,false,2.9908649374455307,225.15049349355604,,,
2017-10-06T00:00:00,EURJPY,10,0.78128577720265602,1.1645426263433884e-05,success,11,15.608323883456629,14.335148847570228,false,false,0.00011645426263433883,0.2036420349199887,,,
2017-10-09T00:00:00,EURJPY,10,0.96758522617353726,0.00066813838330457025,success,11,15.608323906983868,12.212134698059469,false,false,0.0066813838330457027,9.4032584323624988,,,
2017-10-10T00:00:00,EURJPY,10,0.51958375590243355,0.63113908089667636,success,11,15.608323901988941,15.529948783704592,false,false,6.3113908089667641,22.90654172410316,,,
2017-10-11T00:00:00,EURJPY,10,0.52883588157199668,0.53683283992630593,success,11,15.608323918242581,15.492852257386106,false,false,5.368328399263059,23.563669831074588,,,
2017-10-12T00:00:00,EURJPY,10,0.70163191355622967,0.7401618189115784,success,11,15.608323899800521,14.753242886647497,false,false,7.4016181891157835,1.8976424424366856,,,
2017-10-13T00:00:00,EURJPY,10,0.80740850778555062,0.63650393737655153,success,11,15.608323931953448,14.175065511374832,false,false,6.3650393737655158,1.5773110691118135,,,
2017-10-16T00:00:00,EURJPY,10,0.75524222571434274,0.52395435581346284,success,11,15.573596299497332,14.446826818038911,false,false,5.2395435581346286,1.7318268149948537,,,
2017-10-17T00:00:00,EURJPY,10,0.77384848261442185,0.43376962792857982,success,11,15.515069896144572,14.284899006157733,false,false,4.3376962792857983,2.2468510455878632,,,
2017-10-18T00:00:00,EURJPY,10,0.82794643866861606,0.37882728862646026,success,11,15.608323932058566,14.037181298790944,false,false,3.7882728862646027,1.8570799466623689,,,
2017-10-19T00:00:00,EURJPY,10,0.7093961335296135,0.26605677533928995,success,11,15.607744610897566,14.715291575088079,false,false,2.6605677533928995,1.515748131203646,,,
2017-10-20T00:00:00,EURJPY,10,0.97416598345893257,0.19619360261179128,success,11,15.607954524080117,11.978064914820035,false,false,1.9619360261179128,6.4677624669422551,,,
2017-10-23T00:00:00,EURJPY,10,0.53046549575627844,0.63063884275935,success,11,15.608323883372925,15.486310755836245,false,false,6.3063884275935003,24.77116556036388,,,
2017-10-24T00:00:00,EURJPY,10,0.51842889903306066,0.36442252155805371,success,11,15.608323891054779,15.534574886875223,false,false,3.644225215580537,24.758044344211143,,,
2017-10-25T00:00:00,EURJPY,10,0.58716420681461179,0.99999989999998784,success,11,15.608323918929967,15.256069317891065,false,false,9.9999989999998782,2.6825994684480934,,,
2017-10-26T00:00:00,EURJPY,10,0.80854635784185347,0.99961917078224327,success,11,15.608323901205459,14.167731587558961,false,false,9.9961917078224332,8.2380074641105789,,,
2017-10-27T00:00:00,EURJPY,10,0.72481341864978532,0.67710491887198021,success,11,15.573024867309233,14.604559944403997,false,false,6.7710491887198021,2.4761794460568725,,,
2017-10-30T00:00:00,EURJPY,10,0.70125769706468466,0.58074526865172382,success,11,15.549128558905824,14.695834464603395,false,false,5.8074526865172382,4.2129620626555448,,,
2017-10-31T00:00:00,EURJPY,10,0.66201727078198969,0.47969880908896245,success,11,15.534878532548266,14.862581685346406,false,false,4.7969880908896245,4.1346699774786462,,,
2017-11-01T00:00:00,EURJPY,10,0.61610353437069409,0.071433819501418999,success,11,15.252625780912402,14.779583651701348,false,false,0.71433819501419005,2.5620919676043417,,,
2017-11-02T00:00:00,EURJPY,10,0.98396963646415614,0.79023443770206014,success,11,15.267552240996352,11.150441846504483,false,false,7.9023443770206017,12.295541518347022,,,
2017-11-03T00:00:00,EURJPY,10,0.77291980059543652,0.55945718822350421,success,11,15.466150217958967,14.241278182027688,false,false,5.5945718822350416,3.105395876690507,,,
2017-11-06T00:00:00,EURJPY,10,0.85272070064670402,0.42694776512872779,success,11,15.247361441932071,13.491260159561415,false,false,4.2694776512872776,2.652417664115978,,,
2017-11-07T00:00:00,EURJPY,10,0.91686097129693378,0.30000989760246155,success,11,15.012950566124159,12.612508968995531,false,false,3.0000989760246153,3.0479635736324022,,,
2017-11-08T00:00:00,EURJPY,10,0.95056388346779086,0.37265784120079098,success,11,15.434153755300288,12.477779646207129,false,false,3.72657841200791,0.30967738217079999,,,
2017-11-09T00:00:00,EURJPY,10,0.97999869820426511,0.38429450133642434,success,11,13.016254794102117,9.1245009120238656,false,false,3.8429450133642433,1.8171254813588098,,,
2017-11-10T00:00:00,EURJPY,10,0.8939078374325512,0.60068680284711384,success,11,15.007413607902471,12.876119102699025,false,false,6.0068680284711382,17.735639571708635,,,
2017-11-13T00:00:00,EURJPY,10,0.93304675247349,0.53003135504303789,success,11,15.172022562107792,12.537561830388409,false,false,5.3003135504303787,5.5178671516241558,,,
2017-11-14T00:00:00,EURJPY,10,0.95292435042957424,0.99995815786731335,success,11,15.203038370595346,12.195258723619876,false,false,9.9995815786731335,3.8176784113947879,,,
2017-11-15T00:00:00,EURJPY,10,0.96961380364450933,0.81751693460883801,success,11,15.608323902049596,12.145414488442672,false,false,8.1751693460883796,13.660811068901674,,,
2017-11-16T00:00:00,EURJPY,10,0.93973571842584258,0.70063361220482334,success,11,15.608323903596396,12.861464801330182,false,false,7.0063361220482339,317.12153458554064,,,
2017-11-17T00:00:00,EURJPY,10,0.95371250010772701,0.61156984661022662,success,11,15.608323890382147,12.582833570835586,false,false,6.1156984661022662,18.437733897655384,,,
2017-11-20T00:00:00,EURJPY,10,0.96024893754882601,0.42712374435799977,success,11,15.608323897482649,12.423767905763652,false,false,4.2712374435799978,1.8286110226733057,,,
2017-11-21T00:00:00,EURJPY,10,0.99421243044584917,0.31186928809877168,success,11,15.608323978311937,10.462085519102466,false,false,3.1186928809877168,2.5477113337024964,,,
2017-11-22T00:00:00,EURJPY,10,0.79246546339412649,0.79333153351087093,success,11,15.608323894919542,14.268472736726114,false,false,7.9333153351087091,25.720142200442755,,,
2017-11-23T00:00:00,EURJPY,10,0.82651344671287263,0.69656912672716431,success,11,15.608323886514187,14.047207793635966,false,false,6.9656912672716427,47.984259487784982,,,
2017-11-24T00:00:00,EURJPY,10,0.66896939303065084,0.90491669687960008,success,11,15.608324173056051,14.904796703589765,false,false,9.0491669687960012,22.976101726828436,,,
2017-11-27T00:00:00,EURJPY,10,0.67138791875836623,0.6617785388340145,success,11,15.608324135481491,14.893855015928334,false,false,6.6177853883401445,0.97488013807538387,,,
2017-11-28T00:00:00,EURJPY,10,0.69769262531651544,0.10277950729058197,success,11,15.60832389376011,14.771989549598777,false,false,1.0277950729058196,2.0915750129825463,,,
2017-11-29T00:00:00,EURJPY,10,0.77789183547322938,0.60201024926344837,success,11,15.608323911073294,14.35490091632856,false,false,6.0201024926344839,66.16436431175066,,,
2017-11-30T00:00:00,EURJPY,10,0.78116393993400535,0.50684479884955458,success,11,15.59589972996215,14.323437557177646,false,false,5.0684479884955458,15.984045507128267,,,
2017-12-01T00:00:00,EURJPY,10,0.72334668487781595,0.40177034841806991,success,11,15.608323888641555,14.64720042495262,false,false,4.0177034841806991,61.769147895184403,,,
2017-12-04T00:00:00,EURJPY,10,0.54176526541342396,0.73062597775699667,success,11,15.608324769317832,15.440873525083301,false,false,7.3062597775699665,25.609920977359991,,,
2017-12-05T00:00:00,EURJPY,10,0.56465395704503352,0.49991597968473744,success,11,15.608324059585545,15.348252197371009,false,false,4.9991597968473744,145.291912889521,,,
2017-12-06T00:00:00,EURJPY,10,0.52699161381688053,0.36660148781276863,success,11,15.608323901685914,15.500252384440913,false,false,3.6660148781276862,14.771864651554575,,,
2017-12-07T00:00:00,EURJPY,10,0.64175001328970382,0.67759348137802733,success,11,15.608323908646605,15.025356097798927,false,false,6.7759348137802728,2.8421196918498826,,,
2017-12-08T00:00:00,EURJPY,10,0.71391755793141987,0.56347003381540506,success,11,15.608323905939704,14.693836443611035,false,false,5.634700338154051,2.8583043160828732,,,
2017-12-11T00:00:00,EURJPY,10,0.75770938963598067,0.45597360829009392,success,11,15.598834945209502,14.458672899024521,false,false,4.5597360829009395,2.7685203771425591,,,
2017-12-12T00:00:00,EURJPY,10,0.72303092029118765,0.36877732216482328,success,11,15.608324010440665,14.648777896898672,false,false,3.6877732216482326,3.3181403224722619,,,
2017-12-13T00:00:00,EURJPY,10,0.90282173953811085,0.67708961314445959,success,11,15.599382521080518,13.370404424952426,false,false,6.7708961314445961,1.7699701905526786,,,
2017-12-14T00:00:00,EURJPY,10,0.87069292429364742,5.1807684196478196e-06,success,11,15.608323896533024,13.701224544642955,false,false,5.1807684196478194e-05,2.1849708512162516,,,
2017-12-15T00:00:00,EURJPY,10,0.71112700313541088,0.58430442795328263,success,11,15.576716272238166,14.675852366624023,false,false,5.8430442795328261,4.2425888554801467,,,
2017-12-18T00:00:00,EURJPY,10,0.66741065237971064,0.48333406597335971,success,11,15.516049187393667,14.819552198837398,false,false,4.8333406597335973,2.8851934548337481,,,
2017-12-19T00:00:00,EURJPY,10,0.69501775185988368,0.55759993953207587,success,11,15.254911314023012,14.431227498634252,false,false,5.5759993953207587,0.86627695506574309,,,
2017-12-20T00:00:00,EURJPY,10,0.89457833712632151,0.076601964522378677,success,11,14.552548525160258,12.414164194704892,false,false,0.76601964522378674,21.510272476991044,,,
2017-12-21T00:00:00,EURJPY,10,0.85229933996533003,0.40927198531492914,success,11,13.549028498631818,11.79627835379911,false,false,4.0927198531492914,16.701316244102863,,,
2017-12-22T00:00:00,EURJPY,10,0.67649377266181132,0.62314311027288438,success,11,13.61389958195743,12.876194703260982,false,false,6.2314311027288438,3.098453671508516,,,
2017-12-26T00:00:00,EURJPY,10,0.9613049562104804,0.08554274087149058,success,11,13.47607730828495,10.263497141869074,false,false,0.85542740871490575,3.9271728177475804,,,
2017-12-27T00:00:00,EURJPY,10,0.63032901985066991,0.41289581190913777,success,11,13.766411532176154,13.232782962574031,false,false,4.1289581190913776,3.3748151805600801,,,
2017-12-28T00:00:00,EURJPY,10,0.8285612816495449,0.69495687365430359,success,11,13.939741195890173,12.364276270117745,false,false,6.9495687365430356,1.5422350473084747,,,
2017-12-29T00:00:00,EURJPY,10,0.92043312855883108,0.5915849640247548,success,11,14.367595022363279,11.919348489491254,false,false,5.915849640247548,1.4326454614025679,,,
2018-01-02T00:00:00,EURJPY,10,0.9635905312754981,0.6069529904993699,success,11,14.698950663627528,11.42311308994957,false,false,6.0695299049936988,17.401955519836033,,,
2018-01-03T00:00:00,EURJPY,10,0.81100251874047891,0.44586906121338049,success,11,14.713151205469002,13.25661373393813,false,false,4.4586906121338048,1.2343019973315035,,,
2018-01-04T00:00:00,EURJPY,10,0.85842818861007797,0.38732968516628752,success,11,15.355014340664491,13.55271840067569,false,false,3.8732968516628752,1.0778417941656222,,,
2018-01-05T00:00:00,EURJPY,10,0.72261075148412912,0.089537062119146402,success,11,15.608324058019367,14.650875109604787,false,false,0.89537062119146404,14.677446296260129,,,
2018-01-08T00:00:00,EURJPY,10,0.93618671973373524,0.70676065488961926,success,11,15.608323892973734,12.92247027282921,false,false,7.067606548896193,15.862776405050383,,,
2018-01-09T00:00:00,EURJPY,10,0.96858296202974836,0.64942197827835124,success,11,15.244664643858918,11.816180860622277,false,false,6.494219782783512,38.938006589287625,,,
2018-01-10T00:00:00,EURJPY,10,0.95672798006035609,0.55250026505841521,success,11,14.188223891405878,11.092211018085472,false,false,5.5250026505841516,38.443057098223015,,,
2018-01-11T00:00:00,EURJPY,10,0.92704871967358993,0.41068698792288749,success,11,15.471279101942423,12.929064807029194,false,false,4.1068698792288751,15.228374217512206,,,
2018-01-12T00:00:00,EURJPY,10,0.95554047703977185,0.69806873554828319,success,11,14.641871417517498,11.574173471417716,false,false,6.9806873554828321,1.2585605486349662,,,
2018-01-15T00:00:00,EURJPY,10,0.88909006802144963,0.48288222582027041,success,11,15.062482398847569,12.981002302919006,false,false,4.8288222582027043,2.3233935197672415,,,
2018-01-16T00:00:00,EURJPY,10,0.80274685844976013,0.37669554541078015,success,11,15.068196831442755,13.664645298309066,false,false,3.7669554541078014,2.303989761308618,,,
2018-01-17T00:00:00,EURJPY,10,0.69983016392289499,0.25864543145687702,success,11,15.02737906822899,14.180889820318191,false,false,2.58645431456877,2.2933244691087569,,,
2018-01-18T00:00:00,EURJPY,10,0.66545887356134648,0.36926694282808908,success,11,14.692386557092862,14.00466953997655,false,false,3.6926694282808907,2.0548004257680113,,,
2018-01-19T00:00:00,EURJPY,10,0.96908117379404812,0.58687535572475447,success,11,14.851483672881061,11.406500554520868,false,false,5.8687535572475449,17.773762391186747,,,
2018-01-22T00:00:00,EURJPY,10,0.9722006371596903,0.4856249006347742,success,11,15.111673728628878,11.557124629659118,false,false,4.8562490063477419,17.571411509737093,,,
2018-01-23T00:00:00,EURJPY,10,0.98504439079920547,0.38374691434964658,success,11,15.447155193723903,11.259554913611383,false,false,3.8374691434964658,17.315766475151868,,,
2018-01-24T00:00:00,EURJPY,10,0.98751581681567224,0.29687129409544888,success,11,15.608330876121437,11.237600860275123,false,false,2.9687129409544886,83.036251291233896,,,
2018-01-25T00:00:00,EURJPY,10,0.93780768528327607,0.15512653447241034,success,11,15.583477448679494,12.870163981546821,false,false,1.5512653447241034,37.472005684033988,,,
2018-01-26T00:00:00,EURJPY,10,0.97030380375905001,0.015494418998399021,success,11,15.608323915955951,12.121733658655085,false,false,0.1549441899839902,11.097725168258105,,,
2018-01-29T00:00:00,EURJPY,10,0.53115372969997643,0.57526300534531871,success,11,15.608323914104163,15.483547357807074,false,false,5.7526300534531867,23.019126300799165,,,
2018-01-30T00:00:00,EURJPY,10,0.95798036102978035,0.8967381353941688,success,11,15.608324334356464,12.481634160088801,false,false,8.967381353941688,128.58770162442914,,,
2018-01-31T00:00:00,EURJPY,10,0.60031173618589029,0.60170421146860154,success,11,15.608323911978069,15.201559734176431,false,false,6.0170421146860154,19.825613332070461,,,
2018-02-01T00:00:00,EURJPY,10,0.84764981474662005,0.99999951622972405,success,11,15.525092445835657,13.808806571044375,false,false,9.9999951622972407,0.46154454424120517,,,
2018-02-02T00:00:00,EURJPY,10,0.6682525152659986,0.61925037106698966,success,11,15.273240645863924,14.572948618264359,false,false,6.1925037106698966,0.54486779002389607,,,
2018-02-05T00:00:00,EURJPY,10,0.9970645226437177,0.81596761068535106,success,11,15.52433536704814,9.6963899651270662,false,false,8.1596761068535102,1.4164987000089078,,,
2018-02-06T00:00:00,EURJPY,10,0.99512771951162671,0.60537709921951333,success,11,15.608323894385167,10.289014904401586,false,false,6.0537709921951333,2.8601845195061584,,,
2018-02-07T00:00:00,EURJPY,10,0.99365949113471708,0.44142832436859597,success,11,15.608323900247322,10.553888344421237,false,false,4.4142832436859596,0.60370434569467968,,,
2018-02-08T00:00:00,EURJPY,10,0.97508655406201539,0.396193978349619,success,11,15.608323899998567,11.941205314777797,false,false,3.9619397834961898,14.006638788181288,,,
2018-02-09T00:00:00,EURJPY,10,0.93408676005256741,0.2948702797514211,success,11,15.608323908475063,12.957093914713274,false,false,2.948702797514211,13.979813772218854,,,
2018-02-12T00:00:00,EURJPY,10,0.9817648140031382,0.17259429952969546,success,11,15.608323882579439,11.622325124051814,false,false,1.7259429952969545,2.9753413093195071,,,
2018-02-13T00:00:00,EURJPY,10,0.9318475795407769,0.70137734791030426,success,11,15.60832404844901,12.99290146255789,false,false,7.0137734791030422,14.397708540357755,,,
2018-02-14T00:00:00,EURJPY,10,0.97979762790279401,0.60046031020504043,success,11,15.608323885046341,11.726777864913718,false,false,6.004603102050404,14.253728443870001,,,
2018-02-15T00:00:00,EURJPY,10,0.98706973423153799,0.48193524654034547,success,11,15.608323916465956,11.273153973789354,false,false,4.8193524654034547,0.78544447853842281,,,
2018-02-16T00:00:00,EURJPY,10,0.9607029064786492,0.34240572938641278,success,11,15.608323886111588,12.411809235265142,false,false,3.424057293864128,0.49778635193298437,,,
2018-02-19T00:00:00,EURJPY,10,0.94393097520927749,0.2158006864436362,success,11,15.608323908300072,12.784854381583457,false,false,2.1580068644363619,3.4886630935177605,,,
2018-02-20T00:00:00,EURJPY,10,0.90220157406019685,0.19933638838228113,success,11,15.608323925410899,13.386394437973362,false,false,1.9933638838228112,15.428429616819269,,,
2018-02-21T00:00:00,EURJPY,10,0.86999399174448733,0.30468775310965374,success,11,14.88918754370901,12.988281904862738,false,false,3.0468775310965373,3.673714003270387,,,
2018-02-22T00:00:00,EURJPY,10,0.60666255617745868,0.31887365059030376,success,11,15.608324166086835,15.175019329372006,false,false,3.1887365059030377,1.1732127284976794,,,
2018-02-23T00:00:00,EURJPY,10,0.62421731670796188,0.32772690952229405,success,11,15.608323891228892,15.100836325867096,false,false,3.2772690952229406,2.4400031771742499,,,
2018-02-26T00:00:00,EURJPY,10,0.61750389436640918,0.22852952428566858,success,11,15.608323888129746,15.129356984845922,false,false,2.2852952428566859,2.6656400232523616,,,
2018-02-27T00:00:00,EURJPY,10,0.51801318854056899,0.50585809914736624,success,11,15.608324017246913,15.536240066367402,false,false,5.0585809914736624,14.454057920637709,,,
2018-02-28T00:00:00,EURJPY,10,0.79091093212372154,0.90249087681095763,success,11,15.588397543044918,14.257972506501797,false,false,9.0249087681095759,39.616344355847886,,,
2018-03-01T00:00:00,EURJPY,10,0.72567852155698409,0.80135888371835373,success,11,15.608323888636841,14.635517477276393,false,false,8.0135888371835371,85.290332807149227,,,
2018-03-02T00:00:00,EURJPY,10,0.65360039240897683,0.70253307204137505,success,11,15.608324103694596,14.973421003635318,false,false,7.0253307204137503,30.607221448207554,,,
2018-03-05T00:00:00,EURJPY,10,0.80919734189717529,0.60186307055579569,success,11,15.601837296707091,14.157034166545289,false,false,6.0186307055579569,16.32524168933362,,,
2018-03-06T00:00:00,EURJPY,10,0.80111274832042867,0.503153275840176,success,11,15.384867802357819,13.991604195429929,false,false,5.0315327584017604,17.017243788861911,,,
2018-03-07T00:00:00,EURJPY,10,0.72633858393517192,0.40245976318597176,success,11,15.406453643597459,14.43032900291125,false,false,4.0245976318597174,16.562142156520817,,,
2018-03-08T00:00:00,EURJPY,10,0.83922232546087616,0.63498513602868201,success,11,15.367220236896664,13.714767084077268,false,false,6.3498513602868201,2.8737237046034041,,,
2018-03-09T00:00:00,EURJPY,10,0.59737624631054609,0.50127046141209086,success,11,15.608323895686045,15.21377926466222,false,false,5.0127046141209091,21.868481059266941,,,
2018-03-12T00:00:00,EURJPY,10,0.60461606129084933,0.29996267802256976,success,11,15.608323908133553,15.183587550539334,false,false,2.9996267802256975,1400.6114111842162,,,
2018-03-13T00:00:00,EURJPY,10,0.67402146065881707,0.19909011923175118,success,11,15.608323883077114,14.88189348088966,false,false,1.9909011923175119,104.40218739157629,,,
2018-03-14T00:00:00,EURJPY,10,0.73759872851117514,5.3439939520250667e-07,success,11,15.608323886226735,14.574798840475836,false,false,5.3439939520250672e-06,9.7076651501780766,,,
2018-03-15T00:00:00,EURJPY,10,0.88126598098377373,0.1386850932319581,success,11,15.608323904470556,13.603850273211862,false,false,1.386850932319581,27.305854064561686,,,
2018-03-16T00:00:00,EURJPY,10,0.97520171921104204,0.79980764711337415,success,11,15.608198079416656,11.936328066061497,false,false,7.9980764711337411,758.36665241364892,,,
2018-03-19T00:00:00,EURJPY,10,0.58333040753044729,0.49902420414632143,success,11,15.608323886516965,15.271863687472694,false,false,4.9902420414632145,27.523431321822805,,,
2018-03-20T00:00:00,EURJPY,10,0.61074248746222548,0.39988754577268903,success,11,15.608323897295078,15.157889598305678,false,false,3.9988754577268906,390.27005860397514,,,
2018-03-21T00:00:00,EURJPY,10,0.52612487834489696,0.47075777629483156,success,11,15.608324346654216,15.503729581352527,false,false,4.7075777629483158,14.725038306012566,,,
2018-03-22T00:00:00,EURJPY,10,0.65248175409424425,0.87759771362504924,success,11,15.608323890337308,14.978357884435447,false,false,8.7759771362504928,2.0620002869439542,,,
2018-03-23T00:00:00,EURJPY,10,0.58631591952390649,0.80314098659572652,success,11,15.608323893949105,15.259567729711115,false,false,8.031409865957265,15.660689409370834,,,
2018-03-26T00:00:00,EURJPY,10,0.91273006697262815,0.75952291800810212,success,11,15.608324176332541,13.26088998822193,false,false,7.595229180081021,8.5723106946587162,,,
2018-03-27T00:00:00,EURJPY,10,0.8348628367460541,0.60797990888647802,success,11,15.608323902993812,13.987832880022852,false,false,6.0797990888647799,25.241483710072437,,,
2018-03-28T00:00:00,EURJPY,10,0.83704178126457707,0.50427289340814008,success,11,15.608324131725574,13.971943985776022,false,false,5.042728934081401,52.254589146520033,,,
2018-03-29T00:00:00,EURJPY,10,0.76510390737184486,0.40810345761713024,success,11,15.608323888628274,14.427455494729381,false,false,4.0810345761713025,25.369954709335492,,,
2018-03-30T00:00:00,EURJPY,10,0.72725154173338902,0.30176093553200622,success,11,15.608323946088777,14.627601500911879,false,false,3.017609355320062,73.224181736733996,,,
2018-04-02T00:00:00,EURJPY,10,0.67008563266832843,0.82849994103851277,success,11,15.608323905832654,14.899751519513989,false,false,8.2849994103851277,2.0682675699756032,,,
2018-04-03T00:00:00,EURJPY,10,0.71181791788431292,0.71927291378442582,success,11,15.608323888814274,14.704094253347574,false,false,7.1927291378442586,1.8603566549170469,,,
2018-04-04T00:00:00,EURJPY,10,0.80074929195217137,0.61612743207902876,success,11,15.608323894455996,14.217339861426961,false,false,6.1612743207902874,2.1192403073037873,,,
2018-04-05T00:00:00,EURJPY,10,0.90251057578928029,0.25692511155870001,success,11,15.608323908734665,13.382887402757117,false,false,2.5692511155870004,0.24303689317240856,,,
2018-04-06T00:00:00,EURJPY,10,0.94853576689549324,0.69057293480032311,success,11,15.608323901609831,12.694291467607446,false,false,6.9057293480032307,4.2517164170083843,,,
2018-04-09T00:00:00,EURJPY,10,0.98801185461385288,0.10575963595432988,success,11,15.608323902526317,11.196547483274188,false,false,1.0575963595432989,0.30195146675246964,,,
2018-04-10T00:00:00,EURJPY,10,0.64000567586816937,0.49596011980716465,success,11,15.608323882690394,15.032935102857383,false,false,4.9596011980716463,15.534661821313183,,,
2018-04-11T00:00:00,EURJPY,10,0.68178765649822048,0.52714462849089694,success,11,15.60832407999451,14.846324731537363,false,false,5.2714462849089694,0.94394491395804669,,,
2018-04-12T00:00:00,EURJPY,10,0.63085538254370299,0.48988193290842635,success,11,15.608324066530333,15.072435902471296,false,false,4.8988193290842634,1.0873972664618292,,,
2018-04-13T00:00:00,EURJPY,10,0.63656910825452639,0.32464060370404896,success,11,15.608323898579824,15.047820070960821,false,false,3.2464060370404897,1.3560846986358299,,,
2018-04-16T00:00:00,EURJPY,10,0.74752727596606394,1.1020249923167499e-07,success,11,15.608323912664252,14.522856337730898,false,false,1.1020249923167499e-06,1.9966657911014476,,,
2018-04-17T00:00:00,EURJPY,10,0.76135834505160571,0.40147746727556466,success,11,15.608324011743887,14.448182952754721,false,false,4.0147746727556468,81.908138033104123,,,
2018-04-18T00:00:00,EURJPY,10,0.80250588841119741,0.59154460372963458,success,11,15.608323887364575,14.206293463959746,false,false,5.9154460372963458,16.468841706370963,,,
2018-04-19T00:00:00,EURJPY,10,0.83896995330260626,0.49836374131005323,success,11,15.608324355481345,13.957740435188965,false,false,4.9836374131005323,90.967114824879971,,,
2018-04-20T00:00:00,EURJPY,10,0.85147896682869617,0.31793721944203018,success,11,15.608323892116362,13.862075679365864,false,false,3.1793721944203019,10.826135290579636,,,
2018-04-23T00:00:00,EURJPY,10,0.84893464478779013,0.21674419211711951,success,11,15.608323913473617,13.882054268325856,false,false,2.1674419211711951,10.381940034128508,,,
2018-04-24T00:00:00,EURJPY,10,0.90897803216114381,0.10633005305257952,success,11,15.608323901850806,13.307103857210791,false,false,1.0633005305257952,7.4192892596378659,,,
2018-04-25T00:00:00,EURJPY,10,0.63063277529353012,0.13722149503149739,success,11,15.6083239925971,15.073391610135893,false,false,1.3722149503149739,1.5205244001697651,,,
2018-04-26T00:00:00,EURJPY,10,0.88621130698429729,0.99999113312319987,success,11,15.608323926771209,13.555711667504166,false,false,9.9999113312319992,0.27657655012164772,,,
2018-04-27T00:00:00,EURJPY,10,0.77223355930533943,0.48345886219657552,success,11,15.608323932973869,14.387357611741702,false,false,4.8345886219657555,2.0889335165101919,,,
2018-04-30T00:00:00,EURJPY,10,0.66630738856560401,0.40293845480476032,success,11,15.608324250814595,14.916793386531127,false,false,4.0293845480476032,33.310077671768468,,,
2018-05-01T00:00:00,EURJPY,10,0.60649085628973443,0.60113293980171556,success,11,15.594062541798099,15.161477194181707,false,false,6.0113293980171552,17.34988961071852,,,
2018-05-02T00:00:00,EURJPY,10,0.80485289165043783,0.69663021685078763,success,11,15.44043941640871,14.023533574919494,false,false,6.9663021685078768,16.919459193725196,,,
2018-05-03T00:00:00,EURJPY,10,0.91702014602887627,0.59797937723328487,success,11,15.248657897964474,12.84612631154727,false,false,5.9797937723328483,13.069741651757136,,,
2018-05-04T00:00:00,EURJPY,10,0.96426851451591022,0.49727256370035872,success,11,15.130126321485948,11.83478877006457,false,false,4.9727256370035873,15.258205381692619,,,
2018-05-07T00:00:00,EURJPY,10,0.99525791810204334,0.39670929001261213,success,11,14.758613852487729,9.4120881930031679,false,false,3.9670929001261213,14.279057327945274,,,
2018-05-08T00:00:00,EURJPY,10,0.99542771187356993,0.28963068659561225,success,11,15.587783047851234,10.204624305602998,false,false,2.8963068659561224,3.5573253030918806,,,
2018-05-09T00:00:00,EURJPY,10,0.95119752917994838,0.91531871345179527,success,11,15.608323903470632,12.638383098815293,false,false,9.1531871345179532,6.4241737162388146,,,
2018-05-10T00:00:00,EURJPY,10,0.914661913134166,0.75760028019708192,success,11,15.353807688070006,12.98187404463555,false,false,7.5760028019708194,1.889732143479081,,,
2018-05-11T00:00:00,EURJPY,10,0.99534717391953653,0.70424300705348419,success,11,14.53537282935898,9.1697560287740885,false,false,7.0424300705348415,15.62190666463499,,,
2018-05-14T00:00:00,EURJPY,10,0.99379747581727074,0.60244418690130908,success,11,14.252012353623027,9.1754352498326295,false,false,6.0244418690130903,16.750144280363479,,,
2018-05-15T00:00:00,EURJPY,10,0.97761670658612809,0.50115510176055167,success,11,14.366546857234848,10.589744030428875,false,false,5.0115510176055169,15.734504185337858,,,
2018-05-16T00:00:00,EURJPY,10,0.99982241369866331,0.45657648642464183,success,11,14.416902654393498,5.7810263939703646,false,false,4.5657648642464181,44.811852433639672,,,
2018-05-17T00:00:00,EURJPY,10,0.7794952694413273,0.62197922120963911,success,11,14.977266566756908,13.714539095424101,false,false,6.2197922120963911,1.3373642505202625,,,
2018-05-18T00:00:00,EURJPY,10,0.85865357632776484,0.489448670770678,success,11,15.380646345937643,13.576494575054886,false,false,4.89448670770678,1.3357709991320867,,,
2018-05-21T00:00:00,EURJPY,10,0.78127770352156034,0.35118218829904302,success,11,15.608323888771988,14.335196100390108,false,false,3.5118218829904304,1.234189152736366,,,
2018-05-22T00:00:00,EURJPY,10,0.74215198504071667,0.21177233146476984,success,11,15.608323908757445,14.551140177009165,false,false,2.1177233146476984,1.1389514826100393,,,
2018-05-23T00:00:00,EURJPY,10,0.99887784593627482,0.80170356369910123,success,11,15.298562294043423,8.5071799085833959,false,false,8.0170356369910127,0.60867061899431918,,,
2018-05-24T00:00:00,EURJPY,10,0.99259866617402515,0.596279631951672,success,11,15.07865093148947,10.179984742827889,false,false,5.9627963195167197,0.64356554843853186,,,
2018-05-25T00:00:00,EURJPY,10,0.97350985054400008,0.37185244155381736,success,11,15.165923403129192,11.561788404925029,false,false,3.7185244155381736,4.0963271768974918,,,
2018-05-28T00:00:00,EURJPY,10,0.86256297662257075,0.25879771585764477,success,11,15.304609771027284,13.467867408800009,false,false,2.5879771585764475,4.0794671060218421,,,
2018-05-29T00:00:00,EURJPY,10,0.89495151861345368,0.19442813436968803,success,11,15.520087471473422,13.37773989489785,false,false,1.9442813436968804,1.9718829864726002,,,
2018-05-30T00:00:00,EURJPY,10,0.93222923522568135,0.092511329133096315,success,11,15.608324309925186,12.986876468875206,false,false,0.92511329133096321,3.1434049145138525,,,
2018-05-31T00:00:00,EURJPY,10,0.78737322108440844,0.70011369092328457,success,11,15.608323909758914,14.299159958245504,false,false,7.0011369092328462,1125.4385738630262,,,
2018-06-01T00:00:00,EURJPY,10,0.69666765069738568,0.63465941035709039,success,11,15.60832388325669,14.776844481262863,false,false,6.3465941035709035,16.607323854214584,,,
2018-06-04T00:00:00,EURJPY,10,0.81583424070245369,0.69976889683815513,success,11,15.587661076549006,14.099286096434453,false,false,6.9976889683815511,9104.5669897985626,,,
2018-06-05T00:00:00,EURJPY,10,0.90212115821878724,0.50121687768656209,success,11,15.423661978452262,13.202643551115639,false,false,5.0121687768656207,28595.041577768312,,,
2018-06-06T00:00:00,EURJPY,10,0.94215572159390171,0.49985706504340283,success,11,15.151857649994456,12.361441624324097,false,false,4.9985706504340284,28776.120179658017,,,
2018-06-07T00:00:00,EURJPY,10,0.81730667159723591,0.49765709231923461,success,11,15.608323992562722,14.110118551139992,false,false,4.9765709231923463,59.367394430078583,,,
2018-06-08T00:00:00,EURJPY,10,0.84568208432545677,0.368144920316542,success,11,15.608323904500985,13.907195264360533,false,false,3.6814492031654202,21.116192737802102,,,
2018-06-11T00:00:00,EURJPY,10,0.91653785472155003,0.23531077249595458,success,11,15.608323898086534,13.212113707194096,false,false,2.3531077249595458,9.9164829723261025,,,
2018-06-12T00:00:00,EURJPY,10,0.96867905364776374,0.10764448455221214,success,11,15.60832399516028,12.176677738373538,false,false,1.0764448455221214,8.8466833094097073,,,
2018-06-13T00:00:00,EURJPY,10,0.74125145488633648,1.0634041878611281e-07,success,11,15.608323891228748,14.555840699986218,false,false,1.0634041878611281e-06,8.6753875340843134,,,
2018-06-14T00:00:00,EURJPY,10,0.97699681311228892,0.99999989999986094,success,11,15.608323892198595,11.859473268738633,false,false,9.9999989999986099,8.9088925543856003,,,
2018-06-15T00:00:00,EURJPY,10,0.94455379952329999,0.8031071742920799,success,11,15.608323912985503,12.773024456653848,false,false,8.0310717429207994,70.210455950819252,,,
2018-06-18T00:00:00,EURJPY,10,0.85484177219342483,0.72943657447067012,success,11,15.608323900177954,13.835231883847541,false,false,7.2943657447067007,26.706527057405363,,,
2018-06-19T00:00:00,EURJPY,10,0.7497733345094042,0.63150193077355221,success,11,15.608323910636999,14.510920139493576,false,false,6.3150193077355219,18.811771923719377,,,
2018-06-20T00:00:00,EURJPY,10,0.65179238030338438,0.50202714840598262,success,11,15.608323900193396,14.98139673429357,false,false,5.0202714840598262,43.542812635843184,,,
2018-06-21T00:00:00,EURJPY,10,0.71229537778996221,0.99999990000000005,success,11,15.60832389348522,14.701765548160161,false,false,9.9999990000000007,0.86574829234556305,,,
2018-06-22T00:00:00,EURJPY,10,0.70754874363699283,0.79370731127480776,success,11,15.608323890705353,14.724815375833472,false,false,7.9370731127480774,20.437165611234025,,,
2018-06-25T00:00:00,EURJPY,10,0.85536210638364318,0.69747109540582775,success,11,15.608323901688092,13.831032339768656,false,false,6.9747109540582777,72.180774332260143,,,
2018-06-26T00:00:00,EURJPY,10,0.85806890034499228,0.53659270967941952,success,11,15.608323923029054,13.808981249482722,false,false,5.365927096794195,1.6248325282026841,,,
2018-06-27T00:00:00,EURJPY,10,0.91753822972261612,0.19756888945115772,success,11,15.608323955141115,13.198964504172718,false,false,1.9756888945115771,16.162653368601866,,,
2018-06-28T00:00:00,EURJPY,10,0.94387475660445974,0.087210722895763551,success,11,15.60832394545089,12.785916143917623,false,false,0.87210722895763548,7.297454351392596,,,
2018-06-29T00:00:00,EURJPY,10,0.85215305971693045,0.70412847662322786,success,11,15.412208257288617,13.660619650385815,false,false,7.0412847662322786,13.810544387381221,,,
2018-07-02T00:00:00,EURJPY,10,0.75643061943827739,0.62534907474851642,success,11,15.608323928113141,14.475114944039875,false,false,6.2534907474851646,1.4790088609811345,,,
2018-07-03T00:00:00,EURJPY,10,0.6760646225184227,0.49200475703154128,success,11,15.608304622662912,14.872559999429184,false,false,4.920047570315413,1.5100831804132373,,,
2018-07-04T00:00:00,EURJPY,10,0.86640991476570139,0.40138279539497851,success,11,15.596603676497844,13.727021583271704,false,false,4.013827953949785,3.8434140206737948,,,
2018-07-05T00:00:00,EURJPY,10,0.74043340112578271,0.29927574499105264,success,11,15.608322963300996,14.560100584087044,false,false,2.9927574499105263,12.831940517222831,,,
2018-07-06T00:00:00,EURJPY,10,0.93637986246505833,0.54470330777021958,success,11,15.542430052040334,12.853338870062867,false,false,5.447033077702196,38.49337861624813,,,
2018-07-09T00:00:00,EURJPY,10,0.96418453202074128,0.7263432835800725,success,11,15.529652548044274,12.236749715047353,false,false,7.2634328358007245,1.3623129822537057,,,
2018-07-10T00:00:00,EURJPY,10,0.93344000157776319,0.55093761408708297,success,11,15.528012447563647,12.887239532002601,false,false,5.5093761408708302,0.91877334862177296,,,
2018-07-11T00:00:00,EURJPY,10,0.98423031031567998,0.16350025959064179,success,11,15.608323904806685,11.474553703128127,false,false,1.6350025959064178,0.32995172107228837,,,
2018-07-12T00:00:00,EURJPY,10,0.98655031288115935,0.41784865449725028,success,11,15.60832390440075,11.31306542207609,false,false,4.178486544972503,1.8060082526983738,,,
2018-07-13T00:00:00,EURJPY,10,0.9846455292504066,0.073887714818823488,success,11,15.60832389487625,11.447448872925936,false,false,0.73887714818823491,0.74832704769643621,,,
2018-07-16T00:00:00,EURJPY,10,0.76011259204101156,0.49101458972362549,success,11,15.020122098711512,13.866825208741723,false,false,4.9101458972362551,1.2694859650014507,,,
2018-07-17T00:00:00,EURJPY,10,0.73242498234612452,0.30605889667102198,success,11,15.504183071053196,14.497222115433649,false,false,3.06058896671022,1.3131865020674267,,,
2018-07-18T00:00:00,EURJPY,10,0.58414235748279397,0.42797946558524147,success,11,15.608323884107108,15.268522164379323,false,false,4.2797946558524149,1.7213423683005538,,,
2018-07-19T00:00:00,EURJPY,10,0.87675353263898681,0.99999990000000005,success,11,14.062752450009564,12.100712681880918,false,false,9.9999990000000007,0.59336788366197823,,,
2018-07-20T00:00:00,EURJPY,10,0.81808195171463394,0.69575909822926663,success,11,13.69609337017234,12.192687154639716,false,false,6.9575909822926665,1.1032031876464456,,,
2018-07-23T00:00:00,EURJPY,10,0.78770828526390491,0.60125007325155511,success,11,13.177977464560154,11.866810981347388,false,false,6.0125007325155515,90.761924207965052,,,
2018-07-24T00:00:00,EURJPY,10,0.89884875786019691,0.59986806838491946,success,11,13.165171580267428,10.980673637411442,false,false,5.9986806838491944,1219.7501843880593,,,
2018-07-25T00:00:00,EURJPY,10,0.87433755287177162,0.15175674826854119,success,11,14.004033660257384,12.064166464050887,false,false,1.517567482685412,37.669380398939417,,,
2018-07-26T00:00:00,EURJPY,10,0.71057060648392401,0.62650351294848194,retry_success,11,15.401477246676757,14.503320304438567,true,false,6.2650351294848194,0.64246360188363794,,,
2018-07-27T00:00:00,EURJPY,10,0.6626321113742244,0.70043763651662161,success,11,15.608324008025958,14.933278049221435,false,false,7.0043763651662161,186.47005407046325,,,
2018-07-30T00:00:00,EURJPY,10,0.91076333878549731,0.57113277748629854,success,11,15.608324074662878,13.285332948257359,false,false,5.7113277748629852,0.7910394408153425,,,
2018-07-31T00:00:00,EURJPY,10,0.86865567275766054,0.62359151565664117,success,11,14.826050827560486,12.936926341790587,false,false,6.2359151565664117,0.66303510574050151,,,
2018-08-01T00:00:00,EURJPY,10,0.96021512956416211,0.63483638160652367,success,11,15.558514070352706,12.374843417915844,false,false,6.3483638160652367,0.37916791304173336,,,
2018-08-02T00:00:00,EURJPY,10,0.92637307418772463,0.36292458095353125,success,11,15.227686165835207,12.695419923107302,false,false,3.6292458095353126,3.762138451008525,,,
2018-08-03T00:00:00,EURJPY,10,0.92475725616916005,0.58487594280706623,success,11,14.90830012031549,12.399488314488211,false,false,5.8487594280706618,2.9600985283114221,,,
2018-08-06T00:00:00,EURJPY,10,0.85576267910688397,0.475474400162195,success,11,15.067034369315012,13.286501280416751,false,false,4.7547440016219502,2.916378599802504,,,
2018-08-07T00:00:00,EURJPY,10,0.86377985089805687,0.40052945039065097,success,11,15.018824067327774,13.171778453572404,false,false,4.0052945039065095,16.693198174860655,,,
2018-08-08T00:00:00,EURJPY,10,0.67267803143344229,0.74188438723249361,success,11,15.146933102604436,14.426610595244258,false,false,7.4188438723249366,2.9210910206754286,,,
2018-08-09T00:00:00,EURJPY,10,0.60476421800759317,0.64306952918727234,success,11,14.33349227351782,13.908136117003792,false,false,6.4306952918727234,1.7521387858624313,,,
2018-08-10T00:00:00,EURJPY,10,0.66035842795986743,0.60291007688714016,success,11,13.523285830231487,12.858393931623858,false,false,6.0291007688714018,15.654429338638232,,,
2018-08-13T00:00:00,EURJPY,10,0.63416455733870813,0.41470564317690262,success,11,14.344679286905013,13.794554434065478,false,false,4.1470564317690259,1.0699441762559747,,,
2018-08-14T00:00:00,EURJPY,10,0.80546334477814308,0.098061544820539109,success,11,15.138439683518458,13.717642592135839,false,false,0.98061544820539115,92.939107191610844,,,
2018-08-15T00:00:00,EURJPY,10,0.7523254666232766,0.49546922002067778,success,11,14.855304855485532,13.744251342649324,false,false,4.9546922002067779,16.531277487245529,,,
2018-08-16T00:00:00,EURJPY,10,0.80750940163773188,0.39437444816239081,success,11,15.174483844599781,13.740576459534337,false,false,3.943744481623908,16.900446195581189,,,
2018-08-17T00:00:00,EURJPY,10,0.60863117589566085,0.68950124302482807,success,11,14.918544719946844,14.476982657730115,false,false,6.8950124302482809,2.0356873673004445,,,
2018-08-20T00:00:00,EURJPY,10,0.7952473826750468,0.49146098244342412,success,11,14.748308252647714,13.391457518900886,false,false,4.9146098244342413,17.983542387813383,,,
2018-08-21T00:00:00,EURJPY,10,0.78867728381867686,0.90715120677577654,success,11,14.978050382531121,13.661079590215117,false,false,9.0715120677577659,23.704823828262807,,,
2018-08-22T00:00:00,EURJPY,10,0.68054124116939207,0.53323784107645034,success,11,14.054211867256711,13.297951627928578,false,false,5.3323784107645036,0.98040628725475543,,,
2018-08-23T00:00:00,EURJPY,10,0.74323744505658595,0.32221722305737732,success,11,13.970410833030011,12.907547010347216,false,false,3.222172230573773,0.88378326842992161,,,
2018-08-24T00:00:00,EURJPY,10,0.85591235679286026,9.9999999999999995e-08,success,11,14.407037621542029,12.625291385383152,false,false,9.9999999999999995e-07,0.60859479091702595,,,
2018-08-27T00:00:00,EURJPY,10,0.81730869620474478,0.29993061651505015,success,11,15.214654361636468,13.716435360985233,false,false,2.9993061651505015,30717.004153985425,,,
2018-08-28T00:00:00,EURJPY,10,0.97495012136508663,0.88509090640177246,success,11,15.574816017595118,11.913298688085629,false,false,8.8509090640177241,12.48421102198985,,,
2018-08-29T00:00:00,EURJPY,10,0.84597426765294592,0.74731860937340167,success,11,15.608323884116611,13.904954623076669,false,false,7.4731860937340162,3.8016185815617218,,,
2018-08-30T00:00:00,EURJPY,10,0.97119565294667376,0.99958070583654846,success,11,15.608323882065255,12.090322252834351,false,false,9.9958070583654841,8.4432710108867717,,,
2018-08-31T00:00:00,EURJPY,10,0.88485169027279942,0.80703616112436694,success,11,15.449964610660391,13.410765508589463,false,false,8.0703616112436691,15.895993593654207,,,
2018-09-03T00:00:00,EURJPY,10,0.74691848929833038,0.64847694299888059,success,11,15.411317613295111,14.329073165047408,false,false,6.4847694299888055,2.3846719091896773,,,
2018-09-04T00:00:00,EURJPY,10,0.95024574888624724,0.60024828701568378,success,11,15.161245388347149,12.211620663643762,false,false,6.0024828701568378,8405.1235615401965,,,
2018-09-05T00:00:00,EURJPY,10,0.93501536772506333,0.59871288796340838,success,11,15.456701232221302,12.790289082401143,false,false,5.987128879634084,1547.7227566955494,,,
2018-09-06T00:00:00,EURJPY,10,0.70935760452725261,0.001620237885419555,success,11,15.608323947266809,14.716057799090505,false,false,0.016202378854195551,69.009121203961485,,,
2018-09-07T00:00:00,EURJPY,10,0.65275418192757806,0.60557669986990093,success,11,15.599363481754127,14.968195806139597,false,false,6.055766998699009,1.7426499487028857,,,
2018-09-10T00:00:00,EURJPY,10,0.61979027508245976,0.51462174620484347,success,11,15.608323881732035,15.119665735066919,false,false,5.1462174620484351,1.8013273283326463,,,
2018-09-11T00:00:00,EURJPY,10,0.62762530291798946,0.41164283236486465,success,11,15.60832390155991,15.086281162120949,false,false,4.1164283236486465,1.7004277274109041,,,
2018-09-12T00:00:00,EURJPY,10,0.6509330393629893,0.19934298518167179,success,11,15.60832391326197,14.985180902553285,false,false,1.9934298518167179,195.38555800732721,,,
2018-09-13T00:00:00,EURJPY,10,0.74772214967905604,0.90385621233269742,success,11,15.607752012520319,14.521251621956129,false,false,9.0385621233269742,34.648912169170444,,,
2018-09-14T00:00:00,EURJPY,10,0.74080110206385164,0.80282730726590112,success,11,15.608324126991491,14.558187668672971,false,false,8.0282730726590117,44.213265707823119,,,
2018-09-17T00:00:00,EURJPY,10,0.6294184203473886,0.73157701203786851,success,11,15.608323906054,15.078601263827,false,false,7.3157701203786853,25.067654000896663,,,
2018-09-18T00:00:00,EURJPY,10,0.57103014705627975,0.600958974851037,success,11,15.608324351325521,15.322268989717324,false,false,6.0095897485103702,41.125157299965387,,,
2018-09-19T00:00:00,EURJPY,10,0.57087822160509116,0.17360694499169496,success,11,15.608323904793703,15.322888734396795,false,false,1.7360694499169496,18.031280786838689,,,
2018-09-20T00:00:00,EURJPY,10,0.60480294855132277,0.00019712926990057481,success,11,15.608323909630617,15.182805714463637,false,false,0.0019712926990057482,7.8634616687114978,,,
2018-09-21T00:00:00,EURJPY,10,0.58610342193158693,0.80146873837342203,success,11,15.60832528646676,15.260445155712338,false,false,8.0146873837342198,35.432535056522916,,,
2018-09-24T00:00:00,EURJPY,10,0.63615712243309908,0.49928476253137005,success,11,15.608323899746344,15.049600438477633,false,false,4.9928476253137006,82.544013057020905,,,
2018-09-25T00:00:00,EURJPY,10,0.68913435212437146,0.36478214626390948,success,11,15.608323986253653,14.812248556863107,false,false,3.6478214626390946,27.74906360804308,,,
2018-09-26T00:00:00,EURJPY,10,0.69036269711845222,0.29869412278641949,success,11,15.608323887006751,14.80650840132326,false,false,2.9869412278641949,71.035652533972652,,,
2018-09-27T00:00:00,EURJPY,10,0.7322141135755762,0.10298843543205574,success,11,15.608323917568468,14.602438671436751,false,false,1.0298843543205574,8.54744877305804,,,
2018-09-28T00:00:00,EURJPY,10,0.69244062316618638,0.91033841876148125,success,11,15.608323892745966,14.796769565081471,false,false,9.1033841876148127,12.517421348860434,,,
2018-10-01T00:00:00,EURJPY,10,0.74515942964727699,0.86680822761452259,success,11,15.608323898550303,14.535363838866244,false,false,8.6680822761452259,4.1883832187730619,,,
2018-10-02T00:00:00,EURJPY,10,0.78228421567335793,0.26928932364898428,success,11,15.608323896444599,14.32929624533525,false,false,2.692893236489843,23.766258537538089,,,
2018-10-03T00:00:00,EURJPY,10,0.88598070100196813,0.1634111985934931,success,11,15.608323882877178,13.557996438197225,false,false,1.6341119859349309,25.045254991813049,,,
2018-10-04T00:00:00,EURJPY,10,0.96183274129697705,3.5992547638114542e-07,success,11,15.608324147976491,12.381461624098291,false,false,3.5992547638114541e-06,9.0686924551344212,,,
2018-10-05T00:00:00,EURJPY,10,0.62680981243958489,0.39783320627998919,success,11,15.608323894401863,15.08976890514203,false,false,3.9783320627998919,57.050247682891104,,,
2018-10-08T00:00:00,EURJPY,10,0.65423128454785906,0.34224384724957441,success,11,15.608323912157781,14.970633076214295,false,false,3.422438472495744,1.0756897314969149,,,
2018-10-09T00:00:00,EURJPY,10,0.69016516257204874,0.1046593043747561,success,11,15.608323882250986,14.807432320266404,false,false,1.046593043747561,1.583749309426389,,,
2018-10-10T00:00:00,EURJPY,10,0.64207236091622966,0.14218419998969761,success,11,15.60832390160752,15.02395373306779,false,false,1.421841999896976,2.8055586665252559,,,
2018-10-11T00:00:00,EURJPY,10,0.87015606544462309,0.99999983121697933,success,11,15.608323888960564,13.705984533684999,false,false,9.9999983121697937,0.1883123386865127,,,
2018-10-12T00:00:00,EURJPY,10,0.75676028716749988,0.13152819946837968,success,11,15.608323900375733,14.473324788345845,false,false,1.3152819946837968,0.68997594763564507,,,
2018-10-15T00:00:00,EURJPY,10,0.70318341885493763,0.40152128081696326,success,11,15.608323885712503,14.745820495301839,false,false,4.0152128081696326,63.231862680987355,,,
2018-10-16T00:00:00,EURJPY,10,0.68804121673647345,0.30014237659857362,success,11,15.608323946652812,14.817346276624948,false,false,3.0014237659857361,671.89818405886183,,,
2018-10-17T00:00:00,EURJPY,10,0.71712687196954339,0.23663892282458554,success,11,15.608323892436578,14.678069605412297,false,false,2.3663892282458554,25.488631571951903,,,
2018-10-18T00:00:00,EURJPY,10,0.97336848841402746,0.11063608927253939,success,11,15.608323904776414,12.009656341338204,false,false,1.1063608927253938,14.533028938506131,,,
2018-10-19T00:00:00,EURJPY,10,0.84474105582016079,0.88969311234127013,success,11,15.60832388031867,13.914388073359522,false,false,8.8969311234127009,7.5945096930986482,,,
2018-10-22T00:00:00,EURJPY,10,0.73731168645480183,0.70139669359884893,success,11,15.60832389578051,14.576281390339908,false,false,7.0139669359884893,81.151621355841897,,,
2018-10-23T00:00:00,EURJPY,10,0.72530645749699585,0.60229782660468734,success,11,15.608323916271408,14.637385736106525,false,false,6.0229782660468736,47.205214741271746,,,
2018-10-24T00:00:00,EURJPY,10,0.7044638171662766,0.50097991971304823,success,11,15.608323901589698,14.739678206651606,false,false,5.0097991971304827,98.184409895075831,,,
2018-10-25T00:00:00,EURJPY,10,0.64358301937887363,0.40039674752159338,success,11,15.608324113519695,15.017374421863192,false,false,4.0039674752159335,185.65982254863926,,,
2018-10-26T00:00:00,EURJPY,10,0.90445656925674378,0.89491790625157353,success,11,15.608323899561645,13.360570528468863,false,false,8.9491790625157357,15.669611738645509,,,
2018-10-29T00:00:00,EURJPY,10,0.81909000394014975,0.76636043614536309,success,11,15.608323972346019,14.098129647863693,false,false,7.6636043614536309,21.006291501060161,,,
2018-10-30T00:00:00,EURJPY,10,0.74990013587071558,0.6675454512752339,success,11,15.608323896674944,14.510244145800375,false,false,6.6754545127523386,20.146810071211874,,,
2018-10-31T00:00:00,EURJPY,10,0.73614444808413571,0.59807217204619889,success,11,15.608323894105832,14.582299335220023,false,false,5.9807217204619887,58.961576054582387,,,
2018-11-01T00:00:00,EURJPY,10,0.78018190582169766,0.19819692198528302,success,11,15.608323909861708,14.341597164459682,false,false,1.9819692198528303,76.211941582243156,,,
2018-11-02T00:00:00,EURJPY,10,0.7940825593433517,0.39994152105243719,success,11,15.608323901414934,14.258611781498386,false,false,3.9994152105243717,2085.1456115932533,,,
2018-11-05T00:00:00,EURJPY,10,0.66943218469351595,0.29128096564887734,success,11,15.395119740121144,14.68950170086498,false,false,2.9128096564887733,24.671948554750198,,,
2018-11-06T00:00:00,EURJPY,10,0.75468028660081343,0.1871612866474637,success,11,15.315910672210958,14.192178786586702,false,false,1.871612866474637,18.175713247337011,,,
2018-11-07T00:00:00,EURJPY,10,0.78318206301246185,0.00051327954133273336,success,11,15.608324123390533,14.324016935942195,false,false,0.0051327954133273341,0.16301644115119507,,,
2018-11-08T00:00:00,EURJPY,10,0.7655810303945999,0.60103864957357711,success,11,15.608323887752645,14.424798808136405,false,false,6.0103864957357711,11.508723644491583,,,
2018-11-09T00:00:00,EURJPY,10,0.71212974922667616,0.99999989921482224,success,11,15.608324165975761,14.702573899580065,false,false,9.9999989921482229,6.8920768948201561,,,
2018-11-12T00:00:00,EURJPY,10,0.9457867881364056,0.8678129415057505,success,11,14.843772631702127,11.984680110633928,false,false,8.678129415057505,2.0193650133292378,,,
2018-11-13T00:00:00,EURJPY,10,0.87359728486122135,0.7868491344302222,success,11,15.608323889275134,13.675177354288218,false,false,7.868491344302222,8.4970577055336456,,,
2018-11-14T00:00:00,EURJPY,10,0.79767391037294844,0.6366163848495664,success,11,15.597194854959438,14.225375675536711,false,false,6.3661638484956642,3.3235819172203138,,,
2018-11-15T00:00:00,EURJPY,10,0.9553094847266913,0.54031515084703952,success,11,15.48264313755292,12.420369074619551,false,false,5.4031515084703949,4.3445368315387487,,,
2018-11-16T00:00:00,EURJPY,10,0.90691486609499616,0.41258685399503731,success,11,15.571787091603074,13.295253001820978,false,false,4.1258685399503729,15.545513761433774,,,
2018-11-19T00:00:00,EURJPY,10,0.88084177522865204,0.31227576351297043,success,11,15.592738892735765,13.592313109595299,false,false,3.1227576351297044,16.099881385561385,,,
2018-11-20T00:00:00,EURJPY,10,0.79619892076985843,0.59742577104720573,success,11,15.608323934734853,14.24561929595588,false,false,5.9742577104720578,53.154964624371281,,,
2018-11-21T00:00:00,EURJPY,10,0.74454120870872598,0.49628882165285643,success,11,15.608324099909263,14.538617008570261,false,false,4.9628882165285644,29.492315289004164,,,
2018-11-22T00:00:00,EURJPY,10,0.83926863421947018,0.39095085839555355,success,11,15.608323934720401,13.955527531591718,false,false,3.9095085839555357,16.115762003537526,,,
2018-11-23T00:00:00,EURJPY,10,0.78734769227287926,0.2987430844987034,success,11,15.608323886616551,14.299312415132544,false,false,2.9874308449870339,103.29108785902868,,,
2018-11-26T00:00:00,EURJPY,10,0.77088415251055842,1.9847638118488711e-07,success,11,15.608323895416818,14.395013549161529,false,false,1.9847638118488712e-06,1.0986281385809122,,,
2018-11-27T00:00:00,EURJPY,10,0.71957947710765446,0.40136094484355767,success,11,15.60832390095354,14.665947263112271,false,false,4.0136094484355764,76.201945345960937,,,
2018-11-28T00:00:00,EURJPY,10,0.99209359429338462,0.33716959444603678,success,11,15.608323885319175,10.776179713250059,false,false,3.3716959444603676,23.657373709522634,,,
2018-11-29T00:00:00,EURJPY,10,0.96998065851894177,0.23599710096956353,success,11,15.608323887472682,12.132889645802576,false,false,2.3599710096956352,28.216698287489585,,,
2018-11-30T00:00:00,EURJPY,10,0.9083210707867283,0.1081356969501364,success,11,15.608323940139694,13.315018595140206,false,false,1.0813569695013641,13.976348926142839,,,
2018-12-03T00:00:00,EURJPY,10,0.61325328015621705,0.80025274130584023,success,11,15.608323895722904,15.147315871873534,false,false,8.0025274130584023,202.55785547120769,,,
2018-12-04T00:00:00,EURJPY,10,0.58607790228886147,0.99995816772386859,success,11,15.608323904944909,15.26054897148332,false,false,9.9995816772386856,0.78675450170867534,,,
2018-12-05T00:00:00,EURJPY,10,0.653136328966613,0.60618655816239164,success,11,15.608324069510962,14.975470012605438,false,false,6.0618655816239162,11.077447825163993,,,
2018-12-06T00:00:00,EURJPY,10,0.54017613016053867,0.53276120188379605,success,11,15.608324144800749,15.447272415967419,false,false,5.3276120188379608,17.40979399057645,,,
2018-12-07T00:00:00,EURJPY,10,0.58126097429948953,0.19974368631862555,success,11,15.608324099411298,15.280372137686212,false,false,1.9974368631862556,93.204359490422391,,,
2018-12-10T00:00:00,EURJPY,10,0.54004551678237855,0.33354941825196283,success,11,15.608323891236125,15.447797999952702,false,false,3.3354941825196285,25.50245977447883,,,
2018-12-11T00:00:00,EURJPY,10,0.8338121774625421,0.64126895559312458,success,11,15.608323891621703,13.995434331311195,false,false,6.4126895559312453,3.3290875160254569,,,
2018-12-12T00:00:00,EURJPY,10,0.84555777674816246,0.5002127625384587,success,11,15.608324129669661,13.908147696112849,false,false,5.0021276253845874,13.342867907039285,,,
2018-12-13T00:00:00,EURJPY,10,0.84382044165775938,0.40121314808174224,success,11,15.608323884658885,13.921390519901728,false,false,4.0121314808174224,16.247604314794927,,,
2018-12-14T00:00:00,EURJPY,10,0.70740358478351595,0.30083841842803966,success,11,15.608323905273162,14.72551679799591,false,false,3.0083841842803967,15.47879692322001,,,
2018-12-17T00:00:00,EURJPY,10,0.7515235545965665,0.19758717865494888,success,11,15.608323901133842,14.501569402925318,false,false,1.9758717865494888,15.416552062757964,,,
2018-12-18T00:00:00,EURJPY,10,0.76299271399353807,0.099183071925370708,success,11,15.608323999992869,14.439166401216459,false,false,0.99183071925370703,6.0067029184362735,,,
2018-12-19T00:00:00,EURJPY,10,0.59717550209718906,0.23431115171659064,success,11,15.608323915100252,15.214613849566092,false,false,2.3431115171659065,1.3022645477712742,,,
2018-12-20T00:00:00,EURJPY,10,0.69174084297051008,0.050337429634813316,success,11,15.608323885594126,14.800053352604641,false,false,0.50337429634813313,1.7466609613081789,,,
2018-12-21T00:00:00,EURJPY,10,0.86168033519613718,0.89993550311684023,success,11,15.593770896226429,13.76445395321487,false,false,8.9993550311684025,389.17082083972514,,,
2018-12-24T00:00:00,EURJPY,10,0.72907712882742237,0.53391073378131815,success,11,15.590415608912414,14.600470253791435,false,false,5.3391073378131813,1.74603909489335,,,
2018-12-26T00:00:00,EURJPY,10,0.68628255844976715,0.60300449251336219,success,11,15.605665351647339,14.822868629051946,false,false,6.0300449251336214,1.0244243252922771,,,
2018-12-27T00:00:00,EURJPY,10,0.79773101911134503,0.59792748078552915,success,11,15.027211824437329,13.655038752771846,false,false,5.9792748078552913,13.496514052251857,,,
2018-12-28T00:00:00,EURJPY,10,0.66513852230713943,0.36292953905979008,success,11,15.608323891638237,14.922045515339741,false,false,3.6292953905979006,1.0971868933475715,,,
2018-12-31T00:00:00,EURJPY,10,0.68112896208152718,0.21781396955402785,success,11,15.167030417014972,14.408065508359517,false,false,2.1781396955402785,1.5232886545732234,,,
2019-01-02T00:00:00,EURJPY,10,0.94129898973470028,0.99999777861373196,success,11,15.06857906660578,12.293775178657611,false,false,9.99997778613732,0.23170549121582509,,,
2019-01-03T00:00:00,EURJPY,10,0.85544512739244327,0.42727521458377477,success,11,14.900051334737505,13.122088561139204,false,false,4.2727521458377478,4.2507747040918966,,,
2019-01-04T00:00:00,EURJPY,10,0.88430699141902303,0.58573255887061582,success,11,15.282943311213321,13.249079238744052,false,false,5.8573255887061579,3.2037896429054546,,,
2019-01-07T00:00:00,EURJPY,10,0.84277021215299941,0.47936366963087512,success,11,14.22482485393199,12.545838868701145,false,false,4.7936366963087513,4.340374712211684,,,
2019-01-08T00:00:00,EURJPY,10,0.77015793758328466,0.36194333954823604,success,11,14.583674389356617,13.374471169699557,false,false,3.6194333954823605,3.3530275758839094,,,
2019-01-09T00:00:00,EURJPY,10,0.8363921186019535,0.40516079335289623,success,11,14.930521170442386,13.298896223746279,false,false,4.0516079335289623,15.410721601643507,,,
2019-01-10T00:00:00,EURJPY,10,0.88870020870745348,0.71251006195741684,success,11,14.848431317424673,12.770898744934946,false,false,7.1251006195741686,17.65667670219732,,,
2019-01-11T00:00:00,EURJPY,10,0.98340418210674296,0.8162290278102512,success,11,15.017281911000333,10.935412432810564,false,false,8.1622902781025122,4.3977876066007004,,,
2019-01-14T00:00:00,EURJPY,10,0.99465034411930542,0.72046219972625869,success,11,14.741356279305258,9.5159972543258089,false,false,7.2046219972625867,2.9895853631260301,,,
2019-01-15T00:00:00,EURJPY,10,0.99521990469354915,0.61629146986253414,success,11,14.750945750040101,9.4124425124509159,false,false,6.1629146986253414,3.6305544030569852,,,
2019-01-16T00:00:00,EURJPY,10,0.99480962195340195,0.50138966543088059,success,11,14.679565627025861,9.4238207787676664,false,false,5.0138966543088062,2.9381685907294468,,,
2019-01-17T00:00:00,EURJPY,10,0.9751348305764278,0.29502025689910505,success,11,15.608323894763876,11.93921615143676,false,false,2.9502025689910503,13.599589248096413,,,
2019-01-18T00:00:00,EURJPY,10,0.98728181674606963,0.29459002346597707,success,11,15.227704648904748,10.875781843371207,false,false,2.9459002346597707,2.519386337159446,,,
2019-01-21T00:00:00,EURJPY,10,0.9532576200890831,6.4218092034383545e-07,success,11,15.608323893520833,12.593089946907298,false,false,6.4218092034383545e-06,0.35023802371277551,,,
2019-01-22T00:00:00,EURJPY,10,0.84682041890618021,0.19297883955265502,success,11,15.59699728945213,13.887119603207285,false,false,1.9297883955265502,16.464726721827127,,,
2019-01-23T00:00:00,EURJPY,10,0.74140331595817632,0.79988270875586109,success,11,15.608324038999964,14.555048919255155,false,false,7.9988270875586114,286.34011075125949,,,
2019-01-24T00:00:00,EURJPY,10,0.90428753801329431,0.99999990000000005,success,11,15.608324070823231,13.362525197259933,false,false,9.9999990000000007,0.20068984437858717,,,
2019-01-25T00:00:00,EURJPY,10,0.96164408465925066,0.82115150614458909,success,11,15.608323898448129,12.38658825269844,false,false,8.2115150614458905,1.0808418580295547,,,
2019-01-28T00:00:00,EURJPY,10,0.9261950942172158,0.58836850794073769,success,11,15.608323897852854,13.078664203916412,false,false,5.8836850794073774,2.0157492000307338,,,
2019-01-29T00:00:00,EURJPY,10,0.97529495819273571,0.4098027745184778,success,11,15.608324058311048,11.932591456395709,false,false,4.098027745184778,1.1128038843082746,,,
2019-01-30T00:00:00,EURJPY,10,0.9295654508751402,0.28348707389773065,success,11,15.608323916806627,13.028290594379277,false,false,2.8348707389773065,1.314207057171108,,,
2019-01-31T00:00:00,EURJPY,10,0.82467210557537096,0.13782315142464424,success,11,15.608323910530563,14.059995954183226,false,false,1.3782315142464423,0.98351255520135694,,,
2019-02-01T00:00:00,EURJPY,10,0.63495220891986737,0.72518454112385877,success,11,15.608323911862062,15.054802456822618,false,false,7.2518454112385875,1.5428836743794929,,,
2019-02-04T00:00:00,EURJPY,10,0.68946612791346684,0.49853287098468479,success,11,15.608323889496111,14.810699303317479,false,false,4.9853287098468479,59.459573241635617,,,
2019-02-05T00:00:00,EURJPY,10,0.75313424177938959,0.39755404514321374,success,11,15.608323955833344,14.492925167886193,false,false,3.9755404514321375,45.898234032812802,,,
2019-02-06T00:00:00,EURJPY,10,0.76271101722643542,0.29948414511125948,success,11,15.608323907359635,14.440723428206402,false,false,2.9948414511125949,230.95726709344225,,,
2019-02-07T00:00:00,EURJPY,10,0.72595775566153431,2.8494600439690087e-05,success,11,15.608324017462442,14.634114463046517,false,false,0.00028494600439690087,1.0426188808566612,,,
2019-02-08T00:00:00,EURJPY,10,0.98328611398603183,0.65004591167965886,success,11,15.596071886448428,11.521411618373172,false,false,6.5004591167965886,3.3147063980470906,,,
2019-02-11T00:00:00,EURJPY,10,0.9238573080177459,0.59933001420159271,success,11,15.606718011338671,13.110769486194112,false,false,5.9933001420159266,185.57541019226892,,,
2019-02-12T00:00:00,EURJPY,10,0.98072422697898709,0.47610530828310499,success,11,15.533459311632157,11.604017029274161,false,false,4.76105308283105,4.3235717624975774,,,
2019-02-13T00:00:00,EURJPY,10,0.75326534023101133,0.34681906390311679,success,11,15.598450602802526,14.482346566866539,false,false,3.4681906390311679,2.6453516665733869,,,
2019-02-14T00:00:00,EURJPY,10,0.84539755138682637,0.21400466767293475,success,11,15.535635361335808,13.836685344008782,false,false,2.1400466767293476,2.6322499885957944,,,
2019-02-15T00:00:00,EURJPY,10,0.92318156630793136,0.53358368904188302,success,11,13.92176399311229,11.435382698113678,false,false,5.3358368904188307,2.3094286097937693,,,
2019-02-18T00:00:00,EURJPY,10,0.75493948481415518,0.45064582002186826,success,11,14.922110699020145,13.796978286351154,false,false,4.5064582002186828,2.4869717090136469,,,
2019-02-19T00:00:00,EURJPY,10,0.93067122032318361,0.40306312487548623,success,11,14.033820670862214,11.436774713900734,false,false,4.0306312487548626,15.383244383885058,,,
2019-02-20T00:00:00,EURJPY,10,0.8943229973436212,0.73292463110493711,success,11,14.136292207638736,12.000612500511323,false,false,7.3292463110493706,3.9481471833778263,,,
2019-02-21T00:00:00,EURJPY,10,0.92608783068453537,0.36091467361431551,success,11,15.039435219079442,12.511343626516663,false,false,3.6091467361431548,22.003071140348421,,,
2019-02-22T00:00:00,EURJPY,10,0.76652404802808771,0.50857856271190072,success,11,15.412526493186352,14.223739503944605,false,false,5.0857856271190069,16.210464649264559,,,
2019-02-25T00:00:00,EURJPY,10,0.67355175966111536,0.7483287020771503,success,11,15.608323893871104,14.884030456537729,false,false,7.4832870207715025,1.0600688291566871,,,
2019-02-26T00:00:00,EURJPY,10,0.6354795661795265,0.60122302247129111,success,11,15.608323881191348,15.052526554747118,false,false,6.0122302247129111,0.85748353962248824,,,
2019-02-27T00:00:00,EURJPY,10,0.68033315117119042,0.70027270402070541,success,11,15.60832388433686,14.85302063401487,false,false,7.0027270402070538,375.60372001875493,,,
2019-02-28T00:00:00,EURJPY,10,0.62802270699630791,0.40284728296561917,success,11,15.608324141295025,15.08458062994052,false,false,4.0284728296561916,20.774051292803094,,,
2019-03-01T00:00:00,EURJPY,10,0.70323804878855389,0.30042049903849166,success,11,15.608323918899618,14.745558772279745,false,false,3.0042049903849164,246.364887327855,,,
2019-03-04T00:00:00,EURJPY,10,0.9800784849216081,0.21696963278621259,success,11,15.608324099457413,11.712491751761245,false,false,2.169696327862126,2.7372932038474,,,
2019-03-05T00:00:00,EURJPY,10,0.57644801183774041,0.794522178579254,success,11,15.608323890636736,15.300114998850161,false,false,7.9452217857925405,14.113534470584749,,,
2019-03-06T00:00:00,EURJPY,10,0.56498215053851086,0.50053426606101958,success,11,15.608323966314458,15.346916891125938,false,false,5.0053426606101956,36.188051816051356,,,
2019-03-07T00:00:00,EURJPY,10,0.92418868773846274,0.99970399618785455,retry_success,11,15.493518563079627,12.992849824568559,true,false,9.9970399618785457,3.3401823565669035,,,
2019-03-08T00:00:00,EURJPY,10,0.84432128112412796,0.81949615291764899,success,11,15.554359423644772,13.86362072583352,false,false,8.1949615291764903,20.677791181621544,,,
2019-03-11T00:00:00,EURJPY,10,0.78241887011769173,0.70658911927835366,success,11,15.575728027902144,14.295909583154383,false,false,7.0658911927835364,17.420979416106462,,,
2019-03-12T00:00:00,EURJPY,10,0.90617145030485269,0.37829192823996549,success,11,15.446069166689455,13.178309817256606,false,false,3.7829192823996549,31.752581425807222,,,
2019-03-13T00:00:00,EURJPY,10,0.77627379038700595,0.16826561069923024,success,11,15.271309202408874,14.027226947539267,false,false,1.6826561069923023,1.1983624057038675,,,
2019-03-14T00:00:00,EURJPY,10,0.96958394323426267,0.58816764573554292,success,11,15.306271342077483,11.844374939151297,false,false,5.8816764573554297,19.146419857959724,,,
2019-03-15T00:00:00,EURJPY,10,0.98265798454632169,0.73540986751889081,success,11,15.469162580561251,11.43203364729148,false,false,7.3540986751889079,1.2623553145890247,,,
2019-03-18T00:00:00,EURJPY,10,0.97438960346637415,0.62143441568225044,success,11,15.24825562546469,11.609442781881413,false,false,6.214344156822504,1.0921245144319975,,,
2019-03-19T00:00:00,EURJPY,10,0.99829169300455389,0.48345056905895623,success,11,15.257703649377401,8.8871609571486641,false,false,4.8345056905895625,0.72378447449739836,,,
2019-03-20T00:00:00,EURJPY,10,0.99902071371608991,9.9999999999999995e-08,success,11,15.268433722249686,8.3407269549977041,false,false,9.9999999999999995e-07,0.5017808738571643,,,
2019-03-21T00:00:00,EURJPY,10,0.99970467799957552,1.2748209594768622e-07,success,11,14.731279488450754,6.6041305840234621,false,false,1.2748209594768621e-06,1.1713632682955268,,,
2019-03-22T00:00:00,EURJPY,10,0.99996538759988762,0.9022429728625575,success,11,13.774845551461059,3.503581609108922,false,false,9.0224297286255748,93.200499365395032,,,
2019-03-25T00:00:00,EURJPY,10,0.99990053717406913,0.85541604698325191,success,11,15.489855488701723,6.2742283641311278,false,false,8.5541604698325191,39.960636419227995,,,
2019-03-26T00:00:00,EURJPY,10,0.99989888248097647,0.7024422764581113,success,11,15.509257422873418,6.3101313826663379,false,false,7.0244227645811126,103.92404131935648,,,
2019-03-27T00:00:00,EURJPY,10,0.99912014940461591,0.64459474457744292,success,11,15.60754083776626,8.5726626327787425,false,false,6.4459474457744292,33.161898936110674,,,
2019-03-28T00:00:00,EURJPY,10,0.97478801523510716,0.50288796567710503,success,11,15.608323973377685,11.953423413661419,false,false,5.0288796567710499,85.055939977836374,,,
2019-03-29T00:00:00,EURJPY,10,0.5000011345297346,0.018059054835708237,success,11,15.608324032705491,15.608319494586553,false,false,0.18059054835708238,0.022251929532162065,,,
2019-04-01T00:00:00,EURJPY,10,0.84910680779044523,0.49984794409215227,success,11,15.608323917406576,13.880711184952856,false,false,4.998479440921523,1306.1351653423667,,,
2019-04-02T00:00:00,EURJPY,10,0.8820417919857354,0.37213137405594149,success,11,15.608323890903723,13.596414845177939,false,false,3.721313740559415,24.217611661301749,,,
2019-04-03T00:00:00,EURJPY,10,0.9139789358902829,0.29940232277010487,success,11,15.608323905200564,13.2451085778549,false,false,2.9940232277010486,315.90693234538389,,,
2019-04-04T00:00:00,EURJPY,10,0.98598341350569196,0.19883854714976218,success,11,15.608188392322649,11.354790237810558,false,false,1.9883854714976217,1905.548818303434,,,
2019-04-05T00:00:00,EURJPY,10,0.99503262617427113,2.7750622884876084e-06,success,11,15.608323891253072,10.308439659674514,false,false,2.7750622884876084e-05,8.6338703725650614,,,
2019-04-08T00:00:00,EURJPY,10,0.82796210686224991,0.76332114786155247,success,11,15.608323943175751,14.037071315986253,false,false,7.6332114786155252,22.380665224741435,,,
2019-04-09T00:00:00,EURJPY,10,0.61426916952295918,0.69801308473280754,success,11,15.608323900549728,15.143030477467372,false,false,6.9801308473280752,24.33868083306492,,,
2019-04-10T00:00:00,EURJPY,10,0.69640514149641108,0.59458116819627738,success,11,15.60832424469074,14.778086764137463,false,false,5.9458116819627742,17.035729365358126,,,
2019-04-11T00:00:00,EURJPY,10,0.63021507444036395,0.70148534542904417,success,11,15.608323909481754,15.075184314712201,false,false,7.0148534542904422,47.429838810668222,,,
2019-04-12T00:00:00,EURJPY,10,0.79117620635558328,0.6015664499580613,success,11,15.608323919496588,14.276294016249135,false,false,6.0156644995806126,80.715974981097119,,,
2019-04-15T00:00:00,EURJPY,10,0.70356439907981694,0.50376931864678542,success,11,15.608323883559974,14.74399446749052,false,false,5.0376931864678545,24.469319937179936,,,
2019-04-16T00:00:00,EURJPY,10,0.85294330524155515,0.4430291946754063,success,11,15.538677789452237,13.780802900355186,false,false,4.4302919467540631,23.574514438047323,,,
2019-04-17T00:00:00,EURJPY,10,0.6687086261097106,0.5984315780111924,success,11,15.414970414301708,14.712620257315958,false,false,5.984315780111924,15.244375052946234,,,
2019-04-18T00:00:00,EURJPY,10,0.9952604300204525,0.23253477932949168,success,11,15.578616686310882,10.231558654662955,false,false,2.3253477932949167,1.6656924303046046,,,
2019-04-19T00:00:00,EURJPY,10,0.70560427516623958,0.80194902833510429,success,11,15.583406314573006,14.709276616114536,false,false,8.0194902833510433,16.892811661823536,,,
2019-04-22T00:00:00,EURJPY,10,0.69181565643078358,0.49569793091679337,success,11,15.575295574356963,14.766674168684061,false,false,4.9569793091679335,16.360564468165347,,,
2019-04-23T00:00:00,EURJPY,10,0.92856405939714393,0.39655880741797139,success,11,15.57757886567742,13.012740607399708,false,false,3.9655880741797138,41.430423424274011,,,
2019-04-24T00:00:00,EURJPY,10,0.82401665878928954,0.2923685099302189,success,11,15.466447591911313,13.922646183575385,false,false,2.923685099302189,15.420996676230523,,,
2019-04-25T00:00:00,EURJPY,10,0.79290116844578884,0.19998152543014422,success,11,15.226650561607906,13.884148104140436,false,false,1.9998152543014422,3423.3677690356885,,,
2019-04-26T00:00:00,EURJPY,10,0.78160417118045111,7.0372121873285413e-05,success,11,15.608324218037223,14.333284925479539,false,false,0.00070372121873285413,8.7285865613766305,,,
2019-04-29T00:00:00,EURJPY,10,0.61781191506893329,0.70376456210640703,success,11,15.608324192771551,15.128052982546974,false,false,7.0376456210640699,25.607790008581329,,,
2019-04-30T00:00:00,EURJPY,10,0.7132095050109003,0.59951361041749873,success,11,15.608323893175481,14.697300646578787,false,false,5.9951361041749873,37.291155773955374,,,
2019-05-01T00:00:00,EURJPY,10,0.7144003166656554,0.42224384742646431,success,11,15.606824014587044,14.689971663455369,false,false,4.222438474264643,1.8525741855942153,,,
2019-05-02T00:00:00,EURJPY,10,0.6736390703832027,0.30588575214874569,success,11,15.268317371368655,14.543626822768543,false,false,3.0588575214874569,1.9417609816416925,,,
2019-05-03T00:00:00,EURJPY,10,0.99780531250471838,0.75564213943197989,success,11,14.951031185452404,8.8315126710430043,false,false,7.5564213943197984,2.0005476018066104,,,
2019-05-06T00:00:00,EURJPY,10,0.93949000525819959,0.59634862397018185,success,11,15.109898721759958,12.36737009506197,false,false,5.9634862397018189,15.449678524897845,,,
2019-05-07T00:00:00,EURJPY,10,0.8871290425466628,0.50040389760991277,success,11,14.14597507448657,12.084229817473105,false,false,5.0040389760991282,13.874268911352235,,,
2019-05-08T00:00:00,EURJPY,10,0.86356037038484024,0.39797284725177107,success,11,14.618849535185005,12.773667969363718,false,false,3.9797284725177104,11.913895503564881,,,
2019-05-09T00:00:00,EURJPY,10,0.9331820633301412,0.27098394071898546,success,11,14.858520552008629,12.221891790173707,false,false,2.7098394071898548,2.7949930849660345,,,
2019-05-10T00:00:00,EURJPY,10,0.67580383719654524,0.49029172769705065,success,11,14.655118886432096,13.920564807500316,false,false,4.9029172769705065,1.0965131883825847,,,
2019-05-13T00:00:00,EURJPY,10,0.91889913053320027,0.8013958711015331,success,11,15.608324151396372,13.180841477080133,false,false,8.0139587110153307,116.58957964371713,,,
2019-05-14T00:00:00,EURJPY,10,0.92692024788381144,0.40319654765214546,success,11,15.60832442446228,13.068008234637839,false,false,4.0319654765214548,14.172225084724964,,,
2019-05-15T00:00:00,EURJPY,10,0.98192906183609119,0.2986688325512537,success,11,15.608323890792731,11.613109845072744,false,false,2.9866883255125369,2.0294137815062463,,,
2019-05-16T00:00:00,EURJPY,10,0.97170025116453151,0.18047018181328442,success,11,15.608323920615444,12.072129476828607,false,false,1.8047018181328442,2.4999067896224014,,,
2019-05-17T00:00:00,EURJPY,10,0.86185031425418601,0.095579095887579638,success,11,15.60832390424285,13.777580074650171,false,false,0.95579095887579635,13.96577146766937,,,
2019-05-20T00:00:00,EURJPY,10,0.85105195140784673,0.60263165400498231,success,11,15.608323899070607,13.865448302857946,false,false,6.0263165400498231,13.331024933570378,,,
2019-05-21T00:00:00,EURJPY,10,0.82721843199028,0.4978878361799291,success,11,15.608323904226969,14.042283302404602,false,false,4.9788783617992909,71.527707981018054,,,
2019-05-22T00:00:00,EURJPY,10,0.862914953199581,0.39746188160828255,success,11,15.608323884144996,13.768609258563826,false,false,3.9746188160828257,63.798734339530782,,,
2019-05-23T00:00:00,EURJPY,10,0.80663692986915569,0.29698316087656812,success,11,15.60832390545602,14.180019853517713,false,false,2.9698316087656811,47.79239703170856,,,
2019-05-24T00:00:00,EURJPY,10,0.90545336929017273,0.16945294653007856,success,11,15.608323904655014,13.348981285312066,false,false,1.6945294653007856,21.341730961107849,,,
2019-05-27T00:00:00,EURJPY,10,0.89358442770461155,1.0974503928452531e-07,success,11,15.608323893149116,13.48043499437617,false,false,1.097450392845253e-06,9.1756411432435527,,,
2019-05-28T00:00:00,EURJPY,10,0.93784357323910972,0.40516396857152837,success,11,15.586764613554058,12.87283566458991,false,false,4.0516396857152834,13.825232143039871,,,
2019-05-29T00:00:00,EURJPY,10,0.66372272889803263,0.69872425084175271,success,11,15.591057419038057,14.911128965008254,false,false,6.9872425084175269,16.789275225782191,,,
2019-05-30T00:00:00,EURJPY,10,0.6761771292135208,0.59690230567967817,success,11,15.589972724110606,14.853714328123145,false,false,5.9690230567967815,16.45450612629768,,,
2019-05-31T00:00:00,EURJPY,10,0.89570144438508914,0.97730063888280372,success,11,15.608323900402143,13.457974265885333,false,false,9.773006388828037,8.8796726512905728,,,
2019-06-03T00:00:00,EURJPY,10,0.92678760600147381,0.85425269387336833,success,11,15.608323924340612,13.069964228320734,false,false,8.5425269387336833,33.21220713568156,,,
2019-06-04T00:00:00,EURJPY,10,0.88262852689555693,0.70255444598869721,success,11,15.608323936846194,13.590763408079955,false,false,7.0255444598869721,66.266689617559109,,,
2019-06-05T00:00:00,EURJPY,10,0.92514957357045202,0.63231857220940357,success,11,15.608323960256014,13.093860342629524,false,false,6.3231857220940357,21.285212435642499,,,
2019-06-06T00:00:00,EURJPY,10,0.87000190660383425,0.5021569879095622,success,11,15.608324336740864,13.707348717760668,false,false,5.0215698790956216,75.542212117422437,,,
2019-06-07T00:00:00,EURJPY,10,0.85543794918593286,0.40589636952912089,success,11,15.608323900444473,13.830419174155761,false,false,4.0589636952912089,27.773825305211162,,,
2019-06-10T00:00:00,EURJPY,10,0.90893895640012701,0.93154874988043301,success,11,15.608323887756477,13.307576040924316,false,false,9.3154874988043304,4.0084145891211334,,,
2019-06-11T00:00:00,EURJPY,10,0.81792512762334846,0.8264599208517307,success,11,15.60832393587854,14.105971123653205,false,false,8.264599208517307,3.2942662995364138,,,
2019-06-12T00:00:00,EURJPY,10,0.79317782149524485,0.30694924337456375,success,11,15.608324437431122,14.264136385012455,false,false,3.0694924337456375,14.209534153643384,,,
2019-06-13T00:00:00,EURJPY,10,0.8601657625890613,0.20301616910473905,success,11,15.608323887416415,13.791656472157962,false,false,2.0301616910473905,14.955568752117234,,,
2019-06-14T00:00:00,EURJPY,10,0.87248651907938979,0.098382944581746928,success,11,15.608323910809846,13.685198799484343,false,false,0.98382944581746934,7.4973676918344712,,,
2019-06-17T00:00:00,EURJPY,10,0.83437979404149942,0.60024388952488583,success,11,14.727511739153941,13.110520303079463,false,false,6.0024388952488579,1415.8869259019048,,,
2019-06-18T00:00:00,EURJPY,10,0.86901483500240173,0.59616572217809682,success,11,14.739592247246819,12.847316123273391,false,false,5.9616572217809685,33519.609122645015,,,
2019-06-19T00:00:00,EURJPY,10,0.79323775906263694,0.40023781491609645,success,11,14.955179157307828,13.610625696957181,false,false,4.0023781491609647,7838.4696904949205,,,
2019-06-20T00:00:00,EURJPY,10,0.83000037747155742,0.20776053270401321,success,11,14.77092559029229,13.185295651343612,false,false,2.077605327040132,1.3616058110697269,,,
2019-06-21T00:00:00,EURJPY,10,0.86957647404521243,0.99999989992731086,success,11,15.608323884628124,13.711104649936594,false,false,9.9999989992731084,8.5652186266826984,,,
2019-06-24T00:00:00,EURJPY,10,0.86386853421429755,0.83059342265753777,success,11,15.543568844391855,13.695769325649373,false,false,8.3059342265753777,22.776305459737511,,,
2019-06-25T00:00:00,EURJPY,10,0.86563394467782351,0.70122602963496139,success,11,15.608323882821074,13.745429591919049,false,false,7.0122602963496137,132.04054566651854,,,
2019-06-26T00:00:00,EURJPY,10,0.85046498464258513,0.6002781195073249,success,11,15.60832390305235,13.870071244228164,false,false,6.0027811950732488,552.4596213737583,,,
2019-06-27T00:00:00,EURJPY,10,0.74909887927714491,0.5016741514202927,success,11,15.608323893912956,14.514511824225991,false,false,5.016741514202927,70.966110420026226,,,
2019-06-28T00:00:00,EURJPY,10,0.62033559841684405,0.40116383328908878,success,11,15.6083238900693,15.117350979486321,false,false,4.0116383328908878,62.105676396743959,,,
2019-07-01T00:00:00,EURJPY,10,0.50671946171198656,0.47088467133435241,success,11,15.608323913894989,15.581444448783524,false,false,4.7088467133435241,19.28410958377788,,,
2019-07-02T00:00:00,EURJPY,10,0.62082841060893867,0.69928727578980499,success,11,15.608323898947909,15.115258011696351,false,false,6.9928727578980494,75.531447971729193,,,
2019-07-03T00:00:00,EURJPY,10,0.65537945530690089,0.59844384937947137,success,11,15.608323901219832,14.965553453522206,false,false,5.9844384937947135,46.040516243645726,,,
2019-07-04T00:00:00,EURJPY,10,0.73902760643488719,0.49946586268416837,success,11,15.608323965297105,14.567403318519112,false,false,4.9946586268416837,199.51550665526244,,,
2019-07-05T00:00:00,EURJPY,10,0.93642903214520679,0.3912569051236674,success,11,15.607909774767256,12.917992921488226,false,false,3.912569051236674,16.683256250044479,,,
2019-07-08T00:00:00,EURJPY,10,0.76640760396305263,0.26891884654727793,success,11,15.608323903029405,14.420187453970854,false,false,2.6891884654727791,23.543631379919688,,,
2019-07-09T00:00:00,EURJPY,10,0.96717057486096836,0.59725275188520421,success,11,15.608323901662205,12.225274246964915,false,false,5.9725275188520417,91.922984553990759,,,
2019-07-10T00:00:00,EURJPY,10,0.99910025565749361,0.46058248351598252,success,11,14.931122066289975,7.918622316769941,false,false,4.605824835159825,0.61626649326494976,,,
2019-07-11T00:00:00,EURJPY,10,0.99759992409284293,0.39388138533297579,success,11,13.921816678214055,7.8919647247738602,false,false,3.9388138533297581,16.522655820540251,,,
2019-07-12T00:00:00,EURJPY,10,0.80664664666719443,0.91095624333740433,success,11,15.012334976704077,13.583968625943248,false,false,9.1095624333740428,15.96955455505409,,,
2019-07-15T00:00:00,EURJPY,10,0.79012343656039452,0.70679367433913998,success,11,14.997349164158914,13.671679546847413,false,false,7.0679367433913995,1.3481945026146314,,,
2019-07-16T00:00:00,EURJPY,10,0.88326569401197952,0.50088982981178343,success,11,15.345055906791412,13.32133031565553,false,false,5.0088982981178347,1.0695539423035951,,,
2019-07-17T00:00:00,EURJPY,10,0.9683412432040055,0.6507366750477569,success,11,15.313691229448519,11.893121466664056,false,false,6.5073667504775692,36.475083527770629,,,
2019-07-18T00:00:00,EURJPY,10,0.99408665581502298,0.50036538219421423,success,11,15.015101096695673,9.8904882382767205,false,false,5.0036538219421418,1158.6317727885566,,,
2019-07-19T00:00:00,EURJPY,10,0.98133623652105895,0.44737281988579014,success,11,15.191651686759768,11.229320399229529,false,false,4.4737281988579012,39.091748009220666,,,
2019-07-22T00:00:00,EURJPY,10,0.99082302133562672,0.48805690382592803,success,11,15.527606886676262,10.845768983164515,false,false,4.8805690382592806,23.227695194275849,,,
2019-07-23T00:00:00,EURJPY,10,0.96822734482457551,0.39827708030016001,success,11,15.608323903087213,12.191463002746085,false,false,3.9827708030016002,131.21110137476251,,,
2019-07-24T00:00:00,EURJPY,10,0.98494294475105426,0.26309929106848856,success,11,15.60832390504998,11.42758685831997,false,false,2.6309929106848857,18.281267284396115,,,
2019-07-25T00:00:00,EURJPY,10,0.96714067034875495,0.9999996659237812,success,11,15.608323895955882,12.226215652450724,false,false,9.9999966592378122,9.6966451787813082,,,
2019-07-26T00:00:00,EURJPY,10,0.95455279164607787,0.80250298039632784,success,11,15.608324092206006,12.563632538783045,false,false,8.0250298039632781,89.528015498040702,,,
2019-07-29T00:00:00,EURJPY,10,0.96702740903748374,0.63181891319255146,success,11,15.608323930193949,12.229773730192507,false,false,6.3181891319255143,1.8465427631079492,,,
2019-07-30T00:00:00,EURJPY,10,0.99898130490466575,0.39546797070242001,success,11,15.608323902142713,8.7201103274486016,false,false,3.9546797070242001,2.0118289388565174,,,
2019-07-31T00:00:00,EURJPY,10,0.98499539819808835,0.46709079471885462,success,11,15.608323893166602,11.424043864732422,false,false,4.670907947188546,1.4873292494989574,,,
2019-08-01T00:00:00,EURJPY,10,0.99730524380262975,0.30378700066695419,success,11,14.827861905544115,8.9141127556220141,false,false,3.0378700066695421,1.2128670705775813,,,
2019-08-02T00:00:00,EURJPY,10,0.93452069239546509,0.80003049149417593,success,11,14.56754123967227,11.909241648571665,false,false,8.0003049149417595,726.08977736648899,,,
2019-08-05T00:00:00,EURJPY,10,0.90200471204481469,0.70442591634714335,success,11,14.8664554487688,12.646755100147999,false,false,7.044259163471434,15.53674982269512,,,
2019-08-06T00:00:00,EURJPY,10,0.94315680645800903,0.60412796355126708,success,11,14.415873435053486,11.606937367973423,false,false,6.0412796355126712,14.975607733809076,,,
2019-08-07T00:00:00,EURJPY,10,0.86933005358515758,0.50251558983795508,success,11,14.622289470030129,12.727241259296212,false,false,5.025155898379551,16.513527238393102,,,
2019-08-08T00:00:00,EURJPY,10,0.67920950692073767,0.13170192086432525,success,11,14.286754044700778,13.536612653082004,false,false,1.3170192086432524,1.2821689943193437,,,
2019-08-09T00:00:00,EURJPY,10,0.99484166533133978,0.86007235172105712,success,11,13.724961648108827,8.4629918427034774,false,false,8.6007235172105716,3.3374634381270458,,,
2019-08-12T00:00:00,EURJPY,10,0.93226188935564347,0.39529308100613808,success,11,13.540722773166209,10.91875795650591,false,false,3.9529308100613809,16.818081221630504,,,
2019-08-13T00:00:00,EURJPY,10,0.91814834447857807,0.91535085079590883,success,11,14.75742642448092,12.339975981520505,false,false,9.1535085079590885,14.438325703619952,,,
2019-08-14T00:00:00,EURJPY,10,0.95565566130182678,0.80008492244802965,success,11,15.60832416886924,12.53791155768255,false,false,8.0008492244802962,1817.0666185400551,,,
2019-08-15T00:00:00,EURJPY,10,0.7349845361087064,0.70657960691680199,success,11,15.608323885812391,14.58826260471921,false,false,7.0657960691680195,16.36898525520381,,,
2019-08-16T00:00:00,EURJPY,10,0.87958689097470266,0.60013655520428499,success,11,15.60832450729994,13.619800558019808,false,false,6.0013655520428504,1211.929492061485,,,
2019-08-19T00:00:00,EURJPY,10,0.85958751363988828,0.50054370908937229,success,11,15.608323900601524,13.796455683544362,false,false,5.0054370908937234,298.19507687857237,,,
2019-08-20T00:00:00,EURJPY,10,0.81836499266370999,0.40440443044381469,success,11,15.608323885666479,14.103014666546278,false,false,4.0440443044381471,34.134394260828778,,,
2019-08-21T00:00:00,EURJPY,10,0.95327852407485481,0.59710431024296062,success,11,15.608325039450746,12.592621847071413,false,false,5.971043102429606,80.147417689298834,,,
2019-08-22T00:00:00,EURJPY,10,0.98118243371847746,0.49959555107312559,success,11,15.608324124478237,11.654356525363845,false,false,4.9959555107312559,634.55043770785039,,,
2019-08-23T00:00:00,EURJPY,10,0.97686360474653933,0.39741793161950301,success,11,15.608324381545327,11.865384275189928,false,false,3.9741793161950301,92.421074829240879,,,
2019-08-26T00:00:00,EURJPY,10,0.97952164229485517,0.29817747693155772,success,11,15.608323894086716,11.740628168476215,false,false,2.9817747693155772,133.02853537206167,,,
2019-08-27T00:00:00,EURJPY,10,0.9845831799473026,0.13314714474510983,success,11,15.608323894821773,11.451564635381516,false,false,1.3314714474510982,9.9890451533005642,,,
2019-08-28T00:00:00,EURJPY,10,0.90952563963424859,3.7351426742321658e-06,success,11,15.608323917270004,13.300467228487518,false,false,3.7351426742321658e-05,9.7702593615012656,,,
2019-08-29T00:00:00,EURJPY,10,0.91319427652599661,0.2607066132327065,success,11,15.608323893124631,13.255047804114009,false,false,2.607066132327065,0.71928422610287379,,,
2019-08-30T00:00:00,EURJPY,10,0.84221330211612888,0.99974098155932789,success,11,15.608323993724669,13.933534791180234,false,false,9.9974098155932793,0.21285139064298392,,,
2019-09-02T00:00:00,EURJPY,10,0.70678447421648727,0.39343233392542787,success,11,15.608323901699285,14.728506049286249,false,false,3.9343233392542789,12.815812066670233,,,
2019-09-03T00:00:00,EURJPY,10,0.64797648140949904,0.29644983092155786,success,11,15.608324065853443,14.998167651824648,false,false,2.9644983092155788,14.857008192525251,,,
2019-09-04T00:00:00,EURJPY,10,0.77903221555531066,0.99999153382089756,success,11,15.608323893677751,14.348288412797395,false,false,9.9999153382089752,0.24977596624376083,,,
2019-09-05T00:00:00,EURJPY,10,0.80029110469763587,0.51685864005366544,success,11,15.603569189812291,14.215454430217463,false,false,5.168586400536654,19.29587121017267,,,
2019-09-06T00:00:00,EURJPY,10,0.6836105024136786,0.40160820112006707,success,11,15.608323880051817,14.837909607411303,false,false,4.0160820112006705,58.147358007449675,,,
2019-09-09T00:00:00,EURJPY,10,0.58945143441801184,0.69894662423676091,success,11,15.608295354033597,15.246597252068057,false,false,6.9894662423676088,5130.1825114215389,,,
2019-09-10T00:00:00,EURJPY,10,0.55420371286305337,0.400995300235509,success,11,15.557678384100903,15.340008144571453,false,false,4.0099530023550898,16.502973424860219,,,
2019-09-11T00:00:00,EURJPY,10,0.81322229859532602,0.84241828003313335,success,11,15.523436759291748,14.052351404286634,false,false,8.4241828003313337,2.7188293636350411,,,
2019-09-12T00:00:00,EURJPY,10,0.75727449599869612,0.49930557605334791,success,11,15.585406781469208,14.44761217514024,false,false,4.9930557605334789,16.277536165815423,,,
2019-09-13T00:00:00,EURJPY,10,0.87146726912826256,0.39759079097115824,success,11,15.583874162398214,13.669879441937811,false,false,3.9759079097115824,16.496333507040223,,,
2019-09-16T00:00:00,EURJPY,10,0.64282710739773519,0.62789675854264337,success,11,15.608323888463511,15.020668042228831,false,false,6.2789675854264342,0.94695772665175859,,,
2019-09-17T00:00:00,EURJPY,10,0.65634341435092314,0.50833989482279196,success,11,15.608323950336549,14.961282662094085,false,false,5.08339894822792,0.88765846776317414,,,
2019-09-18T00:00:00,EURJPY,10,0.64690679997401057,0.38677430590798428,success,11,15.608323912029148,15.002853722225526,false,false,3.8677430590798427,0.95337569893605056,,,
2019-09-19T00:00:00,EURJPY,10,0.69918482655970027,0.40130195180814143,success,11,15.60832390520048,14.764904816660687,false,false,4.0130195180814141,80.374010545466689,,,
2019-09-20T00:00:00,EURJPY,10,0.72209093127373991,0.30014883095352818,success,11,15.608323907653183,14.653466802370151,false,false,3.001488309535282,776.05029257215529,,,
2019-09-23T00:00:00,EURJPY,10,0.63241903375451902,0.20241249139261056,success,11,15.608323890897863,15.065715299065479,false,false,2.0241249139261055,31.028344699665166,,,
2019-09-24T00:00:00,EURJPY,10,0.68572016153930082,0.8953911816477067,success,11,15.608323893080524,14.828138070674546,false,false,8.953911816477067,15.648940744247648,,,
2019-09-25T00:00:00,EURJPY,10,0.95040778198294651,0.83565970187216332,success,11,15.608323916077238,12.655266705993142,false,false,8.356597018721633,1.5552118776348791,,,
2019-09-26T00:00:00,EURJPY,10,0.9838394583101443,0.62897742615568109,success,11,15.608324110460345,11.499433951785702,false,false,6.2897742615568113,0.97001698193925534,,,
2019-09-27T00:00:00,EURJPY,10,0.80483143447157079,0.59738565983995495,success,11,15.608323888160751,14.191554654600209,false,false,5.9738565983995491,56.019121232401517,,,
2019-09-30T00:00:00,EURJPY,10,0.858987458449602,0.14191649832725275,success,11,15.608324120102349,13.801418631988309,false,false,1.4191649832725275,0.59169038909461336,,,
2019-10-01T00:00:00,EURJPY,10,0.94314060092462304,0.34808274880040918,success,11,15.504676686746201,12.696042853297104,false,false,3.4808274880040919,1.3223937657229472,,,
2019-10-02T00:00:00,EURJPY,10,0.59651582461111263,0.29455944963360753,success,11,15.552461600533062,15.161493098815889,false,false,2.9455944963360752,15.488509098845375,,,
2019-10-03T00:00:00,EURJPY,10,0.65439591106622008,0.19374696509433625,success,11,15.458045462094317,14.819626793461515,false,false,1.9374696509433624,15.512426790078722,,,
2019-10-04T00:00:00,EURJPY,10,0.76774300218925295,1.229172948632856e-07,success,11,15.60832412372949,14.412713586899036,false,false,1.2291729486328559e-06,7.902043679220875,,,
2019-10-07T00:00:00,EURJPY,10,0.60271831038033541,0.99999886266522842,success,11,15.60832388915739,15.191519523262125,false,false,9.9999886266522839,2.2975092485172581,,,
2019-10-08T00:00:00,EURJPY,10,0.59886772195872573,0.80450240819878938,success,11,15.608323894423798,15.207574395488152,false,false,8.0450240819878935,15.209138124239356,,,
2019-10-09T00:00:00,EURJPY,10,0.79389564530925605,0.99999928614962297,success,11,15.608323900203999,14.259754493367813,false,false,9.9999928614962297,0.99505017780428573,,,
2019-10-10T00:00:00,EURJPY,10,0.8566055243250178,0.80361387019282393,success,11,15.554600145571332,13.767222034819644,false,false,8.0361387019282393,1.330514409948949,,,
2019-10-11T00:00:00,EURJPY,10,0.80707854044487914,0.64068006448099124,success,11,14.628875996008334,13.197738169272624,false,false,6.4068006448099126,40.448005399126927,,,
2019-10-14T00:00:00,EURJPY,10,0.87329273649155326,0.5181065818788172,success,11,14.920501324037501,12.990109916049461,false,false,5.1810658187881717,18.215685217787414,,,
2019-10-15T00:00:00,EURJPY,10,0.93380874878728026,0.41101674848810232,success,11,15.332542745524187,12.685819391317001,false,false,4.110167484881023,19.816115381409315,,,
2019-10-16T00:00:00,EURJPY,10,0.97147889947865496,0.18782515081065387,success,11,15.410924661315136,11.882749294767962,false,false,1.8782515081065387,2.9597494705605119,,,
2019-10-17T00:00:00,EURJPY,10,0.54888065102002459,0.39392250103401849,success,11,15.604649830288189,15.408500742196662,false,false,3.9392250103401851,16.48902109862156,,,
2019-10-18T00:00:00,EURJPY,10,0.9658282084851495,0.69850318552269397,success,11,15.608323881859643,12.266738395688012,false,false,6.9850318552269401,14.891288817768418,,,
2019-10-21T00:00:00,EURJPY,10,0.92829075800764438,0.61006913976134192,success,11,15.608324223543184,13.047598860391069,false,false,6.1006913976134189,1.9054766995591756,,,
2019-10-22T00:00:00,EURJPY,10,0.88345283354405635,0.52073102268347848,success,11,15.507705721921457,13.482163870855745,false,false,5.2073102268347853,1.1844331010828479,,,
2019-10-23T00:00:00,EURJPY,10,0.71350794685498187,0.5027457837688375,success,11,15.294239163033318,14.381756386386217,false,false,5.0274578376883747,1.0597105103172948,,,
2019-10-24T00:00:00,EURJPY,10,0.63018155881970694,0.60003074247413368,success,11,15.286555567274362,14.753559786497577,false,false,6.0003074247413366,988.58061515158295,,,
2019-10-25T00:00:00,EURJPY,10,0.68288193503464378,0.0016743066698346209,success,11,15.608323885648032,14.841276052563462,false,false,0.016743066698346208,7.3488259947319827,,,
2019-10-28T00:00:00,EURJPY,10,0.65162287072552361,0.50130371360452819,success,11,15.608323884015357,14.982143506372243,false,false,5.0130371360452814,54.67678390819615,,,
2019-10-29T00:00:00,EURJPY,10,0.58124797414276319,9.9999999999999995e-08,success,11,15.574470062592384,15.246571512038278,false,false,9.9999999999999995e-07,0.95588155723296186,,,
2019-10-30T00:00:00,EURJPY,10,0.68597349153643572,0.33143368457176947,success,11,15.60832390168907,14.82696232098839,false,false,3.3143368457176945,25.57077133176044,,,
2019-10-31T00:00:00,EURJPY,10,0.83940395023315884,0.91470243049334221,success,11,15.608323889945392,13.954524037527623,false,false,9.1470243049334226,7.0674222988530779,,,
2019-11-01T00:00:00,EURJPY,10,0.76973872510825203,0.99998820107772346,success,11,15.608323881812186,14.401487384565938,false,false,9.9998820107772346,0.15856424655068499,,,
2019-11-04T00:00:00,EURJPY,10,0.69749119583487795,0.40105617032216279,success,11,15.608323886953858,14.772944377522411,false,false,4.0105617032216276,96.097011546825243,,,
2019-11-05T00:00:00,EURJPY,10,0.60527540990643947,0.30005392624043026,success,11,15.608323892600797,15.180828596613267,false,false,3.0005392624043026,1098.3440333050053,,,
2019-11-06T00:00:00,EURJPY,10,0.59771318343904534,0.20003536019514309,success,11,15.608323890147304,15.212378185859944,false,false,2.000353601951431,1828.7986168227505,,,
2019-11-07T00:00:00,EURJPY,10,0.88837855558363543,0.6035102147487198,success,11,15.608323904762774,13.534039137034721,false,false,6.0351021474871978,16.306011943958147,,,
2019-11-08T00:00:00,EURJPY,10,0.83128996268248057,0.50545816540521915,success,11,15.608323916136676,14.013526735725849,false,false,5.0545816540521917,9.9318497545834727,,,
2019-11-11T00:00:00,EURJPY,10,0.9154363939262824,0.39967849344093315,success,11,15.608323902011012,13.226427002979975,false,false,3.9967849344093316,17.848262441706396,,,
2019-11-12T00:00:00,EURJPY,10,0.9267783802122207,0.30502574284046552,success,11,15.608323888032553,13.070100152747633,false,false,3.0502574284046551,14.765035772512478,,,
2019-11-13T00:00:00,EURJPY,10,0.97219944853309881,0.20266646113344916,success,11,15.608323910148215,12.053818790211821,false,false,2.0266646113344917,15.001039825558482,,,
2019-11-14T00:00:00,EURJPY,10,0.98149921703009568,5.6802768873442179e-07,success,11,15.608323895043329,11.637055732941231,false,false,5.6802768873442183e-06,0.29515714373015733,,,
2019-11-15T00:00:00,EURJPY,10,0.88641559960984584,0.9459873078063209,success,11,15.608323904047392,13.553684165719929,false,false,9.4598730780632092,3.9967293635049517,,,
2019-11-18T00:00:00,EURJPY,10,0.88113279232858965,0.80719296368153581,success,11,15.608323911290942,13.605122535731393,false,false,8.0719296368153586,16.321817186573497,,,
2019-11-19T00:00:00,EURJPY,10,0.79063820187007683,0.70752229176420245,success,11,15.608323903358656,14.279547280448226,false,false,7.0752229176420247,18.43431370097727,,,
2019-11-20T00:00:00,EURJPY,10,0.69632456660765052,0.61781351915971594,success,11,15.608323892619916,14.778467487395119,false,false,6.1781351915971596,22.755744438584248,,,
2019-11-21T00:00:00,EURJPY,10,0.60802464605626694,0.50747766123042837,success,11,15.608323943829552,15.169307491629583,false,false,5.0747766123042837,17.082348182268941,,,
2019-11-22T00:00:00,EURJPY,10,0.84983859923926075,0.59872269241719267,success,11,15.569341864031317,13.83600613651431,false,false,5.9872269241719271,17.931769889131051,,,
2019-11-25T00:00:00,EURJPY,10,0.72814828909902984,0.4977819319348078,success,11,15.608323887016038,14.6230759028647,false,false,4.977819319348078,50.940582263389842,,,
2019-11-26T00:00:00,EURJPY,10,0.80819037496704715,0.3971276818424489,success,11,15.60832249328327,14.170028193775272,false,false,3.9712768184244891,33.074969761364152,,,
2019-11-27T00:00:00,EURJPY,10,0.79744901374999555,0.29779293869230361,success,11,15.608323891831859,14.237897630623495,false,false,2.9779293869230359,60.678497366742462,,,
2019-11-28T00:00:00,EURJPY,10,0.84868597650638888,0.16822592315237764,success,11,15.608323907707119,13.883991967539089,false,false,1.6822592315237763,19.961009549312177,,,
2019-11-29T00:00:00,EURJPY,10,0.94409934079420799,0.7799569816176799,success,11,15.438047019635327,12.611391797816072,false,false,7.799569816176799,1.0225661802890558,,,
2019-12-02T00:00:00,EURJPY,10,0.94922309860994369,0.79219380989882715,success,11,15.525283335609201,12.597081030657195,false,false,7.9219380989882717,39.308744209994785,,,
2019-12-03T00:00:00,EURJPY,10,0.63669272717712466,0.90723038203874096,success,11,15.592242159408617,15.031203952941896,false,false,9.0723038203874093,14.639436340910587,,,
2019-12-04T00:00:00,EURJPY,10,0.63491700957093944,0.67270529893217201,success,11,15.608323895956735,15.054954297970403,false,false,6.7270529893217201,1.3801383958703746,,,
2019-12-05T00:00:00,EURJPY,10,0.65733125541831428,0.20273882953207295,success,11,15.608324066889157,14.956900202810958,false,false,2.0273882953207294,10.045596821509944,,,
2019-12-06T00:00:00,EURJPY,10,0.83752829734249579,0.99999199236296887,success,11,15.608324285569553,13.968373083683309,false,false,9.9999199236296885,8.7783523808768376,,,
2019-12-09T00:00:00,EURJPY,10,0.85820726871747932,0.5144106474430139,success,11,15.608323894729626,13.807844604918904,false,false,5.1441064744301395,11.090075786073273,,,
2019-12-10T00:00:00,EURJPY,10,0.93052577420277804,0.40411481367569485,success,11,15.608324351517121,13.013530408463662,false,false,4.0411481367569486,51.542345598082576,,,
2019-12-11T00:00:00,EURJPY,10,0.87835767969222256,0.30155301161899006,success,11,15.608324120513508,13.631355167606568,false,false,3.0155301161899004,126.31519346718936,,,
2019-12-12T00:00:00,EURJPY,10,0.99739245070509197,0.21916067091795507,success,11,15.597204869513954,9.6504713581651718,false,false,2.1916067091795508,10.164991894443084,,,
2019-12-13T00:00:00,EURJPY,10,0.98028430761606078,0.11707004880634127,success,11,15.608323885761298,11.701896132723002,false,false,1.1707004880634126,14.628803331639363,,,
2019-12-16T00:00:00,EURJPY,10,0.53967273166407881,0.73575693984288948,success,11,15.608323887891355,15.449298673955672,false,false,7.357569398428895,26.037013818262494,,,
2019-12-17T00:00:00,EURJPY,10,0.55680895727474289,0.36821176645329157,success,11,15.60832390235471,15.38010263117576,false,false,3.6821176645329157,26.25127037612922,,,
2019-12-18T00:00:00,EURJPY,10,0.54058036039618529,0.26676818864661594,success,11,15.608323879083928,15.445644615066053,false,false,2.6676818864661596,26.322333315266668,,,
2019-12-19T00:00:00,EURJPY,10,0.63467641751777193,0.79768560414762169,success,11,15.608323898377908,15.05599209627453,false,false,7.9768560414762169,34.050051827751567,,,
2019-12-20T00:00:00,EURJPY,10,0.85209556610797488,0.69992898535080617,success,11,15.46681871796801,13.715686378888886,false,false,6.9992898535080617,715.37066921691428,,,
2019-12-23T00:00:00,EURJPY,10,0.6920918855044792,0.59994195768283454,success,11,15.346817518365246,14.536900197945933,false,false,5.9994195768283456,1108.1952456047923,,,
2019-12-24T00:00:00,EURJPY,10,0.7676133791196984,0.49992361340984448,success,11,15.097221081569293,13.902337341739555,false,false,4.999236134098445,1286.2263892705096,,,
2019-12-26T00:00:00,EURJPY,10,0.60367800806022909,0.39978661481493077,success,11,15.541028854368681,15.120214889637687,false,false,3.9978661481493076,532.15092452446731,,,
2019-12-27T00:00:00,EURJPY,10,0.80183140547650344,0.29567787534153711,success,11,15.384627777419231,13.986847565139001,false,false,2.9567787534153709,15.384980276311827,,,
2019-12-30T00:00:00,EURJPY,10,0.77667521045461696,0.7907185059897901,success,11,15.608323890517479,14.361928799319195,false,false,7.907185059897901,7.444212534313376,,,
2019-12-31T00:00:00,EURJPY,10,0.70051585473295674,0.62100596977978917,success,11,15.603851319695398,14.754095799538231,false,false,6.2100596977978917,2.9733767856218374,,,
2020-01-02T00:00:00,EURJPY,10,0.87243795362776544,0.29180492276589759,success,11,15.600659078125439,13.677970424340252,false,false,2.918049227658976,0.45444454282791219,,,
2020-01-03T00:00:00,EURJPY,10,0.93237442060650566,0.48942167253781027,success,11,15.285623212257246,12.661875044269998,false,false,4.8942167253781026,17.232327802913467,,,
2020-01-06T00:00:00,EURJPY,10,0.89782817624066369,0.35368055463534021,success,11,15.608323885824868,13.435001119006941,false,false,3.5368055463534023,3.9067523475052499,,,
2020-01-07T00:00:00,EURJPY,10,0.60436792396303984,0.68893032380200891,success,11,15.608324090059238,15.184625610400072,false,false,6.8893032380200889,10.818625024703765,,,
2020-01-08T00:00:00,EURJPY,10,0.58413706316246661,0.53561312429461938,success,11,15.608323982941737,15.268544057669867,false,false,5.3561312429461942,18.28517016115747,,,
2020-01-09T00:00:00,EURJPY,10,0.71305934580724051,0.089965542787380573,success,11,15.608323941353124,14.698034705012891,false,false,0.8996554278738057,13.886057490431785,,,
2020-01-10T00:00:00,EURJPY,10,0.79018020371718778,0.93362662728032375,success,11,15.60832389392113,14.28231191788996,false,false,9.336266272803238,2.3845455265883113,,,
2020-01-13T00:00:00,EURJPY,10,0.65903476286964535,0.60262143696698744,success,11,15.608323901899961,14.949328146036086,false,false,6.0262143696698747,13.079724888264133,,,
2020-01-14T00:00:00,EURJPY,10,0.62428319614631556,0.49419977610596816,success,11,15.608323982959652,15.100555555932569,false,false,4.9419977610596817,15.971289678634163,,,
2020-01-15T00:00:00,EURJPY,10,0.77372466002611495,0.40276122463697189,success,11,15.608323887493556,14.378860389786492,false,false,4.0276122463697188,14.143809014787637,,,
2020-01-16T00:00:00,EURJPY,10,0.90032958330810653,0.30407088292555362,success,11,15.608324016354718,13.407432026076856,false,false,3.0407088292555362,4.7099309018205435,,,
2020-01-17T00:00:00,EURJPY,10,0.80902373158492036,0.1990266354454337,success,11,15.608323898257204,14.164644818351936,false,false,1.9902663544543371,3.3845294011235092,,,
2020-01-20T00:00:00,EURJPY,10,0.73796016703632705,0.18763965114245829,success,11,15.608323892826732,14.572930570305997,false,false,1.8763965114245829,9.6873318629973966,,,
2020-01-21T00:00:00,EURJPY,10,0.6073725702864915,0.79925840741766341,success,11,15.546917868558534,15.110636622413724,false,false,7.9925840741766336,2451.5347464231904,,,
2020-01-22T00:00:00,EURJPY,10,0.66412325159623775,0.60018514697136693,success,11,15.329606273023055,14.647882793339315,false,false,6.0018514697136691,649.24122343090608,,,
2020-01-23T00:00:00,EURJPY,10,0.67921941671528163,0.50084574945877458,success,11,15.153477525794852,14.403290651820909,false,false,5.0084574945877458,163.53583717299989,,,
2020-01-24T00:00:00,EURJPY,10,0.62471988453307303,0.4535489208544477,success,11,15.129974853035572,14.620344210213281,false,false,4.5354892085444769,0.81868851591379532,,,
2020-01-27T00:00:00,EURJPY,10,0.68044135846788667,9.9999999999999995e-08,success,11,15.021425512891108,14.265624667244106,false,false,9.9999999999999995e-07,0.6542440910536732,,,
2020-01-28T00:00:00,EURJPY,10,0.66123610819543865,0.61970141118228583,success,11,15.608323898714394,14.939516304532876,false,false,6.1970141118228579,21.315318889124477,,,
2020-01-29T00:00:00,EURJPY,10,0.55728157995251881,0.50749797120733631,success,11,15.608323884622964,15.378187190187322,false,false,5.0749797120733628,15.645945850301947,,,
2020-01-30T00:00:00,EURJPY,10,0.56631027196243788,0.40040261306881775,success,11,15.608323894901421,15.34151114928966,false,false,4.0040261306881773,13.693903669511554,,,
2020-01-31T00:00:00,EURJPY,10,0.52229122369174807,0.99999989999963235,success,11,15.608323902053042,15.51909986218123,false,false,9.9999989999963237,16.717713527117976,,,
2020-02-03T00:00:00,EURJPY,10,0.6596813056061831,0.9014006794246423,success,11,15.608323892907363,14.946449559837076,false,false,9.0140067942464235,0.90015032071381706,,,
2020-02-04T00:00:00,EURJPY,10,0.72621083959781862,0.99999990000000005,success,11,15.381991522497238,14.406509459762125,false,false,9.9999990000000007,2.6105485830875343,,,
2020-02-05T00:00:00,EURJPY,10,0.66208877193835136,0.39987691740260523,success,11,15.553121319705678,14.880504898291729,false,false,3.9987691740260525,19178.179129946409,,,
2020-02-06T00:00:00,EURJPY,10,0.85397955858170738,0.20006110466496363,success,11,15.290679050168499,13.524518414375621,false,false,2.0006110466496363,2089.6623729984617,,,
2020-02-07T00:00:00,EURJPY,10,0.70793715126595846,0.60531384633418439,success,11,15.608324036772318,14.72293773091622,false,false,6.0531384633418437,17.716967317336518,,,
2020-02-10T00:00:00,EURJPY,10,0.73143497988190098,0.50259355803951711,success,11,15.608323900109003,14.606408614833459,false,false,5.0259355803951715,40.079931090988367,,,
2020-02-11T00:00:00,EURJPY,10,0.82026202262080072,0.40431835846917508,success,11,15.60832388295907,14.090200163091568,false,false,4.043183584691751,34.023405740373882,,,
2020-02-12T00:00:00,EURJPY,10,0.86177585637894616,0.86035024965831786,success,11,15.606067963512759,13.775949350726362,false,false,8.6035024965831788,3.2294864332258637,,,
2020-02-13T00:00:00,EURJPY,10,0.62080183036878034,0.30466195621544612,success,11,15.574196974551741,15.081244000731088,false,false,3.0466195621544609,6586.6666655847685,,,
2020-02-14T00:00:00,EURJPY,10,0.61464782469425272,0.59563090233878002,success,11,15.583032503533397,15.116140699743983,false,false,5.9563090233878002,19.313892797400129,,,
2020-02-17T00:00:00,EURJPY,10,0.68119910721740218,0.5329381747818146,success,11,15.589965307292998,14.830677416467514,false,false,5.3293817478181458,1.6054488339610324,,,
2020-02-18T00:00:00,EURJPY,10,0.89418879245022131,1.6781995582660803e-06,success,11,15.608323881764615,13.474063396934737,false,false,1.6781995582660804e-05,8.8918606314584601,,,
2020-02-19T00:00:00,EURJPY,10,0.99635150862316202,0.93858710110957055,success,11,15.608323986111101,9.998537631223158,false,false,9.3858710110957055,4.3917257248988664,,,
2020-02-20T00:00:00,EURJPY,10,0.9897979203186944,0.89784604814472591,success,11,15.555660679835572,10.980751468264152,false,false,8.9784604814472591,1438.6198611123655,,,
2020-02-21T00:00:00,EURJPY,10,0.97101702196618278,0.79232595196913924,success,11,15.531831245704653,12.02019594052509,false,false,7.9232595196913929,347.01229433588929,,,
2020-02-24T00:00:00,EURJPY,10,0.90344178215738935,0.34540859293175119,success,11,15.601431811974964,13.365366260068727,false,false,3.4540859293175119,0.83043468055388159,,,
2020-02-25T00:00:00,EURJPY,10,0.93723122166346062,0.49789085116611298,success,11,15.572758433422303,12.869286203178289,false,false,4.97890851166113,15.453947654432318,,,
2020-02-26T00:00:00,EURJPY,10,0.84188060785657903,0.3586367555873699,success,11,15.580845443810896,13.908557629664616,false,false,3.5863675558736992,3.3804414937825435,,,
2020-02-27T00:00:00,EURJPY,10,0.89664661309398574,0.79331475344198776,success,11,15.588884780944094,13.428377018660555,false,false,7.9331475344198772,2.7369618865882299,,,
2020-02-28T00:00:00,EURJPY,10,0.65440784723367285,0.99998319807578384,success,11,15.608323893266935,14.969852447112457,false,false,9.999831980757838,2.2985561182681322,,,
2020-03-02T00:00:00,EURJPY,10,0.73868215016773353,0.80111611427761775,success,11,15.6083239085293,14.569193669967754,false,false,8.011161142776178,109.25016195967945,,,
2020-03-03T00:00:00,EURJPY,10,0.67933101615185321,0.70276322668413227,success,11,15.608323895807855,14.857624769772178,false,false,7.0276322668413229,32.759543348884385,,,
2020-03-04T00:00:00,EURJPY,10,0.64331366316697614,0.48143125495996186,success,11,15.608323943819029,15.018548313710033,false,false,4.8143125495996184,1.2025865147242853,,,
2020-03-05T00:00:00,EURJPY,10,0.76375436348012127,0.51213160028183469,success,11,15.608323899441391,14.434949772187135,false,false,5.1213160028183466,17.202588296885605,,,
2020-03-06T00:00:00,EURJPY,10,0.62975115533923054,1.0000000000018065e-07,success,11,15.608323896834086,15.077174479716216,false,false,1.0000000000018065e-06,0.665808459982142,,,
2020-03-09T00:00:00,EURJPY,10,0.61296925482231412,0.99999990000000005,success,11,15.608323885490911,15.148513240855694,false,false,9.9999990000000007,0.12193309475973779,,,
2020-03-10T00:00:00,EURJPY,10,0.8446272871532835,0.99997334439312868,success,11,15.60832390289494,13.915255282642581,false,false,9.9997334439312873,1.2009369838596846,,,
2020-03-11T00:00:00,EURJPY,10,0.82349665250403492,0.70008755751202612,success,11,15.608326456434773,14.06810681396335,false,false,7.0008755751202614,1628.5062753506986,,,
2020-03-12T00:00:00,EURJPY,10,0.72562957276336049,0.60652314322265855,success,11,15.608323904785552,14.635763368108689,false,false,6.0652314322265859,15.43789885926943,,,
2020-03-13T00:00:00,EURJPY,10,0.82670008626861413,0.50173122922360025,success,11,15.608323902204347,14.045905624514898,false,false,5.0173122922360021,83.081896112269035,,,
2020-03-16T00:00:00,EURJPY,10,0.85148794032778197,0.40108139981304874,success,11,15.60832390858697,13.862004736300246,false,false,4.0108139981304873,150.81994270522375,,,
2020-03-17T00:00:00,EURJPY,10,0.96316853537367642,0.30244199284015372,success,11,15.608323950891497,12.344448040509437,false,false,3.0244199284015369,112.3010815882741,,,
2020-03-18T00:00:00,EURJPY,10,0.98023778111399873,0.24552812665415891,success,11,15.608324075480482,11.704300877274044,false,false,2.4552812665415891,41.738163157131908,,,
2020-03-19T00:00:00,EURJPY,10,0.91899426162521092,0.12495047686344266,success,11,15.608324010970785,13.179564129081925,false,false,1.2495047686344265,42.973003659056047,,,
2020-03-20T00:00:00,EURJPY,10,0.95119098745859487,0.61259222029117488,success,11,15.608323885002562,12.638523993621021,false,false,6.1259222029117488,14.072468820215549,,,
2020-03-23T00:00:00,EURJPY,10,0.97270959992908423,0.54168783662279218,success,11,15.60832392181195,12.034773337217619,false,false,5.4168783662279214,4.6080744725635672,,,
2020-03-24T00:00:00,EURJPY,10,0.98802476434785869,0.58939240276333416,success,11,15.60832388954999,11.195456948765887,false,false,5.893924027633342,1.9465003093400599,,,
2020-03-25T00:00:00,EURJPY,10,0.98040643729680266,0.3301666454970662,success,11,15.608323910837848,11.695557771995276,false,false,3.301666454970662,9.8555746085543614,,,
2020-03-26T00:00:00,EURJPY,10,0.98799577691822471,0.35175759371065884,success,11,15.608323894622478,11.197903982616733,false,false,3.5175759371065882,1.2563327397002477,,,
2020-03-27T00:00:00,EURJPY,10,0.99340645671322747,4.7586269267219846e-07,success,11,15.608323884722669,10.593274862771429,false,false,4.7586269267219847e-06,0.80291237431814433,,,
2020-03-30T00:00:00,EURJPY,10,0.83685512102728654,0.23460945917249726,success,11,14.878085584554176,13.243073256290886,false,false,2.3460945917249725,1.4354394473514365,,,
2020-03-31T00:00:00,EURJPY,10,0.72435001821964218,0.30507523143703658,success,11,14.449900087608059,13.483757240405982,false,false,3.0507523143703659,1.4918066166150761,,,
2020-04-01T00:00:00,EURJPY,10,0.78742862540472247,0.5999307497124915,success,11,13.768292296984205,12.458797377216291,false,false,5.9993074971249145,828.31020365753852,,,
2020-04-02T00:00:00,EURJPY,10,0.91457388369909975,0.49996145868346947,success,11,12.802922552725022,10.432116162326807,false,false,4.9996145868346948,1384.9501667758445,,,
2020-04-03T00:00:00,EURJPY,10,0.9151187439744195,0.38908501908574722,success,11,13.478993640331627,11.101193100499296,false,false,3.890850190857472,18.379638324434151,,,
2020-04-06T00:00:00,EURJPY,10,0.88028658771396817,0.29488340013749959,success,11,13.62547318282309,11.630326315972408,false,false,2.9488340013749959,36.18282502844577,,,
2020-04-07T00:00:00,EURJPY,10,0.99898471108510833,0.79968364648997525,success,11,13.749242962160412,6.8576767050514924,false,false,7.9968364648997525,163.29249369793359,,,
2020-04-08T00:00:00,EURJPY,10,0.69257483768037464,0.59807812986943287,success,11,14.836846653573591,14.02466203555444,false,false,5.9807812986943292,15.503632129549093,,,
2020-04-09T00:00:00,EURJPY,10,0.74748866550242554,0.50019996950384482,success,11,14.656386987944828,13.57112398280964,false,false,5.0019996950384478,589.49116803756999,,,
2020-04-10T00:00:00,EURJPY,10,0.81514528360869465,0.40005612525004508,success,11,14.593409365376614,13.109613205677785,false,false,4.000561252500451,1099.5009263482057,,,
2020-04-13T00:00:00,EURJPY,10,0.73673585441106371,0.30002894942098723,success,11,14.840853423069237,13.811781885622088,false,false,3.0002894942098721,752.44177990918911,,,
2020-04-14T00:00:00,EURJPY,10,0.82065627820830667,0.56213098670159367,success,11,15.307653132939478,13.786852971525825,false,false,5.6213098670159365,5.3410860404980429,,,
2020-04-15T00:00:00,EURJPY,10,0.97793180714373418,0.40746065444113133,success,11,15.536654862549044,11.745352256346035,false,false,4.0746065444113135,14.323744517474511,,,
2020-04-16T00:00:00,EURJPY,10,0.54777379668752935,0.39971956255112528,success,11,15.608323895344792,15.41664397783642,false,false,3.9971956255112531,56.921644779563891,,,
2020-04-17T00:00:00,EURJPY,10,0.67255235895916232,0.29991962316104759,success,11,15.549650575100808,14.829898777076703,false,false,2.9991962316104757,22699.552817907839,,,
2020-04-20T00:00:00,EURJPY,10,0.99791080888412553,0.79327971208933545,success,11,15.608323942773961,9.4394370054772505,false,false,7.9327971208933548,6.2627426234435042,,,
2020-04-21T00:00:00,EURJPY,10,0.955231758125337,0.65756725874693878,success,11,15.608324097308932,12.547869108920295,false,false,6.5756725874693878,2.9969386787107966,,,
2020-04-22T00:00:00,EURJPY,10,0.85704702162748836,0.54031863596675855,success,11,15.608323972534691,13.817346941348131,false,false,5.4031863596675853,2.5784093067554701,,,
2020-04-23T00:00:00,EURJPY,10,0.78089955707412251,0.42288285086098271,success,11,15.608323905430924,14.337407640130561,false,false,4.2288285086098272,1.286442542247171,,,
2020-04-24T00:00:00,EURJPY,10,0.67944997301950916,0.51093133052190898,success,11,15.608323897050361,14.857078643995797,false,false,5.1093133052190902,0.79726712388135901,,,
2020-04-27T00:00:00,EURJPY,10,0.7181123390817794,2.1070979269945141e-06,success,11,15.608324220837192,14.673206828942305,false,false,2.1070979269945139e-05,0.98435991014130786,,,
2020-04-28T00:00:00,EURJPY,10,0.69281968673844618,0.42209371322449341,success,11,15.60832392088424,14.794989062631815,false,false,4.2209371322449343,1.1071610319977241,,,
2020-04-29T00:00:00,EURJPY,10,0.77019884472263234,0.36982609502475838,success,11,15.608323911803877,14.398889583113483,false,false,3.6982609502475841,1.2749352200522273,,,
2020-04-30T00:00:00,EURJPY,10,0.98610138108260692,0.40240241482132344,success,11,15.364743131926419,11.102773438778197,false,false,4.0240241482132344,15.60549478778359,,,
2020-05-01T00:00:00,EURJPY,10,0.82759596685336989,0.66810943783632537,success,11,15.514132443992064,13.94544812351478,false,false,6.6810943783632535,1.957810180611665,,,
2020-05-04T00:00:00,EURJPY,10,0.89790715424714707,0.61652079214771527,success,11,15.471720545599892,13.297536526084608,false,false,6.1652079214771529,1.6469121541124208,,,
2020-05-05T00:00:00,EURJPY,10,0.95453689925091334,0.60569971042996806,success,11,14.867431655713277,11.823106379488944,false,false,6.0569971042996809,17.234098490060592,,,
2020-05-06T00:00:00,EURJPY,10,0.95839063616651032,0.50522422971038428,success,11,14.436194878859334,11.299264655911866,false,false,5.0522422971038425,16.990608243543207,,,
2020-05-07T00:00:00,EURJPY,10,0.8773763627706741,0.40416041132091685,success,11,15.18570849691908,13.217892253138761,false,false,4.0416041132091687,16.401813169435819,,,
2020-05-08T00:00:00,EURJPY,10,0.69675670242306686,0.4969702131392908,success,11,14.468048406616578,13.636147566356202,false,false,4.969702131392908,16.08119026347002,,,
2020-05-11T00:00:00,EURJPY,10,0.68742293787380881,0.39777753724767906,success,11,14.246114480568909,13.458015785255927,false,false,3.9777753724767906,16.517635520740502,,,
2020-05-12T00:00:00,EURJPY,10,0.68129866381904369,0.61449800780687236,success,11,14.484463878048667,13.724717515505985,false,false,6.1449800780687234,19.591114508514483,,,
2020-05-13T00:00:00,EURJPY,10,0.81122024050619257,0.89986159151521561,success,11,14.350770800042142,12.892812258095645,false,false,8.9986159151521559,792.35769005774978,,,
2020-05-14T00:00:00,EURJPY,10,0.85459202777728593,0.71760600869278268,success,11,14.310775524045908,12.539694722669434,false,false,7.1760600869278264,0.64173970571925043,,,
2020-05-15T00:00:00,EURJPY,10,0.99876914015852292,0.80046867247433207,success,11,14.426214050123786,7.7274033723816835,false,false,8.0046867247433209,131.50492641115832,,,
2020-05-18T00:00:00,EURJPY,10,0.70369663265228977,0.91426145578833073,success,11,14.177922673743659,13.312959149157521,false,false,9.1426145578833076,11.784483691225926,,,
2020-05-19T00:00:00,EURJPY,10,0.99584020941785001,0.10011545877884251,success,11,14.72983697755275,9.2517148973269006,false,false,1.0011545877884251,2888.2949656551373,,,
2020-05-20T00:00:00,EURJPY,10,0.85461556288167373,0.08483727557903957,success,11,15.591350409148813,13.820080199805435,false,false,0.84837275579039573,15.150436819087208,,,
2020-05-21T00:00:00,EURJPY,10,0.72101510457807039,0.54386841402580544,success,11,15.338112875329989,14.388610430863512,false,false,5.4386841402580544,2.5306514952683519,,,
2020-05-22T00:00:00,EURJPY,10,0.80964574765511388,0.54749842137042826,success,11,14.980072969064224,13.53236298782608,false,false,5.4749842137042828,34.500443374689191,,,
2020-05-25T00:00:00,EURJPY,10,0.52455883905554102,0.059802096217190535,success,11,15.096006262904176,14.997691793016008,false,false,0.59802096217190537,0.16771259967959495,,,
2020-05-26T00:00:00,EURJPY,10,0.64368823999816815,0.67049943953854385,success,11,15.010561757709484,14.419153326166951,false,false,6.7049943953854383,2.4269393196958298,,,
2020-05-27T00:00:00,EURJPY,10,0.67725076117684324,0.51594406325018127,success,11,15.056405832912819,14.315239899339181,false,false,5.1594406325018127,2.1907887432634303,,,
2020-05-28T00:00:00,EURJPY,10,0.69688843430219627,0.41221075442748178,success,11,15.080082779386697,14.24755838836376,false,false,4.1221075442748178,2.53359897777209,,,
2020-05-29T00:00:00,EURJPY,10,0.79046391239445313,0.81733947062512757,success,11,15.123605363629435,13.795881340043481,false,false,8.1733947062512762,0.78630213702834428,,,
2020-06-01T00:00:00,EURJPY,10,0.78043063850226457,0.69117640010648063,success,11,14.212532277363866,12.944354589698031,false,false,6.9117640010648067,13.254199702569771,,,
2020-06-02T00:00:00,EURJPY,10,0.96034372827209502,0.9107929829351894,success,11,15.442764346772101,12.255722188932197,false,false,9.1079298293518942,15.273917628179166,,,
2020-06-03T00:00:00,EURJPY,10,0.91219185796606073,0.86662768531170964,success,11,15.011530104925908,12.670833996612838,false,false,8.6662768531170968,55.852187256302564,,,
2020-06-04T00:00:00,EURJPY,10,0.75069429814523947,0.20004016635183172,success,11,14.465928411241084,13.363609763802053,false,false,2.0004016635183173,1642.057222686522,,,
2020-06-05T00:00:00,EURJPY,10,0.79013859517053286,0.31660859381881357,success,11,15.586434440579337,14.260673409415043,false,false,3.1660859381881359,0.81919130481657454,,,
2020-06-08T00:00:00,EURJPY,10,0.97324147028917429,0.51032444825952128,success,11,15.417785467527315,11.824006535435977,false,false,5.1032444825952128,4.8819047495461003,,,
2020-06-09T00:00:00,EURJPY,10,0.97336258199309178,0.40096367764664231,success,11,14.862834688547288,11.264394951724032,false,false,4.0096367764664231,15.751655611146838,,,
2020-06-10T00:00:00,EURJPY,10,0.95755448277120259,0.34904042351141185,success,11,14.661682398250889,11.54552108372333,false,false,3.4904042351141182,35.162396095481668,,,
2020-06-11T00:00:00,EURJPY,10,0.92219168864692591,0.59990366601280354,success,11,14.380335623259732,11.907830771264958,false,false,5.9990366601280352,532.11843588462125,,,
2020-06-12T00:00:00,EURJPY,10,0.8440082814133949,0.49944815742435755,success,11,14.624234117235982,12.935874730444111,false,false,4.9944815742435757,164.19831836108798,,,
2020-06-15T00:00:00,EURJPY,10,0.65037517318055826,0.59624944334492003,success,11,14.55681896131404,13.936130231615294,false,false,5.9624944334492005,14.237458974793984,,,
2020-06-16T00:00:00,EURJPY,10,0.71955232268288805,0.49615179513159025,success,11,14.562462773742592,13.62022070310004,false,false,4.9615179513159022,13.88231032745737,,,
2020-06-17T00:00:00,EURJPY,10,0.7733850838539017,0.39367869083567808,success,11,14.770957628934955,13.54343270872001,false,false,3.936786908356781,15.615282108510664,,,
2020-06-18T00:00:00,EURJPY,10,0.85377843215684079,0.25988588669975493,success,11,15.56580312956461,13.801254475863681,false,false,2.5988588669975492,4.0919707996861945,,,
2020-06-19T00:00:00,EURJPY,10,0.54979223102513031,0.16761544925704142,success,11,15.608323914145727,15.408492654104336,false,false,1.6761544925704142,21.010656007231855,,,
2020-06-22T00:00:00,EURJPY,10,0.73467815197779718,0.99953833649028279,success,11,15.608323894110288,14.589834989155095,false,false,9.9953833649028283,9.1373293015032342,,,
2020-06-23T00:00:00,EURJPY,10,0.65607429726061584,0.80599623767023199,success,11,15.586334850184391,14.94048646327178,false,false,8.0599623767023196,15.83472095627808,,,
2020-06-24T00:00:00,EURJPY,10,0.58086954192099816,0.57931973640193013,success,11,15.582450557791422,15.256106593994122,false,false,5.7931973640193011,1.6545700606128013,,,
2020-06-25T00:00:00,EURJPY,10,0.61383790338802868,0.39391122926376337,success,11,15.608323884898029,15.144850213326187,false,false,3.9391122926376338,1.400928742102461,,,
2020-06-26T00:00:00,EURJPY,10,0.57059021656114162,0.4294328980769655,success,11,15.577920934307937,15.293661310715171,false,false,4.294328980769655,2.9326769252055085,,,
2020-06-29T00:00:00,EURJPY,10,0.81719936772048418,0.59101932340909946,success,11,15.589772961736241,14.092285990381169,false,false,5.9101932340909942,16.440711772920775,,,
2020-06-30T00:00:00,EURJPY,10,0.85953152300280677,0.49141677108263693,success,11,15.055444352935387,13.244039953398715,false,false,4.9141677108263693,17.059056213578376,,,
2020-07-01T00:00:00,EURJPY,10,0.84129526304255942,0.39186219349390161,success,11,15.493219177350733,13.82532196892096,false,false,3.9186219349390163,16.645827474135594,,,
2020-07-02T00:00:00,EURJPY,10,0.85324251398459117,0.29863068824149813,success,11,15.608323881272382,13.848061536492329,false,false,2.9863068824149814,112.70872693523218,,,
2020-07-03T00:00:00,EURJPY,10,0.87410194569612487,0.1668287984911819,success,11,15.608323960167564,13.670599435274173,false,false,1.6682879849118191,20.325460322748622,,,
2020-07-06T00:00:00,EURJPY,10,0.84565944206397281,0.087428359610919409,success,11,15.423074925685169,13.722119773879069,false,false,0.87428359610919404,15.062158300474158,,,
2020-07-07T00:00:00,EURJPY,10,0.67743583300485544,0.80249174847380489,success,11,15.604960680939442,14.862947927974183,false,false,8.0249174847380491,15.564993275673096,,,
2020-07-08T00:00:00,EURJPY,10,0.55835616401207278,0.59945944242304616,success,11,15.608324111358927,15.373830822149307,false,false,5.9945944242304616,76.102110367796655,,,
2020-07-09T00:00:00,EURJPY,10,0.63295098227032376,0.9325421797595832,success,11,15.60832393462441,15.063426355082239,false,false,9.3254217975958316,3.3375831690400468,,,
2020-07-10T00:00:00,EURJPY,10,0.60256380897003947,0.4535329850998614,success,11,15.608323891685721,15.192164720422412,false,false,4.5353298509986137,1.5793779916724962,,,
2020-07-13T00:00:00,EURJPY,10,0.77000519837120396,0.70284509415690288,success,11,15.608323964502066,14.399983405599537,false,false,7.0284509415690284,44.598094564864546,,,
2020-07-14T00:00:00,EURJPY,10,0.81054434449720247,0.60142661072041714,success,11,15.608323889968805,14.154772827007623,false,false,6.0142661072041719,97.902057043504612,,,
2020-07-15T00:00:00,EURJPY,10,0.75189217144657583,0.50194992623900458,success,11,15.608324180792428,14.499594700381806,false,false,5.0194992623900454,63.019661655445589,,,
2020-07-16T00:00:00,EURJPY,10,0.77169048027061304,0.14818260994422269,success,11,15.608323884194789,14.390442597856042,false,false,1.481826099442227,4.3426292908121615,,,
2020-07-17T00:00:00,EURJPY,10,0.68953427065365114,0.30294192352290106,success,11,15.608323887948394,14.810381011125628,false,false,3.0294192352290104,36.350953556500293,,,
2020-07-20T00:00:00,EURJPY,10,0.773646174907061,0.74570949804436848,success,11,15.60832390638104,14.379308648432009,false,false,7.457094980443685,2.4713346736909028,,,
2020-07-21T00:00:00,EURJPY,10,0.88979199348553517,0.62325448318402821,success,11,15.589980956458346,13.501362784708446,false,false,6.2325448318402819,2.5328221298680123,,,
2020-07-22T00:00:00,EURJPY,10,0.71726745439809358,0.58840843730902881,success,11,15.475090078168618,14.544142670676745,false,false,5.8840843730902881,1.0626959237435647,,,
2020-07-23T00:00:00,EURJPY,10,0.78249167102365269,0.45882780652608446,success,11,15.582878271357432,14.302632136998664,false,false,4.5882780652608446,1.0692635786793898,,,
2020-07-24T00:00:00,EURJPY,10,0.66803190006486013,0.44044422272914485,success,11,15.608323977249322,14.909026930032139,false,false,4.4044422272914483,0.97147048839114203,,,
2020-07-27T00:00:00,EURJPY,10,0.69854284567497404,0.34811906329032161,success,11,15.388884757359561,14.548516138688923,false,false,3.4811906329032163,1.2157030768581503,,,
2020-07-28T00:00:00,EURJPY,10,0.70355899222190033,0.44531807985707417,success,11,15.593328409202691,14.729024917517483,false,false,4.4531807985707417,1.4478923431151234,,,
2020-07-29T00:00:00,EURJPY,10,0.76740623453451307,0.27917319362218984,success,11,15.608323922562295,14.414601056603503,false,false,2.7917319362218982,4.7803699718598018,,,
2020-07-30T00:00:00,EURJPY,10,0.92264035144505352,0.17901520849987643,success,11,15.608323942298505,13.129549743621613,false,false,1.7901520849987642,4.2499984354670595,,,
2020-07-31T00:00:00,EURJPY,10,0.82678014528135013,0.23617787608709634,success,11,15.608323886058997,14.04534669666385,false,false,2.3617787608709633,26.950245467440713,,,
2020-08-03T00:00:00,EURJPY,10,0.64337367662922018,0.12585259623907477,success,11,15.608324175583011,15.018286994877663,false,false,1.2585259623907477,42.622346969386932,,,
2020-08-04T00:00:00,EURJPY,10,0.9126659627926621,0.90288092887157512,success,11,15.608323909073803,13.261694237808241,false,false,9.0288092887157507,7.2580374727716812,,,
2020-08-05T00:00:00,EURJPY,10,0.7345265757081042,0.78016203175283871,success,11,15.608323913486679,14.59061247533063,false,false,7.8016203175283874,1.270557573321202,,,
2020-08-06T00:00:00,EURJPY,10,0.83927912735108212,0.9576136576595472,success,11,15.608324988774347,13.955450797225014,false,false,9.5761365765954718,4.8521769243725599,,,
2020-08-07T00:00:00,EURJPY,10,0.61453793258801248,0.59810411031514199,success,11,15.608323915186237,15.141896048643542,false,false,5.9810411031514201,30.257001222791988,,,
2020-08-10T00:00:00,EURJPY,10,0.83279357290238087,0.4928860584438543,success,11,15.590067001801136,13.984510341477353,false,false,4.9288605844385431,16.201732456730113,,,
2020-08-11T00:00:00,EURJPY,10,0.65308401473749367,0.11043039169573213,success,11,15.608324065785091,14.975700918388565,false,false,1.1043039169573212,2.0952814095530337,,,
2020-08-12T00:00:00,EURJPY,10,0.9212877202590305,0.64998403946657457,success,11,14.628530108311599,12.16855689653439,false,false,6.4998403946657461,2.6129700836144578,,,
2020-08-13T00:00:00,EURJPY,10,0.8888580464397785,0.53326873143431075,success,11,14.737665877901467,12.658536578102087,false,false,5.3326873143431071,3.2851947949983233,,,
2020-08-14T00:00:00,EURJPY,10,0.82844587060526631,0.43436729600956603,success,11,14.776110164622976,13.201457504203191,false,false,4.3436729600956605,3.2547746487402858,,,
2020-08-17T00:00:00,EURJPY,10,0.92847120038066355,0.59826295062795254,success,11,13.782854492459959,11.21941528998879,false,false,5.9826295062795252,11.014484975787463,,,
2020-08-18T00:00:00,EURJPY,10,0.86103219907011697,0.49646754920370106,success,11,13.777986313705819,11.954096670993069,false,false,4.9646754920370109,16.245005808355831,,,
2020-08-19T00:00:00,EURJPY,10,0.86340251211488006,0.57221806463777614,success,11,13.619889626022649,11.776047190012925,false,false,5.7221806463777609,2.4566493498902999,,,
2020-08-20T00:00:00,EURJPY,10,0.96963984618510468,0.66098004860254367,success,11,13.682789863181622,10.218996172104404,false,false,6.6098004860254367,0.98424626357314338,,,
2020-08-21T00:00:00,EURJPY,10,0.83523116075001158,0.38365939793634718,success,11,13.517851656465492,11.894686648082104,false,false,3.8365939793634718,2.3418967019156525,,,
2020-08-24T00:00:00,EURJPY,10,0.87954462575595194,0.27093052792895572,success,11,14.791531547099119,12.803406590407832,false,false,2.7093052792895573,2.4336955126876783,,,
2020-08-25T00:00:00,EURJPY,10,0.80210030418985512,0.71110527120200095,success,11,13.679487487343767,12.280014135247782,false,false,7.11105271202001,12.935300385934566,,,
2020-08-26T00:00:00,EURJPY,10,0.70144273328010698,0.50281640514681958,success,11,15.608323884385927,14.75414638558409,false,false,5.0281640514681962,0.76433634879927292,,,
2020-08-27T00:00:00,EURJPY,10,0.94020888196233898,0.50326279312670485,success,11,15.608323910108343,12.853078966803732,false,false,5.032627931267049,63.283377725695487,,,
2020-08-28T00:00:00,EURJPY,10,0.99028495196771305,0.47702342744599485,success,11,15.608323888044929,10.98400718301483,false,false,4.7702342744599484,8.9148654597751094,,,
2020-08-31T00:00:00,EURJPY,10,0.90473087890370074,0.36797471331108222,success,11,15.608323901642835,13.357392113821456,false,false,3.6797471331108222,11.040879958052166,,,
2020-09-01T00:00:00,EURJPY,10,0.93147508602533557,0.2214116375049659,success,11,15.608323948788728,12.998751891987915,false,false,2.2141163750496591,17.147746624764764,,,
2020-09-02T00:00:00,EURJPY,10,0.85577433446981999,0.14379366203886207,success,11,15.608323889301293,13.827696370530795,false,false,1.4379366203886206,32.101235420927758,,,
2020-09-03T00:00:00,EURJPY,10,0.80741601311085909,0.76924312315404197,success,11,15.608324438137695,14.175017751088214,false,false,7.6924312315404197,35.184039416929799,,,
2020-09-04T00:00:00,EURJPY,10,0.98683794965532323,0.78149842990793306,success,11,15.608324044008652,11.291155917829991,false,false,7.814984299079331,2.5213097936596172,,,
2020-09-07T00:00:00,EURJPY,10,0.8842076854458254,0.70426782888994555,success,11,15.608323893964792,13.57543011529874,false,false,7.0426782888994559,1.8409839800834995,,,
2020-09-08T00:00:00,EURJPY,10,0.85792958594315527,0.49846649447167513,success,11,15.608323893866688,13.810124673748088,false,false,4.9846649447167515,103.95160966739911,,,
2020-09-09T00:00:00,EURJPY,10,0.80719805155260338,0.39616364709156848,success,11,15.608323889918754,14.176418322897343,false,false,3.9616364709156846,35.186013467448461,,,
2020-09-10T00:00:00,EURJPY,10,0.82882528433615443,0.29863507019474383,success,11,15.608323897040279,14.030999282759204,false,false,2.9863507019474382,109.11054149154742,,,
2020-09-11T00:00:00,EURJPY,10,0.84639929518182622,0.19985587917280373,success,11,15.608323903677045,13.901689084661072,false,false,1.9985587917280374,1156.0308303231573,,,
2020-09-14T00:00:00,EURJPY,10,0.85542038083750838,1.0008753513454999e-07,success,11,15.60832388837663,13.830561220250829,false,false,1.0008753513454999e-06,9.7424602681324028,,,
2020-09-15T00:00:00,EURJPY,10,0.9730925373255479,0.40305672992692887,success,11,15.608323974364056,12.020248462510541,false,false,4.0305672992692889,85.768016648867103,,,
2020-09-16T00:00:00,EURJPY,10,0.95902388640881864,0.30062101119461915,success,11,15.531165094720984,12.378238414119107,false,false,3.0062101119461913,402.86411744550753,,,
2020-09-17T00:00:00,EURJPY,10,0.5831195551344529,0.83013895982748331,success,11,15.608323911646965,15.272731155210288,false,false,8.3013895982748327,21.95342536620343,,,
2020-09-18T00:00:00,EURJPY,10,0.57406719605694012,0.59987813219692843,success,11,15.608323893455989,15.30985903429154,false,false,5.9987813219692843,32.378922191170211,,,
2020-09-21T00:00:00,EURJPY,10,0.60751494314565013,0.49960286141921406,success,11,15.608324234439666,15.171445926545919,false,false,4.9960286141921406,103.60659396946019,,,
2020-09-22T00:00:00,EURJPY,10,0.68553257243933119,0.39761260642275964,success,11,15.605743368193441,14.826427855809433,false,false,3.9761260642275964,35.581414824909764,,,
2020-09-23T00:00:00,EURJPY,10,0.82793496678918166,0.54748897342416059,success,11,15.336608531531864,13.765546428170907,false,false,5.4748897342416063,37.126640892772173,,,
2020-09-24T00:00:00,EURJPY,10,0.85402888430871404,0.83920858671302767,success,11,15.366144936859916,13.599588685672719,false,false,8.3920858671302767,2.5392434498640757,,,
2020-09-25T00:00:00,EURJPY,10,0.80229756735713909,0.4948029209098288,success,11,15.590340625848752,14.189624089999503,false,false,4.948029209098288,12.70421078151734,,,
2020-09-28T00:00:00,EURJPY,10,0.58621139618785068,0.62381540393075385,success,11,15.586046949692697,15.237721705424315,false,false,6.2381540393075383,1.5197976054443456,,,
2020-09-29T00:00:00,EURJPY,10,0.93749329313134255,0.90020417834478328,success,11,14.814857881719659,12.106922138777495,false,false,9.002041783447833,198.36457031671034,,,
2020-09-30T00:00:00,EURJPY,10,0.83080970353265304,0.80835938115045314,success,11,15.608323890223604,14.016947214588058,false,false,8.0835938115045316,16.332470164555328,,,
2020-10-01T00:00:00,EURJPY,10,0.85264849981943314,0.72914242204557367,success,11,15.608323886525515,13.852797389402376,false,false,7.2914242204557365,21.852992349714508,,,
2020-10-02T00:00:00,EURJPY,10,0.85117821635280266,0.60734517579712044,success,11,15.608323895462368,13.864451876055943,false,false,6.0734517579712044,17.802978796997202,,,
2020-10-05T00:00:00,EURJPY,10,0.81751196194583309,0.50328476685274404,success,11,15.608323902211152,14.108742993162863,false,false,5.0328476685274399,43.184436941050734,,,
2020-10-06T00:00:00,EURJPY,10,0.93661469587184665,0.40313058597926943,success,11,15.608323898450815,12.915283949653205,false,false,4.0313058597926945,69.77939303090136,,,
2020-10-07T00:00:00,EURJPY,10,0.95368885029481443,0.19138021472062652,success,11,15.608328786430528,12.583374067380337,false,false,1.9138021472062652,5.3566426508015512,,,
2020-10-08T00:00:00,EURJPY,10,0.81518244757611258,0.2384058695249697,success,11,15.608323908268771,14.124281093370648,false,false,2.3840586952496969,27.90198325573984,,,
2020-10-09T00:00:00,EURJPY,10,0.66881672684738702,0.1016892323036183,success,11,15.608325258741178,14.9054871045146,false,false,1.016892323036183,75.30605957809091,,,
2020-10-12T00:00:00,EURJPY,10,0.67511490107418903,0.76331810102694586,success,11,15.608323913617792,14.876912591470456,false,false,7.6331810102694586,2.1633956443834017,,,
2020-10-13T00:00:00,EURJPY,10,0.70095883046386531,0.66230914809136932,success,11,15.6083239284469,14.7564560275289,false,false,6.6230914809136934,2.0307298563108525,,,
2020-10-14T00:00:00,EURJPY,10,0.7745640105486028,0.5974795700255392,success,11,15.608323883275872,14.374059837377546,false,false,5.9747957002553918,50.639930238391216,,,
2020-10-15T00:00:00,EURJPY,10,0.86657693178663886,0.90670542301348467,success,11,15.608323889352674,13.737298043287392,false,false,9.0670542301348469,2.2142546705266124,,,
2020-10-16T00:00:00,EURJPY,10,0.95708518551132971,0.67880748660203538,success,11,15.6083238922379,12.503648584071762,false,false,6.788074866020354,0.61710977760755736,,,
2020-10-19T00:00:00,EURJPY,10,0.83775649751798309,0.19124888679818824,success,11,15.608323893996475,13.966694719940429,false,false,1.9124888679818826,2.3089721867656943,,,
2020-10-20T00:00:00,EURJPY,10,0.98592879841074132,0.36047123459314451,success,11,15.444632736890206,11.195178865740232,false,false,3.604712345931445,6.1501639915276529,,,
2020-10-21T00:00:00,EURJPY,10,0.73690768835422138,0.74153771308256566,success,11,15.391708650922082,14.361750985272657,false,false,7.4153771308256564,1.2646147877757552,,,
2020-10-22T00:00:00,EURJPY,10,0.80611242080849743,0.62462544343603488,success,11,15.349237621139089,13.924292910838853,false,false,6.246254434360349,4.7499339621370558,,,
2020-10-23T00:00:00,EURJPY,10,0.72597589413680197,0.50731899966631644,success,11,15.366328567306706,14.392027836822662,false,false,5.0731899966631646,12.537047171208727,,,
2020-10-26T00:00:00,EURJPY,10,0.97546726246876569,0.38512438534060955,success,11,15.28911930624688,11.60621115785202,false,false,3.8512438534060958,1.5236679781548663,,,
2020-10-27T00:00:00,EURJPY,10,0.93285639936197851,0.31516987298309107,success,11,15.246871204491921,12.615453547205391,false,false,3.1516987298309109,19.077202072194186,,,
2020-10-28T00:00:00,EURJPY,10,0.93013402905416487,0.79757879557127109,success,11,15.036187128533886,12.447437141400805,false,false,7.9757879557127112,17.317374553893945,,,
2020-10-29T00:00:00,EURJPY,10,0.96562960211318383,0.69488763498798489,success,11,14.844547555890784,11.508962897241371,false,false,6.9488763498798489,12.748040031414988,,,
2020-10-30T00:00:00,EURJPY,10,0.99010038300669578,0.58464546202341228,success,11,14.839532686746157,10.234222420628512,false,false,5.8464546202341232,3.953171649944863,,,
2020-11-02T00:00:00,EURJPY,10,0.99839146066369522,0.48190346995644395,success,11,14.94964494311909,8.5188260212314084,false,false,4.8190346995644395,2.4076676635109102,,,
2020-11-03T00:00:00,EURJPY,10,0.99384221994079025,0.39959584045767399,success,11,15.592378974035814,10.508516845027025,false,false,3.99595840457674,100.71603025711262,,,
2020-11-04T00:00:00,EURJPY,10,0.87002063684263486,0.29436945206193299,success,11,13.166405424212458,11.265264185247306,false,false,2.9436945206193301,15.458666968620275,,,
2020-11-05T00:00:00,EURJPY,10,0.65859135313924344,0.4932738057535283,success,11,13.004595316140147,12.347572213130634,false,false,4.9327380575352828,0.96474202450555302,,,
2020-11-06T00:00:00,EURJPY,10,0.74351452297375831,0.47373004759717857,success,11,13.010016707177702,11.945700451442187,false,false,4.7373004759717858,0.89664012995918563,,,
2020-11-09T00:00:00,EURJPY,10,0.99548122312295728,0.99999987789260381,success,11,12.465747671557674,7.0707627647867621,false,false,9.9999987789260381,0.60989489405372044,,,
2020-11-10T00:00:00,EURJPY,10,0.99971869460184493,0.68915591221051786,success,11,15.169041589996596,6.9932532823449041,false,false,6.8915591221051784,0.98300923676755358,,,
2020-11-11T00:00:00,EURJPY,10,0.99643711899602905,0.52627478008997253,success,11,15.3884316387462,9.7548150913041081,false,false,5.2627478008997253,1.2400006252239177,,,
2020-11-12T00:00:00,EURJPY,10,0.97579461256686062,0.60558616214743166,success,11,15.55585244825839,11.859175551524583,false,false,6.0558616214743166,17.608199886926101,,,
2020-11-13T00:00:00,EURJPY,10,0.9706305182718491,0.50909897525768655,success,11,15.592201980185877,12.094212199776445,false,false,5.0909897525768653,15.714875004268359,,,
2020-11-16T00:00:00,EURJPY,10,0.93476264629174444,0.31738388739421908,success,11,15.603277532273379,12.941017103962917,false,false,3.173838873942191,2.388496236562367,,,
2020-11-17T00:00:00,EURJPY,10,0.76469580733039921,0.58455634256433309,success,11,15.594711073690382,14.416112070394108,false,false,5.8455634256433306,2.1810524332778023,,,
2020-11-18T00:00:00,EURJPY,10,0.949886719903699,0.38418145715567764,success,11,15.511597581185704,12.569540890655622,false,false,3.8418145715567764,19.22424641095213,,,
2020-11-19T00:00:00,EURJPY,10,0.97602468811260679,0.28184660947238049,success,11,15.522302932106767,11.815839680360085,false,false,2.8184660947238047,20.685824196608159,,,
2020-11-20T00:00:00,EURJPY,10,0.99122134587346156,0.18190671085751259,success,11,15.517134418187229,10.790519660067314,false,false,1.819067108575126,18.985718372460322,,,
2020-11-23T00:00:00,EURJPY,10,0.99365544683233531,0.082633252568920484,success,11,15.60695889451716,10.553165056855814,false,false,0.82633252568920479,27.011534044706089,,,
2020-11-24T00:00:00,EURJPY,10,0.8605167575132604,0.49997401421390686,success,11,15.160431498878648,13.340842877761007,false,false,4.9997401421390686,455.05265001142408,,,
2020-11-25T00:00:00,EURJPY,10,0.85458479904739759,0.70009847152521076,success,11,14.801547473114841,13.030524842665239,false,false,7.0009847152521072,1502.9365882563557,,,
2020-11-26T00:00:00,EURJPY,10,0.75516659340343162,0.61238104987965014,success,11,15.227275342662073,14.100914970421929,false,false,6.1238104987965016,16.905152205328019,,,
2020-11-27T00:00:00,EURJPY,10,0.64268201782318934,0.39993438009095195,success,11,15.421063076323957,14.834039095166244,false,false,3.9993438009095197,3357.5087352863079,,,
2020-11-30T00:00:00,EURJPY,10,0.70644775363409773,0.29679499665305176,success,11,15.441934409852051,14.56374079633404,false,false,2.9679499665305173,61.867204899220404,,,
2020-12-01T00:00:00,EURJPY,10,0.94183094620525143,0.98668027774696276,success,11,15.608323890459387,12.82385158619903,false,false,9.8668027774696281,9.6610574660009831,,,
2020-12-02T00:00:00,EURJPY,10,0.86505629674455409,0.85654610899497907,success,11,15.608324228870185,13.750387319656165,false,false,8.5654610899497907,38.562062484685235,,,
2020-12-03T00:00:00,EURJPY,10,0.92443361449747874,0.46075015036969463,success,11,15.608324203676435,13.104154510448346,false,false,4.6075015036969464,3.220959529000305,,,
2020-12-04T00:00:00,EURJPY,10,0.84748236250219666,0.30855473612947731,success,11,15.608323939547706,13.893334156799664,false,false,3.0855473612947732,20.556441746241607,,,
2020-12-07T00:00:00,EURJPY,10,0.81939081813411951,0.25134105941922374,success,11,15.608323897440767,14.096098218574291,false,false,2.5134105941922376,3.5485637302741488,,,
2020-12-08T00:00:00,EURJPY,10,0.80149081802449007,0.17696524979854428,success,11,15.608323888774915,14.212685728641343,false,false,1.7696524979854427,6.8422098178435053,,,
2020-12-09T00:00:00,EURJPY,10,0.82493363740683801,0.64633264689735814,success,11,15.608323919924402,14.05818609318983,false,false,6.4633264689735812,3.2338206256882276,,,
2020-12-10T00:00:00,EURJPY,10,0.78605689863937955,0.54907340332491494,success,11,15.608323935956244,14.307004854197313,false,false,5.4907340332491499,2.9241212960940843,,,
2020-12-11T00:00:00,EURJPY,10,0.73369611739345164,0.43896032025958326,success,11,15.608324003789487,14.59486714243652,false,false,4.3896032025958327,1.886246149768207,,,
2020-12-14T00:00:00,EURJPY,10,0.85622845316812168,0.17426974766246342,success,11,15.60832390153533,13.824012235908031,false,false,1.7426974766246341,22.21924663080129,,,
2020-12-15T00:00:00,EURJPY,10,0.92464877134072665,0.062356826114419547,success,11,15.608323885209177,13.101070157430659,false,false,0.6235682611441955,6.1944569654209616,,,
2020-12-16T00:00:00,EURJPY,10,0.60358540902880509,0.50215825404101888,success,11,15.608324183650387,15.187897240779474,false,false,5.021582540410189,25.408319000096068,,,
2020-12-17T00:00:00,EURJPY,10,0.72650786872269502,0.40318723704805243,success,11,15.608324059445195,14.631347596473134,false,false,4.0318723704805244,35.775367773416995,,,
2020-12-18T00:00:00,EURJPY,10,0.7686538952660994,0.9125417134826973,success,11,15.608324074500644,14.407598155581088,false,false,9.1254171348269733,1.4243960968807245,,,
2020-12-21T00:00:00,EURJPY,10,0.8002286910267562,0.78756114256505549,success,11,15.608323943072556,14.220599649643104,false,false,7.8756114256505549,1.320364022098951,,,
2020-12-22T00:00:00,EURJPY,10,0.63844033942862466,0.72762242119956066,success,11,15.608323927077972,15.039722758751191,false,false,7.2762242119956069,0.99702156448327428,,,
2020-12-23T00:00:00,EURJPY,10,0.72190698189711577,0.49732698648359275,success,11,15.608323965861402,14.654383324423662,false,false,4.9732698648359275,0.936117566932398,,,
2020-12-24T00:00:00,EURJPY,10,0.82615666991102432,0.22658695948538457,success,11,15.608323884026593,14.049693947297353,false,false,2.2658695948538456,0.90404694859505064,,,
2020-12-28T00:00:00,EURJPY,10,0.64445533658925425,1.0002269937846839e-07,success,11,15.60832388688401,15.01356924304962,false,false,1.0002269937846839e-06,0.57756802004258534,,,
2020-12-29T00:00:00,EURJPY,10,0.59305025084313345,0.19678335879854053,success,11,15.608323904660354,15.231734480588793,false,false,1.9678335879854052,19.295828808517797,,,
2020-12-30T00:00:00,EURJPY,10,0.87585367052273111,0.89879082021186107,success,11,15.553116424215377,13.59937833630619,false,false,8.9879082021186107,2.0605891489043229,,,
2020-12-31T00:00:00,EURJPY,10,0.94280437697079555,0.33221120991921238,success,11,15.399890489216681,12.597509050631821,false,false,3.322112099192124,2.2529199417840018,,,
2021-01-04T00:00:00,EURJPY,10,0.69483549251425603,0.94588748178613946,success,11,15.608323944633055,14.78549982851086,false,false,9.4588748178613944,0.24401885043441113,,,
2021-01-05T00:00:00,EURJPY,10,0.71234921864891132,0.40200372382312005,success,11,15.608323882841999,14.701502795674703,false,false,4.0200372382312004,52.613565025529567,,,
2021-01-06T00:00:00,EURJPY,10,0.79391005477754817,0.6302851767978993,success,11,15.60832390060218,14.259666427697503,false,false,6.3028517679789928,19.864019626223129,,,
2021-01-07T00:00:00,EURJPY,10,0.74384446018519701,0.50210729852648828,success,11,15.590581229753335,14.524534113047679,false,false,5.0210729852648832,52.591118186883776,,,
2021-01-08T00:00:00,EURJPY,10,0.9831249027408645,0.17235711662401637,success,11,15.608323898305429,11.543426723667761,false,false,1.7235711662401636,13.2052376867038,,,
2021-01-11T00:00:00,EURJPY,10,0.75723797045247876,0.61217788523346872,success,11,15.53643504954591,14.398839146835591,false,false,6.1217788523346872,14.956216345567066,,,
2021-01-12T00:00:00,EURJPY,10,0.75017976057871028,0.50823047694881518,success,11,15.53466666722567,14.435095425555041,false,false,5.082304769488152,17.047211120380112,,,
2021-01-13T00:00:00,EURJPY,10,0.73906988176470167,0.40559083213442959,success,11,15.574728690772671,14.533588836938126,false,false,4.0559083213442957,16.905936782049221,,,
2021-01-14T00:00:00,EURJPY,10,0.81184616214614014,0.72713037569487304,success,11,15.573011364765964,14.110960412711108,false,false,7.2713037569487309,2.7108793464011405,,,
2021-01-15T00:00:00,EURJPY,10,0.77041665487277089,0.40484580385935043,success,11,15.452298710848277,14.2416333552934,false,false,4.0484580385935045,18.74362283308605,,,
2021-01-18T00:00:00,EURJPY,10,0.85496748793553567,0.3001167914041436,success,11,15.020204227862699,13.246098723876338,false,false,3.001167914041436,2288.7412351110129,,,
2021-01-19T00:00:00,EURJPY,10,0.73654918784062351,0.74983696293381052,success,11,15.289555316850107,14.261445976677471,false,false,7.4983696293381055,0.80427358722379583,,,
2021-01-20T00:00:00,EURJPY,10,0.70961792982722516,0.54895820224829606,success,11,15.608323894907212,14.714794735933308,false,false,5.4895820224829608,0.75230499241586379,,,
2021-01-21T00:00:00,EURJPY,10,0.87333145328001771,0.5683246846890071,success,11,15.608324109001321,13.677582760117758,false,false,5.6832468468900714,8.5169963070979708,,,
2021-01-22T00:00:00,EURJPY,10,0.94049215737672343,0.4089558728286275,success,11,15.608323908204088,12.848028710938634,false,false,4.0895587282862751,24.43556049147158,,,
2021-01-25T00:00:00,EURJPY,10,0.8925149294086695,0.30114121496906388,success,11,15.608323884954197,13.49163260351461,false,false,3.011412149690639,178.59504091858318,,,
2021-01-26T00:00:00,EURJPY,10,0.71333165144868094,1.0000003416561013e-07,success,11,15.608324106284162,14.696703612323095,false,false,1.0000003416561014e-06,0.80405080498294479,,,
2021-01-27T00:00:00,EURJPY,10,0.93085414501085373,0.79204634597763701,success,11,15.608323924714403,13.008439438577836,false,false,7.9204634597763697,2.7354545877916494,,,
2021-01-28T00:00:00,EURJPY,10,0.90815756505346001,0.69099288946781112,success,11,15.608323902888463,13.316980454686602,false,false,6.909928894678111,1.7710373614046975,,,
2021-01-29T00:00:00,EURJPY,10,0.75583192418238221,0.40413210227643104,success,11,15.608323935788224,14.478361730309233,false,false,4.0413210227643104,13.427085950410476,,,
2021-02-01T00:00:00,EURJPY,10,0.6418009373610295,0.36354790636385731,success,11,15.608323904549396,15.025134588114032,false,false,3.6354790636385732,2.4724787939298554,,,
2021-02-02T00:00:00,EURJPY,10,0.71157228324441801,0.19926601640130742,success,11,15.608323927908387,14.705291428832867,false,false,1.9926601640130741,11.873877234861057,,,
2021-02-03T00:00:00,EURJPY,10,0.69471349358960199,0.29830518100759368,success,11,15.608324108889706,14.786075288718319,false,false,2.9830518100759367,0.98768264203355038,,,
2021-02-04T00:00:00,EURJPY,10,0.63991210489428008,0.39614251219058938,success,11,15.608323911799003,15.033341235700528,false,false,3.9614251219058936,1.6193023060143981,,,
2021-02-05T00:00:00,EURJPY,10,0.78031201672148498,0.4018238970117628,success,11,15.608324073583526,14.3408384942972,false,false,4.0182389701176282,75.380833792260319,,,
2021-02-08T00:00:00,EURJPY,10,0.57752042343090348,0.83150186133982162,success,11,15.608324391986676,15.295721691115155,false,false,8.315018613398216,25.190436493433726,,,
2021-02-09T00:00:00,EURJPY,10,0.58299709426872592,0.49917058446309098,success,11,15.608323893555919,15.273234881274556,false,false,4.9917058446309097,47.556552439543658,,,
2021-02-10T00:00:00,EURJPY,10,0.62555875222871438,0.36382487887451992,success,11,15.60832390738565,15.095113562330898,false,false,3.6382487887451993,24.644756644007987,,,
2021-02-11T00:00:00,EURJPY,10,0.71361019104933021,0.264448066408009,success,11,15.608323936714175,14.695340925551946,false,false,2.6444806640800897,24.507325923818076,,,
2021-02-12T00:00:00,EURJPY,10,0.93092809132576304,0.66627468369341458,success,11,15.608323942548839,13.00729002298829,false,false,6.6627468369341463,0.50778795359197737,,,
2021-02-15T00:00:00,EURJPY,10,0.63754854647478931,0.49920641511267022,success,11,15.608323906962045,15.043584025512533,false,false,4.9920641511267023,14.216624248011284,,,
2021-02-16T00:00:00,EURJPY,10,0.72046168633911312,0.67398070972748181,success,11,15.608324023566464,14.661571148518844,false,false,6.7398070972748183,1.1354888969600876,,,
2021-02-17T00:00:00,EURJPY,10,0.89791439636829873,0.80495638519564083,success,11,15.608323902106877,13.434060877933671,false,false,8.0495638519564086,1.405470453753592,,,
2021-02-18T00:00:00,EURJPY,10,0.81187425511419875,0.65808591740606026,success,11,15.608323908727098,14.146089033812094,false,false,6.5808591740606026,1.6933858477897661,,,
2021-02-19T00:00:00,EURJPY,10,0.7432800877610175,0.51086849376720678,success,11,15.608323880284674,14.545236592825539,false,false,5.1086849376720673,9.9758066328575907,,,
2021-02-22T00:00:00,EURJPY,10,0.93481472764416407,0.40546393881616993,success,11,15.608323916192772,12.945209118095068,false,false,4.0546393881616991,39.202963925652185,,,
2021-02-23T00:00:00,EURJPY,10,0.95079731821524505,0.30525134559094569,success,11,15.608323898624592,12.646971113531635,false,false,3.0525134559094571,48.768465330653008,,,
2021-02-24T00:00:00,EURJPY,10,0.95655237204569543,0.26625233463876852,success,11,15.608323955324927,12.516544671790953,false,false,2.662523346387685,4.7242725629289835,,,
2021-02-25T00:00:00,EURJPY,10,0.69334251847311923,0.49833427612003883,success,11,15.6083238852429,14.792531182889268,false,false,4.9833427612003884,53.359512755096532,,,
2021-02-26T00:00:00,EURJPY,10,0.65786458500858369,0.70509757939280893,success,11,15.608323885036521,14.954531381712068,false,false,7.0509757939280888,14.423760243099265,,,
2021-03-01T00:00:00,EURJPY,10,0.66415901490435381,0.29515166034425488,success,11,15.608323909417432,14.926440097631259,false,false,2.9515166034425486,17.174873285297828,,,
2021-03-02T00:00:00,EURJPY,10,0.70302391675311615,0.1977353801860765,success,11,15.608323901856153,14.746584597410141,false,false,1.977353801860765,49.084378488776757,,,
2021-03-03T00:00:00,EURJPY,10,0.73601537900284164,0.00062106442842112209,success,11,15.60832389063517,14.582963724391158,false,false,0.0062106442842112209,8.3197320189518393,,,
2021-03-04T00:00:00,EURJPY,10,0.90955462579006052,0.31270797503998365,success,11,15.587368922034768,13.279159933114697,false,false,3.1270797503998367,16.860457184306203,,,
2021-03-05T00:00:00,EURJPY,10,0.88874266673219515,0.68180431865468738,success,11,15.570170309086457,13.492208415106475,false,false,6.8180431865468742,1.8264110504558488,,,
2021-03-08T00:00:00,EURJPY,10,0.93364702856214621,0.57921243936178091,success,11,15.535794402020839,12.891684493033047,false,false,5.7921243936178088,1.621535184000874,,,
2021-03-09T00:00:00,EURJPY,10,0.97775392825474772,0.45533969512904021,success,11,15.540461315861927,11.757368726837125,false,false,4.5533969512904022,1.4753576866617693,,,
2021-03-10T00:00:00,EURJPY,10,0.99447264093119259,0.30764809615954136,success,11,15.498868183678164,10.306365733191516,false,false,3.0764809615954136,1.1534522620402692,,,
2021-03-11T00:00:00,EURJPY,10,0.87085892593088743,0.19878742598038771,success,11,15.608323890942351,13.699749299395048,false,false,1.987874259803877,145.32613343198057,,,
2021-03-12T00:00:00,EURJPY,10,0.91018705303148584,0.099618624617329163,success,11,15.106700205662865,12.790779215004973,false,false,0.99618624617329166,254.82170912787529,,,
2021-03-15T00:00:00,EURJPY,10,0.8196913658481505,0.35222241248705538,success,11,15.47675400961473,13.962496140078484,false,false,3.5222241248705539,3.3284603514302451,,,
2021-03-16T00:00:00,EURJPY,10,0.97584561508399847,0.60336041205291768,success,11,14.737767735158252,11.038929276161042,false,false,6.0336041205291764,67.785700472788562,,,
2021-03-17T00:00:00,EURJPY,10,0.95816080495788947,0.25068717302246746,success,11,15.608331033459073,12.477148995328468,false,false,2.5068717302246744,0.87641724240281782,,,
2021-03-18T00:00:00,EURJPY,10,0.97445507084080996,0.40487586906251033,success,11,15.608323890917596,11.966884307467035,false,false,4.0487586906251032,54.206833858810612,,,
2021-03-19T00:00:00,EURJPY,10,0.67745734779078437,0.68409239097051033,success,11,15.608323957843998,14.866212744765479,false,false,6.8409239097051033,11.93193060938893,,,
2021-03-22T00:00:00,EURJPY,10,0.92168698924806114,0.23437916238503592,success,11,15.608324024140114,13.142832103884921,false,false,2.3437916238503593,27.886229046261402,,,
2021-03-23T00:00:00,EURJPY,10,0.80888270150043839,0.99948493865042498,success,11,15.608324011886884,14.165557465122582,false,false,9.9948493865042494,7.6246560660861586,,,
2021-03-24T00:00:00,EURJPY,10,0.6638749349013866,0.80087049137751765,success,11,15.608323884016881,14.927713411595695,false,false,8.0087049137751762,117.39877165771885,,,
2021-03-25T00:00:00,EURJPY,10,0.57318273033422251,0.70024089174214499,success,11,15.608323880047051,15.31347529480704,false,false,7.0024089174214499,202.43825173089618,,,
2021-03-26T00:00:00,EURJPY,10,0.75327502752335573,0.19740283183059457,success,11,15.608323884338033,14.492167725331285,false,false,1.9740283183059457,10.546971133955541,,,
2021-03-29T00:00:00,EURJPY,10,0.6277490951800957,0.50131735578648784,success,11,15.608323902932709,15.085751448505087,false,false,5.0131735578648779,59.864402312960827,,,
2021-03-30T00:00:00,EURJPY,10,0.61539048350522652,0.99998739094756339,success,11,15.608323883358588,15.138295461232344,false,false,9.9998739094756335,0.75787774033595146,,,
2021-03-31T00:00:00,EURJPY,10,0.68290199372478877,0.79974120008107419,success,11,15.608323884735293,14.841183423430378,false,false,7.9974120008107423,437.6304567459955,,,
2021-04-01T00:00:00,EURJPY,10,0.65480303705640208,0.39988778501122224,success,11,15.58883543423212,14.948616111811141,false,false,3.9988778501122226,698.12778142609034,,,
2021-04-02T00:00:00,EURJPY,10,0.74574885369362287,0.91395267280181369,success,11,15.608140038602889,14.532073695826215,false,false,9.1395267280181365,1.2575921013163154,,,
2021-04-05T00:00:00,EURJPY,10,0.96355528197916773,0.81279935609000797,success,11,15.605063993114781,12.330230668384374,false,false,8.1279935609000802,1.4331602757508706,,,
2021-04-06T00:00:00,EURJPY,10,0.97285179046619552,0.38404262701690273,success,11,15.42676825436177,11.847847603027912,false,false,3.8404262701690275,17.227069968583425,,,
2021-04-07T00:00:00,EURJPY,10,0.95942986085881676,0.75054078590913309,success,11,15.608323994674931,12.445017088446683,false,false,7.5054078590913305,1.7294524631870205,,,
2021-04-08T00:00:00,EURJPY,10,0.78274026197227853,0.55191904638889788,success,11,15.608323899001206,14.32661656686534,false,false,5.5191904638889788,0.70585878433309379,,,
2021-04-09T00:00:00,EURJPY,10,0.87084947230696141,0.093390833015852756,success,11,15.608323887464044,13.699833352664308,false,false,0.93390833015852759,6.5515600901923285,,,
2021-04-12T00:00:00,EURJPY,10,0.68362639424102012,0.51660572765534785,success,11,15.60832389999497,14.837836150778099,false,false,5.1660572765534782,1.0915101718649334,,,
2021-04-13T00:00:00,EURJPY,10,0.68768644199759088,0.39555298284295476,success,11,15.608323890787485,14.818998586390522,false,false,3.9555298284295475,1.166621727035565,,,
2021-04-14T00:00:00,EURJPY,10,0.77045329900981563,4.4698159465599584e-05,success,11,15.608323975749991,14.397451433057984,false,false,0.00044698159465599583,1.2588489899042143,,,
2021-04-15T00:00:00,EURJPY,10,0.64814808308267868,0.27400811030181771,success,11,15.608323914564362,14.997415117551014,false,false,2.7400811030181771,0.94553462432786617,,,
2021-04-16T00:00:00,EURJPY,10,0.84027046248846526,0.35208802149764817,success,11,15.608323886515993,13.948082061708575,false,false,3.520880214976482,3.7685653041204836,,,
2021-04-19T00:00:00,EURJPY,10,0.6038045724979586,0.73544614774076622,success,11,15.608323895933911,15.186980899135982,false,false,7.3544614774076624,24.424829380176849,,,
2021-04-20T00:00:00,EURJPY,10,0.52524213856386781,0.63251609865756941,success,11,15.608323917634593,15.507269453720863,false,false,6.3251609865756944,20.200394302316205,,,
2021-04-21T00:00:00,EURJPY,10,0.5268562199557516,0.30317364236154254,success,11,15.608325512391353,15.500797145507146,false,false,3.0317364236154254,17.331722132293855,,,
2021-04-22T00:00:00,EURJPY,10,0.6274240496432395,0.69650031452419037,success,11,15.608324086159062,15.087142369515078,false,false,6.9650031452419032,13.810132747614308,,,
2021-04-23T00:00:00,EURJPY,10,0.92842252803652781,0.90541525474220363,success,11,15.60832388718257,13.045617334710702,false,false,9.0541525474220368,7.8492447749714227,,,
2021-04-26T00:00:00,EURJPY,10,0.91029013586238972,0.79908889715155562,success,11,15.608323886083493,13.291141237878271,false,false,7.990888971515556,16.697880987179897,,,
2021-04-27T00:00:00,EURJPY,10,0.87199565105833998,0.69280941812119368,success,11,15.608323886099658,13.689603688970694,false,false,6.9280941812119368,13.066532623567587,,,
2021-04-28T00:00:00,EURJPY,10,0.72709676432162862,0.57796679493541059,success,11,15.608323895174072,14.628381609931449,false,false,5.7796679493541063,11.628454943275235,,,
2021-04-29T00:00:00,EURJPY,10,0.86561129671895043,0.50017601243899934,success,11,15.521307123689757,13.658607536532561,false,false,5.0017601243899934,20524.047978047012,,,
2021-04-30T00:00:00,EURJPY,10,0.81340702107879059,0.38414862460575561,success,11,15.608323886556304,14.136021922699308,false,false,3.8414862460575558,13.352983336583469,,,
2021-05-03T00:00:00,EURJPY,10,0.70624608568822356,0.27740014027173149,success,11,15.608323882775055,14.731102533404393,false,false,2.7740014027173148,12.899457593800555,,,
2021-05-04T00:00:00,EURJPY,10,0.52702778485501278,0.56213115567490057,success,11,15.608323887761006,15.500107262925615,false,false,5.6213115567490055,25.563290033572226,,,
2021-05-05T00:00:00,EURJPY,10,0.61116431029136364,0.76550883386873481,success,11,15.608323937765441,15.156114957357481,false,false,7.6550883386873476,23.675109343023866,,,
2021-05-06T00:00:00,EURJPY,10,0.61048984310597154,0.39978939917336859,success,11,15.608323901129561,15.158952186446816,false,false,3.9978939917336858,211.83304435682965,,,
2021-05-07T00:00:00,EURJPY,10,0.6376910043432843,0.40042148722422316,success,11,15.558826581040831,14.993470161124074,false,false,4.0042148722422315,494.99079820799653,,,
2021-05-10T00:00:00,EURJPY,10,0.55646743352069217,0.90983441966984824,success,11,15.608323928379537,15.381486509227006,false,false,9.0983441966984824,10.893108354811705,,,
2021-05-11T00:00:00,EURJPY,10,0.72069496703790359,0.39942283416412588,success,11,15.608284077071263,14.660372591304125,false,false,3.994228341641259,139.55985224600326,,,
2021-05-12T00:00:00,EURJPY,10,0.54976252594442387,0.26712748943257347,success,11,15.60832417222842,15.408612921944556,false,false,2.6712748943257347,23.790438156415387,,,
2021-05-13T00:00:00,EURJPY,10,0.63697112637800357,0.69636251999363874,success,11,15.608323938905446,15.046081984627637,false,false,6.963625199936387,21.498530292489619,,,
2021-05-14T00:00:00,EURJPY,10,0.60819390813252994,0.65451985608651997,success,11,15.608323896730946,15.168597191562567,false,false,6.5451985608651997,1.3586280724142041,,,
2021-05-17T00:00:00,EURJPY,10,0.56864653920151076,0.57839314517381746,success,11,15.6083238910107,15.331992695059181,false,false,5.7839314517381748,1.8527092285057667,,,
2021-05-18T00:00:00,EURJPY,10,0.60455376769254499,0.48451588034508264,success,11,15.608323980570637,15.183848198055413,false,false,4.8451588034508264,2.1370830043988347,,,
2021-05-19T00:00:00,EURJPY,10,0.54541796302526824,0.00073906519319505361,success,11,15.608323896180083,15.426149887528242,false,false,0.0073906519319505365,0.73642924898243811,,,
2021-05-20T00:00:00,EURJPY,10,0.51980658904905386,0.0069937949216848276,success,11,15.608324213339325,15.529056377313426,false,false,0.069937949216848275,1.641406974597919,,,
2021-05-21T00:00:00,EURJPY,10,0.5756162002386721,0.59725791559457253,success,11,15.608323902472639,15.30352101680861,false,false,5.9725791559457253,16.846376435006189,,,
2021-05-24T00:00:00,EURJPY,10,0.59461262080043586,0.7314243951762649,success,11,15.608323878310445,15.225256844083495,false,false,7.3142439517626494,1.888875146397119,,,
2021-05-25T00:00:00,EURJPY,10,0.59351240568450392,0.37484189576642662,success,11,15.608323898866594,15.229819192682921,false,false,3.7484189576642661,17.071895943401337,,,
2021-05-26T00:00:00,EURJPY,10,0.66217181812818549,0.29949842947748978,success,11,15.608323892092308,14.935336254409012,false,false,2.9949842947748979,187.02401633760834,,,
2021-05-27T00:00:00,EURJPY,10,0.75008958733308229,0.99993240131286643,success,11,15.608323908076008,14.509233763209217,false,false,9.999324013128664,2.5790390156913179,,,
2021-05-28T00:00:00,EURJPY,10,0.63457779837118833,0.80199590111636421,success,11,15.608323893052098,15.056417401640257,false,false,8.0199590111636425,14.203901298774568,,,
2021-05-31T00:00:00,EURJPY,10,0.69484078362257762,0.33218126436502093,success,11,15.608323898889195,14.785474829193454,false,false,3.3218126436502091,22.822318352842682,,,
2021-06-01T00:00:00,EURJPY,10,0.64477697939686252,0.23335973364484039,success,11,15.608323900309088,15.012165230956443,false,false,2.3335973364484039,20.920160580783218,,,
2021-06-02T00:00:00,EURJPY,10,0.74972895729966293,0.1014478298088352,success,11,15.608323921463095,14.511156671891928,false,false,1.014478298088352,129.92576169550301,,,
2021-06-03T00:00:00,EURJPY,10,0.92008891050564912,0.59452608723777156,success,11,15.608323992404793,13.164768320488349,false,false,5.9452608723777161,37.013577818393848,,,
2021-06-04T00:00:00,EURJPY,10,0.7700065800589182,0.49881594642413019,success,11,15.608323909402262,14.399975548622116,false,false,4.9881594642413019,100.59465001182041,,,
2021-06-07T00:00:00,EURJPY,10,0.78120408928186802,0.39965234555555162,success,11,15.608323891505103,14.335626838685585,false,false,3.9965234555555162,351.49516340184385,,,
2021-06-08T00:00:00,EURJPY,10,0.88517570001803014,0.29950654806374932,success,11,15.608323892349302,13.565940869755096,false,false,2.9950654806374932,341.62839611315189,,,
2021-06-09T00:00:00,EURJPY,10,0.92038501441104525,0.1686187838585439,success,11,15.60832434098546,13.160734600860684,false,false,1.686187838585439,21.896147131337933,,,
2021-06-10T00:00:00,EURJPY,10,0.93796221518993217,0.014744944338441503,success,11,15.608323890754283,12.892357856709937,false,false,0.14744944338441504,9.0137666647534846,,,
2021-06-11T00:00:00,EURJPY,10,0.84610370361102927,0.40109779867736817,success,11,15.608323889699129,13.90396093201119,false,false,4.0109779867736819,149.89049415007204,,,
2021-06-14T00:00:00,EURJPY,10,0.91319629845812511,0.99999989890470276,success,11,15.608323894158621,13.255022298134705,false,false,9.9999989890470271,0.21522013855606534,,,
2021-06-15T00:00:00,EURJPY,10,0.74468616336806959,0.55440682773885253,success,11,15.608323887560029,14.537854535476969,false,false,5.5440682773885248,1.9667877546736645,,,
2021-06-16T00:00:00,EURJPY,10,0.79909066412721286,0.6001252790324807,success,11,15.608324055497002,14.227703385158174,false,false,6.0012527903248074,0.74821461182117122,,,
2021-06-17T00:00:00,EURJPY,10,0.92364661791505442,0.9999988482817217,success,11,14.625690855160853,12.132733632616365,false,false,9.9999884828172174,0.31600485964082403,,,
2021-06-18T00:00:00,EURJPY,10,0.84294872281502609,0.40365633168586079,success,11,14.687222689972437,13.006888919146867,false,false,4.0365633168586079,0.40794801519182849,,,
2021-06-21T00:00:00,EURJPY,10,0.96562101105057452,0.23144686924846369,success,11,14.771272538074017,11.435946700366769,false,false,2.3144686924846369,1.104741359490139,,,
2021-06-22T00:00:00,EURJPY,10,0.89299896760518394,0.38755232898376657,success,11,13.947333891189578,11.825586949376007,false,false,3.8755232898376657,18.339309252712336,,,
2021-06-23T00:00:00,EURJPY,10,0.82084509550972085,0.28442311457502328,success,11,13.94059206071044,12.418508466702097,false,false,2.8442311457502329,19.346819027756034,,,
2021-06-24T00:00:00,EURJPY,10,0.85158889152817252,0.40335710465519431,success,11,13.665856006878402,11.918738301043923,false,false,4.033571046551943,17.032912776053053,,,
2021-06-25T00:00:00,EURJPY,10,0.99685772609659806,0.70589342069427241,success,11,13.796082019106054,8.0364206722278855,false,false,7.0589342069427241,1.855412542750609,,,
2021-06-28T00:00:00,EURJPY,10,0.97737715662566771,0.62306116165292968,success,11,13.106478693051114,9.340566244631237,false,false,6.2306116165292966,1.9093703064173377,,,
2021-06-29T00:00:00,EURJPY,10,0.98829384005671328,0.51658673869962035,success,11,13.222945476175887,8.7870806078162467,false,false,5.1658673869962035,1.594157047616829,,,
2021-06-30T00:00:00,EURJPY,10,0.97563766976701627,0.42386523291189604,success,11,13.415904464697757,9.7258512836393098,false,false,4.2386523291189606,1.4587038997135588,,,
2021-07-01T00:00:00,EURJPY,10,0.97704531738118516,0.29149983911354443,success,11,12.466378366561894,8.7153672827489377,false,false,2.9149983911354442,1.8676067867134032,,,
2021-07-02T00:00:00,EURJPY,10,0.80070858567432746,0.25766308166064272,success,11,15.454606808815113,14.063877888225633,false,false,2.5766308166064271,2.4432094409084835,,,
2021-07-05T00:00:00,EURJPY,10,0.74267702137171621,0.35293011643536965,success,11,14.301304488671757,13.241375255844787,false,false,3.5293011643536967,1.0957300590595758,,,
2021-07-06T00:00:00,EURJPY,10,0.76077455218262691,0.35370972475315998,success,11,15.479680166586217,14.322749508289601,false,false,3.5370972475315998,0.7303554937640323,,,
2021-07-07T00:00:00,EURJPY,10,0.79342727251452638,0.30302557439500138,success,11,15.537964773490849,14.192255433380106,false,false,3.030255743950014,1.0131163853709064,,,
2021-07-08T00:00:00,EURJPY,10,0.62097689790804589,0.75983707433806758,success,11,15.546151957464865,15.052455236272159,false,false,7.5983707433806753,210.01158593331024,,,
2021-07-09T00:00:00,EURJPY,10,0.84173235989326589,0.23426484272100428,success,11,15.608323893722472,13.937149317049395,false,false,2.342648427210043,0.51382840125898188,,,
2021-07-12T00:00:00,EURJPY,10,0.71799661840861229,0.50629725156480831,success,11,15.569445334101934,14.634899537127147,false,false,5.0629725156480827,16.010494342184973,,,
2021-07-13T00:00:00,EURJPY,10,0.66809685170643973,0.40266790647173722,success,11,15.60831745552982,14.908727509268365,false,false,4.0266790647173725,30.232106294152445,,,
2021-07-14T00:00:00,EURJPY,10,0.5778312107682978,0.54443749282962461,success,11,15.598243750892264,15.28436715630934,false,false,5.4443749282962459,2.8485591856407826,,,
2021-07-15T00:00:00,EURJPY,10,0.5872056000768402,0.2014571918047913,success,11,15.608323893584199,15.255898527411485,false,false,2.0145719180479129,15.549426834566866,,,
2021-07-16T00:00:00,EURJPY,10,0.50000001064773869,0.14923415884918817,success,11,15.608323898949349,15.608323856358394,false,false,1.4923415884918818,0.0041141337190706883,,,
2021-07-19T00:00:00,EURJPY,10,0.62140609799724511,0.72122968830481793,success,11,15.608323884644554,15.112803206357297,false,false,7.2122968830481788,1.4405387209357423,,,
2021-07-20T00:00:00,EURJPY,10,0.5955105027592722,0.39649354513671142,success,11,15.608323886780509,15.22153063263254,false,false,3.9649354513671144,18.693402446300542,,,
2021-07-21T00:00:00,EURJPY,10,0.62300100522076896,0.70154818431416166,success,11,15.608323942809657,15.106018331583391,false,false,7.0154818431416164,50.037097718811665,,,
2021-07-22T00:00:00,EURJPY,10,0.60323841924922295,0.44241458169273845,success,11,15.608323900505193,15.189346941468827,false,false,4.4241458169273846,1.2904522834195939,,,
2021-07-23T00:00:00,EURJPY,10,0.58163605898297033,0.5021547810518221,success,11,15.60832388720514,15.278830689279937,false,false,5.0215478105182214,16.996464227836434,,,
2021-07-26T00:00:00,EURJPY,10,0.6195276962950641,9.9999999999999995e-08,success,11,15.608323897402778,15.120779875275591,false,false,9.9999999999999995e-07,14.120092354772957,,,
2021-07-27T00:00:00,EURJPY,10,0.60993367707975843,0.30250294480467699,success,11,15.608323899414884,15.161290457692584,false,false,3.0250294480467699,14.445950875205341,,,
2021-07-28T00:00:00,EURJPY,10,0.57184265745928509,0.80012149281270939,success,11,15.608324189958132,15.318951061573895,false,false,8.0012149281270943,25.521968645869997,,,
2021-07-29T00:00:00,EURJPY,10,0.59999004927054511,0.69728992300126191,success,11,15.608324501742349,15.202900854835015,false,false,6.9728992300126187,17.25774407864769,,,
2021-07-30T00:00:00,EURJPY,10,0.65479856049901808,0.59548625109330877,success,11,15.608324695239915,14.968125177377809,false,false,5.9548625109330882,16.557864208067759,,,
2021-08-02T00:00:00,EURJPY,10,0.66852931709578078,6.6129005969101596e-06,success,11,15.608323894055365,14.906783011453077,false,false,6.61290059691016e-05,0.24230520279700207,,,
2021-08-03T00:00:00,EURJPY,10,0.61675491118062786,0.69922223380841442,success,11,15.608324012282774,15.13252699701289,false,false,6.9922223380841437,69.228169606193873,,,
2021-08-04T00:00:00,EURJPY,10,0.67100279446929023,0.57868279454063376,success,11,15.608323909856654,14.895599865161499,false,false,5.7868279454063378,2.6013927585868979,,,
2021-08-05T00:00:00,EURJPY,10,0.65478776522938587,0.49921880726586654,success,11,15.608323928815411,14.968172169375384,false,false,4.9921880726586654,89.029428465064527,,,
2021-08-06T00:00:00,EURJPY,10,0.66232832461922764,0.38820014631904115,success,11,15.608323898768001,14.93463655591837,false,false,3.8820014631904116,6.2317756968926048,,,
2021-08-09T00:00:00,EURJPY,10,0.65598805070375332,0.26738506179262439,success,11,15.608323895350331,14.962857715059169,false,false,2.6738506179262438,24.69597470423421,,,
2021-08-10T00:00:00,EURJPY,10,0.84319408400765283,0.79651221358701607,success,11,15.608324110803533,13.926135785908601,false,false,7.9651221358701605,2.7133185613017785,,,
2021-08-11T00:00:00,EURJPY,10,0.98855818840842002,0.80142910615520613,success,11,15.57418017375632,11.11520699684011,false,false,8.0142910615520613,11.515488447728183,,,
2021-08-12T00:00:00,EURJPY,10,0.89264998918198035,0.64314220732937311,success,11,15.549909410869242,13.431809481327406,false,false,6.4314220732937306,2.4505876149725654,,,
2021-08-13T00:00:00,EURJPY,10,0.94400253192767913,0.57674175537173322,success,11,15.514341125348432,12.689518753798492,false,false,5.7674175537173324,2.2554684860998107,,,
2021-08-16T00:00:00,EURJPY,10,0.72029049182936933,0.46630811123847338,success,11,14.71911767410589,13.773214676394826,false,false,4.6630811123847336,1.4843638618089323,,,
2021-08-17T00:00:00,EURJPY,10,0.79558940024737657,0.28554772783957927,success,11,15.089009266113763,13.730056757064318,false,false,2.8554772783957927,15.872138099821596,,,
2021-08-18T00:00:00,EURJPY,10,0.75294031753612145,0.70632734718210377,success,11,14.575751505642062,13.461395477412267,false,false,7.0632734718210379,13.420938078624445,,,
2021-08-19T00:00:00,EURJPY,10,0.68880725304651647,0.60389432319950453,success,11,15.608323885134393,14.813774887429581,false,false,6.0389432319950451,23.503623992645092,,,
2021-08-20T00:00:00,EURJPY,10,0.853332457838058,0.40031184158627842,success,11,15.608323901461807,13.84734308614021,false,false,4.0031184158627839,0.46569427522050755,,,
2021-08-23T00:00:00,EURJPY,10,0.96661161260619899,0.40685138720363856,success,11,15.402358330381997,12.036769713880378,false,false,4.0685138720363856,13.107058298956719,,,
2021-08-24T00:00:00,EURJPY,10,0.81614188342154714,0.50093409297907932,success,11,15.260054673498148,13.769630811509048,false,false,5.0093409297907927,15.957490585405923,,,
2021-08-25T00:00:00,EURJPY,10,0.75594104413042407,0.69993360904749469,success,11,15.016627890257261,13.886074319596602,false,false,6.9993360904749471,3547.3652319870939,,,
2021-08-26T00:00:00,EURJPY,10,0.68097785941620304,0.50033910877823484,success,11,15.318644413233541,14.560375126078174,false,false,5.0033910877823482,6625.5943501585762,,,
2021-08-27T00:00:00,EURJPY,10,0.68970827164017234,0.20009257542012421,success,11,15.317448410853636,14.518692611575421,false,false,2.000925754201242,1452.806227054878,,,
2021-08-30T00:00:00,EURJPY,10,0.80276538088495675,0.10004934784697697,success,11,15.525380829566414,14.121712316620059,false,false,1.0004934784697697,352.83672196582262,,,
2021-08-31T00:00:00,EURJPY,10,0.61936521201025685,0.26649548198087475,success,11,15.60832389225334,15.121469144010559,false,false,2.6649548198087474,23.562549797044941,,,
2021-09-01T00:00:00,EURJPY,10,0.88126316608276889,0.69686350353594828,success,11,15.608323893577357,13.603877163818733,false,false,6.9686350353594833,62.781342393980147,,,
2021-09-02T00:00:00,EURJPY,10,0.94693504808352369,0.59543016001730609,success,11,15.608323880545116,12.726610047828615,false,false,5.9543016001730606,49.367351383365175,,,
2021-09-03T00:00:00,EURJPY,10,0.69799277847465147,0.90874747652970433,success,11,15.6083238915895,14.770566064330067,false,false,9.0874747652970438,14.975974925090979,,,
2021-09-06T00:00:00,EURJPY,10,0.69086008362225471,0.39724408383588367,success,11,15.60832451168592,14.80418117054951,false,false,3.9724408383588368,31.565458537778021,,,
2021-09-07T00:00:00,EURJPY,10,0.75479560307252702,0.29889504893399182,success,11,15.608323889209441,14.483969036925789,false,false,2.9889504893399184,106.49564634232119,,,
2021-09-08T00:00:00,EURJPY,10,0.68494565882067571,0.003461917510929155,success,11,15.608323890581723,14.831729521282696,false,false,0.03461917510929155,15.937419208869793,,,
2021-09-09T00:00:00,EURJPY,10,0.80248360034878086,0.29768220697185882,success,11,14.798851213096277,13.396961411105938,false,false,2.9768220697185881,1.2319325673236965,,,
2021-09-10T00:00:00,EURJPY,10,0.80992123245748093,0.34732757664534208,success,11,15.001318602466288,13.551820155672946,false,false,3.4732757664534208,0.56511372353186218,,,
2021-09-13T00:00:00,EURJPY,10,0.69658392823477711,0.69545120130986471,success,11,14.946882495956794,14.115799247728937,false,false,6.9545120130986469,13.457528410310625,,,
2021-09-14T00:00:00,EURJPY,10,0.65307241406513561,0.58448971274213601,success,11,15.294650545306363,14.662078599846891,false,false,5.8448971274213601,5.1029327968213893,,,
2021-09-15T00:00:00,EURJPY,10,0.93574747030033456,0.10061573680369576,success,11,15.387914543089995,12.709389995459436,false,false,1.0061573680369575,294.18701962469675,,,
2021-09-16T00:00:00,EURJPY,10,0.9754687662817032,0.8986686557686353,success,11,15.608323905824538,11.925352915706982,false,false,8.9866865576863528,15.715893788041827,,,
2021-09-17T00:00:00,EURJPY,10,0.96745844168975303,0.79351304261613809,success,11,15.608323881557739,12.216169401613659,false,false,7.9351304261613809,13.982354130992208,,,
2021-09-20T00:00:00,EURJPY,10,0.67519740397669004,0.90818864742868077,success,11,15.588929045933641,14.857141548418724,false,false,9.081886474286808,14.089462590800862,,,
2021-09-21T00:00:00,EURJPY,10,0.65395801236464712,0.60049964952983037,success,11,15.608323893864341,14.971840864987914,false,false,6.0049964952983039,1.3876585398278805,,,
2021-09-22T00:00:00,EURJPY,10,0.73091725386717921,0.70618654556136939,success,11,15.608323904558176,14.609042585762049,false,false,7.0618654556136935,17.161350153184898,,,
2021-09-23T00:00:00,EURJPY,10,0.94811074887405133,0.83721867595093469,success,11,14.432901648990411,11.527541991174253,false,false,8.3721867595093471,0.76983728640408644,,,
2021-09-24T00:00:00,EURJPY,10,0.91637362061503325,0.54036430842338201,success,11,14.367882522663212,11.973817371582991,false,false,5.4036430842338206,2.7387163368501168,,,
2021-09-27T00:00:00,EURJPY,10,0.83011453725746798,0.42273263337184652,success,11,14.375474774982973,12.789035548423605,false,false,4.227326333718465,4.1938616147254368,,,
2021-09-28T00:00:00,EURJPY,10,0.92271209375708196,0.34828651454930926,success,11,14.246847262006202,11.767067491712716,false,false,3.4828651454930926,3.0708479254576631,,,
2021-09-29T00:00:00,EURJPY,10,0.91016664965784022,0.23826375269447425,success,11,15.027762437876557,12.712091014658565,false,false,2.3826375269447424,3.2171569304414955,,,
2021-09-30T00:00:00,EURJPY,10,0.97514872180811574,0.17911398255530303,success,11,14.40796546682809,10.738284659787709,false,false,1.7911398255530302,3.0000942519593758,,,
2021-10-01T00:00:00,EURJPY,10,0.61797506630066001,0.59133603216867547,success,11,14.732417666265857,14.251455433354618,false,false,5.9133603216867545,2.0789110948135461,,,
2021-10-04T00:00:00,EURJPY,10,0.76176951083473909,0.3921469155473985,success,11,14.736747735695209,13.574342351889163,false,false,3.9214691554739849,14.942077920667469,,,
2021-10-05T00:00:00,EURJPY,10,0.60818593470322468,0.36398682540685989,success,11,14.930364548158632,14.490671303328417,false,false,3.6398682540685989,2.0174021728805007,,,
2021-10-06T00:00:00,EURJPY,10,0.66113550801562337,0.19634186775266943,success,11,15.207920609630655,14.539562085035316,false,false,1.9634186775266944,15.732195676258184,,,
2021-10-07T00:00:00,EURJPY,10,0.89813337420620265,0.59089242763292027,success,11,15.419600091847833,13.242945878344525,false,false,5.9089242763292029,15.791466316509743,,,
2021-10-08T00:00:00,EURJPY,10,0.65712295111081598,0.6721963597011622,success,11,15.471081657214963,14.820582440895254,false,false,6.721963597011622,1.4195719188055953,,,
2021-10-11T00:00:00,EURJPY,10,0.6073620271459349,0.50734550591453975,success,11,14.624041829653477,14.187804794690365,false,false,5.073455059145398,1.7586529888988334,,,
2021-10-12T00:00:00,EURJPY,10,0.6183200823256042,0.36463123022036992,success,11,14.728653713122439,14.246229802694913,false,false,3.6463123022036994,1.704953583876641,,,
2021-10-13T00:00:00,EURJPY,10,0.70384495407394632,0.19383158430499572,success,11,14.599694340231075,13.734019365009861,false,false,1.9383158430499572,16.739426688958503,,,
2021-10-14T00:00:00,EURJPY,10,0.68708964435739905,0.49747086910055566,success,11,15.021166710581081,14.234618686000408,false,false,4.9747086910055565,16.143288976940518,,,
2021-10-15T00:00:00,EURJPY,10,0.63303465523491997,0.40047332901839017,success,11,15.247719877284378,14.70246212419519,false,false,4.0047332901839017,17.8257242643738,,,
2021-10-18T00:00:00,EURJPY,10,0.86294147775957575,0.62247013607496626,success,11,15.453574720994606,13.613635849027162,false,false,6.2247013607496626,2.6797003788520768,,,
2021-10-19T00:00:00,EURJPY,10,0.94329264422948589,0.51570955643435679,success,11,15.404859355078171,12.59338672108658,false,false,5.1570955643435674,2.7714444173734734,,,
2021-10-20T00:00:00,EURJPY,10,0.95994638178038971,0.41171841332831172,success,11,15.103613745875128,11.926955327280917,false,false,4.1171841332831169,2.6980530592718579,,,
2021-10-21T00:00:00,EURJPY,10,0.89809871964058074,0.90154296289762803,success,11,15.199747100847038,13.023471610813953,false,false,9.0154296289762801,69.910550296430188,,,
2021-10-22T00:00:00,EURJPY,10,0.82794077357671059,0.80743424672910247,success,11,13.822280361546733,12.251177496428998,false,false,8.0743424672910251,17.156474417106988,,,
2021-10-25T00:00:00,EURJPY,10,0.84653406075470028,0.70005334377989104,success,11,14.566559255845707,12.858887466161145,false,false,7.0005334377989108,1333.0774585768311,,,
2021-10-26T00:00:00,EURJPY,10,0.92049153104179771,0.6116988306937573,success,11,13.837873668961821,11.388829412482886,false,false,6.1169883069375732,17.446939966714449,,,
2021-10-27T00:00:00,EURJPY,10,0.87402470080720274,0.50033608320762268,success,11,14.569579738601673,12.632556951133441,false,false,5.0033608320762264,295.83692161090488,,,
2021-10-28T00:00:00,EURJPY,10,0.80701707586109417,0.40974467678675264,success,11,15.238747565812226,13.808004447113403,false,false,4.0974467678675266,16.955564307822915,,,
2021-10-29T00:00:00,EURJPY,10,0.69518772021440689,0.99995937530088386,success,11,15.608323905689023,14.78383810657845,false,false,9.9995937530088383,1.3062861104471957,,,
2021-11-01T00:00:00,EURJPY,10,0.75998701817105374,0.79007381477083738,success,11,15.608323896084467,14.455715557136926,false,false,7.900738147708374,13.017905028015297,,,
2021-11-02T00:00:00,EURJPY,10,0.70489242324851087,0.60182099196728411,success,11,15.60832390195203,14.737618658739024,false,false,6.0182099196728416,55.792164481505466,,,
2021-11-03T00:00:00,EURJPY,10,0.68284847869069076,0.50051398518450851,success,11,15.608323894703203,14.841430551344986,false,false,5.0051398518450849,182.72875786773307,,,
2021-11-04T00:00:00,EURJPY,10,0.74663170221566166,0.40157368587582543,success,11,15.608323888058349,14.527596013022023,false,false,4.0157368587582543,74.552391418233242,,,
2021-11-05T00:00:00,EURJPY,10,0.80266701384208128,0.17795603349511721,success,11,15.608323889851418,14.205276526442876,false,false,1.7795603349511722,7.3118432676325966,,,
2021-11-08T00:00:00,EURJPY,10,0.64947002872698334,0.99999990000000005,success,11,15.608324173423417,14.991613696394817,false,false,9.9999990000000007,29.813236745656003,,,
2021-11-09T00:00:00,EURJPY,10,0.87801032302056781,0.76901130875918222,success,11,15.608324218974037,13.634602294211948,false,false,7.690113087591822,40.489968230785337,,,
2021-11-10T00:00:00,EURJPY,10,0.96932235519845023,0.66690450815143387,success,11,15.608324041011151,12.155261023518284,false,false,6.6690450815143389,39.214815268246724,,,
2021-11-11T00:00:00,EURJPY,10,0.99995629907670713,0.77954318035794312,success,11,15.60832391140581,5.5702262851802917,false,false,7.7954318035794312,3.4814844107970844,,,
2021-11-12T00:00:00,EURJPY,10,0.99806592125469074,0.47041912136448455,success,11,15.608323923378832,9.3621357083818886,false,false,4.7041912136448456,0.58350291339677296,,,
2021-11-15T00:00:00,EURJPY,10,0.95651608703875801,0.39743097503798513,success,11,15.608323880712604,12.517417326036224,false,false,3.9743097503798515,83.221973331459367,,,
2021-11-16T00:00:00,EURJPY,10,0.85805427146554702,0.29853359268136198,success,11,15.608325521381614,13.809102961565115,false,false,2.9853359268136197,106.92047304324383,,,
2021-11-17T00:00:00,EURJPY,10,0.81164742600530104,0.19361298562870571,success,11,15.608323880592815,14.147573439215924,false,false,1.9361298562870572,23.21500337836029,,,
2021-11-18T00:00:00,EURJPY,10,0.89183326100280114,0.92446831251949768,success,11,15.608323886958605,13.498718615149578,false,false,9.2446831251949764,0.89692411633924007,,,
2021-11-19T00:00:00,EURJPY,10,0.99822026384532458,0.64546362499172871,success,11,15.608323865313906,9.278815033705202,false,false,6.4546362499172876,1.7432864443916185,,,
2021-11-22T00:00:00,EURJPY,10,0.99717057348403915,0.49607890281531442,success,11,15.608323865607394,9.7434760701181151,false,false,4.9607890281531439,4.352634006173691,,,
2021-11-23T00:00:00,EURJPY,10,0.99608918645152789,0.38883914800080277,success,11,15.608324005403251,10.068232628214428,false,false,3.8883914800080275,4.5915303768316598,,,
2021-11-24T00:00:00,EURJPY,10,0.99963993109027183,0.26135917622875471,success,11,15.608323981261981,7.6794689860918215,false,false,2.6135917622875469,3.1234538944539021,,,
2021-11-25T00:00:00,EURJPY,10,0.9970607772001272,0.1476611842235041,success,11,15.60832404568291,9.7816575101169079,false,false,1.4766118422350409,3.4529964938936017,,,
2021-11-26T00:00:00,EURJPY,10,0.60740278218980004,0.79840907441800246,success,11,15.60832389633957,15.171915958489217,false,false,7.9840907441800244,30.036588001426942,,,
2021-11-29T00:00:00,EURJPY,10,0.68797513086554607,0.66895218709710069,success,11,15.608323899799789,14.8176541029147,false,false,6.6895218709710065,2.6413352006536921,,,
2021-11-30T00:00:00,EURJPY,10,0.8490930696315705,0.89511255347368301,success,11,15.608323893503091,13.880818382161864,false,false,8.9511255347368301,54.814079517757662,,,
2021-12-01T00:00:00,EURJPY,10,0.79290777699521486,0.44892499884112136,success,11,15.608323895919256,14.265781193208651,false,false,4.4892499884112134,2.3796712123927124,,,
2021-12-02T00:00:00,EURJPY,10,0.79432737829876021,0.19423904063241018,success,11,15.608323888198706,14.257113886297731,false,false,1.9423904063241018,15.287142173519769,,,
2021-12-03T00:00:00,EURJPY,10,0.78061775172122938,0.00012852938930665118,success,11,15.608323977365593,14.339054016015156,false,false,0.0012852938930665119,0.82965556303847965,,,
2021-12-06T00:00:00,EURJPY,10,0.54055018196144333,0.79802734559855415,success,11,15.608324254482071,15.445766504025499,false,false,7.9802734559855413,15.262916068993322,,,
2021-12-07T00:00:00,EURJPY,10,0.55182276300719091,0.69389654783272547,success,11,15.608323908154238,15.400285767409784,false,false,6.9389654783272547,16.15016487522443,,,
2021-12-08T00:00:00,EURJPY,10,0.76607302056045901,0.99999624813001198,success,11,15.608323904422422,14.422055425104389,false,false,9.9999624813001198,8.6431997641587657,,,
2021-12-09T00:00:00,EURJPY,10,0.78766086839771698,0.80115785496191483,success,11,15.608323894445377,14.297440941197229,false,false,8.0115785496191485,119.71481027627036,,,
2021-12-10T00:00:00,EURJPY,10,0.68916694186200156,0.70119723239237741,success,11,15.608323897615243,14.812096337572049,false,false,7.0119723239237741,73.858212502909737,,,
2021-12-13T00:00:00,EURJPY,10,0.76273997824417605,0.601177681902197,success,11,15.608324454799881,14.440563948196967,false,false,6.0117768190219705,98.780677970311061,,,
2021-12-14T00:00:00,EURJPY,10,0.67011886817887256,0.50133678143658911,success,11,15.608323895823837,14.899601166950593,false,false,5.0133678143658909,58.68155418262657,,,
2021-12-15T00:00:00,EURJPY,10,0.63365502903487747,0.40400805444324633,success,11,15.608323898941762,15.060394643938704,false,false,4.0400805444324632,16.083811482095712,,,
2021-12-16T00:00:00,EURJPY,10,0.66115683501091926,0.57042214025635196,success,11,15.608324400059502,14.939870679225523,false,false,5.7042214025635198,17.09621721489146,,,
2021-12-17T00:00:00,EURJPY,10,0.6536568917471921,0.99999738444355535,success,11,15.608323903287411,14.973171245907254,false,false,9.9999738444355533,8.3814309221459045,,,
2021-12-20T00:00:00,EURJPY,10,0.63516181305356267,0.80148324862581166,success,11,15.608323889933521,15.053898031647664,false,false,8.0148324862581166,45.887068054169866,,,
2021-12-21T00:00:00,EURJPY,10,0.63301134932005587,0.39661341604538258,success,11,15.608323926361487,15.063166497961058,false,false,3.9661341604538261,1.3184250037467895,,,
2021-12-22T00:00:00,EURJPY,10,0.68539013767843726,0.19054419295429656,success,11,15.608323884814826,14.829669003523261,false,false,1.9054419295429657,10.117901760634865,,,
2021-12-23T00:00:00,EURJPY,10,0.63200429257726554,0.094093831078530921,success,11,15.608294714213095,15.067469801525432,false,false,0.94093831078530921,13.669841484242799,,,
2021-12-24T00:00:00,EURJPY,10,0.70883193953298573,0.83162253564316979,success,11,15.608323067847101,14.718605235998389,false,false,8.3162253564316977,1.590466002937279,,,
2021-12-27T00:00:00,EURJPY,10,0.73997614592898908,0.46528452649849311,success,11,15.608323900193758,14.562479322980252,false,false,4.652845264984931,28.585701405048912,,,
2021-12-28T00:00:00,EURJPY,10,0.76793802616278384,0.39854109467575605,success,11,15.608324267408451,14.411619697219852,false,false,3.9854109467575607,84.534312258315083,,,
2021-12-29T00:00:00,EURJPY,10,0.8619269474554857,0.29967224433787426,success,11,15.608323918743741,13.776936310759703,false,false,2.9967224433787427,488.31732066892965,,,
2021-12-30T00:00:00,EURJPY,10,0.799943468340649,0.19864521568882637,success,11,15.608323952647519,14.2223828769551,false,false,1.9864521568882638,111.18987871058225,,,
2021-12-31T00:00:00,EURJPY,10,0.91649533194506982,8.0668376201110825e-05,success,11,15.608323887550469,13.21266944877696,false,false,0.00080668376201110828,8.2479615808319089,,,
2022-01-03T00:00:00,EURJPY,10,0.77557820102585817,0.99999838080971237,success,11,15.608323889243097,14.368242384527663,false,false,9.9999838080971237,0.21078279349046747,,,
2022-01-04T00:00:00,EURJPY,10,0.74887967036068515,0.26645686285638848,success,11,15.608323995995836,14.515677904318165,false,false,2.6645686285638845,2.031147528041723,,,
2022-01-05T00:00:00,EURJPY,10,0.69179269191353654,0.18700402515074663,success,11,15.608323892054516,14.799810194239813,false,false,1.8700402515074663,4.2684827223560715,,,
2022-01-06T00:00:00,EURJPY,10,0.6833258924537895,0.11146358636132883,success,11,15.608323991276693,14.839225290128415,false,false,1.1146358636132883,4.200263468435196,,,
2022-01-07T00:00:00,EURJPY,10,0.55921536094421875,1.6846804406982218e-05,success,11,15.608324593731046,15.370346343043469,false,false,0.00016846804406982219,14.831501638610883,,,
2022-01-10T00:00:00,EURJPY,10,0.54335239367123855,0.39500976777211638,success,11,15.608323917612603,15.434477824035486,false,false,3.9500976777211636,11.445360043032155,,,
2022-01-11T00:00:00,EURJPY,10,0.57979656324343187,0.80028379819289752,success,11,15.608326317125089,15.286387995377913,false,false,8.002837981928975,195.80101224979225,,,
2022-01-12T00:00:00,EURJPY,10,0.57776329956575945,0.49998153794231043,success,11,15.608323905663237,15.294725695480285,false,false,4.9998153794231044,664.1460424116035,,,
2022-01-13T00:00:00,EURJPY,10,0.53234937760908396,0.36352161795172599,success,11,15.608323907804625,15.478745392953378,false,false,3.6352161795172599,24.011298095760882,,,
2022-01-14T00:00:00,EURJPY,10,0.58604395405079734,0.26263382783843631,success,11,15.608323915202027,15.260688920509409,false,false,2.6263382783843632,21.657446407892728,,,
2022-01-17T00:00:00,EURJPY,10,0.70233352006882555,0.69763720395521567,success,11,15.608323884278805,14.749889158141347,false,false,6.9763720395521567,44.383998374713457,,,
2022-01-18T00:00:00,EURJPY,10,0.62254982569002704,0.78239619616718648,success,11,15.608323894711022,15.107938799701138,false,false,7.8239619616718645,1.0102153420618778,,,
2022-01-19T00:00:00,EURJPY,10,0.59735260729813333,0.60537272307329437,success,11,15.608324156569616,15.213877808415688,false,false,6.0537272307329442,1.4905699803043675,,,
2022-01-20T00:00:00,EURJPY,10,0.6008246313037684,0.39889008783229263,success,11,15.608323959978929,15.199421703730714,false,false,3.9889008783229265,55.21136675238315,,,
2022-01-21T00:00:00,EURJPY,10,0.66301732993306739,0.29906213982253549,success,11,15.608324743535844,14.931555119925711,false,false,2.9906213982253549,96.054268917312854,,,
2022-01-24T00:00:00,EURJPY,10,0.67488734493058777,0.19808142454675173,success,11,15.608323901790392,14.87794987449565,false,false,1.9808142454675173,56.49346625366114,,,
2022-01-25T00:00:00,EURJPY,10,0.74115352934988254,0.72838386375039565,success,11,15.60832396639236,14.55635127897736,false,false,7.2838386375039565,8.1165175544937203,,,
2022-01-26T00:00:00,EURJPY,10,0.63393665533953525,0.69827717826960745,success,11,15.608323888438372,15.05918124297521,false,false,6.9827717826960747,38.945200127790976,,,
2022-01-27T00:00:00,EURJPY,10,0.72188105138633862,0.39986392598173803,success,11,15.608323883507358,14.654512401849709,false,false,3.9986392598173803,761.84729284950208,,,
2022-01-28T00:00:00,EURJPY,10,0.77901283007476096,0.44964636047793027,success,11,15.608323906223156,14.348401035754534,false,false,4.4964636047793025,2.790317676972534,,,
2022-01-31T00:00:00,EURJPY,10,0.79443441698827244,0.90407576988023253,success,11,15.608323969414549,14.256458654880729,false,false,9.0407576988023255,41.722855765427909,,,
2022-02-01T00:00:00,EURJPY,10,0.75097140923007333,0.80461843480051221,success,11,15.608324107672342,14.50452423914142,false,false,8.0461843480051218,26.857704488394976,,,
2022-02-02T00:00:00,EURJPY,10,0.75715221651113418,0.70093771012650929,success,11,15.60832388350253,14.471194413335338,false,false,7.0093771012650929,124.98427487395691,,,
2022-02-03T00:00:00,EURJPY,10,0.98594981924527614,0.99395524424671911,success,11,15.608323892062618,11.357353692817355,false,false,9.9395524424671908,10.487817705924657,,,
2022-02-04T00:00:00,EURJPY,10,0.96270592825604162,0.80179545124437457,success,11,15.608324169422433,12.357410554250006,false,false,8.0179545124437457,130.49661338171762,,,
2022-02-07T00:00:00,EURJPY,10,0.93725524125275972,0.70497158329225507,success,11,15.608332462720824,12.904451863542599,false,false,7.0497158329225504,40.130007439468095,,,
2022-02-08T00:00:00,EURJPY,10,0.85404235958151331,0.60236217972420891,success,11,15.608323892267771,13.841659543817141,false,false,6.0236217972420887,64.995242594206118,,,
2022-02-09T00:00:00,EURJPY,10,0.80817021565110636,0.056608015252835632,success,11,15.60832395370144,14.17015969340153,false,false,0.56608015252835631,3.241454056735968,,,
2022-02-10T00:00:00,EURJPY,10,0.92084193630384581,0.59611878087610604,success,11,15.608323907825183,13.154482167918975,false,false,5.9611878087610606,52.260602915480639,,,
2022-02-11T00:00:00,EURJPY,10,0.7863843595259622,0.99999986334483482,success,11,15.608323897525569,14.305056545189263,false,false,9.9999986334483477,9.8535635546359988,,,
2022-02-14T00:00:00,EURJPY,10,0.67573687118504611,0.68951457770602875,success,11,15.606648998600658,14.872400554310381,false,false,6.8951457770602875,1.2419154966909272,,,
2022-02-15T00:00:00,EURJPY,10,0.68594636120580477,0.29518095524927446,success,11,15.60832159369396,14.827085955192015,false,false,2.9518095524927443,16.835535525558409,,,
2022-02-16T00:00:00,EURJPY,10,0.78758873512876215,0.19769276444499603,success,11,15.608324132501258,14.297872412699101,false,false,1.9769276444499604,60.802205037224553,,,
2022-02-17T00:00:00,EURJPY,10,0.9089235525175331,0.098839303811822973,success,11,15.599683177689425,13.299121423759571,false,false,0.98839303811822976,118.26644126803663,,,
2022-02-18T00:00:00,EURJPY,10,0.79324240166229765,0.30836294776359729,success,11,15.608324284475032,14.263742517359947,false,false,3.0836294776359727,18.113730740946433,,,
2022-02-21T00:00:00,EURJPY,10,0.78791887950828388,0.83687896816009588,success,11,15.608323886070961,14.295897591610084,false,false,8.3687896816009584,3.3662291822865473,,,
2022-02-22T00:00:00,EURJPY,10,0.7086968205960924,0.59879845723060332,success,11,15.608323912175436,14.719260671057571,false,false,5.9879845723060328,82.422881337206604,,,
2022-02-23T00:00:00,EURJPY,10,0.80596855878383944,0.49880352447727205,success,11,15.608323888104277,14.184299369367817,false,false,4.9880352447727203,113.27900811662454,,,
2022-02-24T00:00:00,EURJPY,10,0.85068008932478234,0.3976961640994533,success,11,15.608324285844175,13.868379207021045,false,false,3.9769616409945328,66.585603559222704,,,
2022-02-25T00:00:00,EURJPY,10,0.70626080759904863,0.2812461085713247,success,11,15.608323904409085,14.731031592225392,false,false,2.812461085713247,0.70830351798601798,,,
2022-02-28T00:00:00,EURJPY,10,0.82279514712508695,0.80786415007037815,success,11,15.608323891163094,14.072923055625562,false,false,8.0786415007037817,12.890662582659333,,,
2022-03-01T00:00:00,EURJPY,10,0.79204893812661625,0.70193150907374258,success,11,15.608324170821721,14.271003762916223,false,false,7.0193150907374253,73.635305633336912,,,
2022-03-02T00:00:00,EURJPY,10,0.90340272822432843,0.34901199934732219,success,11,15.60832399831075,13.372706053474921,false,false,3.4901199934732219,4.1282614963334385,,,
2022-03-03T00:00:00,EURJPY,10,0.88272498086123896,0.203424430609564,success,11,15.608323880033572,13.589831955306718,false,false,2.0342443060956401,68.064958812874593,,,
2022-03-04T00:00:00,EURJPY,10,0.96401712654616956,0.11182462180616404,success,11,15.608323929995214,12.320257957279326,false,false,1.1182462180616404,36.887317294092981,,,
2022-03-07T00:00:00,EURJPY,10,0.75692372696953936,0.30015422285326393,success,11,15.608323901161127,14.472436684649582,false,false,3.0015422285326392,863.34819848471818,,,
2022-03-08T00:00:00,EURJPY,10,0.71515431277093156,0.20620579930947139,success,11,15.608323883562054,14.687773127410548,false,false,2.0620579930947138,21.691891540065409,,,
2022-03-09T00:00:00,EURJPY,10,0.95752481720760518,0.60374432975507319,success,11,15.338652437706736,12.223220769310888,false,false,6.0374432975507322,37.684062837641584,,,
2022-03-10T00:00:00,EURJPY,10,0.77223856734758733,0.50385119207233964,success,11,15.577291018494355,14.356296224280806,false,false,5.0385119207233959,15.547886638171137,,,
2022-03-11T00:00:00,EURJPY,10,0.66358560271195632,0.40154250817492682,success,11,15.556587312979712,14.877273175935606,false,false,4.0154250817492683,15.871176783116809,,,
2022-03-14T00:00:00,EURJPY,10,0.60710396984914905,0.50041482538980941,success,11,15.293525181742222,14.858370143135623,false,false,5.0041482538980944,16.693307800190173,,,
2022-03-15T00:00:00,EURJPY,10,0.60777196790828414,0.39911033441893362,success,11,15.489397567747323,15.051441194093311,false,false,3.9911033441893364,17.040465185656917,,,
2022-03-16T00:00:00,EURJPY,10,0.81309060408569833,0.29562256854344804,success,11,15.385590818087667,13.915372256222014,false,false,2.9562256854344802,16.883386225356304,,,
2022-03-17T00:00:00,EURJPY,10,0.7760595127050699,0.55826284251509428,success,11,15.318774672593049,14.075925798556575,false,false,5.5826284251509426,3.6772457427102001,,,
2022-03-18T00:00:00,EURJPY,10,0.90285888572300199,0.42129968712358146,success,11,15.59237251558466,13.362970954799229,false,false,4.2129968712358146,2.7584686551515927,,,
2022-03-21T00:00:00,EURJPY,10,0.81493530496113398,0.39624109894543291,success,11,15.608323901144457,14.125920638329475,false,false,3.9624109894543289,36.218487850739805,,,
2022-03-22T00:00:00,EURJPY,10,0.75186426801335615,0.29974349871372769,success,11,15.608323959028938,14.499744048878529,false,false,2.997434987137277,465.45645240874046,,,
2022-03-23T00:00:00,EURJPY,10,0.82789834171025045,0.12151349996253065,success,11,15.608323897077623,14.037518864730618,false,false,1.2151349996253065,7.2795535321806621,,,
2022-03-24T00:00:00,EURJPY,10,0.65040425083282771,3.9735660867831831e-06,success,11,15.6083238947687,14.987507285410283,false,false,3.9735660867831831e-05,6.9785394350234133,,,
2022-03-25T00:00:00,EURJPY,10,0.58379877238609323,0.6008609035341953,success,11,15.608323899756028,15.269936407669055,false,false,6.0086090353419532,16.349466255511587,,,
2022-03-28T00:00:00,EURJPY,10,0.68257749162165404,0.87135552257667326,success,11,15.608323912415555,14.842681571407708,false,false,8.7135552257667328,8.3092562300284527,,,
2022-03-29T00:00:00,EURJPY,10,0.61833149887230399,0.29927193006155822,success,11,15.608326805665884,15.125854519836986,false,false,2.9927193006155823,1.5175937611659529,,,
2022-03-30T00:00:00,EURJPY,10,0.5669479348583446,0.29905796067153478,success,11,15.608323899472071,15.338914389202486,false,false,2.9905796067153476,10.444788138150125,,,
2022-03-31T00:00:00,EURJPY,10,0.94605098710095625,0.20526380507701139,success,11,15.608323905357111,12.744066835136069,false,false,2.0526380507701139,15.187322178820073,,,
2022-04-01T00:00:00,EURJPY,10,0.80582284064159715,0.10476661270280015,success,11,15.608323900896698,14.18523091816834,false,false,1.0476661270280014,15.672144385719649,,,
2022-04-04T00:00:00,EURJPY,10,0.6294988195310548,9.9999999999999995e-08,retry_success,11,15.608323901251378,15.078256553899323,true,false,9.9999999999999995e-07,27.208578990158333,,,
2022-04-05T00:00:00,EURJPY,10,0.74483071399644873,0.96494245641074627,success,11,15.608324073861322,14.537094302414285,false,false,9.6494245641074627,3.8281690711712018,,,
2022-04-06T00:00:00,EURJPY,10,0.99006943165622652,0.8355794929585324,success,11,15.608323905145934,11.006166542932146,false,false,8.3557949295853238,4.5502378355236814,,,
2022-04-07T00:00:00,EURJPY,10,0.99628847375143836,0.71531159388942211,success,11,15.608323880308278,10.015730212153514,false,false,7.1531159388942207,8.2238734873541723,,,
2022-04-08T00:00:00,EURJPY,10,0.99849630407059153,0.61159116408324476,success,11,15.608323911105657,9.1099994902305159,false,false,6.1159116408324472,7.0866426030939795,,,
2022-04-11T00:00:00,EURJPY,10,0.84020019852714645,0.51733356291657062,success,11,15.608324297802536,13.948605893765503,false,false,5.173335629165706,0.89947312189991824,,,
2022-04-12T00:00:00,EURJPY,10,0.73723724658446299,0.80185094650291011,success,11,15.608323911685197,14.576665709562597,false,false,8.0185094650291013,68.012824230352976,,,
2022-04-13T00:00:00,EURJPY,10,0.70936254362685458,0.70317561363776093,success,11,15.608325235912,14.716035131103277,false,false,7.0317561363776093,31.60965963427217,,,
2022-04-14T00:00:00,EURJPY,10,0.69866982729023264,0.38740107581933575,success,11,15.608323893263858,14.767352195582035,false,false,3.8740107581933576,0.91547749297795089,,,
2022-04-15T00:00:00,EURJPY,10,0.79743113470554128,0.50938963631859246,success,11,15.608324176972097,14.238008601770215,false,false,5.0938963631859249,13.939203829466802,,,
2022-04-18T00:00:00,EURJPY,10,0.78926228651069841,0.4014221802800596,success,11,15.608323898745144,14.287839500303285,false,false,4.0142218028005958,94.61220621286823,,,
2022-04-19T00:00:00,EURJPY,10,0.92337341408236651,0.37075628926038734,success,11,15.608323888447861,13.119234261296063,false,false,3.7075628926038733,9.4723128858873391,,,
2022-04-20T00:00:00,EURJPY,10,0.80046330988480641,0.80112355079390518,success,11,15.608323899301027,14.219131331684741,false,false,8.0112355079390518,127.95350283121601,,,
2022-04-21T00:00:00,EURJPY,10,0.69093677004213749,0.70062406066064775,success,11,15.608324083409629,14.803821652492642,false,false,7.006240606606478,143.01014783217533,,,
2022-04-22T00:00:00,EURJPY,10,0.59312024396234952,0.62915505292332774,success,11,15.60832388332433,15.231444434682356,false,false,6.2915505292332776,17.793030678489501,,,
2022-04-25T00:00:00,EURJPY,10,0.68984472129256091,0.50227790800165562,success,11,15.608324072554904,14.808930613021635,false,false,5.0227790800165559,38.341455297026272,,,
2022-04-26T00:00:00,EURJPY,10,0.68498187974261271,0.99999894361231245,success,11,15.389327011180614,14.612564787996547,false,false,9.9999894361231245,0.30469658213515316,,,
2022-04-27T00:00:00,EURJPY,10,0.73606809844313659,0.70949923171283069,success,11,15.452300469817942,14.426668951534232,false,false,7.0949923171283071,2.0161733962289814,,,
2022-04-28T00:00:00,EURJPY,10,0.85684580024115997,0.6587336785233523,success,11,15.188564969062124,13.39922936564297,false,false,6.5873367852335232,2.1371976568910993,,,
2022-04-29T00:00:00,EURJPY,10,0.71746006095091885,0.50785855563994187,success,11,15.419361670612975,14.487464306466986,false,false,5.0785855563994184,1.8897031043621035,,,
2022-05-02T00:00:00,EURJPY,10,0.68209919943460107,0.31506421888336245,success,11,15.402640351666967,14.639204636891204,false,false,3.1506421888336247,1.5359329872595122,,,
2022-05-03T00:00:00,EURJPY,10,0.96404437555912781,0.79471855886004705,success,11,15.451794524368919,12.162942721772701,false,false,7.9471855886004708,14.370856157992414,,,
2022-05-04T00:00:00,EURJPY,10,0.78679091885463626,0.49159072608353338,success,11,15.086358978922833,13.780669720222159,false,false,4.9159072608353336,15.688026526543887,,,
2022-05-05T00:00:00,EURJPY,10,0.99589249775288724,0.63678717683142505,success,11,14.992945723461027,9.5021215236894658,false,false,6.3678717683142505,2.5533579527425196,,,
2022-05-06T00:00:00,EURJPY,10,0.99656059576288925,0.44732928648351289,success,11,14.997787138726265,9.3287754618295438,false,false,4.4732928648351287,39.600817300591729,,,
2022-05-09T00:00:00,EURJPY,10,0.99890185789898711,0.34443625673100975,success,11,14.941075539852317,8.1280387591290975,false,false,3.4443625673100975,40.218830067432314,,,
2022-05-10T00:00:00,EURJPY,10,0.99945071801040031,0.2933300410895443,success,11,15.608324101144616,8.1019749279790805,false,false,2.933300410895443,15.797854212648243,,,
2022-05-11T00:00:00,EURJPY,10,0.95611562789543059,0.1968894218834106,success,11,15.608323925474542,12.527003338251335,false,false,1.9688942188341061,15.394930810008828,,,
2022-05-12T00:00:00,EURJPY,10,0.98327006313657406,0.90036913613505365,success,11,15.238306826584015,11.164622751699127,false,false,9.0036913613505369,420.26359446375932,,,
2022-05-13T00:00:00,EURJPY,10,0.9997796717056977,0.81461848326912845,success,11,15.608324072278748,7.1881525477713968,false,false,8.1461848326912847,17.328889823678846,,,
2022-05-16T00:00:00,EURJPY,10,0.99941524291609718,0.71016031312100614,success,11,15.608324088528676,8.1645949784888714,false,false,7.1016031312100614,16.851970773729182,,,
2022-05-17T00:00:00,EURJPY,10,0.99698917784609997,0.99999989430210312,success,11,15.608323890989269,9.805797158099562,false,false,9.9999989430210316,0.36307783354782636,,,
2022-05-18T00:00:00,EURJPY,10,0.99650887217295936,0.51341225173807314,success,11,15.608324170289771,9.9542909709619209,false,false,5.1341225173807317,19.249420885781646,,,
2022-05-19T00:00:00,EURJPY,10,0.99482753199308449,0.40895880530641249,success,11,15.608323896400782,10.349104454338548,false,false,4.0895880530641247,15.830730005614656,,,
2022-05-20T00:00:00,EURJPY,10,0.5783252647500583,0.60008294851636357,success,11,15.608323896735198,15.292421691851031,false,false,6.0008294851636359,47.190964318722031,,,
2022-05-23T00:00:00,EURJPY,10,0.51814138707172841,0.36574598524537399,success,11,15.608323968705092,15.535726552520227,false,false,3.6574598524537398,25.55036489550211,,,
2022-05-24T00:00:00,EURJPY,10,0.70090971309001493,0.99239637867078812,success,11,15.608323898522798,14.756690307805835,false,false,9.9239637867078816,14.868221956620582,,,
2022-05-25T00:00:00,EURJPY,10,0.94296554824077794,0.89128215696461699,success,11,15.608323897782984,12.802949652102788,false,false,8.9128215696461695,13.409951539689965,,,
2022-05-26T00:00:00,EURJPY,10,0.94985572068234281,0.76250876948856539,success,11,15.608323904803132,12.666918241177113,false,false,7.6250876948856536,2.848353747038225,,,
2022-05-27T00:00:00,EURJPY,10,0.96846770524466774,0.78378003815125441,success,11,15.608323891883813,12.18362100568946,false,false,7.8378003815125439,2.7084938985020406,,,
2022-05-30T00:00:00,EURJPY,10,0.87914870479972529,0.62207617754849653,success,11,15.608324075645921,13.623930841810591,false,false,6.2207617754849656,1.1461691989203369,,,
2022-05-31T00:00:00,EURJPY,10,0.95383906652513584,0.47676422814861474,success,11,15.608323944968378,12.579962825708042,false,false,4.7676422814861477,0.91274353954361409,,,
2022-06-01T00:00:00,EURJPY,10,0.96050997533380267,0.35856558226354623,success,11,15.608323884382351,12.416907616581291,false,false,3.5856558226354625,1.0181746225150723,,,
2022-06-02T00:00:00,EURJPY,10,0.84986490409690696,0.66147716041189797,success,11,15.608323894311065,13.874782021932944,false,false,6.6147716041189799,0.76506952837628672,,,
2022-06-03T00:00:00,EURJPY,10,0.92295526977589459,0.30866047799307861,success,11,15.608323888411626,13.125129282055337,false,false,3.0866047799307861,7.7197517976593577,,,
2022-06-06T00:00:00,EURJPY,10,0.97296645911141499,1.3110175978243445e-05,success,11,15.608323917728249,12.025052657935413,false,false,0.00013110175978243445,0.39555444712159532,,,
2022-06-07T00:00:00,EURJPY,10,0.94194099107640661,0.14451912848176746,success,11,14.082117432740594,11.295634690880775,false,false,1.4451912848176747,1.1326423251176636,,,
2022-06-08T00:00:00,EURJPY,10,0.80593659490101199,0.9013162211505753,retry_success,11,15.087839566582538,13.664019429619247,true,false,9.0131622115057528,62.684313574684886,,,
2022-06-09T00:00:00,EURJPY,10,0.99688808251384542,0.88017984689626005,success,11,15.608323918741476,9.8389245005623103,false,false,8.8017984689626001,3.5346909201845707,,,
2022-06-10T00:00:00,EURJPY,10,0.99216466233576728,0.72348411168858173,success,11,15.301114129358085,10.459869017372274,false,false,7.2348411168858169,5.1484950334221713,,,
2022-06-13T00:00:00,EURJPY,10,0.99735123926634472,0.60023910158059002,success,11,14.182930920968591,8.2519197998332281,false,false,6.0023910158059,1054.9126551567733,,,
2022-06-14T00:00:00,EURJPY,10,0.99863150485536845,0.52447383130586245,success,11,15.137589033166792,8.5449148881169918,false,false,5.2447383130586243,9.7934471147930289,,,
2022-06-15T00:00:00,EURJPY,10,0.9950701284000335,0.48950209240409015,success,11,15.495965042193678,10.188464769798596,false,false,4.8950209240409013,17.334190249253798,,,
2022-06-16T00:00:00,EURJPY,10,0.98906217908849559,0.30646454658843203,success,11,15.480240218644299,10.975709610065749,false,false,3.0646454658843205,636.61516594526449,,,
2022-06-17T00:00:00,EURJPY,10,0.67469848886411798,0.68531562927755441,success,11,15.58361966031436,14.854106231228101,false,false,6.8531562927755445,17.816188948395343,,,
2022-06-20T00:00:00,EURJPY,10,0.63559241161737412,0.54802998620489574,success,11,15.589171272654417,15.032886766481235,false,false,5.4802998620489571,26.111260610940448,,,
2022-06-21T00:00:00,EURJPY,10,0.61761837194958558,0.49319235120180033,success,11,15.597656868545645,15.118205259171713,false,false,4.9319235120180034,36.479357043935572,,,
2022-06-22T00:00:00,EURJPY,10,0.54254718326606288,0.3991699690572072,success,11,15.608323882247142,15.437722573427223,false,false,3.9916996905720721,44.138552147630207,,,
2022-06-23T00:00:00,EURJPY,10,0.66606171391907132,0.50597283905478008,success,11,15.573687320956065,14.883261194857951,false,false,5.059728390547801,14.682523097013222,,,
2022-06-24T00:00:00,EURJPY,10,0.58998880281135202,0.40047006055347989,success,11,15.608323893351843,15.244404804459663,false,false,4.0047006055347989,59.929083623477823,,,
2022-06-27T00:00:00,EURJPY,10,0.7596922607599409,0.86918529922273924,success,11,15.608323906900992,14.457330824474749,false,false,8.6918529922273926,21.862032114403455,,,
2022-06-28T00:00:00,EURJPY,10,0.53211201361606564,0.56616547196120615,success,11,15.60832390367859,15.479698806526498,false,false,5.661654719612061,24.057299539554496,,,
2022-06-29T00:00:00,EURJPY,10,0.85096033807883298,0.69640899100714504,success,11,15.608323879159691,13.866170815839526,false,false,6.9640899100714506,51.341299798186689,,,
2022-06-30T00:00:00,EURJPY,10,0.87998579168536351,0.59750934100032593,success,11,15.608323910236541,13.616028287101701,false,false,5.9750934100032591,72.743897076817021,,,
2022-07-01T00:00:00,EURJPY,10,0.90912879855073969,0.48835016814293697,success,11,15.56447542453191,13.261431783063818,false,false,4.8835016814293697,16.86746565265177,,,
2022-07-04T00:00:00,EURJPY,10,0.79883575630941439,0.39544744755730277,success,11,15.60832390014999,14.229290244256397,false,false,3.9544744755730279,15.645444011384305,,,
2022-07-05T00:00:00,EURJPY,10,0.74846019123066221,0.40144595312423642,success,11,15.608323889528334,14.517907134190731,false,false,4.0144595312423643,0.75710109908766143,,,
2022-07-06T00:00:00,EURJPY,10,0.66507013899889644,0.49362024273999039,success,11,15.608323901007674,14.922352533492946,false,false,4.9362024273999037,1.1646620250324757,,,
2022-07-07T00:00:00,EURJPY,10,0.7103015864565716,0.29619848559207773,success,11,15.608323886438681,14.711474665490638,false,false,2.9619848559207771,27.860407938872115,,,
2022-07-08T00:00:00,EURJPY,10,0.9784819262386858,0.19851456790378844,success,11,15.567763081074641,11.750653987349231,false,false,1.9851456790378843,21.192878937046526,,,
2022-07-11T00:00:00,EURJPY,10,0.62083462301561243,0.30091683153760823,success,11,15.608323913742018,15.115231635609341,false,false,3.0091683153760824,60.747138117949341,,,
2022-07-12T00:00:00,EURJPY,10,0.95441028608570644,0.86785869673547311,success,11,15.608324066088976,12.566912536841915,false,false,8.6785869673547307,40.788536022017212,,,
2022-07-13T00:00:00,EURJPY,10,0.64245747238544004,0.99999985522736767,success,11,15.608323908332634,15.022277598015235,false,false,9.9999985522736772,2.3159294148775658,,,
2022-07-14T00:00:00,EURJPY,10,0.72930201199544897,0.70955073700911631,success,11,15.584460557399028,14.593376392636321,false,false,7.0955073700911635,1.5597861064541412,,,
2022-07-15T00:00:00,EURJPY,10,0.79000081357388885,0.544947157124689,success,11,15.449456524442285,14.124526205689971,false,false,5.4494715712468897,1.6556328679579231,,,
2022-07-18T00:00:00,EURJPY,10,0.81514956713935871,0.21496444664049083,success,11,14.917949219059487,13.434124631759396,false,false,2.1496444664049084,1.8796648939434595,,,
2022-07-19T00:00:00,EURJPY,10,0.81264463322940927,0.53617566211566525,success,11,12.99318417919231,11.525897441224291,false,false,5.361756621156653,3.1071984438798927,,,
2022-07-20T00:00:00,EURJPY,10,0.71993307974725107,0.76347659124719602,success,11,15.417554579862795,14.473424892483573,false,false,7.63476591247196,1.5190970713272527,,,
2022-07-21T00:00:00,EURJPY,10,0.63489350955685797,0.66490615664288899,success,11,15.49377359256531,14.940505374890476,false,false,6.6490615664288901,1.8990884835113979,,,
2022-07-22T00:00:00,EURJPY,10,0.74051240731121137,0.65574949255908621,success,11,15.252121072795459,14.203487573000647,false,false,6.5574949255908619,1.3156498016073892,,,
2022-07-25T00:00:00,EURJPY,10,0.81439833594506084,0.53825882525101587,success,11,15.582243079393841,14.103396263014291,false,false,5.3825882525101587,1.4824863869458493,,,
2022-07-26T00:00:00,EURJPY,10,0.73241455673366451,0.70129826828527464,success,11,15.608324617328179,14.601416858752032,false,false,7.012982682852746,90.167675946226552,,,
2022-07-27T00:00:00,EURJPY,10,0.67747023270327,0.37152899279364571,success,11,15.608323924913082,14.8661537437654,false,false,3.7152899279364568,8.5986336303142306,,,
2022-07-28T00:00:00,EURJPY,10,0.77708223353999617,0.99655930995028741,success,11,15.608323902828703,14.359580666571629,false,false,9.9655930995028736,7.6462376067776985,,,
2022-07-29T00:00:00,EURJPY,10,0.67649425869181357,0.40255704708544815,success,11,15.608323898808125,14.870616799274082,false,false,4.0255704708544817,32.354648759270432,,,
2022-08-01T00:00:00,EURJPY,10,0.54348292128836628,0.37099550022515165,success,11,15.608323894902885,15.433951724035751,false,false,3.7099550022515166,8.1031646822020704,,,
2022-08-02T00:00:00,EURJPY,10,0.58745387386123671,0.20064468852339323,success,11,15.608323882758341,15.254874172864616,false,false,2.0064468852339323,29.087922676203281,,,
2022-08-03T00:00:00,EURJPY,10,0.96995207033648889,0.13769532745555649,success,11,15.608323895364107,12.133870999330505,false,false,1.3769532745555648,5.1119016000525823,,,
2022-08-04T00:00:00,EURJPY,10,0.66428488732999735,0.59617166465000804,success,11,15.608323899630577,14.925875716337043,false,false,5.9617166465000802,20.74881063873708,,,
2022-08-05T00:00:00,EURJPY,10,0.65402622065161053,0.49964094169603018,success,11,15.608323892057951,14.971539438620997,false,false,4.9964094169603017,207.64107614368555,,,
2022-08-08T00:00:00,EURJPY,10,0.76323662501507872,0.56855297182007936,success,11,15.608324397979459,14.437817514844342,false,false,5.6855297182007938,4.3482969431387497,,,
2022-08-09T00:00:00,EURJPY,10,0.71257612511432533,0.40008962982482188,success,11,15.496888675203543,14.588959968672093,false,false,4.000896298248219,25197.035026548088,,,
2022-08-10T00:00:00,EURJPY,10,0.81448884527070942,0.18085512717956262,success,11,15.594608911369958,14.115163192159093,false,false,1.8085512717956262,74.948512826804858,,,
2022-08-11T00:00:00,EURJPY,10,0.77107139517944645,9.9999999999999995e-08,retry_success,11,15.165453325809157,13.951082541382974,true,false,9.9999999999999995e-07,0.33234650361801099,,,
2022-08-12T00:00:00,EURJPY,10,0.67019281271242392,0.59969826618160904,success,11,15.606147524630876,14.897090276233994,false,false,5.99698266181609,70.799259148614809,,,
2022-08-15T00:00:00,EURJPY,10,0.7205729319974622,0.90003755358781246,success,11,15.608323912847872,14.661018599550699,false,false,9.0003755358781241,1548.7344240877176,,,
2022-08-16T00:00:00,EURJPY,10,0.77068513216685475,0.40908494409137974,success,11,15.608323884430344,14.39614001102316,false,false,4.0908494409137974,0.24687828964677791,,,
2022-08-17T00:00:00,EURJPY,10,0.78313385918935596,0.40705425913382981,success,11,15.60832390034316,14.32430056272338,false,false,4.070542591338298,18.769085487252124,,,
2022-08-18T00:00:00,EURJPY,10,0.6538295999839544,0.33348045996763759,success,11,15.60832389310678,14.972408265504008,false,false,3.3348045996763758,22.197230892465821,,,
2022-08-19T00:00:00,EURJPY,10,0.60190219153221136,0.20104980603890404,success,11,15.608324150981501,15.194926916422567,false,false,2.0104980603890406,53.179941546710303,,,
2022-08-22T00:00:00,EURJPY,10,0.69422387302706301,0.10129331822262551,success,11,15.608323893943679,14.788382624838048,false,false,1.0129331822262551,13.268612481153758,,,
2022-08-23T00:00:00,EURJPY,10,0.71635929229257878,0.9051306278998863,success,11,15.608323924892552,14.681850402438981,false,false,9.0513062789988634,0.77154397876844871,,,
2022-08-24T00:00:00,EURJPY,10,0.84070901871586157,0.59731636812923006,success,11,15.60832391093056,13.944810905870082,false,false,5.9731636812923004,59.782048950653476,,,
2022-08-25T00:00:00,EURJPY,10,0.8246902670176921,0.49573034156077417,success,11,15.608323895886718,14.059870326210277,false,false,4.9573034156077416,34.555518273455554,,,
2022-08-26T00:00:00,EURJPY,10,0.76253405030777033,0.36498474571043305,success,11,15.608323911244199,14.441700991097697,false,false,3.6498474571043302,3.1592340668515839,,,
2022-08-29T00:00:00,EURJPY,10,0.6950708729594538,0.19179600741783964,success,11,15.608323882721649,14.784389446121146,false,false,1.9179600741783964,0.87873845133573436,,,
2022-08-30T00:00:00,EURJPY,10,0.61392585046542569,0.60217518100218448,success,11,15.471764617769887,15.007919909886029,false,false,6.0217518100218452,14.195866262135056,,,
2022-08-31T00:00:00,EURJPY,10,0.6648042169777385,0.60039926853165138,success,11,15.567113623719964,14.882335825017478,false,false,6.003992685316514,4726.950516325639,,,
2022-09-01T00:00:00,EURJPY,10,0.77748251820833947,0.59984628015775443,success,11,15.511495692184756,14.260440201373655,false,false,5.9984628015775447,888.54218716981393,,,
2022-09-02T00:00:00,EURJPY,10,0.61257115948040841,0.30056189335312694,success,11,15.499333094815741,15.041200174962762,false,false,3.0056189335312693,15.616999029214558,,,
2022-09-05T00:00:00,EURJPY,10,0.90122946630084066,0.7561222949978943,success,11,15.429669042358533,13.21870845595587,false,false,7.5612229499789425,1.6614862873425906,,,
2022-09-06T00:00:00,EURJPY,10,0.69176512486469133,0.99999990000000005,success,11,15.608323893675099,14.799939484571235,false,false,9.9999990000000007,2.5041732560710854,,,
2022-09-07T00:00:00,EURJPY,10,0.78277467652228994,0.70559256305067142,success,11,15.055878048315718,13.77396833504721,false,false,7.0559256305067137,0.82431405957874015,,,
2022-09-08T00:00:00,EURJPY,10,0.70153905345690426,0.5464572185288159,success,11,15.539485504020409,14.68484802659245,false,false,5.4645721852881586,0.76188072432391907,,,
2022-09-09T00:00:00,EURJPY,10,0.82233389696164716,0.52562326679648008,success,11,15.190184671747115,13.657944121585523,false,false,5.2562326679648006,0.89428474750524201,,,
2022-09-12T00:00:00,EURJPY,10,0.72497683788181377,0.36018407237734384,success,11,15.540699031387025,14.571414644795997,false,false,3.6018407237734387,0.819945290014506,,,
2022-09-13T00:00:00,EURJPY,10,0.94459066273407155,0.23355651091451163,success,11,15.603902463085136,12.767898912818545,false,false,2.3355651091451164,1.0439173403979094,,,
2022-09-14T00:00:00,EURJPY,10,0.59713557302907649,0.72957003458084269,success,11,15.36425186556329,14.970707783297749,false,false,7.2957003458084264,14.217793678742519,,,
2022-09-15T00:00:00,EURJPY,10,0.86364097154359432,0.20849577259499213,success,11,15.435651883625132,13.589786065778874,false,false,2.0849577259499212,16.466908635123168,,,
2022-09-16T00:00:00,EURJPY,10,0.76534875747568909,0.38824834919971035,success,11,15.492433715023825,14.310202430409852,false,false,3.8824834919971036,16.707077073557951,,,
2022-09-19T00:00:00,EURJPY,10,0.80086201418289238,0.28469838299921524,success,11,15.513278001123,14.121587316334384,false,false,2.8469838299921522,16.017702332876532,,,
2022-09-20T00:00:00,EURJPY,10,0.91892357291719107,0.1818743674700008,success,11,15.417332015038639,12.989521313498807,false,false,1.8187436747000081,20.979840254177908,,,
2022-09-21T00:00:00,EURJPY,10,0.86872941304543827,7.350623483044693e-06,success,11,15.6083238866971,13.718552929471493,false,false,7.3506234830446928e-05,8.9754612081680794,,,
2022-09-22T00:00:00,EURJPY,10,0.95735786862446326,0.85597135792200107,success,11,15.60832389709617,12.496989391101932,false,false,8.559713579220011,3.5606047480388714,,,
2022-09-23T00:00:00,EURJPY,10,0.92320179809458458,0.49943919090365307,success,11,15.500710550514947,13.014043934276541,false,false,4.9943919090365307,28.434697267598228,,,
2022-09-26T00:00:00,EURJPY,10,0.86077232871894227,0.38752902648103849,success,11,15.35340005891333,13.531680532110698,false,false,3.8752902648103849,1.4947672505108616,,,
2022-09-27T00:00:00,EURJPY,10,0.83812184342208929,0.30004143375588355,success,11,15.239375473824774,13.595055918392429,false,false,3.0004143375588357,17.738623151033917,,,
2022-09-28T00:00:00,EURJPY,10,0.81488615840739764,0.4782352602791633,success,11,15.144208299399457,13.662130874632906,false,false,4.782352602791633,3.9726418428938786,,,
2022-09-29T00:00:00,EURJPY,10,0.98813533339399784,0.8914299874727476,success,11,13.054319749252553,8.6320648743124053,false,false,8.914299874727476,258.24787806436535,,,
2022-09-30T00:00:00,EURJPY,10,0.75758521663639655,0.52911055304933918,success,11,12.767177045765628,11.627691257308786,false,false,5.2911055304933923,4.8090560613668742,,,
2022-10-03T00:00:00,EURJPY,10,0.85402349471425976,0.41143310065931732,success,11,12.537209839052069,10.7706968203254,false,false,4.1143310065931731,10.077894953745012,,,
2022-10-04T00:00:00,EURJPY,10,0.79708491718047503,0.35613329288107215,success,11,13.313702357306358,11.945528718459956,false,false,3.5613329288107214,2.4241260612242708,,,
2022-10-05T00:00:00,EURJPY,10,0.73829090684889032,0.20015314959226932,success,11,14.914467089819476,13.877362715568644,false,false,2.0015314959226931,919.47248213859837,,,
2022-10-06T00:00:00,EURJPY,10,0.81244053896166435,0.63565438995624302,success,11,15.267729689501866,13.801782881466961,false,false,6.3565438995624302,1.9471908676643195,,,
2022-10-07T00:00:00,EURJPY,10,0.70031604768645994,0.60437984017930979,success,11,15.564550558680942,14.715747255891513,false,false,6.0437984017930981,16.780266128446762,,,
2022-10-10T00:00:00,EURJPY,10,0.76203135576821535,0.50692824802352021,success,11,15.541139965167512,14.377291179092166,false,false,5.0692824802352021,15.58626030697932,,,
2022-10-11T00:00:00,EURJPY,10,0.65019495013892892,0.32081488673889613,success,11,15.537483048836949,14.917586806528776,false,false,3.2081488673889615,2.3132191712936057,,,
2022-10-12T00:00:00,EURJPY,10,0.97458349723158222,0.45394626515172537,success,11,15.473776493277978,11.827164974218004,false,false,4.5394626515172538,36.041380845322081,,,
2022-10-13T00:00:00,EURJPY,10,0.99349671286381458,0.35150376610858203,success,11,15.533537565130844,10.504614574117834,false,false,3.5150376610858203,46.401398325647683,,,
2022-10-14T00:00:00,EURJPY,10,0.99136410405545961,0.29820134145219768,success,11,15.460984304459515,10.717829890401848,false,false,2.9820134145219765,1043.5734768084283,,,
2022-10-17T00:00:00,EURJPY,10,0.72295110351458614,0.63990373257108923,success,11,15.303394445465873,14.344246867805001,false,false,6.3990373257108928,2.774469470772321,,,
2022-10-18T00:00:00,EURJPY,10,0.92091874288807707,0.045310158999495594,success,11,15.271195067851602,12.816299157424588,false,false,0.45310158999495592,34.530419549200388,,,
2022-10-19T00:00:00,EURJPY,10,0.9922040866138222,0.72064035108631219,success,11,13.606760727525046,8.7604315804765527,false,false,7.2064035108631224,0.71940455015413551,,,
2022-10-20T00:00:00,EURJPY,10,0.9892882972054694,0.39854760553280727,success,11,14.622980933054725,10.097332003072168,false,false,3.9854760553280726,58.228808252690541,,,
2022-10-21T00:00:00,EURJPY,10,0.88430723820823942,0.57353981668811838,success,11,15.188876022379279,13.155009537692822,false,false,5.7353981668811835,0.54499012286682225,,,
2022-10-24T00:00:00,EURJPY,10,0.911610297839759,0.40560010509520483,success,11,15.608324196106015,13.274867073810704,false,false,4.0560010509520481,17.047444173436713,,,
2022-10-25T00:00:00,EURJPY,10,0.73413824021453145,0.33513495114093744,success,11,15.608323932251903,14.592603056840046,false,false,3.3513495114093743,21.496248750794884,,,
2022-10-26T00:00:00,EURJPY,10,0.65216027589727787,0.23160299066204759,success,11,15.608323894276962,14.979775351390812,false,false,2.3160299066204759,27.21184173097938,,,
2022-10-27T00:00:00,EURJPY,10,0.62679607311134922,0.50172219069077961,success,11,15.608323879919284,15.089827625563252,false,false,5.0172219069077961,31.3958634025492,,,
2022-10-28T00:00:00,EURJPY,10,0.66551234235881307,0.80111923825123266,success,11,15.608323890623025,14.920366687919991,false,false,8.011192382512327,76.97438139912876,,,
2022-10-31T00:00:00,EURJPY,10,0.58757624951283371,0.59968933471542518,success,11,15.608323895875348,15.254369213258265,false,false,5.996893347154252,40.52925876791987,,,
2022-11-01T00:00:00,EURJPY,10,0.55004956204507394,0.63408126446239221,success,11,15.608323894084494,15.407452945929469,false,false,6.3408126446239219,25.903862164314525,,,
2022-11-02T00:00:00,EURJPY,10,0.51848808366309673,0.36848361530956925,success,11,15.608323880519475,15.534337814736864,false,false,3.6848361530956923,21.939020495090507,,,
2022-11-03T00:00:00,EURJPY,10,0.74447544102910379,0.69720398283204454,success,11,15.608323920040661,14.538962581902579,false,false,6.9720398283204457,44.966174107347065,,,
2022-11-04T00:00:00,EURJPY,10,0.61072375085866648,0.59735048567820581,success,11,15.608323885576567,15.157968398513177,false,false,5.9735048567820579,16.163167988668359,,,
2022-11-07T00:00:00,EURJPY,10,0.74074783708486813,0.49926328931025654,success,11,15.608324534664648,14.558465458159615,false,false,4.9926328931025656,79.977736949789104,,,
2022-11-08T00:00:00,EURJPY,10,0.60180798432169114,0.39816840790510449,success,11,15.608323943158519,15.195319852045159,false,false,3.9816840790510448,18.256408899438945,,,
2022-11-09T00:00:00,EURJPY,10,0.65853623819422613,0.2995440218031532,success,11,15.608323894235649,14.951545901749656,false,false,2.9954402180315323,163.18230931417884,,,
2022-11-10T00:00:00,EURJPY,10,0.69873573060583971,0.31312441847899841,success,11,15.608283910657892,14.766999158679127,false,false,3.1312441847899843,1.044410644548099,,,
2022-11-11T00:00:00,EURJPY,10,0.83885446543426456,0.40482813803780299,success,11,15.440254586609107,13.790525255203427,false,false,4.0482813803780298,15.810098858957563,,,
2022-11-14T00:00:00,EURJPY,10,0.84661465128921498,0.70830712085261793,success,11,15.444610546767711,13.736318286807464,false,false,7.0830712085261798,16.37155291646669,,,
2022-11-15T00:00:00,EURJPY,10,0.73075985273664745,0.54306489766274779,success,11,15.468986405241676,14.470505240395921,false,false,5.4306489766274781,2.2984063569457578,,,
2022-11-16T00:00:00,EURJPY,10,0.67300860190394018,0.41812123203573631,success,11,15.555364704159874,14.833540458199145,false,false,4.1812123203573632,2.241696626259519,,,
2022-11-17T00:00:00,EURJPY,10,0.78008877205913085,0.85115016378131914,success,11,15.590150392614177,14.323966624635093,false,false,8.5115016378131916,1.1081355410518572,,,
2022-11-18T00:00:00,EURJPY,10,0.80951289360384904,0.73994595241783456,success,11,15.490413570550379,14.043565379014403,false,false,7.3994595241783454,0.83505602045611149,,,
2022-11-21T00:00:00,EURJPY,10,0.81732346254996491,0.52639491596271504,success,11,15.608323892977557,14.110005995432559,false,false,5.2639491596271499,2.4131845877087423,,,
2022-11-22T00:00:00,EURJPY,10,0.82721222620400603,0.52932790432976984,success,11,15.6083238933593,14.042326709858486,false,false,5.2932790432976979,0.76221950050224041,,,
2022-11-23T00:00:00,EURJPY,10,0.9414724310847139,1.0000001311467562e-07,success,11,15.608324000736081,12.830376841711638,false,false,1.0000001311467562e-06,0.23009388122765217,,,
2022-11-24T00:00:00,EURJPY,10,0.95668839129646055,8.7237642715549846e-07,success,11,15.604381409447218,12.509324379412366,false,false,8.7237642715549844e-06,0.30511620485707347,,,
2022-11-25T00:00:00,EURJPY,10,0.57667545886622573,0.39950982227753173,success,11,15.608323889634386,15.299183365931581,false,false,3.9950982227753173,63.775539579204391,,,
2022-11-28T00:00:00,EURJPY,10,0.61726537793613845,0.90574408761238201,success,11,15.608323926534284,15.130366741228388,false,false,9.0574408761238203,15.463847258697943,,,
2022-11-29T00:00:00,EURJPY,10,0.59259398976061561,0.49822640387548811,success,11,15.608323893240513,15.233624656662542,false,false,4.9822640387548809,14.378613517436866,,,
2022-11-30T00:00:00,EURJPY,10,0.60273827842012218,0.093842937911246677,success,11,15.60832390321575,15.191436144969211,false,false,0.93842937911246682,14.923972033185903,,,
2022-12-01T00:00:00,EURJPY,10,0.67464376278430871,0.85095350168853445,success,11,15.608323959902041,14.879059863725955,false,false,8.5095350168853443,2.8182485592281248,,,
2022-12-02T00:00:00,EURJPY,10,0.64553019579610649,0.70304938292876651,success,11,15.608323891633267,15.008875067309553,false,false,7.0304938292876651,22.163846118101223,,,
2022-12-05T00:00:00,EURJPY,10,0.93240426570175738,0.99999752475906989,success,11,15.608323878824809,12.984102275664858,false,false,9.9999752475906991,0.72823899621609511,,,
2022-12-06T00:00:00,EURJPY,10,0.95159642853711046,0.43617002831395502,success,11,15.608323939912683,12.629756516160274,false,false,4.3617002831395499,0.41968849179765227,,,
2022-12-07T00:00:00,EURJPY,10,0.83247654881645061,0.49481575796965133,success,11,15.608323908452151,14.005042205115185,false,false,4.9481575796965132,2.2464247882285258,,,
2022-12-08T00:00:00,EURJPY,10,0.70745735507181395,0.40165159191014449,success,11,15.608324349615271,14.725257448102576,false,false,4.0165159191014448,67.942896014642272,,,
2022-12-09T00:00:00,EURJPY,10,0.64670798038111599,0.0050973318837529069,success,11,15.608324089358653,15.003724206817536,false,false,0.050973318837529071,12.577079955879821,,,
2022-12-12T00:00:00,EURJPY,10,0.71833207484160677,0.59587675307499299,success,11,15.608323925957016,14.672120770746499,false,false,5.9587675307499302,24.996068676566779,,,
2022-12-13T00:00:00,EURJPY,10,0.69818588058899755,0.49906077656316772,success,11,15.608323982917295,14.769649940277683,false,false,4.990607765631677,96.230571881203048,,,
2022-12-14T00:00:00,EURJPY,10,0.7739085550289112,0.39753961208882588,success,11,15.608323903210785,14.377809723758364,false,false,3.9753961208882589,49.295025540023573,,,
2022-12-15T00:00:00,EURJPY,10,0.73100133242743748,0.29713420355220815,success,11,15.608323891086171,14.608615034919623,false,false,2.9713420355220816,38.393364124932617,,,
2022-12-16T00:00:00,EURJPY,10,0.71261586240736374,0.83605632520191864,success,11,15.608323910448325,14.70020117695408,false,false,8.3605632520191868,3.542449594715416,,,
2022-12-19T00:00:00,EURJPY,10,0.67323183044568857,0.70214328595821462,success,11,15.608323890331111,14.885485104687778,false,false,7.0214328595821467,39.110938164017533,,,
2022-12-20T00:00:00,EURJPY,10,0.99013897533120077,0.99999989972975545,success,11,15.608323885423609,10.999068658024731,false,false,9.9999989972975545,0.27292911785010132,,,
2022-12-21T00:00:00,EURJPY,10,0.95341924736086725,0.99982089779517413,success,11,15.60832391891843,12.589456610538633,false,false,9.9982089779517409,0.29596764735754066,,,
2022-12-22T00:00:00,EURJPY,10,0.86467901670595559,0.46772759475619169,success,11,15.608323887077352,13.753615138286509,false,false,4.6772759475619168,4.572201662970941,,,
2022-12-23T00:00:00,EURJPY,10,0.81899364749966208,0.36369576831735473,success,11,15.608324097712186,14.098779897636769,false,false,3.6369576831735473,6.1077786468120392,,,
2022-12-27T00:00:00,EURJPY,10,0.73296565709859107,0.24199196552875138,success,11,15.60832390892395,14.598602335888369,false,false,2.4199196552875137,2.7327320800693302,,,
2022-12-28T00:00:00,EURJPY,10,0.90410276865478056,0.59716650331948185,success,11,15.608323882630501,13.364657957804926,false,false,5.9716650331948182,68.753514176927283,,,
2022-12-29T00:00:00,EURJPY,10,0.95294003982597042,0.48961137092758839,success,11,15.608323883099775,12.600194435729584,false,false,4.896113709275884,21.100027742477238,,,
2022-12-30T00:00:00,EURJPY,10,0.93560123594005407,0.38045843293244863,success,11,15.60832442573064,12.932229511318578,false,false,3.8045843293244861,41.610418824656229,,,
2023-01-02T00:00:00,EURJPY,10,0.8945653108429461,0.63277791970927466,success,11,15.608323905805054,13.470077692819521,false,false,6.3277791970927471,0.43949700309040002,,,
2023-01-03T00:00:00,EURJPY,10,0.96337971943912348,0.00015052962859536954,success,11,15.608323883360921,12.338478441043069,false,false,0.0015052962859536953,0.25058536322725666,,,
2023-01-04T00:00:00,EURJPY,10,0.94795086181970301,3.2473630240115519e-07,success,11,15.608323882689003,12.706209452689686,false,false,3.247363024011552e-06,7.1283750686391274,,,
2023-01-05T00:00:00,EURJPY,10,0.91924890041814133,0.47963470488138027,success,11,15.561605515495579,13.129420170610581,false,false,4.7963470488138027,3.8506660804627622,,,
2023-01-06T00:00:00,EURJPY,10,0.91346813150789374,0.36243836037294697,success,11,15.562054014574237,13.205318293469453,false,false,3.6243836037294699,3.7877560633709519,,,
2023-01-09T00:00:00,EURJPY,10,0.92607624249286757,0.23460754485267721,success,11,15.532876537977815,13.004954229534061,false,false,2.3460754485267721,4.7277743504136662,,,
2023-01-10T00:00:00,EURJPY,10,0.91341158980940518,0.46912413819286841,success,11,15.560164231252335,13.204143617030546,false,false,4.691241381928684,2.8776510189048361,,,
2023-01-11T00:00:00,EURJPY,10,0.96501947331812277,0.59997725134457025,success,11,15.589897056310933,12.272540301705824,false,false,5.9997725134457021,643.54362262981397,,,
2023-01-12T00:00:00,EURJPY,10,0.64462863101288703,0.49772890839726475,success,11,15.607155435143412,15.011644402542643,false,false,4.9772890839726474,28.119737045291011,,,
2023-01-13T00:00:00,EURJPY,10,0.75764598962863206,0.39518562226964277,success,11,15.484049281774688,14.344232547382143,false,false,3.9518562226964278,17.814171648898771,,,
2023-01-16T00:00:00,EURJPY,10,0.72329533861792994,0.29499224702310489,success,11,15.608315408983884,14.647448512743642,false,false,2.9499224702310491,16.949753091223513,,,
2023-01-17T00:00:00,EURJPY,10,0.71739090111232073,0.19682827707337058,success,11,15.608323888144771,14.67676767305815,false,false,1.9682827707337058,35.057141186449364,,,
2023-01-18T00:00:00,EURJPY,10,0.75759901934788121,0.099024814633396546,success,11,15.595272243847102,14.455711296176972,false,false,0.99024814633396541,155.32675541956701,,,
2023-01-19T00:00:00,EURJPY,10,0.87985694520348556,0.12324431409667276,success,11,15.555114030184621,13.564037854267387,false,false,1.2324431409667276,3.366813234123144,,,
2023-01-20T00:00:00,EURJPY,10,0.70927347182737643,0.59148041613218194,success,11,15.546414488905269,14.6545563814788,false,false,5.9148041613218192,30.649333778141859,,,
2023-01-23T00:00:00,EURJPY,10,0.85716206957235574,0.81067333607624015,success,11,15.309886072611691,13.517969693083078,false,false,8.1067333607624015,15.350020347322207,,,
2023-01-24T00:00:00,EURJPY,10,0.64443226552070121,0.70197781269902215,success,11,15.458833966793751,14.86418001019198,false,false,7.0197781269902215,13.544593799118962,,,
2023-01-25T00:00:00,EURJPY,10,0.73344184393398648,0.60055886099414446,success,11,15.477433876405232,14.465278009107472,false,false,6.0055886099414444,15.955251277335703,,,
2023-01-26T00:00:00,EURJPY,10,0.89914980859705329,0.10008495425156128,success,11,15.121543750162864,12.933730252718426,false,false,1.0008495425156128,2328.215561513477,,,
2023-01-27T00:00:00,EURJPY,10,0.65731671757979593,8.0566834412174705e-05,success,11,15.608324011887298,14.956964688952377,false,false,0.0008056683441217471,0.15117090039871836,,,
2023-01-30T00:00:00,EURJPY,10,0.59049416635578766,0.60257883137779511,success,11,15.608323886674023,15.242315279210866,false,false,6.0257883137779515,13.040197929761661,,,
2023-01-31T00:00:00,EURJPY,10,0.66860131464782757,0.91178917047853036,success,11,15.608323886642179,14.906458084421345,false,false,9.1178917047853041,0.44971492400460911,,,
2023-02-01T00:00:00,EURJPY,10,0.95297574742412183,0.91550494580675745,success,11,15.60785718948264,12.598931215689545,false,false,9.155049458067575,4.0249956964223115,,,
2023-02-02T00:00:00,EURJPY,10,0.73242072565701188,0.37550728391834265,success,11,15.605896899100582,14.598957663541412,false,false,3.7550728391834265,1.5434527811847676,,,
2023-02-03T00:00:00,EURJPY,10,0.74923795463690424,0.32333352636169177,success,11,15.608324144185284,14.51377197770708,false,false,3.2333352636169179,1.6861965255638409,,,
2023-02-06T00:00:00,EURJPY,10,0.68551871515974849,0.70118773960571912,success,11,15.608323906965321,14.829072673570307,false,false,7.0118773960571907,75.589970674976271,,,
2023-02-07T00:00:00,EURJPY,10,0.93770445660816648,0.64443932246434443,success,11,15.608323930737384,12.896778998214796,false,false,6.4443932246434441,3.7706402110947623,,,
2023-02-08T00:00:00,EURJPY,10,0.87880772031604948,0.5047606137958186,success,11,15.608323894993472,13.627136142084591,false,false,5.0476061379581862,36.332737317411123,,,
2023-02-09T00:00:00,EURJPY,10,0.80782344756876034,0.40231662298926185,success,11,15.608323890923929,14.172394855181825,false,false,4.0231662298926185,63.76768646571837,,,
2023-02-10T00:00:00,EURJPY,10,0.74280145244624318,0.30949859949852943,success,11,15.608323898670909,14.547743459028144,false,false,3.0949859949852945,23.474510989961111,,,
2023-02-13T00:00:00,EURJPY,10,0.91517830726682281,0.22602574306242698,success,11,15.608323986235769,13.22975638923201,false,false,2.2602574306242698,26.519177340278727,,,
2023-02-14T00:00:00,EURJPY,10,0.5495028806596749,0.79260236084637481,success,11,15.608323895747187,15.409661562255303,false,false,7.9260236084637476,10.990037645667844,,,
2023-02-15T00:00:00,EURJPY,10,0.6185090206569317,0.49717554171974176,success,11,15.60832390655567,15.125099335307715,false,false,4.9717554171974179,16.598502219094282,,,
2023-02-16T00:00:00,EURJPY,10,0.65632732913361691,0.39947418306297194,success,11,15.60832389874173,14.961353923102045,false,false,3.9947418306297195,133.66094679309307,,,
2023-02-17T00:00:00,EURJPY,10,0.6808688777712294,0.29926582647686684,success,11,15.60832391034443,14.850556226188351,false,false,2.9926582647686684,115.70716787925731,,,
2023-02-20T00:00:00,EURJPY,10,0.91726865041523864,0.78756184732796597,success,11,15.608323897014619,13.202522107210758,false,false,7.8756184732796601,0.85772894594051374,,,
2023-02-21T00:00:00,EURJPY,10,0.98633212097000944,0.6705229092677556,success,11,15.608323892128574,11.329379241172351,false,false,6.7052290926775555,0.88321489578563461,,,
2023-02-22T00:00:00,EURJPY,10,0.7731286944052137,0.40176868176188768,success,11,15.608323887451892,14.382261286787916,false,false,4.0176868176188769,14.954196644997177,,,
2023-02-23T00:00:00,EURJPY,10,0.85778569887114209,0.30095980524268023,success,11,15.608323893174921,13.811304675938377,false,false,3.0095980524268025,16.001700808345262,,,
2023-02-24T00:00:00,EURJPY,10,0.82329652932005104,0.19387858002677988,success,11,15.608323943066207,14.069480525127116,false,false,1.9387858002677989,13.814863464632619,,,
2023-02-27T00:00:00,EURJPY,10,0.63094457074103127,0.39660505942811064,success,11,15.244893525815012,14.708622358202225,false,false,3.9660505942811066,0.92889183712236079,,,
2023-02-28T00:00:00,EURJPY,10,0.71264524037909149,0.50527010779906267,success,11,15.608323889526442,14.700057700673083,false,false,5.0527010779906263,18.210947108812633,,,
2023-03-01T00:00:00,EURJPY,10,0.84632737045340656,0.40214080623015802,success,11,15.608323882812847,13.902242192913032,false,false,4.02140806230158,74.383275282571162,,,
2023-03-02T00:00:00,EURJPY,10,0.80966121719192707,0.31512538165847037,success,11,15.608323892240911,14.16051353423968,false,false,3.1512538165847039,10.370525086915114,,,
2023-03-03T00:00:00,EURJPY,10,0.88545346679951498,0.23841972179049048,success,11,15.608323965440171,13.563205203728716,false,false,2.3841972179049047,22.209560657850634,,,
2023-03-06T00:00:00,EURJPY,10,0.94491299738414058,0.13974325414182057,success,11,15.608323885263662,12.766144829412074,false,false,1.3974325414182056,24.024495913796216,,,
2023-03-07T00:00:00,EURJPY,10,0.77239453329175822,0.01963214638267486,success,11,15.608323884069366,14.386442131993947,false,false,0.19632146382674862,9.7468304088472451,,,
2023-03-08T00:00:00,EURJPY,10,0.87691045999703254,0.94012876889525465,success,11,15.608323898922063,13.644831067863596,false,false,9.4012876889525465,3.9823000630600736,,,
2023-03-09T00:00:00,EURJPY,10,0.57488252457417255,0.49886988219266337,success,11,15.608323902238213,15.306523730898485,false,false,4.9886988219266337,48.228976065818856,,,
2023-03-10T00:00:00,EURJPY,10,0.62372794575296187,0.39898383593259373,success,11,15.608323885037528,15.102922026391383,false,false,3.9898383593259372,78.36179157014179,,,
2023-03-13T00:00:00,EURJPY,10,0.61949830079149604,0.59861818205540041,success,11,15.608323886947581,15.120904571770156,false,false,5.9861818205540036,57.41202206126956,,,
2023-03-14T00:00:00,EURJPY,10,0.61173845086824863,0.86839068731787994,success,11,15.608323895605189,15.153698280526083,false,false,8.6839068731787989,1.8949548811706429,,,
2023-03-15T00:00:00,EURJPY,10,0.95470149302017981,0.90192763449078872,success,11,15.608324000162003,12.560199354739037,false,false,9.0192763449078868,7.9633052664127284,,,
2023-03-16T00:00:00,EURJPY,10,0.98885154229354122,0.79481434012696517,success,11,15.608325720222938,11.123082674820132,false,false,7.9481434012696512,13.803548044241658,,,
2023-03-17T00:00:00,EURJPY,10,0.96650572190076156,0.68716917431258351,success,11,15.60832391552036,12.246011317895805,false,false,6.8716917431258349,13.547457225714215,,,
2023-03-20T00:00:00,EURJPY,10,0.924715354878759,0.58309517143151546,success,11,15.608323895812672,13.100114128072097,false,false,5.8309517143151544,13.602950660648178,,,
2023-03-21T00:00:00,EURJPY,10,0.9809363043044943,0.44634624214713281,success,11,15.608323895099767,11.667602144406253,false,false,4.4634624214713279,3.2730847227015234,,,
2023-03-22T00:00:00,EURJPY,10,0.93074027744463628,0.33604754623826827,success,11,15.608323895075509,13.01020716143768,false,false,3.3604754623826829,3.4586029209645268,,,
2023-03-23T00:00:00,EURJPY,10,0.71701235261214158,0.89737728332021649,success,11,15.608324003202611,14.678634182445965,false,false,8.9737728332021653,64.733844725941921,,,
2023-03-24T00:00:00,EURJPY,10,0.73069200246599797,0.76574581497579131,success,11,15.608323910262108,14.610187573422015,false,false,7.6574581497579128,26.500104093861367,,,
2023-03-27T00:00:00,EURJPY,10,0.63374958524108571,0.69845170290272429,success,11,15.608323933331661,15.059987325656602,false,false,6.9845170290272431,42.395802265433204,,,
2023-03-28T00:00:00,EURJPY,10,0.72906434900817707,0.16968257449005564,success,11,15.608323904986769,14.618443249098545,false,false,1.6968257449005564,23.766304480209374,,,
2023-03-29T00:00:00,EURJPY,10,0.74985359365402959,2.1642667147796184e-06,success,11,15.608324166664014,14.510492559485105,false,false,2.1642667147796185e-05,8.7612996653997435,,,
2023-03-30T00:00:00,EURJPY,10,0.58067407005468663,0.40001662319445491,success,11,15.608323895585954,15.282782770413801,false,false,4.000166231944549,259.29511000869343,,,
2023-03-31T00:00:00,EURJPY,10,0.53778247199185292,0.0041098392760091787,success,11,15.60832388317953,15.456905352048613,false,false,0.041098392760091786,8.4264440399277483,,,
2023-04-03T00:00:00,EURJPY,10,0.65878858711442712,0.76760202369015595,success,11,15.608323970295118,14.95042356020271,false,false,7.67602023690156,28.537540236696366,,,
2023-04-04T00:00:00,EURJPY,10,0.86822157205391759,0.83959080121921981,success,11,15.608323907693764,13.722998894298195,false,false,8.3959080121921978,4.7447392180819215,,,
2023-04-05T00:00:00,EURJPY,10,0.68029724565595862,0.59812331639577754,success,11,15.608323911099786,14.853185753907463,false,false,5.9812331639577749,54.219985166715801,,,
2023-04-06T00:00:00,EURJPY,10,0.74256441550985486,0.49895555777457423,success,11,15.608323918097192,14.548983827777302,false,false,4.9895555777457421,113.36237019915114,,,
2023-04-07T00:00:00,EURJPY,10,0.93467757876193214,0.89956940626913318,success,11,15.608324004032994,12.947457704508889,false,false,8.9956940626913315,16.315287084607451,,,
2023-04-10T00:00:00,EURJPY,10,0.63120612832162237,0.49975057371369369,success,11,15.608324030961253,15.070929427095654,false,false,4.9975057371369367,222.69395481214559,,,
2023-04-11T00:00:00,EURJPY,10,0.66105139521572343,0.39868289155936437,success,11,15.60832388495343,14.940340781974896,false,false,3.9868289155936436,54.78610492245069,,,
2023-04-12T00:00:00,EURJPY,10,0.9732821578703712,0.85900543025780574,success,11,15.57266320720858,11.977320766312666,false,false,8.5900543025780571,2.4894183679360924,,,
2023-04-13T00:00:00,EURJPY,10,0.88544145354701576,0.86100671608284696,success,11,15.608323896221396,13.563323573061201,false,false,8.6100671608284696,2.584360900421609,,,
2023-04-14T00:00:00,EURJPY,10,0.84231814879510769,0.70736086712470203,success,11,15.608323985028331,13.932745596267585,false,false,7.0736086712470208,13.849689131463084,,,
2023-04-17T00:00:00,EURJPY,10,0.87406340013015571,0.60521693795564813,success,11,15.608323884264893,13.670949575725563,false,false,6.0521693795564815,13.752691398135157,,,
2023-04-18T00:00:00,EURJPY,10,0.92876508790901258,0.24481851245010411,success,11,15.601761776771633,13.033888972076262,false,false,2.4481851245010411,0.2590580133103822,,,
2023-04-19T00:00:00,EURJPY,10,0.97807836801330617,4.6386099287573707e-07,success,11,15.608323885639514,11.810207999178168,false,false,4.6386099287573707e-06,0.24520541715983593,,,
2023-04-20T00:00:00,EURJPY,10,0.62015782643403816,0.38634902486048223,success,11,15.608323892342595,15.118105721658219,false,false,3.8634902486048222,2.600799646384349,,,
2023-04-21T00:00:00,EURJPY,10,0.72761401375116574,0.24390369447614302,success,11,15.519913427956833,14.537362848720729,false,false,2.4390369447614302,2.7957177263300754,,,
2023-04-24T00:00:00,EURJPY,10,0.92933249157068443,0.31434792939093203,success,11,15.390090867425821,12.813610187652909,false,false,3.1434792939093201,29.128663294151259,,,
2023-04-25T00:00:00,EURJPY,10,0.9879407028211068,0.90500123886067096,success,11,15.608323893421257,11.202537127422547,false,false,9.0500123886067101,8.511887697402587,,,
2023-04-26T00:00:00,EURJPY,10,0.99355489176809098,0.79909019757539346,success,11,15.608323889834203,10.57035600787871,false,false,7.9909019757539346,15.503896056414529,,,
2023-04-27T00:00:00,EURJPY,10,0.98204555711743646,0.69459518098439066,success,11,15.608323956629897,11.606523855831506,false,false,6.9459518098439066,15.51933879473777,,,
2023-04-28T00:00:00,EURJPY,10,0.98199369152076521,0.5762307989269525,success,11,15.608323884732849,11.609461168076413,false,false,5.7623079892695248,0.78894665297578082,,,
2023-05-01T00:00:00,EURJPY,10,0.93966487574844926,0.37984088394697119,success,11,15.608323895459714,12.86271502480805,false,false,3.7984088394697118,0.94095379756941699,,,
2023-05-02T00:00:00,EURJPY,10,0.96131513322218232,0.26401385452731929,success,11,15.608324092876023,12.395470299700007,false,false,2.6401385452731931,1.0142442796755526,,,
2023-05-03T00:00:00,EURJPY,10,0.92207584796878272,0.29954079764238917,success,11,15.608323900013104,13.137432358968052,false,false,2.9954079764238917,16.938506721987739,,,
2023-05-04T00:00:00,EURJPY,10,0.95923144659474813,0.50448095903294021,success,11,15.550142668258427,12.39192131525127,false,false,5.0448095903294021,47.807465211338688,,,
2023-05-05T00:00:00,EURJPY,10,0.78478573983304545,0.40031877080775569,success,11,15.602411561384979,14.308634914554652,false,false,4.0031877080775571,464.57893026216755,,,
2023-05-08T00:00:00,EURJPY,10,0.68413857345779683,0.50939147898691184,success,11,15.602844358944362,14.829987462873095,false,false,5.0939147898691184,7.8004547305519649,,,
2023-05-09T00:00:00,EURJPY,10,0.76923050497009182,0.40035510386326106,success,11,15.480108524980546,14.276137209322496,false,false,4.0035510386326107,69.701554973844154,,,
2023-05-10T00:00:00,EURJPY,10,0.73702754873991039,0.30048881020546714,success,11,14.992577718620277,13.962001726194661,false,false,3.0048881020546712,16.968323756099366,,,
2023-05-11T00:00:00,EURJPY,10,0.99675847258149175,0.65590514027686386,success,11,14.686048562715637,8.957584720466814,false,false,6.5590514027686382,1.9175921481525828,,,
2023-05-12T00:00:00,EURJPY,10,0.89659282533501161,0.57753552648978912,success,11,14.286397624974013,12.126470142507596,false,false,5.7753552648978914,5.9233860464181758,,,
2023-05-15T00:00:00,EURJPY,10,0.81519255653825407,0.49109769604727865,success,11,15.36685196824285,13.8827420540863,false,false,4.9109769604727864,2.0746604026862134,,,
2023-05-16T00:00:00,EURJPY,10,0.78788126399761438,0.39568343311449228,success,11,14.854789551853992,13.542588346926816,false,false,3.9568343311449228,3.8517095892463766,,,
2023-05-17T00:00:00,EURJPY,10,0.7327287562554009,0.27564964638179906,success,11,15.052142000416531,14.043630449953604,false,false,2.7564964638179905,1.6978090519274067,,,
2023-05-18T00:00:00,EURJPY,10,0.85908223336867584,0.077810214480980605,success,11,15.560515876579396,13.752827732526509,false,false,0.77810214480980611,2.1701605790143215,,,
2023-05-19T00:00:00,EURJPY,10,0.9307645782817735,0.48623252242234882,success,11,14.722713931571635,12.124220162202459,false,false,4.862325224223488,17.123117836167051,,,
2023-05-22T00:00:00,EURJPY,10,0.80072103337376199,0.59956417443966548,success,11,15.267471163588386,13.876664235526491,false,false,5.9956417443966545,16.676419465024573,,,
2023-05-23T00:00:00,EURJPY,10,0.74528947168770343,0.69981708092030415,success,11,15.532853691050555,14.459208712798105,false,false,6.9981708092030415,28.52069911307666,,,
2023-05-24T00:00:00,EURJPY,10,0.6248050006363125,0.19840040589121308,success,11,15.608323889006122,15.098330176054739,false,false,1.9840040589121308,43.737310614834811,,,
2023-05-25T00:00:00,EURJPY,10,0.63534369808201041,0.00026541491096480956,success,11,15.60832390711105,15.053113069204459,false,false,0.0026541491096480955,9.4674606704346047,,,
2023-05-26T00:00:00,EURJPY,10,0.96171507942705281,0.072888691244877943,success,11,15.608323915815538,12.384661784187159,false,false,0.72888691244877946,5.1333467706037776,,,
2023-05-29T00:00:00,EURJPY,10,0.60312661899434372,0.10277852517240596,success,11,15.608324499589729,15.189814633439937,false,false,1.0277852517240595,24.390378092408923,,,
2023-05-30T00:00:00,EURJPY,10,0.59148886149801039,0.69668693500472312,success,11,15.608323913556825,15.238200242020405,false,false,6.9668693500472312,8.3959182497535387,,,
2023-05-31T00:00:00,EURJPY,10,0.70032140023284173,0.99996290344550864,success,11,15.608323901353984,14.759495094752921,false,false,9.9996290344550864,8.1619744476652532,,,
2023-06-01T00:00:00,EURJPY,10,0.66195098604246227,0.83429639421107316,success,11,15.608323893323027,14.936323276016367,false,false,8.3429639421107318,19.523638988661574,,,
2023-06-02T00:00:00,EURJPY,10,0.60681195925655473,0.70046797350780687,success,11,15.608323910368055,15.174392926969903,false,false,7.004679735078069,153.45955935521081,,,
2023-06-05T00:00:00,EURJPY,10,0.57206830174486589,0.29547907369889886,success,11,15.608323946164525,15.318029152599452,false,false,2.9547907369889885,2.0012096875451957,,,
2023-06-06T00:00:00,EURJPY,10,0.56187187768586644,0.50157894747832565,success,11,15.608323902124104,15.359561438169449,false,false,5.015789474783257,17.62038579919928,,,
2023-06-07T00:00:00,EURJPY,10,0.50119225529501488,0.99991587373293367,success,11,15.591763397967425,15.586994367748623,false,false,9.9991587373293367,0.027389199608398786,,,
2023-06-08T00:00:00,EURJPY,10,0.63778826753547424,0.68593982892046435,success,11,15.608324289712789,15.042546867666816,false,false,6.859398289204643,1.8086756807710809,,,
2023-06-09T00:00:00,EURJPY,10,0.73269177293580756,0.55840417334303616,success,11,15.608324036663996,14.600001325045557,false,false,5.5840417334303618,2.0261718440478389,,,
2023-06-12T00:00:00,EURJPY,10,0.71706967544914502,0.46405703885316935,success,11,15.608323888412384,14.678351540505231,false,false,4.6405703885316933,2.0854888968002059,,,
2023-06-13T00:00:00,EURJPY,10,0.71165760528679944,0.19008552304963938,success,11,15.584654121966905,14.681205862192375,false,false,1.9008552304963939,16.391223606881624,,,
2023-06-14T00:00:00,EURJPY,10,0.85584270068776291,0.090005371775609591,success,11,15.608323882231824,13.827142343578888,false,false,0.90005371775609588,20.699180342402446,,,
2023-06-15T00:00:00,EURJPY,10,0.86980373206584027,0.91307426310876671,success,11,15.380484603790419,13.481260078182354,false,false,9.1307426310876671,15.103440401351158,,,
2023-06-16T00:00:00,EURJPY,10,0.83516911978454789,0.79747677774476833,success,11,14.278602490615466,12.655888227478741,false,false,7.9747677774476831,0.95582703380175515,,,
2023-06-19T00:00:00,EURJPY,10,0.76253407777793059,0.5685647158847934,success,11,15.262565397980298,14.095942326128542,false,false,5.6856471588479343,1.3677625806511278,,,
2023-06-20T00:00:00,EURJPY,10,0.79638398146359934,0.44520852450912834,success,11,15.110863260859004,13.747017760639764,false,false,4.4520852450912836,3.500832971544749,,,
2023-06-21T00:00:00,EURJPY,10,0.84353233600893829,0.41086339033587144,success,11,15.561830668107895,13.877081800105207,false,false,4.1086339033587143,1.3502701632833118,,,
2023-06-22T00:00:00,EURJPY,10,0.93487095221594452,0.27115483292411657,success,11,15.494651991155864,12.830614142628894,false,false,2.7115483292411655,2.8699048240412779,,,
2023-06-23T00:00:00,EURJPY,10,0.79134393329249908,0.3086391480726775,success,11,15.608064772952645,14.27501937409407,false,false,3.0863914807267752,23.263620788367518,,,
2023-06-26T00:00:00,EURJPY,10,0.56280965516243053,0.49086874543418907,success,11,15.553773583554172,15.301200774849983,false,false,4.9086874543418908,17.032754137678072,,,
2023-06-27T00:00:00,EURJPY,10,0.59571373990797394,0.697326101367859,success,11,15.605319159436602,15.217682101553121,false,false,6.9732610136785897,12.738040114173296,,,
2023-06-28T00:00:00,EURJPY,10,0.6108106346066231,0.59831520922031312,success,11,15.608323953850261,15.157602995376669,false,false,5.9831520922031309,32.060451573211289,,,
2023-06-29T00:00:00,EURJPY,10,0.67125369441830862,0.49733898210579602,success,11,15.544904957348429,14.831044153406093,false,false,4.9733898210579603,13.945847526263892,,,
2023-06-30T00:00:00,EURJPY,10,0.6661948854824683,0.39780685931885851,success,11,15.608323893527983,14.917298978160181,false,false,3.9780685931885853,43.624266051131123,,,
2023-07-03T00:00:00,EURJPY,10,0.62202205930333543,0.30235430433887089,success,11,15.608323942140496,15.110184220883651,false,false,3.0235430433887092,13.23684277529636,,,
2023-07-04T00:00:00,EURJPY,10,0.65641760077162803,0.73997500726119314,success,11,15.608324362716381,14.960954153966227,false,false,7.3997500726119316,1.1979123113788652,,,
2023-07-05T00:00:00,EURJPY,10,0.655218415777719,0.65721482507359008,success,11,15.574666556418329,14.9326090445006,false,false,6.5721482507359008,1.5415082021952839,,,
2023-07-06T00:00:00,EURJPY,10,0.75399915185137767,0.39805073819937564,success,11,15.608323888089258,14.488267628632528,false,false,3.9805073819937564,62.381988740048463,,,
2023-07-07T00:00:00,EURJPY,10,0.73159202216952113,0.29823074831043433,success,11,15.60832393212592,14.605609048619289,false,false,2.9823074831043432,61.161150315541121,,,
2023-07-10T00:00:00,EURJPY,10,0.84118601266045012,0.19865607505815577,success,11,15.608323887552617,13.941244698120361,false,false,1.9865607505815577,120.0820066962462,,,
2023-07-11T00:00:00,EURJPY,10,0.91790463677133072,1.1032285644494919e-07,success,11,15.608323891826718,13.194111925861183,false,false,1.1032285644494919e-06,9.709443604431927,,,
2023-07-12T00:00:00,EURJPY,10,0.56057088483812123,0.60127782673467123,success,11,15.608324104831528,15.364844822098574,false,false,6.0127782673467118,18.324452458573187,,,
2023-07-13T00:00:00,EURJPY,10,0.71952771035128305,0.50361184168538853,success,11,15.608323902672787,14.666203794694251,false,false,5.0361184168538857,27.945325148986701,,,
2023-07-14T00:00:00,EURJPY,10,0.82985812669023595,0.41031949902000064,success,11,15.09539790153071,13.510775784938,false,false,4.1031949902000067,17.004388205258934,,,
2023-07-17T00:00:00,EURJPY,10,0.8003810615559791,0.50041619424919692,success,11,15.124304101750305,13.735626401905497,false,false,5.0041619424919688,17.593297998370012,,,
2023-07-18T00:00:00,EURJPY,10,0.76334127246095285,0.40123401529239011,success,11,14.518553635956664,13.347467562721631,false,false,4.0123401529239011,16.815961429526457,,,
2023-07-19T00:00:00,EURJPY,10,0.69228131673767002,0.52996775220951464,success,11,14.527176991675617,13.716370591159396,false,false,5.2996775220951466,3.9151172147643964,,,
2023-07-20T00:00:00,EURJPY,10,0.58982431567996474,0.40365903261973407,success,11,15.085204357025962,14.72196520076316,false,false,4.0365903261973406,15.775087693471283,,,
2023-07-21T00:00:00,EURJPY,10,0.74043121722618988,9.9999999999999995e-08,success,11,15.579738403637789,14.531527387519754,false,false,9.9999999999999995e-07,0.67333792725275898,,,
2023-07-24T00:00:00,EURJPY,10,0.89432742281513211,0.80949001644557317,success,11,15.608323924832469,13.47259739109886,false,false,8.0949001644557317,15.260644218029066,,,
2023-07-25T00:00:00,EURJPY,10,0.84000266079579644,0.71387761540990569,success,11,15.608323911035383,13.950076036710817,false,false,7.1387761540990571,18.951913795507082,,,
2023-07-26T00:00:00,EURJPY,10,0.86832525240771985,0.60168862846697679,success,11,15.608324101813226,13.722092591053761,false,false,6.0168862846697682,15.019869186854175,,,
2023-07-27T00:00:00,EURJPY,10,0.85918879242855151,0.50154272943484302,success,11,15.608323889170393,13.799755249479956,false,false,5.0154272943484299,105.46500233443798,,,
2023-07-28T00:00:00,EURJPY,10,0.95328028058815695,0.40761354452669768,success,11,15.608324005626267,12.592581374523959,false,false,4.0761354452669769,13.749147693787057,,,
2023-07-31T00:00:00,EURJPY,10,0.99918764816925754,0.24814454312904721,success,11,15.608323896611138,8.4935595560248718,false,false,2.4814454312904721,1.8942962798937137,,,
2023-08-01T00:00:00,EURJPY,10,0.92564595400945326,0.16918332357597204,success,11,15.608323882228301,13.086670149365276,false,false,1.6918332357597206,1.4354315640634903,,,
2023-08-02T00:00:00,EURJPY,10,0.7156734957743538,0.10480239398786535,success,11,15.608323931451281,14.68522312055523,false,false,1.0480239398786535,15.649987870702551,,,
2023-08-03T00:00:00,EURJPY,10,0.61084262850892668,9.9999999999999995e-08,success,11,15.608323891897292,15.157468345486315,false,false,9.9999999999999995e-07,24.141152287861253,,,
2023-08-04T00:00:00,EURJPY,10,0.96063798660092403,0.90017953043786192,success,11,15.608324049388425,12.413527640586592,false,false,9.0017953043786196,3.4362077387096543,,,
2023-08-07T00:00:00,EURJPY,10,0.86167209703870218,0.61533429784728955,success,11,15.608323906435885,13.779076081099351,false,false,6.1533429784728959,2.3849307133975826,,,
2023-08-08T00:00:00,EURJPY,10,0.93526237436988191,0.57908531908909744,success,11,15.608323971113094,12.937839439246144,false,false,5.7908531908909744,0.84634298378492634,,,
2023-08-09T00:00:00,EURJPY,10,0.97920643789531903,0.37857006623192424,success,11,15.608324105764734,11.756225043980127,false,false,3.7857006623192424,0.52885874196998794,,,
2023-08-10T00:00:00,EURJPY,10,0.97442439260628111,1.0000000000052414e-07,success,11,15.608324155657185,11.968116286617651,false,false,1.0000000000052414e-06,0.4600651433600485,,,
2023-08-11T00:00:00,EURJPY,10,0.91949957773975199,0.44870030756100593,success,11,15.009205572660758,12.573638417724279,false,false,4.4870030756100592,1.7341471795130861,,,
2023-08-14T00:00:00,EURJPY,10,0.77230930336018044,0.37840182843602627,success,11,15.185568374093629,13.96417136655066,false,false,3.7840182843602626,3.1070293002482026,,,
2023-08-15T00:00:00,EURJPY,10,0.74924791047250527,0.26902880377099297,success,11,15.513622215755879,14.419017058306451,false,false,2.6902880377099296,3.1897708036732415,,,
2023-08-16T00:00:00,EURJPY,10,0.77258403336708881,0.39777270174318102,success,11,14.937440036400485,13.714480045203697,false,false,3.97772701743181,2.8763266846839786,,,
2023-08-17T00:00:00,EURJPY,10,0.65693913760191369,0.74415751870049596,success,11,15.607251446848952,14.957567942305495,false,false,7.4415751870049593,1.4994191357502693,,,
2023-08-18T00:00:00,EURJPY,10,0.6414442219742954,0.73933787908754045,success,11,15.468530552396734,14.886892556676614,false,false,7.3933787908754045,1.5289933466581271,,,
2023-08-21T00:00:00,EURJPY,10,0.79448444933727524,0.70263516312246899,success,11,15.608323894297172,14.256152184801969,false,false,7.0263516312246903,50.491120531218321,,,
2023-08-22T00:00:00,EURJPY,10,0.80752904054453867,0.67291741880823441,success,11,15.608323900693573,14.174290165096485,false,false,6.7291741880823439,1.0211599238364417,,,
2023-08-23T00:00:00,EURJPY,10,0.72196310526529062,0.70463253079154353,success,11,15.608323896565429,14.654103679476737,false,false,7.0463253079154358,26.061652939885274,,,
2023-08-24T00:00:00,EURJPY,10,0.68666951291249756,0.32231042714629321,success,11,15.608324444952459,14.823729829618724,false,false,3.2231042714629319,0.94938869045948815,,,
2023-08-25T00:00:00,EURJPY,10,0.97072251486694716,0.28126505944255237,success,11,15.608323896115467,12.107102036341253,false,false,2.8126505944255236,3.9445897796020128,,,
2023-08-28T00:00:00,EURJPY,10,0.75010081568597342,1.0000148803886212e-07,success,11,15.608323926621726,14.509173881996485,false,false,1.0000148803886212e-06,0.68824293628418209,,,
2023-08-29T00:00:00,EURJPY,10,0.79937455164771554,0.69672285721875116,success,11,15.608323908344731,14.225934025549849,false,false,6.967228572187512,48.478123421415965,,,
2023-08-30T00:00:00,EURJPY,10,0.74426170393214741,0.59769857602836685,success,11,15.608323953380955,14.540085868410349,false,false,5.9769857602836689,50.959844230884727,,,
2023-08-31T00:00:00,EURJPY,10,0.78154392272183004,0.87490623655981781,success,11,15.608323907323625,14.333637530949154,false,false,8.7490623655981778,2.2528937752710227,,,
2023-09-01T00:00:00,EURJPY,10,0.68594395503182937,0.72808853487132119,success,11,15.608323939408869,14.827099470365889,false,false,7.2808853487132117,3.1655943055579603,,,
2023-09-04T00:00:00,EURJPY,10,0.64902242623859641,0.61863272463711516,success,11,15.608324108361661,14.993579166194413,false,false,6.1863272463711514,2.7633410343591853,,,
2023-09-05T00:00:00,EURJPY,10,0.676529179780756,0.50184688401050925,success,11,15.608323891140587,14.870457220630295,false,false,5.0184688401050925,46.197766347873937,,,
2023-09-06T00:00:00,EURJPY,10,0.74074732392939224,0.40163262821253404,success,11,15.60832392631634,14.558467521931,false,false,4.0163262821253403,70.088421717387874,,,
2023-09-07T00:00:00,EURJPY,10,0.76073717918370753,0.59671343628103812,success,11,15.608323908177764,14.451598588832917,false,false,5.9671343628103815,37.971921540322548,,,
2023-09-08T00:00:00,EURJPY,10,0.79993158174709211,0.49935455289897845,success,11,15.608323904696123,14.222457102814316,false,false,4.9935455289897845,209.29601106295777,,,
2023-09-11T00:00:00,EURJPY,10,0.84410219486986748,0.39243104841270471,success,11,15.608323995228082,13.919251121254337,false,false,3.9243104841270471,19.661744239432164,,,
2023-09-12T00:00:00,EURJPY,10,0.87331381372303207,0.29946830430862448,success,11,15.608323896190933,13.677741993418888,false,false,2.9946830430862446,309.51651029758841,,,
2023-09-13T00:00:00,EURJPY,10,0.9431707884655316,0.19820858187093116,success,11,15.608323897842501,12.79912700087262,false,false,1.9820858187093116,120.01456458946191,,,
2023-09-14T00:00:00,EURJPY,10,0.79574061343299796,0.0020412197911236435,success,11,15.608323897365942,14.248441316096194,false,false,0.020412197911236437,8.7449138194918969,,,
2023-09-15T00:00:00,EURJPY,10,0.80149328467064596,0.30362791442700343,success,11,15.60832394992071,14.212670286287887,false,false,3.0362791442700341,41.846985567344817,,,
2023-09-18T00:00:00,EURJPY,10,0.73130531311091507,0.20165216710414319,success,11,15.608323909833423,14.607068614319124,false,false,2.0165216710414318,82.271328841763122,,,
2023-09-19T00:00:00,EURJPY,10,0.83693041044929917,0.13904890409020662,success,11,15.608324844420521,13.972760958482223,false,false,1.3904890409020663,23.079573081637871,,,
2023-09-20T00:00:00,EURJPY,10,0.50191883384287994,0.33271490569858764,success,11,15.608323893101741,15.600648520049893,false,false,3.3271490569858764,15.34994966437919,,,
2023-09-21T00:00:00,EURJPY,10,0.68915242595436366,0.69543214882458915,success,11,15.60832389426243,14.812164096340229,false,false,6.9543214882458919,23.383586295884861,,,
2023-09-22T00:00:00,EURJPY,10,0.67474190772505005,0.57894240919328666,success,11,15.608324022313838,14.878612760737028,false,false,5.7894240919328661,2.7286369754595738,,,
2023-09-25T00:00:00,EURJPY,10,0.71442548259407257,0.49525939169153227,success,11,15.608324269548467,14.691348572413322,false,false,4.9525939169153226,21.59448264044017,,,
2023-09-26T00:00:00,EURJPY,10,0.78286800711298676,0.30884686849306775,success,11,15.608323979925329,14.325865302211957,false,false,3.0884686849306777,13.83143709188481,,,
2023-09-27T00:00:00,EURJPY,10,0.78834162475152603,0.22022095051683471,success,11,15.60832391339115,14.293365920936207,false,false,2.202209505168347,11.167100934016165,,,
2023-09-28T00:00:00,EURJPY,10,0.85427474845690465,0.10057688667256919,success,11,15.60832409637923,13.839794244906056,false,false,1.0057688667256919,8.9585762260220267,,,
2023-09-29T00:00:00,EURJPY,10,0.76130166753669504,0.99004165858201776,success,11,15.608323898727242,14.448494757447422,false,false,9.900416585820178,14.606050701730576,,,
2023-10-02T00:00:00,EURJPY,10,0.64482853041777355,0.99998569452842911,success,11,15.608323895759117,15.011940144389648,false,false,9.9998569452842911,9.1359274073997483,,,
2023-10-03T00:00:00,EURJPY,10,0.6746420693630174,0.60798470639215674,success,11,15.608323881393277,14.879067500125775,false,false,6.0798470639215676,11.266971883966807,,,
2023-10-04T00:00:00,EURJPY,10,0.70179829546744299,0.70789041643485828,success,11,15.608323896795001,14.752447980835779,false,false,7.0789041643485824,13.230599655326253,,,
2023-10-05T00:00:00,EURJPY,10,0.6533525493081197,0.32880915129027366,success,11,15.608323932130439,14.974515328034682,false,false,3.2880915129027368,1.1972544265819152,,,
2023-10-06T00:00:00,EURJPY,10,0.80183324551179047,0.43020985106537768,success,11,15.607739834451305,14.20994804213858,false,false,4.302098510653777,0.70366172386459225,,,
2023-10-09T00:00:00,EURJPY,10,0.9785786931093321,0.21239550630209486,success,11,15.608323911178994,11.786608781184841,false,false,2.1239550630209485,3.4636345893674276,,,
2023-10-10T00:00:00,EURJPY,10,0.8574540599693824,0.13366000671107425,success,11,15.608323943515279,13.81402067422329,false,false,1.3366000671107425,1.2518199690014422,,,
2023-10-11T00:00:00,EURJPY,10,0.60018064242607561,0.63726376812141561,success,11,15.608323897026544,15.202106055451026,false,false,6.3726376812141563,24.013299099880584,,,
2023-10-12T00:00:00,EURJPY,10,0.62908650382883446,0.50019139194842666,success,11,15.608323904843413,15.08002400310018,false,false,5.0019139194842666,282.49183265564551,,,
2023-10-13T00:00:00,EURJPY,10,0.63971998941367836,9.9999999999999995e-08,success,11,15.608323908703865,15.034174880928699,false,false,9.9999999999999995e-07,13.170031785454695,,,
2023-10-16T00:00:00,EURJPY,10,0.55276191478816306,0.60463367935731549,success,11,15.608323885521441,15.396487592468652,false,false,6.0463367935731549,13.999924884191021,,,
2023-10-17T00:00:00,EURJPY,10,0.61207180799448446,0.98386876878285501,success,11,15.608323914422614,15.15229455581356,false,false,9.8386876878285499,0.6408325511545091,,,
2023-10-18T00:00:00,EURJPY,10,0.59156655567793559,0.84347197840744248,success,11,15.6083238947634,15.237878671539148,false,false,8.4347197840744244,1.8671337581827347,,,
2023-10-19T00:00:00,EURJPY,10,0.65336625246722002,0.72580278163154177,success,11,15.608323884517139,14.974454775718977,false,false,7.2580278163154173,2.0789541438896477,,,
2023-10-20T00:00:00,EURJPY,10,0.91263356684733987,0.88023790118234646,success,11,15.608324332201819,13.262101031683002,false,false,8.802379011823465,1.9717492776158245,,,
2023-10-23T00:00:00,EURJPY,10,0.65722716134749559,3.673904848692282e-06,success,11,15.608323887777585,14.95736212335895,false,false,3.6739048486922819e-05,0.30486577757607841,,,
2023-10-24T00:00:00,EURJPY,10,0.69077255244756375,0.84834077857533341,success,11,15.608323889991164,14.804590359850263,false,false,8.4834077857533341,2.1642619522400315,,,
2023-10-25T00:00:00,EURJPY,10,0.61922059258182083,0.7021799086539019,success,11,15.608323901803486,15.12208254762422,false,false,7.0217990865390192,25.300009560804781,,,
2023-10-26T00:00:00,EURJPY,10,0.58282353990760782,0.60125198738441465,success,11,15.608324397368149,15.273949230785144,false,false,6.0125198738441465,23.257753171014009,,,
2023-10-27T00:00:00,EURJPY,10,0.60864267212631862,0.50072299775066953,success,11,15.608323893684569,15.166713568133328,false,false,5.0072299775066949,69.994464780952811,,,
2023-10-30T00:00:00,EURJPY,10,0.61631859988412785,0.40182354252221497,success,11,15.608323886274354,15.134372369851038,false,false,4.0182354252221497,29.102450768521223,,,
2023-10-31T00:00:00,EURJPY,10,0.83453803091940693,0.99999402326954956,success,11,15.60832390279205,13.990186961763371,false,false,9.9999402326954954,0.24933458328972891,,,
2023-11-01T00:00:00,EURJPY,10,0.90417016180009124,0.83281375958883819,success,11,15.608323894761446,13.363880419949698,false,false,8.3281375958883821,21.398168791744865,,,
2023-11-02T00:00:00,EURJPY,10,0.76198058790246204,0.5525244817580488,success,11,15.608323892507208,14.444755046119072,false,false,5.5252448175804876,1.9288381619236499,,,
2023-11-03T00:00:00,EURJPY,10,0.68189904267306545,0.42950731482899024,success,11,15.608324003759405,14.845811196411058,false,false,4.2950731482899025,1.9914346339713169,,,
2023-11-06T00:00:00,EURJPY,10,0.60153061208160996,0.30201308494226808,success,11,15.608323905580717,15.196477155564274,false,false,3.0201308494226811,19.186409532395764,,,
2023-11-07T00:00:00,EURJPY,10,0.94687060316753113,0.68456951319006798,success,11,15.60832388601016,12.727891828567778,false,false,6.8456951319006798,16.359807916697612,,,
2023-11-08T00:00:00,EURJPY,10,0.97508872468571361,0.59557828473853514,success,11,15.608323898725187,11.9411159570337,false,false,5.9557828473853514,59.629721908576762,,,
2023-11-09T00:00:00,EURJPY,10,0.97382948957622595,0.49620166326831178,success,11,15.608323889813711,11.991720884041342,false,false,4.9620166326831177,63.935289162038522,,,
2023-11-10T00:00:00,EURJPY,10,0.99263046787816223,0.31648483601897237,success,11,15.608324401712354,10.70532016404799,false,false,3.1648483601897235,12.587465926108623,,,
2023-11-13T00:00:00,EURJPY,10,0.99656918801411565,0.22883626676315033,success,11,15.608324558911175,9.9368029543859624,false,false,2.2883626676315032,10.199248275960009,,,
2023-11-14T00:00:00,EURJPY,10,0.98843105656520902,0.11319565832326932,success,11,15.608324033055583,11.160529356042616,false,false,1.1319565832326932,8.9606354860574218,,,
2023-11-15T00:00:00,EURJPY,10,0.88803304854413678,0.095963399663133178,success,11,15.608323898122441,13.537518690458404,false,false,0.95963399663133175,53.027032020184024,,,
2023-11-16T00:00:00,EURJPY,10,0.97740816204298309,0.37396638140590066,success,11,15.608323883668596,11.841008236799656,false,false,3.7396638140590066,0.69299386081331515,,,
2023-11-17T00:00:00,EURJPY,10,0.93681014144191788,0.60866236728699408,success,11,15.525314995683305,12.828978180260876,false,false,6.0866236728699405,15.101489991624225,,,
2023-11-20T00:00:00,EURJPY,10,0.89494405525167064,0.50913435771255378,success,11,15.15726745496082,13.014999262131521,false,false,5.0913435771255378,14.633335556816723,,,
2023-11-21T00:00:00,EURJPY,10,0.80916280224476222,0.40560481403579363,success,11,14.706661490924075,13.262082052043768,false,false,4.0560481403579365,14.816691193745749,,,
2023-11-22T00:00:00,EURJPY,10,0.62047211875971375,0.71416465609159729,success,11,15.1160136777308,14.624461070092245,false,false,7.1416465609159729,1.7836658058935764,,,
2023-11-23T00:00:00,EURJPY,10,0.55723967195295465,0.60193288019782476,success,11,14.797587670168529,14.567620835461486,false,false,6.0193288019782472,15.684641871625358,,,
2023-11-24T00:00:00,EURJPY,10,0.65374599825137591,0.30247562663082961,success,11,14.638009098502394,14.002462819195111,false,false,3.0247562663082959,16.867149940622269,,,
2023-11-27T00:00:00,EURJPY,10,0.57312127907356292,0.40003027317477502,success,11,14.866148180767022,14.571550777076695,false,false,4.00030273174775,17.506012150562235,,,
2023-11-28T00:00:00,EURJPY,10,0.73277196348290563,0.50453098508643368,success,11,14.693666981794216,13.684934791848436,false,false,5.0453098508643368,16.599522146903873,,,
2023-11-29T00:00:00,EURJPY,10,0.93415843087338857,0.79275175957928501,success,11,15.298314250901312,12.645919589360616,false,false,7.9275175957928505,15.271262469359259,,,
2023-11-30T00:00:00,EURJPY,10,0.84330166435348874,0.66704376543183341,success,11,14.869654801539717,13.186652589373882,false,false,6.6704376543183344,5.8928034224884316,,,
2023-12-01T00:00:00,EURJPY,10,0.83427013797755101,0.91047728551139107,success,11,15.344299742962857,13.728101612193477,false,false,9.1047728551139109,14.754452016785423,,,
2023-12-04T00:00:00,EURJPY,10,0.7601279967800636,0.74466420120305266,success,11,15.467866911491157,14.314485536734836,false,false,7.4466420120305266,1.7503635228673902,,,
2023-12-05T00:00:00,EURJPY,10,0.70374706976031631,0.39987431014668368,success,11,15.388556280268586,14.52335084807908,false,false,3.9987431014668369,2134.1529035522567,,,
2023-12-06T00:00:00,EURJPY,10,0.85721805044392507,0.22429963779867673,success,11,15.085923383514915,13.293549700936707,false,false,2.2429963779867674,3.6940216791880478,,,
2023-12-07T00:00:00,EURJPY,10,0.97250071179393327,0.99999988438534293,success,11,15.608323894630701,12.04261320813837,false,false,9.9999988438534295,8.9578489463332875,,,
2023-12-08T00:00:00,EURJPY,10,0.97980156326132617,0.80191953696373219,success,11,15.608323895796165,11.726579043340635,false,false,8.0191953696373215,133.12610795657699,,,
2023-12-11T00:00:00,EURJPY,10,0.99865105904520624,0.44465174507336663,success,11,15.608323892120852,9.0012382713893224,false,false,4.4465174507336664,0.73575210950756509,,,
2023-12-12T00:00:00,EURJPY,10,0.97461888309103362,0.23464238628847989,success,11,15.608323890057365,11.960282853377418,false,false,2.3464238628847989,2.5231401335575896,,,
2023-12-13T00:00:00,EURJPY,10,0.99773531393863002,0.10729041128217894,success,11,15.608323891000923,9.5202720114367629,false,false,1.0729041128217893,5.8462522190018067,,,
2023-12-14T00:00:00,EURJPY,10,0.91428964362787069,0.40293233794445243,success,11,15.608323882090842,13.241150126874528,false,false,4.0293233794445245,67.759424122769076,,,
2023-12-15T00:00:00,EURJPY,10,0.59706433553240368,0.99999989999999528,success,11,15.608323954703682,15.215075990089392,false,false,9.9999989999999528,3.1275135150105751,,,
2023-12-18T00:00:00,EURJPY,10,0.60487255556775832,0.59886348361088559,success,11,15.608324023160739,15.182514596269209,false,false,5.9886348361088562,32.245058983631409,,,
2023-12-19T00:00:00,EURJPY,10,0.59921987429415335,0.82255498403153171,success,11,15.608323901658801,15.206108263937129,false,false,8.2255498403153169,1.1261379204603372,,,
2023-12-20T00:00:00,EURJPY,10,0.61244473435453317,0.39763527899707524,success,11,15.608323900382553,15.150723651304411,false,false,3.9763527899707523,18.522010933223722,,,
2023-12-21T00:00:00,EURJPY,10,0.75474483164975215,1.2203684957409437e-05,success,11,15.608324384799849,14.484243836027511,false,false,0.00012203684957409438,9.3800676068679909,,,
2023-12-22T00:00:00,EURJPY,10,0.56597110828908614,0.40001235138865721,success,11,15.608324089014083,15.342892160186549,false,false,4.0001235138865718,614.25287224045235,,,
2023-12-26T00:00:00,EURJPY,10,0.5324130241419035,0.26572455140239598,success,11,15.608323963841359,15.478489790584003,false,false,2.6572455140239599,24.150354557267317,,,
2023-12-27T00:00:00,EURJPY,10,0.91338586673573996,0.69619707678340981,success,11,15.608323886948767,13.25262846348334,false,false,6.9619707678340985,2.1655543801613573,,,
2023-12-28T00:00:00,EURJPY,10,0.82118047709504327,0.49898416433960435,success,11,15.608323971641925,14.083958105694997,false,false,4.9898416433960433,15.638521541344039,,,
2023-12-29T00:00:00,EURJPY,10,0.7505875618473502,0.52275610496774183,success,11,15.608323895170523,14.506575483860161,false,false,5.2275610496774183,1.4652050675226793,,,
2024-01-02T00:00:00,EURJPY,10,0.91161069052148846,0.38289676576099441,success,11,15.532284688747788,13.198822693068026,false,false,3.8289676576099438,1.6823454257890604,,,
2024-01-03T00:00:00,EURJPY,10,0.78291305156246926,0.32413507968638877,success,11,15.318188513169661,14.035464825935463,false,false,3.2413507968638875,1.4146936694630856,,,
2024-01-04T00:00:00,EURJPY,10,0.88482688551735322,0.19814268127967932,success,11,15.204399970824454,13.165444294332616,false,false,1.9814268127967931,1.1671871263238347,,,
2024-01-05T00:00:00,EURJPY,10,0.83362448527982413,0.41792371040172965,success,11,14.453738335122445,12.842202662063851,false,false,4.1792371040172966,16.929811393618166,,,
2024-01-08T00:00:00,EURJPY,10,0.71196559161521011,0.69709250642525844,success,11,14.729752330406871,13.824802693103631,false,false,6.9709250642525848,14.668622683574261,,,
2024-01-09T00:00:00,EURJPY,10,0.69719012144571491,0.59627328260750645,success,11,14.474142318984875,13.64018931938992,false,false,5.9627328260750643,14.350206622729964,,,
2024-01-10T00:00:00,EURJPY,10,0.72680603562952528,0.48603759030730764,success,11,14.979125265327049,14.000647659555471,false,false,4.8603759030730762,3.9778361807487856,,,
2024-01-11T00:00:00,EURJPY,10,0.80002383649528186,0.8060608193112172,success,11,15.558512013815815,14.172068667941497,false,false,8.0606081931121718,16.23384274219729,,,
2024-01-12T00:00:00,EURJPY,10,0.79029003940669784,0.70497805216291909,success,11,15.349433684948886,14.022759104409745,false,false,7.0497805216291907,16.59739203103678,,,
2024-01-15T00:00:00,EURJPY,10,0.59863465623605761,0.60214883121026364,success,11,15.608323906007794,15.208544511011324,false,false,6.0214883121026368,18.34296169046517,,,
2024-01-16T00:00:00,EURJPY,10,0.57428297419222452,0.50157744350431144,success,11,15.608323884207747,15.308976489853089,false,false,5.0157744350431148,16.878966196521805,,,
2024-01-17T00:00:00,EURJPY,10,0.5401507816543033,1.0036859435039991e-07,success,11,15.608323899741841,15.447374223418391,false,false,1.0036859435039992e-06,15.960318990547679,,,
2024-01-18T00:00:00,EURJPY,10,0.72375939126207467,0.68796139617107155,success,11,15.608323889468355,14.645137141563552,false,false,6.8796139617107155,17.481028581317279,,,
2024-01-19T00:00:00,EURJPY,10,0.90809047244095997,0.9018901363099957,success,11,15.608323885947511,13.317784570158189,false,false,9.0189013630999568,2.5952454845338515,,,
2024-01-22T00:00:00,EURJPY,10,0.77810376535638814,0.7860998652027027,success,11,15.608323896965747,14.353673868273074,false,false,7.8609986520270265,1.8837822958499477,,,
2024-01-23T00:00:00,EURJPY,10,0.81944651803358692,0.55985207267001424,success,11,15.608323898463615,14.095721796981309,false,false,5.5985207267001424,0.56905437114928981,,,
2024-01-24T00:00:00,EURJPY,10,0.87333846886668209,5.1272021210060976e-07,success,11,15.608323885600791,13.677519116695423,false,false,5.127202121006098e-06,0.53049281364511458,,,
2024-01-25T00:00:00,EURJPY,10,0.96727681083754291,0.61372876051498848,success,11,15.456097762407449,12.069697025863629,false,false,6.1372876051498846,3.5369353426408963,,,
2024-01-26T00:00:00,EURJPY,10,0.80516926850193649,0.39854192314694736,success,11,15.608323881194718,14.189402492445177,false,false,3.9854192314694736,94.435303086052173,,,
2024-01-29T00:00:00,EURJPY,10,0.81515321914551919,0.20006466514204507,success,11,15.284950179774578,13.801101355575961,false,false,2.0006466514204506,29745.386723837932,,,
2024-01-30T00:00:00,EURJPY,10,0.69359771690324867,0.19563070435294982,success,11,15.608323883477459,14.791330638877357,false,false,1.9563070435294982,24.064425144473557,,,
2024-01-31T00:00:00,EURJPY,10,0.71520456393334086,0.25886430468290522,success,11,15.608323896657248,14.687526445842316,false,false,2.588643046829052,0.79773156706829085,,,
2024-02-01T00:00:00,EURJPY,10,0.91289993777077194,0.5030585795867123,success,11,15.608324091875767,13.258755412786737,false,false,5.0305857958671227,61.782575370746457,,,
2024-02-02T00:00:00,EURJPY,10,0.87538368964911262,0.48536029829190835,success,11,15.608323912562593,13.658901119341945,false,false,4.8536029829190834,11.708310627897287,,,
2024-02-05T00:00:00,EURJPY,10,0.98359920014399371,0.20438292011803902,success,11,15.608323889676429,11.514435497875635,false,false,2.0438292011803902,4.2923392931858402,,,
2024-02-06T00:00:00,EURJPY,10,0.89694498650017296,0.23398446309499757,success,11,15.608323941913476,13.444592369573131,false,false,2.3398446309499756,25.76281771112491,,,
2024-02-07T00:00:00,EURJPY,10,0.6776823240756128,0.13558004067580229,success,11,15.608323888035523,14.865182888855992,false,false,1.3558004067580229,24.280490315970574,,,
2024-02-08T00:00:00,EURJPY,10,0.63369066803642027,0.99984836322373416,success,11,15.608323902131671,15.060241117810602,false,false,9.9984836322373418,7.8687633089003741,,,
2024-02-09T00:00:00,EURJPY,10,0.53982892364360113,0.59975919925346033,success,11,15.60832390691372,15.448669951083261,false,false,5.9975919925346028,15.302956239462629,,,
2024-02-12T00:00:00,EURJPY,10,0.56048484152657241,0.49832195627774689,success,11,15.608323887664293,15.365193896873329,false,false,4.9832195627774691,15.796738317245428,,,
2024-02-13T00:00:00,EURJPY,10,0.62436543103805087,0.19989332030767387,success,11,15.608323885684612,15.10020484180292,false,false,1.9989332030767388,562.97124476185695,,,
2024-02-14T00:00:00,EURJPY,10,0.69408987821901236,1.669540973273357e-05,success,11,15.608324370541361,14.789014250038075,false,false,0.0001669540973273357,7.7971832075133305,,,
2024-02-15T00:00:00,EURJPY,10,0.79242598818422971,0.71588943737742672,success,11,15.608323899655641,14.268712748092991,false,false,7.1588943737742667,1.1351306968851571,,,
2024-02-16T00:00:00,EURJPY,10,0.93703975791190275,0.69836420042390412,success,11,15.608323883247799,12.908101620051587,false,false,6.9836420042390408,0.5876566935231089,,,
2024-02-19T00:00:00,EURJPY,10,0.96533192803462731,0.56983056913205687,success,11,15.47475943065465,12.148106568697761,false,false,5.6983056913205683,0.98026223057648898,,,
2024-02-20T00:00:00,EURJPY,10,0.98427999564983681,1.0000000008964422e-07,success,11,15.608324070536545,11.471347729264838,false,false,1.0000000008964422e-06,0.27657202018812443,,,
2024-02-21T00:00:00,EURJPY,10,0.92710051904523427,1.5054485527268283e-06,success,11,15.608323892343419,13.065343416898893,false,false,1.5054485527268284e-05,0.23599751220879997,,,
2024-02-22T00:00:00,EURJPY,10,0.98752375410977433,1.0025903610450556e-07,success,11,15.608323901686735,11.236949858016839,false,false,1.0025903610450556e-06,0.26595174078765871,,,
2024-02-23T00:00:00,EURJPY,10,0.68370287930135143,0.29688011285246385,success,11,15.60832389531752,14.837482486253844,false,false,2.9688011285246385,31.308443185443572,,,
2024-02-26T00:00:00,EURJPY,10,0.64198749608306938,0.57179848850339521,success,11,15.608323887790124,15.024322973728982,false,false,5.7179848850339523,0.65752749281710654,,,
2024-02-27T00:00:00,EURJPY,10,0.79246536811460222,0.81400670076115544,success,11,15.608323899827685,14.268473320967944,false,false,8.1400670076115542,1.6924517863838455,,,
2024-02-28T00:00:00,EURJPY,10,0.81788027423578591,0.50122676986421655,success,11,15.608323880434996,14.106272223227688,false,false,5.012267698642165,0.98532175021823276,,,
2024-02-29T00:00:00,EURJPY,10,0.97928063410660149,0.99999896779023101,success,11,15.608324708928183,11.752575266960374,false,false,9.9999896779023096,0.2976467804764184,,,
2024-03-01T00:00:00,EURJPY,10,0.9783016198309521,0.9999998999999804,success,11,15.608323894337945,11.79974347828753,false,false,9.9999989999998036,0.33980711478049608,,,
2024-03-04T00:00:00,EURJPY,10,0.96571973494195407,0.53081820765654153,success,11,15.608324014848028,12.270020178038932,false,false,5.3081820765654157,1.1227469331999671,,,
2024-03-05T00:00:00,EURJPY,10,0.8889868302209557,0.36741043442552945,success,11,15.608323893681904,13.527890313359819,false,false,3.6741043442552948,2.7198554414720246,,,
2024-03-06T00:00:00,EURJPY,10,0.75672978783926292,0.2021083694369461,success,11,15.608323896889893,14.47349046825455,false,false,2.021083694369461,72.28309156217378,,,
2024-03-07T00:00:00,EURJPY,10,0.71468962310802631,0.1032612650399399,success,11,15.608323907627419,14.690053182153623,false,false,1.0326126503993991,49.568444351858709,,,
2024-03-08T00:00:00,EURJPY,10,0.56290487845550419,0.99852712516950493,success,11,15.608323903570607,15.355364085338586,false,false,9.9852712516950497,6.9107717579141354,,,
2024-03-11T00:00:00,EURJPY,10,0.63151123942673981,0.59895979208444794,success,11,15.60832415320637,15.069618624275076,false,false,5.9895979208444796,66.247032410043417,,,
2024-03-12T00:00:00,EURJPY,10,0.61286148665249685,0.59502288886970156,success,11,15.608323905636565,15.148967499636854,false,false,5.9502288886970156,1.6379708605479375,,,
2024-03-13T00:00:00,EURJPY,10,0.81412308714476889,0.47617309004731528,success,11,15.581572730523337,14.104545859055051,false,false,4.7617309004731529,1.5706831030576807,,,
2024-03-14T00:00:00,EURJPY,10,0.82574964771841664,0.32410338327266697,success,11,15.482894218454836,13.927095652144818,false,false,3.2410338327266697,1.4294022400407309,,,
2024-03-15T00:00:00,EURJPY,10,0.700188739508389,0.80944071854877797,success,11,15.095247306145088,14.247050524550801,false,false,8.0944071854877802,3.9482806680951108,,,
2024-03-18T00:00:00,EURJPY,10,0.66937930923105926,0.71314903357753356,success,11,15.509238075642065,14.803858965703835,false,false,7.1314903357753359,3.4554293190254382,,,
2024-03-19T00:00:00,EURJPY,10,0.73132253750524367,0.40008581804990523,success,11,15.39319416040394,14.391851206203331,false,false,4.0008581804990522,1565.5599599956176,,,
2024-03-20T00:00:00,EURJPY,10,0.81999343503703748,0.60314423185362942,success,11,14.925317523801485,13.409014511869209,false,false,6.0314423185362944,1.3660306933622819,,,
2024-03-21T00:00:00,EURJPY,10,0.8113682447764754,0.48209823418766878,success,11,15.347343911667563,13.888418627425327,false,false,4.8209823418766877,1.4345114221606892,,,
2024-03-22T00:00:00,EURJPY,10,0.68255427719609441,0.3629187727761285,success,11,15.384398989043826,14.618863790039672,false,false,3.629187727761285,1.2820280452827584,,,
2024-03-25T00:00:00,EURJPY,10,0.87013912750050715,0.50201618174806328,success,11,15.608324249493807,13.706134799791164,false,false,5.0201618174806333,866.12419007762423,,,
2024-03-26T00:00:00,EURJPY,10,0.74320239898939877,0.16354005322453588,success,11,15.598185649759992,14.535505464259717,false,false,1.6354005322453589,2.8017255658937299,,,
2024-03-27T00:00:00,EURJPY,10,0.79336552871789112,0.79651136423751723,success,11,15.591325870133355,14.245993203658472,false,false,7.9651136423751723,88.762054418116762,,,
2024-03-28T00:00:00,EURJPY,10,0.96740994416401604,0.77928895473554094,success,11,15.490586121075646,12.099970987605234,false,false,7.7928895473554096,2.2794850139007616,,,
2024-03-29T00:00:00,EURJPY,10,0.96872282868008164,0.59938081504539253,success,11,15.313348899660188,11.880258847839171,false,false,5.9938081504539253,3132.6732470286966,,,
2024-04-01T00:00:00,EURJPY,10,0.974153571027781,0.41447259128768027,success,11,15.033906863198585,11.404510348728479,false,false,4.1447259128768028,19.502675679687314,,,
2024-04-02T00:00:00,EURJPY,10,0.98137142639549346,0.30574031931478368,success,11,14.320049733188879,10.355795342346727,false,false,3.0574031931478367,17.736638098650573,,,
2024-04-03T00:00:00,EURJPY,10,0.89405858328319965,0.28665381203922136,success,11,15.608325482840065,13.475440449263276,false,false,2.8665381203922133,17.293062585771811,,,
2024-04-04T00:00:00,EURJPY,10,0.76749884850101757,0.8036467945442709,success,11,15.597823172004784,14.403581370567906,false,false,8.036467945442709,15.557358416951431,,,
2024-04-05T00:00:00,EURJPY,10,0.64729199679477301,0.54755705966705437,success,11,15.608323905986374,15.001166932731245,false,false,5.4755705966705435,1.1888053293617213,,,
2024-04-08T00:00:00,EURJPY,10,0.91395692705233134,0.41219773646828733,success,11,15.596474164882908,13.233538739402128,false,false,4.1219773646828735,2.1193612839655547,,,
2024-04-09T00:00:00,EURJPY,10,0.76909151309053181,0.49953833519836632,success,11,15.608323907833578,14.405135414154081,false,false,4.995383351983663,7397.7279552451437,,,
2024-04-10T00:00:00,EURJPY,10,0.90610093872653241,0.1999820207105279,success,11,15.603771206565801,13.336840884407245,false,false,1.9998202071052789,664.55375813122771,,,
2024-04-11T00:00:00,EURJPY,10,0.74426525653621944,0.79820089032236097,success,11,15.608323884909435,14.540067134966556,false,false,7.9820089032236101,84.148509835980889,,,
2024-04-12T00:00:00,EURJPY,10,0.83594841699786504,0.90032889575225139,success,11,15.604643527212531,13.976257527057822,false,false,9.0032889575225141,433.61004668731903,,,
2024-04-15T00:00:00,EURJPY,10,0.80588615098434146,0.80266336525898707,success,11,15.608323892696767,14.184826249577629,false,false,8.0266336525898705,55.813021453347091,,,
2024-04-16T00:00:00,EURJPY,10,0.74063220160799048,0.70204819860460943,success,11,15.608323905345374,14.559066882742915,false,false,7.0204819860460947,56.493084247888973,,,
2024-04-17T00:00:00,EURJPY,10,0.65765537618599512,0.60152792555162726,success,11,15.608323888016519,14.955460739964177,false,false,6.0152792555162726,52.356099880994151,,,
2024-04-18T00:00:00,EURJPY,10,0.83575900687512894,0.50217227813369725,success,11,15.60832393611884,13.981318453362732,false,false,5.0217227813369725,68.247206666793659,,,
2024-04-19T00:00:00,EURJPY,10,0.79642903929449171,0.40420958036331467,success,11,15.608323902255206,14.24420051288347,false,false,4.0420958036331465,33.493057756456238,,,
2024-04-22T00:00:00,EURJPY,10,0.91161144717490872,0.75767805220463535,success,11,15.608323912502016,13.274852526304729,false,false,7.5767805220463531,1.1252289801340505,,,
2024-04-23T00:00:00,EURJPY,10,0.74609479016569213,0.49334052676925461,success,11,15.608323891583536,14.530432242623771,false,false,4.9334052676925459,19.459940078250465,,,
2024-04-24T00:00:00,EURJPY,10,0.87587687222991528,0.30535187353801208,success,11,15.608323884749241,13.654372399335346,false,false,3.0535187353801208,14.555344570337937,,,
2024-04-25T00:00:00,EURJPY,10,0.9651846962665882,0.19699701738554243,success,11,15.607993902176256,12.285731476623686,false,false,1.9699701738554243,25.740956293144578,,,
2024-04-26T00:00:00,EURJPY,10,0.8644216847836641,0.99999990000000005,success,11,15.560385327263555,13.707874061864876,false,false,9.9999990000000007,2.1525832303684505,,,
2024-04-29T00:00:00,EURJPY,10,0.99958856456306411,0.85006289194439388,success,11,15.60832388339432,7.812876956462059,false,false,8.5006289194439386,3.9588866523990003,,,
2024-04-30T00:00:00,EURJPY,10,0.99880769897216959,0.70985260175638931,success,11,15.608323925909145,8.8776467361976099,false,false,7.0985260175638931,15.587530845891564,,,
2024-05-01T00:00:00,EURJPY,10,0.99359637760179409,0.99999988107818027,success,11,15.608323897301487,10.563856661827664,false,false,9.9999988107818023,0.28276622194263679,,,
2024-05-02T00:00:00,EURJPY,10,0.99170692764169388,0.41229630220625679,success,11,15.608323889607336,10.824316772475122,false,false,4.1229630220625682,0.94206180588407895,,,
2024-05-03T00:00:00,EURJPY,10,0.9609390028385717,0.27289973013359747,success,11,15.608323897915072,12.405537417640881,false,false,2.728997301335975,1.0938873148092736,,,
2024-05-06T00:00:00,EURJPY,10,0.93724050307326012,0.13747287619917789,success,11,15.608323902095451,12.904693891294405,false,false,1.374728761991779,1.8457191013192287,,,
2024-05-07T00:00:00,EURJPY,10,0.66352275827086438,9.9999999999999995e-08,success,11,15.608323905210188,14.929291266185217,false,false,9.9999999999999995e-07,0.86230506068800827,,,
2024-05-08T00:00:00,EURJPY,10,0.8340276893293993,0.59384860699757014,success,11,15.608323882609469,13.993878251421272,false,false,5.9384860699757009,15.031446791198761,,,
2024-05-09T00:00:00,EURJPY,10,0.88815067254911251,0.73107172771974605,success,11,15.608323907456519,13.536335177525903,false,false,7.31071727719746,0.53289779167918461,,,
2024-05-10T00:00:00,EURJPY,10,0.97993739128824509,0.75835047894522012,success,11,15.608323891706799,11.719693028053573,false,false,7.583504789452201,1.1272725549348863,,,
2024-05-13T00:00:00,EURJPY,10,0.9676149010839783,0.30000637564056271,success,11,15.427143550887342,12.030007779232511,false,false,3.0000637564056269,712.54852449251143,,,
2024-05-14T00:00:00,EURJPY,10,0.99595752494861811,0.31036145104107876,success,11,15.439996090183765,9.9331486200110639,false,false,3.1036145104107877,1.4186769221223416,,,
2024-05-15T00:00:00,EURJPY,10,0.95172476112232329,5.7086766193911201e-07,success,11,14.400579091180761,11.419221991230909,false,false,5.7086766193911201e-06,0.46399387923417174,,,
2024-05-16T00:00:00,EURJPY,10,0.73848735684872369,0.44555388467178964,success,11,15.5566357228955,14.518514372020036,false,false,4.4555388467178965,0.94873129683163948,,,
2024-05-17T00:00:00,EURJPY,10,0.65957517452975312,0.19673870370818186,success,11,15.608324139480173,14.94692251099084,false,false,1.9673870370818185,28.795242540810996,,,
2024-05-20T00:00:00,EURJPY,10,0.6524766197291092,0.32826163304755818,success,11,15.595266618935575,14.965323256310125,false,false,3.282616330475582,1.1107589725997769,,,
2024-05-21T00:00:00,EURJPY,10,0.63706352346314721,0.30982131245070132,success,11,15.608323880209463,15.045682329932269,false,false,3.098213124507013,1.8684096140248012,,,
2024-05-22T00:00:00,EURJPY,10,0.8855938685855359,0.59669501559151017,success,11,15.608323930587469,13.561820146464825,false,false,5.9669501559151019,54.456997497774765,,,
2024-05-23T00:00:00,EURJPY,10,0.9198822287510211,0.46409881025985539,success,11,15.608323908567391,13.167575951695147,false,false,4.6409881025985538,28.431615090344568,,,
2024-05-24T00:00:00,EURJPY,10,0.93942082187895193,0.39479875518712798,success,11,15.608323891982188,12.867011592222568,false,false,3.9479875518712797,38.214184402768929,,,
2024-05-27T00:00:00,EURJPY,10,0.97717101761843128,0.29650730516967444,success,11,15.60832389042676,11.851693095891175,false,false,2.9650730516967445,68.397464180962956,,,
2024-05-28T00:00:00,EURJPY,10,0.95913400963574136,2.3226613104350101e-06,success,11,15.608323908060886,12.452591289706572,false,false,2.32266131043501e-05,0.2340157800426034,,,
2024-05-29T00:00:00,EURJPY,10,0.87315607435493381,4.993437522530478e-05,success,11,15.608323888488812,13.6791669680724,false,false,0.0004993437522530478,9.4018219174532796,,,
2024-05-30T00:00:00,EURJPY,10,0.98483417749275326,0.89972903780982527,success,11,15.176503507529004,11.003074605129001,false,false,8.9972903780982527,627.20805850819988,,,
2024-05-31T00:00:00,EURJPY,10,0.92815478066203849,0.7528858404519212,success,11,15.608323898675748,13.049639463900235,false,false,7.5288584045192115,3.6962023985769092,,,
2024-06-03T00:00:00,EURJPY,10,0.87444352020037797,0.68563879020834839,success,11,15.608323904372934,13.667491892827277,false,false,6.8563879020834841,4.7319974183716011,,,
2024-06-04T00:00:00,EURJPY,10,0.98436835526650546,0.77680764614832654,success,11,15.444578456799926,11.301875653181629,false,false,7.7680764614832656,22.014795007882377,,,
2024-06-05T00:00:00,EURJPY,10,0.99116432243902508,0.79460709708788269,success,11,15.608323940613619,10.888241398634602,false,false,7.9460709708788269,0.6989166796605415,,,
2024-06-06T00:00:00,EURJPY,10,0.95902860679630275,0.57170115543456135,success,11,15.608323960390651,12.455277152573871,false,false,5.7170115543456133,1.3860471047100551,,,
2024-06-07T00:00:00,EURJPY,10,0.88016659735996949,0.43285673506231043,success,11,15.608323900431747,13.614315162547481,false,false,4.3285673506231044,1.6280783971394575,,,
2024-06-10T00:00:00,EURJPY,10,0.88845079944492678,0.31123325029543358,success,11,15.608323927051231,13.533310409997691,false,false,3.1123325029543358,10.801749078407218,,,
2024-06-11T00:00:00,EURJPY,10,0.80566245848251516,0.23373406712936867,success,11,15.608324085036768,14.18625576815916,false,false,2.3373406712936866,25.114347228809034,,,
2024-06-12T00:00:00,EURJPY,10,0.88562849153616396,0.59808522332712211,success,11,15.608324322130041,13.561478765276064,false,false,5.9808522332712206,94.226407683321639,,,
2024-06-13T00:00:00,EURJPY,10,0.87608436744078444,0.49612450153970605,success,11,15.608323889906375,13.652462445196363,false,false,4.9612450153970604,42.576444632037976,,,
2024-06-14T00:00:00,EURJPY,10,0.94250947918930406,0.39559713757169168,success,11,15.608323901611977,12.811398003592096,false,false,3.955971375716917,45.61065792388009,,,
2024-06-17T00:00:00,EURJPY,10,0.88512336617885035,0.29893607247912252,success,11,15.608324085713926,13.56645585678306,false,false,2.9893607247912253,158.57437759827408,,,
2024-06-18T00:00:00,EURJPY,10,0.94700633305214887,0.11464717251792829,success,11,15.60832392245265,12.725190556662321,false,false,1.1464717251792829,8.4616149528624458,,,
2024-06-19T00:00:00,EURJPY,10,0.73019605540402222,1.4831933760951021e-06,success,11,15.608324408987631,14.612706905968269,false,false,1.483193376095102e-05,7.3373989797911117,,,
2024-06-20T00:00:00,EURJPY,10,0.70303542352105763,0.23910104536558316,success,11,15.608323958184506,14.746529539141095,false,false,2.3910104536558316,1.9405632348996786,,,
2024-06-21T00:00:00,EURJPY,10,0.63822330250323311,0.69845159733835727,success,11,15.608324100438331,15.040663038154081,false,false,6.9845159733835729,44.585743591746109,,,
2024-06-24T00:00:00,EURJPY,10,0.76474819853164677,0.59717123453198706,success,11,15.608323913770585,14.429433722485237,false,false,5.9717123453198706,43.362171442834438,,,
2024-06-25T00:00:00,EURJPY,10,0.76093782629183138,0.49753663242801149,success,11,15.608324010563404,14.45049601518914,false,false,4.9753663242801149,46.923507597574357,,,
2024-06-26T00:00:00,EURJPY,10,0.81517052954976243,0.33653663337956813,success,11,15.608323889397173,14.124360177958886,false,false,3.3653663337956812,1.4179428420721332,,,
2024-06-27T00:00:00,EURJPY,10,0.85387861966428369,3.2436528882157314e-06,success,11,15.608323895834175,13.842972492160266,false,false,3.2436528882157313e-05,0.98438602474093451,,,
2024-06-28T00:00:00,EURJPY,10,0.65178564442307929,0.19827716385142338,success,11,15.608323895769985,14.981426408568892,false,false,1.9827716385142338,49.856727015939157,,,
2024-07-01T00:00:00,EURJPY,10,0.6765328914189459,0.30221580826401317,success,11,15.60832392904185,14.870440297772213,false,false,3.0221580826401317,1.2955137266831278,,,
2024-07-02T00:00:00,EURJPY,10,0.88372460085636706,0.21054660844976061,success,11,15.608323899909871,13.58013993116257,false,false,2.1054660844976061,14.111219484703922,,,
2024-07-03T00:00:00,EURJPY,10,0.67582068707548604,0.70048793440035539,success,11,15.608323924419327,14.873692937024291,false,false,7.0048793440035535,189.50555840453274,,,
2024-07-04T00:00:00,EURJPY,10,0.68530997844203545,0.60019726829458708,success,11,15.608323885694812,14.830040722293319,false,false,6.0019726829458708,448.20875596615366,,,
2024-07-05T00:00:00,EURJPY,10,0.65293443037731713,0.50124854307870303,success,11,15.608323900638799,14.97636091284707,false,false,5.0124854307870308,57.231308864965229,,,
2024-07-08T00:00:00,EURJPY,10,0.63752130099559234,1.0000000000000074e-07,success,11,15.608323897460568,15.043701918860842,false,false,1.0000000000000074e-06,11.577536980087954,,,
2024-07-09T00:00:00,EURJPY,10,0.62225222671818425,0.30334892986723788,success,11,15.608323894263771,15.109205080976027,false,false,3.0334892986723787,16.400454896109906,,,
2024-07-10T00:00:00,EURJPY,10,0.74006999833994136,0.23919085336736695,success,11,15.608323888351412,14.561991484659247,false,false,2.3919085336736696,29.6260502788416,,,
2024-07-11T00:00:00,EURJPY,10,0.99213703892377958,0.99993997152953118,success,11,15.608323903856665,10.770625924788154,false,false,9.9993997152953114,2.5823477986406194,,,
2024-07-12T00:00:00,EURJPY,10,0.95434043981244165,0.80643288867271701,success,11,15.608324007168697,12.568516552948456,false,false,8.0643288867271696,17.860053901030334,,,
2024-07-15T00:00:00,EURJPY,10,0.87661595456053343,0.70520080857126266,success,11,15.608324081849059,13.647556905225489,false,false,7.0520080857126271,17.399679710624152,,,
2024-07-16T00:00:00,EURJPY,10,0.88831326091775953,0.59874907981057646,success,11,15.608324213586751,13.534697741478578,false,false,5.9874907981057648,16.441449786701519,,,
2024-07-17T00:00:00,EURJPY,10,0.74798380950412391,0.49382612031272305,success,11,15.60832391263922,14.520435913394079,false,false,4.9382612031272304,15.090386569650851,,,
2024-07-18T00:00:00,EURJPY,10,0.98621053188835961,0.29806924074058994,success,11,15.60832392859378,11.338359196075494,false,false,2.9806924074058996,11.263394223626772,,,
2024-07-19T00:00:00,EURJPY,10,0.60854770636082189,0.4687378689997721,success,11,15.608323920832484,15.167112264220526,false,false,4.687378689997721,24.499106877985469,,,
2024-07-22T00:00:00,EURJPY,10,0.71277838319367681,0.37010873658163079,success,11,15.608323969887952,14.699407522572516,false,false,3.7010873658163082,20.216426033673105,,,
2024-07-23T00:00:00,EURJPY,10,0.65918935111190113,0.2987099913814133,success,11,15.608323992437224,14.948640209436673,false,false,2.987099913814133,57.502598731948559,,,
2024-07-24T00:00:00,EURJPY,10,0.63909690877752956,0.19757959725665791,success,11,15.608323896201059,15.036877273321288,false,false,1.975795972566579,29.872519897210111,,,
2024-07-25T00:00:00,EURJPY,10,0.58547939072984234,0.70150637570759622,success,11,15.608324005004354,15.263015716158577,false,false,7.0150637570759624,22.944625887920058,,,
2024-07-26T00:00:00,EURJPY,10,0.73921953060078149,0.60891560189837868,success,11,15.599512097497577,14.557596096227218,false,false,6.089156018983787,14.991045131171404,,,
2024-07-29T00:00:00,EURJPY,10,0.70226850425823517,0.50654112123008299,success,11,15.593470051597203,14.735346295342877,false,false,5.0654112123008295,15.830060995589399,,,
2024-07-30T00:00:00,EURJPY,10,0.54516171714272088,0.29896791403495326,success,11,15.608324039365369,15.427183493496923,false,false,2.9896791403495326,17.540400093384736,,,
2024-07-31T00:00:00,EURJPY,10,0.72463293309655741,0.66363080229315907,success,11,15.174782216557777,14.207221985460764,false,false,6.6363080229315905,1.818669977605031,,,
2024-08-01T00:00:00,EURJPY,10,0.61108133331747938,0.79928982466277054,success,11,14.519587178272475,14.067727351553195,false,false,7.9928982466277052,15.18397329010692,,,
2024-08-02T00:00:00,EURJPY,10,0.5956114782813684,0.69772471203934328,success,11,14.910815471199617,14.523603002038428,false,false,6.9772471203934323,15.788708866253392,,,
2024-08-05T00:00:00,EURJPY,10,0.61120519726094003,0.59664774368835716,success,11,15.26248059037226,14.810099554240395,false,false,5.9664774368835714,15.545611253867698,,,
2024-08-06T00:00:00,EURJPY,10,0.63258407089658075,0.49450784624443295,success,11,15.430491916057212,14.88717331401274,false,false,4.9450784624443296,14.982947753358248,,,
2024-08-07T00:00:00,EURJPY,10,0.94423984617605194,0.90023725249199038,success,11,14.77206466852286,11.94274398543733,false,false,9.0023725249199043,234.97511733604534,,,
2024-08-08T00:00:00,EURJPY,10,0.82986906169221442,0.67010722548554857,success,11,13.906816346082586,12.322116780653081,false,false,6.701072254855486,1.5692906815263454,,,
2024-08-09T00:00:00,EURJPY,10,0.7502517238234655,0.53973136830433588,success,11,13.975415386394891,12.87546011972044,false,false,5.3973136830433592,1.8131731779160498,,,
2024-08-12T00:00:00,EURJPY,10,0.68546638449551023,0.42466308326265462,success,11,14.3486787359774,13.569670232088008,false,false,4.2466308326265461,1.678284165126658,,,
2024-08-13T00:00:00,EURJPY,10,0.60911718532548043,0.28706565197736544,success,11,14.006493845060177,13.562890981672936,false,false,2.8706565197736547,1.7287448785525381,,,
2024-08-14T00:00:00,EURJPY,10,0.83064898340978965,0.70690714618447714,success,11,14.2530960872975,12.662862366455229,false,false,7.0690714618447714,17.332360178020039,,,
2024-08-15T00:00:00,EURJPY,10,0.79988680306284488,0.68577449628966103,success,11,14.446749155200044,13.061162124839978,false,false,6.8577449628966098,1.3307330321927242,,,
2024-08-16T00:00:00,EURJPY,10,0.84725132565902928,0.39275364862819956,success,11,15.35949148123464,13.646288025482903,false,false,3.9275364862819955,16.32998697985963,,,
2024-08-19T00:00:00,EURJPY,10,0.85335377885806551,0.29815481859853038,success,11,15.608324156969996,13.847172976074168,false,false,2.9815481859853037,84.212044077289931,,,
2024-08-20T00:00:00,EURJPY,10,0.69217718420908314,0.19738072443086246,success,11,15.608324941675546,14.798007316321508,false,false,1.9738072443086248,37.986952934659847,,,
2024-08-21T00:00:00,EURJPY,10,0.79441021934981548,0.097434950410870108,success,11,15.605840121739869,14.254122972191567,false,false,0.97434950410870114,66.498418014417666,,,
2024-08-22T00:00:00,EURJPY,10,0.61904989819965839,1.0000000109330608e-07,success,11,15.60832390043335,15.122806420159286,false,false,1.0000000109330608e-06,20.462213352000767,,,
2024-08-23T00:00:00,EURJPY,10,0.62678203823168188,0.59880432560401131,success,11,15.608324354691648,15.089888097802948,false,false,5.9880432560401129,52.306348657233805,,,
2024-08-26T00:00:00,EURJPY,10,0.63080129802589102,0.69920755862008233,success,11,15.594766780688289,15.059110854698723,false,false,6.9920755862008237,85.212655279329468,,,
2024-08-27T00:00:00,EURJPY,10,0.75284082931247887,0.3630361889052921,success,11,15.60687299361142,14.493051715031269,false,false,3.6303618890529208,21.960371976836448,,,
2024-08-28T00:00:00,EURJPY,10,0.89199696895372549,0.24585318850601107,success,11,15.608324013060448,13.497020570493833,false,false,2.4585318850601108,3.64566045480945,,,
2024-08-29T00:00:00,EURJPY,10,0.99915198628763391,0.60307043541454741,success,11,15.608323892641513,8.5365585140608999,false,false,6.0307043541454739,0.93038511619214659,,,
2024-08-30T00:00:00,EURJPY,10,0.71867662691721557,0.90533169945486702,success,11,15.608323881984084,14.670417180939513,false,false,9.0533169945486698,25.320742887838875,,,
2024-09-02T00:00:00,EURJPY,10,0.81135932101623576,0.62873236671325539,success,11,15.237495718134667,13.778628739079995,false,false,6.2873236671325534,1.0184959671008713,,,
2024-09-03T00:00:00,EURJPY,10,0.95423471695989304,0.77510634216759422,success,11,15.608323877909916,12.570939993632884,false,false,7.7510634216759424,2.7797150174959353,,,
2024-09-04T00:00:00,EURJPY,10,0.96253797224280502,0.68170903680650774,success,11,15.387457696986543,12.141212006738078,false,false,6.8170903680650774,2.7392097817378285,,,
2024-09-05T00:00:00,EURJPY,10,0.94284379715240674,0.56560463433578967,success,11,15.580392252540641,12.777279548833974,false,false,5.6560463433578967,3.026769896636631,,,
2024-09-06T00:00:00,EURJPY,10,0.984492275390765,0.44353487130614699,success,11,15.589694368248011,11.438906578095633,false,false,4.4353487130614697,5.2335277918091148,,,
2024-09-09T00:00:00,EURJPY,10,0.99959996232498616,0.33693680662438957,success,11,15.608323975552491,7.7847722655066027,false,false,3.3693680662438958,1.8026988767730696,,,
2024-09-10T00:00:00,EURJPY,10,0.59231118529098314,0.88339521958070377,success,11,15.608323902754012,15.234795929493755,false,false,8.8339521958070382,17.48079960767015,,,
2024-09-11T00:00:00,EURJPY,10,0.80827231486202167,0.89778924053676223,success,11,15.608323901804745,14.169500935425127,false,false,8.9778924053676228,1.4353961532212018,,,
2024-09-12T00:00:00,EURJPY,10,0.78560311318169151,0.75512273356389148,success,11,15.608323893474797,14.309701082288971,false,false,7.5512273356389148,1.1161120400830531,,,
2024-09-13T00:00:00,EURJPY,10,0.82934052662391045,0.57901795889428787,success,11,15.608323899998009,14.027363248558942,false,false,5.7901795889428787,0.82940326995872105,,,
2024-09-16T00:00:00,EURJPY,10,0.75362217517331331,0.026075557262864351,success,11,15.608323921645409,14.490299004126056,false,false,0.26075557262864352,0.45583867202281475,,,
2024-09-17T00:00:00,EURJPY,10,0.84416089448202125,0.90006834901015664,success,11,15.47249242688617,13.782973417317612,false,false,9.0006834901015669,403.56124366980259,,,
2024-09-18T00:00:00,EURJPY,10,0.75797859860182282,0.80075956178295793,success,11,15.608324493665656,14.466695500232559,false,false,8.0075956178295797,42.080093023784045,,,
2024-09-19T00:00:00,EURJPY,10,0.63368092858474256,0.48016448637108572,success,11,15.60832394522604,15.06028311813191,false,false,4.8016448637108571,1.3628780702237984,,,
2024-09-20T00:00:00,EURJPY,10,0.79218649165226818,0.59995967850526211,success,11,15.20110017558525,13.862944425269458,false,false,5.9995967850526206,1702.9876085108529,,,
2024-09-23T00:00:00,EURJPY,10,0.70696356126845739,0.30108437497964696,success,11,15.6083238857866,14.727641726705665,false,false,3.0108437497964697,97.438943875654843,,,
2024-09-24T00:00:00,EURJPY,10,0.61028174776501776,0.20274627172536336,success,11,15.608323884260548,15.159827200024218,false,false,2.0274627172536337,18.554115356371071,,,
2024-09-25T00:00:00,EURJPY,10,0.53519437818477067,0.6005281460789289,success,11,15.608324135637712,15.467313431609917,false,false,6.0052814607892895,39.26725691070309,,,
2024-09-26T00:00:00,EURJPY,10,0.56715298716955265,0.39974061366695218,success,11,15.608323892445693,15.338079152943575,false,false,3.9974061366695217,157.5287541189839,,,
2024-09-27T00:00:00,EURJPY,10,0.9206024294292483,0.9999998999183386,success,11,15.608323885482227,13.157763385578951,false,false,9.9999989991833864,8.9777715432922509,,,
2024-09-30T00:00:00,EURJPY,10,0.94031099945255214,0.80147149214301339,success,11,15.608323952538951,12.85126103949931,false,false,8.0147149214301336,144.98393873398624,,,
2024-10-01T00:00:00,EURJPY,10,0.83928727610755249,0.7299788353779777,success,11,15.608323923170337,13.955389319854355,false,false,7.2997883537797774,22.270322030809055,,,
2024-10-02T00:00:00,EURJPY,10,0.87979816468583472,0.43453136001344939,success,11,15.60832390948001,13.617803677447139,false,false,4.3453136001344941,0.32378052437296589,,,
2024-10-03T00:00:00,EURJPY,10,0.89339833853343431,0.50211257315689406,success,11,15.608323947430643,13.482390495826783,false,false,5.0211257315689402,83.083122859445382,,,
2024-10-04T00:00:00,EURJPY,10,0.82290664635940525,0.40187703199333435,success,11,15.608323881634819,14.072158133537711,false,false,4.0187703199333438,79.960328282587895,,,
2024-10-07T00:00:00,EURJPY,10,0.81404105109822855,0.76387563978489137,success,11,15.60832390331494,14.131839051784532,false,false,7.6387563978489137,30.318118172304633,,,
2024-10-08T00:00:00,EURJPY,10,0.91834863023833713,0.66329511450205636,success,11,15.608323882195346,13.188205387459568,false,false,6.6329511450205638,27.697609902932513,,,
2024-10-09T00:00:00,EURJPY,10,0.96122620530123759,0.70640243351406051,success,11,15.608323928069396,12.397858785554725,false,false,7.0640243351406049,0.97725031105831317,,,
2024-10-10T00:00:00,EURJPY,10,0.9669012723622803,0.49807088195741073,success,11,15.608323896049413,12.233722344337712,false,false,4.9807088195741072,120.62237786316733,,,
2024-10-11T00:00:00,EURJPY,10,0.97496934391812162,0.38162796584209102,success,11,15.608323893038236,11.946019181591076,false,false,3.8162796584209104,1.2735646015540243,,,
2024-10-14T00:00:00,EURJPY,10,0.94568839587365228,0.28735758150175117,success,11,15.608323910017262,12.751148694573416,false,false,2.8735758150175119,16.207964891802753,,,
2024-10-15T00:00:00,EURJPY,10,0.96597203918642827,0.19842030556648163,success,11,15.608324216439989,12.262371891107305,false,false,1.9842030556648163,148.43596973887196,,,
2024-10-16T00:00:00,EURJPY,10,0.96795769055142733,0.00014398160705164623,success,11,15.608323922582743,12.200192744139617,false,false,0.0014398160705164623,8.3105999032193925,,,
2024-10-17T00:00:00,EURJPY,10,0.97147631112800781,0.89504715722183548,success,11,15.608323891317625,12.080241937127715,false,false,8.9504715722183548,93.091034293917645,,,
2024-10-18T00:00:00,EURJPY,10,0.94002164561595913,0.75656603476272188,success,11,15.60832389069064,12.856404725307168,false,false,7.5656603476272188,28.615557749148071,,,
2024-10-21T00:00:00,EURJPY,10,0.6678434828498504,0.66640220945457784,success,11,15.608323897848782,14.90987635390147,false,false,6.6640220945457784,24.640904277047181,,,
2024-10-22T00:00:00,EURJPY,10,0.81626082221195551,0.59472393397791534,success,11,15.608323893362922,14.117107194374439,false,false,5.947239339779153,27.515904043197807,,,
2024-10-23T00:00:00,EURJPY,10,0.79553671824741756,0.99887335975557612,success,11,15.608323907309119,14.249695311181071,false,false,9.9887335975557612,3.1730908130923137,,,
2024-10-24T00:00:00,EURJPY,10,0.77442008410850993,0.80147814455555932,success,11,15.608323913088585,14.374883932762286,false,false,8.0147814455555935,90.325570210394332,,,
2024-10-25T00:00:00,EURJPY,10,0.76383635960711749,0.70009263755189155,success,11,15.608323905861695,14.434495284868893,false,false,7.0009263755189153,1299.9141818651347,,,
2024-10-28T00:00:00,EURJPY,10,0.7673273065003009,0.60204115314446527,success,11,15.608323890038566,14.415043160765082,false,false,6.0204115314446529,58.568789993834983,,,
2024-10-29T00:00:00,EURJPY,10,0.67491789346780884,0.50243627641554478,success,11,15.608323905140052,14.877810646879565,false,false,5.0243627641554482,33.887925915304798,,,
2024-10-30T00:00:00,EURJPY,10,0.69153072189842113,0.14340597997577748,success,11,15.608323894676831,14.801038570277528,false,false,1.4340597997577749,3.5825235938546158,,,
2024-10-31T00:00:00,EURJPY,10,0.70381924330857826,0.99998239033512459,success,11,15.608323997291846,14.742772363207806,false,false,9.9998239033512455,7.7834465504140464,,,
2024-11-01T00:00:00,EURJPY,10,0.5801962257579425,0.83414688705029927,success,11,15.608323892173134,15.284744923495708,false,false,8.3414688705029931,22.252401996267345,,,
2024-11-04T00:00:00,EURJPY,10,0.57464434995636871,0.7000361451387771,success,11,15.608323910482254,15.307498225478252,false,false,7.0003614513877714,1007.5338505178753,,,
2024-11-05T00:00:00,EURJPY,10,0.61898175262102106,0.49980581164440618,success,11,15.608323884290281,15.123095358206063,false,false,4.9980581164440618,248.95088915449196,,,
2024-11-06T00:00:00,EURJPY,10,0.69314618600945388,1.2766137431587172e-07,success,11,15.608324009912895,14.793454544599392,false,false,1.2766137431587172e-06,8.5189142912261566,,,
2024-11-07T00:00:00,EURJPY,10,0.75660452933642319,0.59744943203250056,success,11,15.60832395864983,14.47417083180142,false,false,5.9744943203250056,49.66491282320623,,,
2024-11-08T00:00:00,EURJPY,10,0.89222333600006798,0.90001914755665857,success,11,15.58889307475663,13.475237756920503,false,false,9.0001914755665862,493.40465278394169,,,
2024-11-11T00:00:00,EURJPY,10,0.6800426051349282,0.56877713876850766,success,11,15.608323927344166,14.854356322409609,false,false,5.6877713876850766,0.91701591326068133,,,
2024-11-12T00:00:00,EURJPY,10,0.69328033333725114,0.70044906049049216,success,11,15.608323908947643,14.792823662660744,false,false,7.0044906049049214,14.640094861464853,,,
2024-11-13T00:00:00,EURJPY,10,0.67337349117945944,0.35745446478751741,success,11,15.608324347915639,14.88484155085909,false,false,3.5745446478751743,1.1877973311138181,,,
2024-11-14T00:00:00,EURJPY,10,0.66840539173287461,0.26367493228757072,success,11,15.608323892872066,14.907342192936907,false,false,2.6367493228757071,1.2570925180767181,,,
2024-11-15T00:00:00,EURJPY,10,0.83454796742293469,0.40597040378951715,success,11,15.608323895694111,13.990114993245347,false,false,4.0597040378951714,15.725740527016246,,,
2024-11-18T00:00:00,EURJPY,10,0.86773750747007505,0.82664161176339213,success,11,15.608323905846792,13.727223175421672,false,false,8.2664161176339217,25.033670794660956,,,
2024-11-19T00:00:00,EURJPY,10,0.75360243606272215,0.73281451021449018,success,11,15.608323896831131,14.490405285999197,false,false,7.3281451021449016,20.659216864334738,,,
2024-11-20T00:00:00,EURJPY,10,0.65999708666689849,0.60012741450629381,success,11,15.608323898059025,14.945042663389625,false,false,6.0012741450629381,694.7183107577639,,,
2024-11-21T00:00:00,EURJPY,10,0.67438579791295039,0.50440418595091463,success,11,15.608323887440505,14.880234791203147,false,false,5.0440418595091465,33.28379273372277,,,
2024-11-22T00:00:00,EURJPY,10,0.58885290824830083,0.40469806527001839,success,11,15.60832391925549,15.249098536062636,false,false,4.0469806527001841,16.064861865074377,,,
2024-11-25T00:00:00,EURJPY,10,0.56677717251257953,0.7329942254366939,success,11,15.608323918551962,15.339609894640969,false,false,7.329942254366939,22.057873937848562,,,
2024-11-26T00:00:00,EURJPY,10,0.5825533812365209,0.49957570132006879,success,11,15.608323899790559,15.275059753808845,false,false,4.9957570132006879,50.899038139258451,,,
2024-11-27T00:00:00,EURJPY,10,0.57881518181477232,0.36571024972167404,success,11,15.608323890798218,15.290412401989196,false,false,3.6571024972167403,25.853364473592404,,,
2024-11-28T00:00:00,EURJPY,10,0.62478406408703602,0.80192272179840729,success,11,15.608323950718455,15.098419547486483,false,false,8.0192272179840725,0.51732897702268865,,,
2024-11-29T00:00:00,EURJPY,10,0.69635631936217424,0.1980633635870287,success,11,15.608323955261623,14.778317383614946,false,false,1.980633635870287,59.078892709395312,,,
2024-12-02T00:00:00,EURJPY,10,0.66520767897486899,0.0023664721278806324,success,11,15.608323889132532,14.921735000367702,false,false,0.023664721278806325,5.7929586158680335,,,
2024-12-03T00:00:00,EURJPY,10,0.56882687717799296,0.59978640311867903,success,11,15.608323893414003,15.331257450153029,false,false,5.9978640311867899,8.4891389753554698,,,
2024-12-04T00:00:00,EURJPY,10,0.82174636358525799,0.89999614891170732,success,11,15.60832435585338,14.080100028256954,false,false,8.9999614891170729,3388.8617649786206,,,
2024-12-05T00:00:00,EURJPY,10,0.86436226546603789,0.5884611359438261,success,11,15.29470446228607,13.442700107693268,false,false,5.884611359438261,16.69514870761946,,,
2024-12-06T00:00:00,EURJPY,10,0.90728185490753721,0.48595153259460649,success,11,15.436706741576002,13.155817777957653,false,false,4.8595153259460648,15.921403651887601,,,
2024-12-09T00:00:00,EURJPY,10,0.60446758350263463,0.59676186844675183,success,11,15.397190763379763,14.973075467248403,false,false,5.9676186844675181,14.884299775702608,,,
2024-12-10T00:00:00,EURJPY,10,0.61817157722259075,0.49282194057420758,success,11,14.855771930071837,14.373977230774084,false,false,4.9282194057420758,9.8997323993858242,,,
2024-12-11T00:00:00,EURJPY,10,0.701396490953616,0.60956920342196597,success,11,15.191330629494129,14.337373931416547,false,false,6.0956920342196597,3.1730885937544047,,,
2024-12-12T00:00:00,EURJPY,10,0.8276277369861893,0.49742819429213886,success,11,14.839766485122478,13.270859482741248,false,false,4.9742819429213885,4.025711440384212,,,
2024-12-13T00:00:00,EURJPY,10,0.90853895383473693,0.39930927858829091,success,11,14.905425638530962,12.609501031190684,false,false,3.9930927858829088,4.3804898982917049,,,
2024-12-16T00:00:00,EURJPY,10,0.82800124455911572,0.090863859065025851,success,11,15.608323898724425,14.036796482228038,false,false,0.90863859065025854,20.397731948837539,,,
2024-12-17T00:00:00,EURJPY,10,0.82586224947638409,0.70240706408280973,success,11,15.608323898169807,14.051742562429924,false,false,7.0240706408280973,13.832158634447069,,,
2024-12-18T00:00:00,EURJPY,10,0.78779235114190715,0.55077973440798567,success,11,15.503647690642767,14.191978420334413,false,false,5.5077973440798571,1.9367452310492315,,,
2024-12-19T00:00:00,EURJPY,10,0.965591410814434,0.99999866696359052,success,11,15.608323922446212,12.273889366722207,false,false,9.9999866696359057,0.4343649648317211,,,
2024-12-20T00:00:00,EURJPY,10,0.90760181759876901,0.45601747850156082,success,11,15.608324181296807,13.323625733221958,false,false,4.560174785015608,0.99207685732093709,,,
2024-12-23T00:00:00,EURJPY,10,0.89952045068600739,0.30525699588121963,success,11,15.608323880194787,13.416416308826641,false,false,3.0525699588121964,1.308060395608251,,,
2024-12-24T00:00:00,EURJPY,10,0.96635778875119649,0.19599123099386501,success,11,15.608323895367938,12.250571313667287,false,false,1.95991230993865,1.4113900076850667,,,
2024-12-26T00:00:00,EURJPY,10,0.71743455721683091,0.078480145271260029,success,11,15.608324090554909,14.676552536162905,false,false,0.78480145271260027,1.2162362589806432,,,
2024-12-27T00:00:00,EURJPY,10,0.6332010818271786,0.99999989939297917,success,11,15.608323903776537,15.062349658275973,false,false,9.9999989939297915,0.64653298084369515,,,
2024-12-30T00:00:00,EURJPY,10,0.71938971753876324,0.49751536409402658,success,11,15.608323968006097,14.666887541502577,false,false,4.9751536409402659,40.661386869962435,,,
2024-12-31T00:00:00,EURJPY,10,0.80139561687460015,0.3931277043926758,success,11,15.608323925981608,14.213284018615289,false,false,3.9312770439267579,18.960714369886311,,,
2025-01-02T00:00:00,EURJPY,10,0.85520705118202489,0.2987057892401388,success,11,15.608323926813624,13.832285104826397,false,false,2.987057892401388,119.77462962509522,,,
2025-01-03T00:00:00,EURJPY,10,0.88956922783638592,0.19857720541926518,success,11,15.608324126782197,13.521975623265556,false,false,1.9857720541926518,128.10143538834356,,,
2025-01-06T00:00:00,EURJPY,10,0.85719640935832631,2.0890257606228576e-05,success,11,15.560036061483233,13.767839180834184,false,false,0.00020890257606228578,3.3112466723563911,,,
2025-01-07T00:00:00,EURJPY,10,0.99144517714093339,0.12123197257594245,success,11,15.605538463812433,10.852870011230383,false,false,1.2123197257594245,3.8088658091473251,,,
2025-01-08T00:00:00,EURJPY,10,0.55534068755279287,0.50085997414035843,success,11,15.604007068326077,15.381733690409172,false,false,5.0085997414035841,16.074301100708755,,,
2025-01-09T00:00:00,EURJPY,10,0.5792913591635076,0.39771784547439293,success,11,15.595843714702234,15.275978682280705,false,false,3.9771784547439295,12.250004437156125,,,
2025-01-10T00:00:00,EURJPY,10,0.61582419896698148,0.29689973256913971,success,11,15.456407152565948,14.984545884064119,false,false,2.9689973256913968,14.425719887603089,,,
2025-01-13T00:00:00,EURJPY,10,0.8352107020793591,0.58948515092644949,success,11,15.529786297064559,13.906769941790699,false,false,5.8948515092644946,18.119288085458102,,,
2025-01-14T00:00:00,EURJPY,10,0.66264838663358683,0.69323648593493004,success,11,15.493346679931866,14.818227916859412,false,false,6.9323648593492999,1.2446175203766185,,,
2025-01-15T00:00:00,EURJPY,10,0.7763754553800023,0.8005819877628888,success,11,15.608323926284346,14.363656194329891,false,false,8.0058198776288876,231.30130248084768,,,
2025-01-16T00:00:00,EURJPY,10,0.70669725573668474,0.70234896832229909,success,11,15.608323883972263,14.728926851937301,false,false,7.0234896832229907,40.925630701049691,,,
2025-01-17T00:00:00,EURJPY,10,0.6620916660070385,0.38080825574976396,success,11,15.608323901332895,14.935694544190223,false,false,3.8080825574976398,1.2143245344557094,,,
2025-01-20T00:00:00,EURJPY,10,0.66022183946525081,0.27063069776650167,success,11,15.608323885199352,14.944040921897015,false,false,2.7063069776650166,1.1216252502370154,,,
2025-01-21T00:00:00,EURJPY,10,0.9767920000113145,0.24707981865164177,success,11,15.605433483280283,11.865656796845515,false,false,2.4707981865164177,2.6166178836016867,,,
2025-01-22T00:00:00,EURJPY,10,0.61952740467612222,0.69496452979191936,success,11,15.597451677350081,15.109908892400046,false,false,6.9496452979191936,14.947531936377889,,,
2025-01-23T00:00:00,EURJPY,10,0.69499370473484379,0.93771878407084974,success,11,15.607828904604471,14.784258533624211,false,false,9.3771878407084976,1.2951382625897077,,,
2025-01-24T00:00:00,EURJPY,10,0.72374085634042484,0.69752912526415245,success,11,15.608323884411359,14.645229840834865,false,false,6.9752912526415241,46.10794720072218,,,
2025-01-27T00:00:00,EURJPY,10,0.61919896809973696,0.68354221052217967,success,11,15.608323901856343,15.122174258823465,false,false,6.8354221052217969,1.0061037986762116,,,
2025-01-28T00:00:00,EURJPY,10,0.6653248102162822,0.20471624559937154,success,11,15.608323962780592,14.921209083696017,false,false,2.0471624559937154,11.526396793500005,,,
2025-01-29T00:00:00,EURJPY,10,0.89143979616344637,0.39962327964710082,success,11,15.6083239148169,13.502790903902435,false,false,3.9962327964710083,251.63606688860796,,,
2025-01-30T00:00:00,EURJPY,10,0.60207504852910543,0.29899916056238462,success,11,15.60832390499124,15.194205225482259,false,false,2.9899916056238465,38.556460122168644,,,
2025-01-31T00:00:00,EURJPY,10,0.57492868366847705,0.40087531934426385,success,11,15.608323897159419,15.306334850436917,false,false,4.0087531934426384,47.244331350203964,,,
2025-02-03T00:00:00,EURJPY,10,0.62114256207935192,0.89707706177268531,success,11,15.608323895614092,15.113923252537036,false,false,8.9707706177268527,35.615757362405809,,,
2025-02-04T00:00:00,EURJPY,10,0.69016967743182966,0.90437371454405402,success,11,15.608323912426354,14.807411236820393,false,false,9.0437371454405397,1.5754033387939881,,,
2025-02-05T00:00:00,EURJPY,10,0.61638581965080252,0.37000601510259595,success,11,15.608323912606224,15.134088123359412,false,false,3.7000601510259594,17.851804607527708,,,
2025-02-06T00:00:00,EURJPY,10,0.61446240012433262,0.20945265856947454,success,11,15.608323908057942,15.14221489227182,false,false,2.0945265856947453,13.291000390787724,,,
2025-02-07T00:00:00,EURJPY,10,0.7586833352517014,0.00032140763876088447,success,11,15.608323902802837,14.462849458181656,false,false,0.0032140763876088449,1.4130671539088524,,,
2025-02-10T00:00:00,EURJPY,10,0.58623634534783586,0.49963987694339007,success,11,15.608323893497772,15.259895793853255,false,false,4.9963987694339007,23.940265933917868,,,
2025-02-11T00:00:00,EURJPY,10,0.97808935361151272,0.59946572574581092,success,11,15.528543338934679,11.729914964619327,false,false,5.9946572574581092,321.66149609868984,,,
2025-02-12T00:00:00,EURJPY,10,0.92332578142492572,0.49422684962928021,success,11,14.172465421459233,11.684048808498693,false,false,4.9422684962928018,15.348159025191165,,,
2025-02-13T00:00:00,EURJPY,10,0.80071373473446628,0.47034766458918675,success,11,15.048452448476286,13.657691260105585,false,false,4.7034766458918673,0.68296016271520876,,,
2025-02-14T00:00:00,EURJPY,10,0.71586447551942367,0.59960440413292448,success,11,14.73496480620787,13.810925260377051,false,false,5.9960440413292444,2.7608966407519526,,,
2025-02-17T00:00:00,EURJPY,10,0.68599608457493055,0.49139159008610972,success,11,14.624119076498205,13.842652611742428,false,false,4.9139159008610971,3.2967052691982528,,,
2025-02-18T00:00:00,EURJPY,10,0.68178626286940691,0.38991030915058522,success,11,14.608511628159958,13.846518703331862,false,false,3.8991030915058524,2.2431283215423168,,,
2025-02-19T00:00:00,EURJPY,10,0.98884404132683335,0.54699023791770851,success,11,14.42866262376673,9.944099763187733,false,false,5.4699023791770847,36.990674529932576,,,
2025-02-20T00:00:00,EURJPY,10,0.99016751098623801,0.49933718321427589,success,11,14.746490685632239,10.134308661784384,false,false,4.9933718321427589,627.55963799966287,,,
2025-02-21T00:00:00,EURJPY,10,0.98871730974478911,0.35229612413075434,success,11,14.892821351058556,10.419682610164493,false,false,3.5229612413075433,34.256645104578908,,,
2025-02-24T00:00:00,EURJPY,10,0.94428365458843011,0.20006638142774286,success,11,15.021595276184351,12.191442231929511,false,false,2.0006638142774285,33756.813604489907,,,
2025-02-25T00:00:00,EURJPY,10,0.97239003254368195,0.14679325461560683,success,11,15.048438276107614,11.486858131334133,false,false,1.4679325461560682,38.3515308612049,,,
2025-02-26T00:00:00,EURJPY,10,0.9843116327434196,1.0227027000774149e-07,success,11,15.608323889926412,11.46930084172244,false,false,1.0227027000774148e-06,9.426434299697366,,,
2025-02-27T00:00:00,EURJPY,10,0.92859314831067352,0.094510963409322551,success,11,15.608323910031217,13.043047039764801,false,false,0.94510963409322557,12.087089581232664,,,
2025-02-28T00:00:00,EURJPY,10,0.5926188541841938,1.0000466157781329e-07,success,11,15.608324314349627,15.233522087106387,false,false,1.0000466157781329e-06,25.209143160156522,,,
2025-03-03T00:00:00,EURJPY,10,0.67776413667087643,0.68250207934646689,success,11,15.540310865138458,14.796795290951069,false,false,6.8250207934646685,1.6846573971176046,,,
2025-03-04T00:00:00,EURJPY,10,0.96356051108052287,0.901133433016436,success,11,14.716631003475424,11.441648761220328,false,false,9.0113343301643596,121.55230142312674,,,
2025-03-05T00:00:00,EURJPY,10,0.86357054528572919,0.81102956065841381,success,11,13.54211391831716,11.696845992902769,false,false,8.1102956065841383,17.13662523040998,,,
2025-03-06T00:00:00,EURJPY,10,0.91248764592264886,0.71060403298294494,success,11,14.875238962725597,12.530844388928221,false,false,7.1060403298294492,14.85633487146675,,,
2025-03-07T00:00:00,EURJPY,10,0.83310098360110119,0.60808013271512917,success,11,15.527804916595885,13.920038990258329,false,false,6.080801327151292,16.139556979333129,,,
2025-03-10T00:00:00,EURJPY,10,0.89604866041778275,0.30304772816587555,success,11,15.568678083764182,13.414606264776719,false,false,3.0304772816587553,0.61122055797235453,,,
2025-03-11T00:00:00,EURJPY,10,0.68728021499840375,0.07807972033887435,success,11,15.608324014633462,14.820889457452234,false,false,0.78079720338874348,0.51745092547851701,,,
2025-03-12T00:00:00,EURJPY,10,0.69393152442523331,0.96939527755965271,success,11,15.608323903510547,14.789759469153221,false,false,9.6939527755965269,19.971702521370169,,,
2025-03-13T00:00:00,EURJPY,10,0.56939868393543869,0.59995337883994382,success,11,15.60832409454666,15.328925872299731,false,false,5.9995337883994386,45.27203581420104,,,
2025-03-14T00:00:00,EURJPY,10,0.57980134754603885,0.49998812045509766,success,11,15.608323978369809,15.286366019218192,false,false,4.9998812045509764,184.91717160002875,,,
2025-03-17T00:00:00,EURJPY,10,0.58974104633822433,0.99999990000000005,success,11,15.608324165366684,15.245429183948813,false,false,9.9999990000000007,1.3050518288049768,,,
2025-03-18T00:00:00,EURJPY,10,0.87685417787229492,0.88365876416033373,success,11,15.60832390939672,13.645352403577073,false,false,8.8365876416033373,1.7001940170540126,,,
2025-03-19T00:00:00,EURJPY,10,0.60018102510337357,0.90181031492099917,success,11,15.608323884551833,15.202104448247038,false,false,9.0181031492099919,28.677510055940502,,,
2025-03-20T00:00:00,EURJPY,10,0.52542519376881502,0.35922502686716695,success,11,15.608323937532898,15.506535368211427,false,false,3.5922502686716693,23.462877501623808,,,
2025-03-21T00:00:00,EURJPY,10,0.52833306659082091,0.63522737279778219,success,11,15.608323915358069,15.49487010953124,false,false,6.3522737279778223,11.185016945381832,,,
2025-03-24T00:00:00,EURJPY,10,0.58492354576578098,0.59970363604638155,success,11,15.608323979478346,15.26530556211935,false,false,5.9970363604638157,69.377245628156629,,,
2025-03-25T00:00:00,EURJPY,10,0.61755009458040055,0.099161688912329418,success,11,15.608324379766804,15.12916186819505,false,false,0.99161688912329415,81.474898126357743,,,
2025-03-26T00:00:00,EURJPY,10,0.54889895790071452,0.59783305951122201,success,11,15.60832388322055,15.412100860730417,false,false,5.9783305951122196,21.857713294901316,,,
2025-03-27T00:00:00,EURJPY,10,0.58847953118638929,0.59907801869589394,success,11,15.608324169605321,15.25064078567433,false,false,5.990780186958939,21.705188715514055,,,
2025-03-28T00:00:00,EURJPY,10,0.58292732157809468,0.499586959232451,success,11,15.608323899301599,15.273521878932289,false,false,4.9958695923245102,20.508198247927972,,,
2025-03-31T00:00:00,EURJPY,10,0.55167650728927342,0.29835768689334874,success,11,15.608323990288342,15.400877207100621,false,false,2.9835768689334872,29.380880539155044,,,
2025-04-01T00:00:00,EURJPY,10,0.68201076014584416,0.80694893891794062,success,11,15.608323898874506,14.845296009086635,false,false,8.0694893891794059,14.272937826314427,,,
2025-04-02T00:00:00,EURJPY,10,0.7049356238563389,0.70489455510868981,success,11,15.608323917500023,14.737410989284234,false,false,7.0489455510868977,14.114414287797645,,,
2025-04-03T00:00:00,EURJPY,10,0.70775606691317539,0.61621979348461153,success,11,15.608323910885375,14.723813255627004,false,false,6.1621979348461151,10.81632339718039,,,
2025-04-04T00:00:00,EURJPY,10,0.77014588197974065,0.51133405352401251,success,11,15.608323888641644,14.399188772834183,false,false,5.1133405352401251,13.570287616326926,,,
2025-04-07T00:00:00,EURJPY,10,0.85745884115150628,0.38336741836937266,success,11,15.608323902244743,13.813981515042462,false,false,3.8336741836937267,0.2422183081936157,,,
2025-04-08T00:00:00,EURJPY,10,0.78754528921993572,0.29959099685603363,success,11,15.608323909714935,14.298131870457317,false,false,2.9959099685603361,17.074903290393358,,,
2025-04-09T00:00:00,EURJPY,10,0.77135562635159405,0.87149636291706378,success,11,15.608324110381037,14.392342432759719,false,false,8.7149636291706383,2.1984181491503367,,,
2025-04-10T00:00:00,EURJPY,10,0.65687751502151148,0.70260193604803833,success,11,15.608323910544275,14.958913822636996,false,false,7.0260193604803831,29.487743721884524,,,
2025-04-11T00:00:00,EURJPY,10,0.78810994470424467,0.68683406743074404,success,11,15.608323894394635,14.294753823586284,false,false,6.86834067430744,13.423440215835845,,,
2025-04-14T00:00:00,EURJPY,10,0.82669855865503672,0.50150012974780767,success,11,15.608323884497944,14.045916269471105,false,false,5.0150012974780767,96.454287962718496,,,
2025-04-15T00:00:00,EURJPY,10,0.77618732579960881,0.40482010917662947,success,11,15.608323887613382,14.364739423426141,false,false,4.0482010917662947,27.366407183680561,,,
2025-04-16T00:00:00,EURJPY,10,0.76603568549424594,0.30369963908519115,success,11,15.608324078751718,14.422263924905058,false,false,3.0369963908519115,37.17074275595543,,,
2025-04-17T00:00:00,EURJPY,10,0.86610624900292632,0.83264470161279469,success,11,15.608323903750543,13.741362895764158,false,false,8.3264470161279469,9.8967085621057027,,,
2025-04-18T00:00:00,EURJPY,10,0.97946150428708656,0.73078294374652086,success,11,15.60832389299172,11.74362192263283,false,false,7.3078294374652089,13.897447483740065,,,
2025-04-21T00:00:00,EURJPY,10,0.99221914491303798,0.68974097000826429,success,11,15.608323900661107,10.760046146063708,false,false,6.8974097000826431,35.183606169133007,,,
2025-04-22T00:00:00,EURJPY,10,0.95576383799857023,0.52383850426854295,success,11,15.608323898085873,12.535355646348332,false,false,5.2383850426854295,7.1788126287075302,,,
2025-04-23T00:00:00,EURJPY,10,0.9114532727946264,0.49630279676172401,success,11,15.608323911460431,13.27681398642871,false,false,4.96302796761724,50.217691088852945,,,
2025-04-24T00:00:00,EURJPY,10,0.85922453366565466,0.39819623028641565,success,11,15.608323890765714,13.799459797095713,false,false,3.9819623028641566,85.24966337526061,,,
2025-04-25T00:00:00,EURJPY,10,0.81697819309651754,0.29912266619608274,success,11,15.60832388245457,14.112316788536155,false,false,2.9912266619608272,159.51538323963953,,,
2025-04-28T00:00:00,EURJPY,10,0.77739601199061181,0.99999947958846369,success,11,15.608323888642007,14.357768354436079,false,false,9.9999947958846374,0.67417714662781159,,,
2025-04-29T00:00:00,EURJPY,10,0.73616608258098826,0.43571695635693003,success,11,15.608323916188032,14.582187971728766,false,false,4.3571695635693004,0.85627268287898095,,,
2025-04-30T00:00:00,EURJPY,10,0.95829920827291448,0.31406248705721984,success,11,15.608323903208252,12.473683962923177,false,false,3.1406248705721982,2.554624009890945,,,
2025-05-01T00:00:00,EURJPY,10,0.98781226146461121,0.4518283580729151,success,11,15.608323902288054,11.213261649623451,false,false,4.5182835807291513,0.52813382823863009,,,
2025-05-02T00:00:00,EURJPY,10,0.94426069404803348,0.47088627015048601,success,11,15.608323904124569,12.778607187605489,false,false,4.7088627015048603,0.37923081634608691,,,
2025-05-05T00:00:00,EURJPY,10,0.87984110852877873,0.3900025737473059,success,11,15.608323884068096,13.617397513922548,false,false,3.9000257374730589,6.4108093085505082,,,
2025-05-06T00:00:00,EURJPY,10,0.77095836900930648,0.24918441114038062,success,11,15.608323888120234,14.394593293862393,false,false,2.4918441114038061,3.4407208140701697,,,
2025-05-07T00:00:00,EURJPY,10,0.76304591561101609,0.16228357111891473,success,11,15.608323943811122,14.438872122213706,false,false,1.6228357111891472,3.3320225606284986,,,
2025-05-08T00:00:00,EURJPY,10,0.96505256801107409,0.09178017118309198,success,11,15.608323892972884,12.289986307763279,false,false,0.91780171183091974,9.5996624437355873,,,
2025-05-09T00:00:00,EURJPY,10,0.56817983185736365,0.6965808419614935,success,11,15.608323887838541,15.333895137972615,false,false,6.9658084196149348,12.749604899662032,,,
2025-05-12T00:00:00,EURJPY,10,0.58852909560030442,0.64505494715547962,success,11,15.608323894282695,15.250435839951841,false,false,6.4505494715547966,2.2142437218635904,,,
2025-05-13T00:00:00,EURJPY,10,0.86187697917952644,0.94384822500597765,success,11,15.608323973188376,13.777356171546323,false,false,9.438482250059776,3.9945583004491891,,,
2025-05-14T00:00:00,EURJPY,10,0.64433212110527294,0.43433583073570636,success,11,15.608323890720579,15.014106952504196,false,false,4.3433583073570636,2.08474919035439,,,
2025-05-15T00:00:00,EURJPY,10,0.84067341463341894,0.086319052560676762,success,11,15.505589206866425,13.842342043789445,false,false,0.86319052560676757,14.500609569130061,,,
2025-05-16T00:00:00,EURJPY,10,0.73286383134289823,0.54944528572213636,success,11,14.998719154061632,13.98951776177246,false,false,5.4944528572213631,35.920453005514574,,,
2025-05-19T00:00:00,EURJPY,10,0.83720070755667675,0.64444850365528406,success,11,15.165285649291848,13.52773992096159,false,false,6.444485036552841,3.2679279022912215,,,
2025-05-20T00:00:00,EURJPY,10,0.8945087042611084,0.53860821025148176,success,11,15.425309958005638,13.287663768904345,false,false,5.386082102514818,4.5900952347925692,,,
2025-05-21T00:00:00,EURJPY,10,0.92877027241305576,0.43898914351745183,success,11,15.286129518234448,12.718178348377171,false,false,4.3898914351745182,4.156891989477943,,,
2025-05-22T00:00:00,EURJPY,10,0.95640389067277831,0.49896789022963484,success,11,15.493454983753864,12.40524259089775,false,false,4.9896789022963484,0.5885136267240102,,,
2025-05-23T00:00:00,EURJPY,10,0.99594538818562983,0.68197741089958719,success,11,14.769421171323689,9.2655836992479479,false,false,6.8197741089958717,2.7844687708335574,,,
2025-05-26T00:00:00,EURJPY,10,0.79185837232662393,0.52490728624404071,success,11,14.000679575454884,12.664515772719469,false,false,5.2490728624404071,1.028397159384147,,,
2025-05-27T00:00:00,EURJPY,10,0.69339322421649896,0.43688757782708143,success,11,14.051812531519987,13.235781336085886,false,false,4.3688757782708141,0.7142322646996635,,,
2025-05-28T00:00:00,EURJPY,10,0.84490563719064515,0.79476017989314363,success,11,12.723366283036249,11.028175057877386,false,false,7.9476017989314363,15.894409241578337,,,
2025-05-29T00:00:00,EURJPY,10,0.70143424942004651,0.26629669167271997,success,11,14.251590376668412,13.397453388598112,false,false,2.6629669167271994,0.98172630081125589,,,
2025-05-30T00:00:00,EURJPY,10,0.69237489855929024,0.31061280273520769,success,11,15.399008410391829,14.587762679015404,false,false,3.106128027352077,1.2947337156139282,,,
2025-06-02T00:00:00,EURJPY,10,0.77776805173262065,0.13958635460809504,success,11,14.977661669424887,13.724954972168359,false,false,1.3958635460809503,2.608695094714744,,,
2025-06-03T00:00:00,EURJPY,10,0.74011496552361167,0.59301416886569647,success,11,15.227402700693824,14.180836525883329,false,false,5.9301416886569642,15.470387143717833,,,
2025-06-04T00:00:00,EURJPY,10,0.78935183672862663,0.4963261050992448,success,11,15.577681507364193,14.256658627550339,false,false,4.9632610509924477,14.831675560054119,,,
2025-06-05T00:00:00,EURJPY,10,0.79040621320430937,0.88954380520823462,success,11,15.608323887024557,14.280948188643572,false,false,8.8954380520823459,6.5057659285977794,,,
2025-06-06T00:00:00,EURJPY,10,0.73208665585438515,0.70043892458452617,success,11,15.60832389883276,14.603088595047426,false,false,7.0043892458452612,258.50689975694451,,,
2025-06-09T00:00:00,EURJPY,10,0.685079680209288,0.33420108674938986,success,11,15.608323887787812,14.831108388599247,false,false,3.3420108674938986,20.697494644896963,,,
2025-06-10T00:00:00,EURJPY,10,0.6497468873050346,0.20559416155947013,success,11,15.608323982985402,14.990397172323211,false,false,2.0559416155947012,15.147678436375356,,,
2025-06-11T00:00:00,EURJPY,10,0.79510653802207842,0.10783176887615742,success,11,15.608324101388895,14.252338132002542,false,false,1.0783176887615742,1.2287862423015394,,,
2025-06-12T00:00:00,EURJPY,10,0.91336633677415291,0.80611286003310911,success,11,15.608323892873345,13.252875308546766,false,false,8.0611286003310916,0.94893028234159194,,,
2025-06-13T00:00:00,EURJPY,10,0.9796936301196616,0.66268429052129751,success,11,15.608324145862277,11.7320188694367,false,false,6.6268429052129747,0.78110815651529064,,,
2025-06-16T00:00:00,EURJPY,10,0.92061475415811522,0.39284706539689618,success,11,15.608324058019209,13.157594930443409,false,false,3.928470653968962,15.25373020987851,,,
2025-06-17T00:00:00,EURJPY,10,0.77660999559982391,0.29760462394020382,success,11,15.608323895358032,14.362304749740588,false,false,2.9760462394020384,57.1713920871493,,,
2025-06-18T00:00:00,EURJPY,10,0.84528591300944489,0.18979521028768093,success,11,15.608323885233437,13.91022777000417,false,false,1.8979521028768094,14.102331394900377,,,
2025-06-19T00:00:00,EURJPY,10,0.76506966883606542,0.45779695699480916,success,11,15.608323923784106,14.427646030788367,false,false,4.5779695699480918,0.95764907439270852,,,
2025-06-20T00:00:00,EURJPY,10,0.93838975459685448,0.58564527405874112,success,11,15.608323971866875,12.884986770725227,false,false,5.8564527405874109,11.9067366921889,,,
2025-06-23T00:00:00,EURJPY,10,0.9359182745845549,0.42147807335523008,success,11,15.492471023067571,12.811102092236549,false,false,4.2147807335523009,4.1440680267501531,,,
2025-06-24T00:00:00,EURJPY,10,0.97933364099261278,0.36341153514627883,success,11,15.608324383582501,11.749959210891932,false,false,3.6341153514627882,5.3456943972134301,,,
2025-06-25T00:00:00,EURJPY,10,0.75641217113430248,0.65039563919914556,success,11,15.608323946032032,14.475215089488884,false,false,6.5039563919914558,2.6875593926054515,,,
2025-06-26T00:00:00,EURJPY,10,0.95720953294491395,0.15183012100827012,success,11,15.608323980368707,12.500617010606881,false,false,1.5183012100827011,4.1383188941710749,,,
2025-06-27T00:00:00,EURJPY,10,0.61758541928432908,0.40033774758102264,success,11,15.608323939728825,15.129011859905617,false,false,4.0033774758102263,189.9400123671067,,,
2025-06-30T00:00:00,EURJPY,10,0.56673972494770053,0.30049212689175947,success,11,15.608323898111928,15.339762383202181,false,false,3.0049212689175948,48.372609407462342,,,
2025-07-01T00:00:00,EURJPY,10,0.71950827865589539,0.70449403959656465,success,11,15.608324006519203,14.666300184736869,false,false,7.0449403959656465,12.966915101231239,,,
2025-07-02T00:00:00,EURJPY,10,0.85163032374139602,0.94511248894659872,success,11,15.608326478993368,13.860880910618292,false,false,9.4511248894659872,3.9173104018293383,,,
2025-07-03T00:00:00,EURJPY,10,0.73939934139448327,0.56323071511018541,success,11,15.608323881016435,14.565474917197509,false,false,5.6323071511018536,2.7385042277993445,,,
2025-07-04T00:00:00,EURJPY,10,0.79739502559862585,0.44092632448001973,success,11,15.608323890529357,14.238231838211052,false,false,4.4092632448001972,1.8050432214154555,,,
2025-07-07T00:00:00,EURJPY,10,0.77764661690350023,0.33724013638022038,success,11,15.60832444853326,14.356320179488836,false,false,3.3724013638022039,1.5518403281224666,,,
2025-07-08T00:00:00,EURJPY,10,0.79710159549640669,0.18229937761462855,success,11,15.608323905357253,14.240047145637989,false,false,1.8229937761462855,1.2383614943203527,,,
2025-07-09T00:00:00,EURJPY,10,0.62330359037631011,0.18898137400391929,success,11,15.608323893091974,15.104729772547261,false,false,1.8898137400391928,1.6549649758838261,,,
2025-07-10T00:00:00,EURJPY,10,0.6905342869022596,0.40171284366965221,success,11,15.608323881732804,14.805705559332972,false,false,4.0171284366965221,52.291741973934293,,,
2025-07-11T00:00:00,EURJPY,10,0.73497484714401928,0.39777287736449207,success,11,15.608323892535809,14.588312353400912,false,false,3.9777287736449209,0.22566929435559022,,,
2025-07-14T00:00:00,EURJPY,10,0.7408477620633529,0.011170424432100702,success,11,15.60832388574927,14.557944411147103,false,false,0.11170424432100702,11.744381439173372,,,
2025-07-15T00:00:00,EURJPY,10,0.58765101717946466,0.10201648364908214,success,11,15.608323887186707,15.254060660171676,false,false,1.0201648364908213,14.895085839419563,,,
2025-07-16T00:00:00,EURJPY,10,0.81413937389013158,0.012987763920683177,success,11,15.608323894200797,14.131189392700852,false,false,0.12987763920683176,14.243330658543647,,,
2025-07-17T00:00:00,EURJPY,10,0.50216086804936122,0.0081775162186187283,success,11,15.608323899768626,15.599680373758041,false,false,0.081775162186187286,6.335322037294139,,,
2025-07-18T00:00:00,EURJPY,10,0.69951158780467926,0.89903748015205631,success,11,15.608323881098334,14.763350712776301,false,false,8.9903748015205629,156.95438167494214,,,
2025-07-21T00:00:00,EURJPY,10,0.64995173501385839,0.49823270136697195,success,11,15.608323889851302,14.989496828479943,false,false,4.9823270136697193,40.8224624156259,,,
2025-07-22T00:00:00,EURJPY,10,0.74319593652120741,0.39931371684449191,success,11,15.608323906136661,14.545677581402266,false,false,3.9931371684449193,158.81487695043069,,,
2025-07-23T00:00:00,EURJPY,10,0.78245815963982013,0.27006385653692233,success,11,15.6083239056697,14.32827465629402,false,false,2.7006385653692235,19.480102075926528,,,
2025-07-24T00:00:00,EURJPY,10,0.84763404865070635,0.16859744479867578,success,11,15.608323960894806,13.892160166596497,false,false,1.6859744479867578,21.602089835949087,,,
2025-07-25T00:00:00,EURJPY,10,0.71904639091290345,4.5713047881182158e-07,success,11,15.608323891000829,14.668587577412405,false,false,4.5713047881182159e-06,0.18777782863514611,,,
2025-07-28T00:00:00,EURJPY,10,0.88212430777294881,0.90099804059565969,success,11,15.608323899617842,13.595621528512112,false,false,9.0099804059565969,8.2518921721423446,,,
2025-07-29T00:00:00,EURJPY,10,0.78482488494141178,0.79175722968769435,success,11,15.608323899727147,14.31431546859414,false,false,7.9175722968769433,12.474763328440373,,,
2025-07-30T00:00:00,EURJPY,10,0.72591763280141697,0.54631802059412315,success,11,15.552244090467704,14.578236206948491,false,false,5.4631802059412315,1.5574786198801553,,,
2025-07-31T00:00:00,EURJPY,10,0.94395873264635455,0.60102408002483243,success,11,15.608323883611151,12.78432977021269,false,false,6.0102408002483241,12.005091453990902,,,
2025-08-01T00:00:00,EURJPY,10,0.87340252432030696,0.48055239133091232,success,11,15.608323889362781,13.676939928265393,false,false,4.8055239133091234,1.0308900123215332,,,
2025-08-04T00:00:00,EURJPY,10,0.87553448511697862,0.31133275390962434,success,11,15.608323893641638,13.657518042282089,false,false,3.1133275390962432,1.3314590614272821,,,
2025-08-05T00:00:00,EURJPY,10,0.93192185216350298,0.23861778584115526,success,11,15.608323892308492,12.991731208951613,false,false,2.3861778584115525,1.4959808108718853,,,
2025-08-06T00:00:00,EURJPY,10,0.90611384056248945,0.15595755247215326,success,11,15.608323894068105,13.341241922602293,false,false,1.5595755247215326,1.8275927279776116,,,
2025-08-07T00:00:00,EURJPY,10,0.66870180258844147,0.094302948322520577,success,11,15.608323910754667,14.906004554373368,false,false,0.94302948322520574,13.446120847564469,,,
2025-08-08T00:00:00,EURJPY,10,0.83242240831390901,0.87133301008732233,success,11,15.608324099424138,14.005430563091977,false,false,8.7133301008732236,25.24296831627176,,,
2025-08-11T00:00:00,EURJPY,10,0.90853568974185073,0.79582688908131038,success,11,15.608323884743255,13.312438557795808,false,false,7.9582688908131036,60.747504912790525,,,
2025-08-12T00:00:00,EURJPY,10,0.95346866098910787,0.62723612786744298,success,11,15.608324108285176,12.58834359393677,false,false,6.2723612786744294,7.6720513323823436,,,
2025-08-13T00:00:00,EURJPY,10,0.98930479733715471,0.52644677662715522,success,11,15.608324360648165,11.081117180769374,false,false,5.2644677662715527,4.7608931838760578,,,
2025-08-14T00:00:00,EURJPY,10,0.97758953260902537,0.35976681682090489,success,11,15.608323892226046,11.832762155052018,false,false,3.597668168209049,0.92059644797072193,,,
2025-08-15T00:00:00,EURJPY,10,0.98127938604574128,0.30641428194082915,success,11,14.810759773634864,10.851527824637632,false,false,3.0641428194082914,15.656000167587226,,,
2025-08-18T00:00:00,EURJPY,10,0.92669107806717521,0.29760093958240258,success,11,15.608331009375194,13.071393067999928,false,false,2.9760093958240259,89.086101796843622,,,
2025-08-19T00:00:00,EURJPY,10,0.71290605823243913,0.23491044180939871,success,11,15.569241514887226,14.659701344221173,false,false,2.3491044180939871,1.6549782051656954,,,
2025-08-20T00:00:00,EURJPY,10,0.8411905143418511,0.0065290858136464788,success,11,15.608323908092478,13.941211021061358,false,false,0.065290858136464791,9.3243565720284529,,,
2025-08-21T00:00:00,EURJPY,10,0.69472294872353813,0.70091413247096601,success,11,15.60832447372773,14.786031071703722,false,false,7.0091413247096597,111.76406461912973,,,
2025-08-22T00:00:00,EURJPY,10,0.62334867431064578,0.60085124776400778,success,11,15.608323892054134,15.104537753933419,false,false,6.0085124776400782,77.778313556248705,,,
2025-08-25T00:00:00,EURJPY,10,0.61152915291930354,0.47903630749481668,success,11,15.608323884147618,15.154579383020774,false,false,4.7903630749481669,1.6975417715952643,,,
2025-08-26T00:00:00,EURJPY,10,0.56779671388004294,0.32060087462429931,success,11,15.608323892000611,15.335456482721808,false,false,3.2060087462429929,1.4588362964341748,,,
2025-08-27T00:00:00,EURJPY,10,0.66559311731895598,1.0004369781899355e-07,success,11,15.608323886646886,14.920003800938716,false,false,1.0004369781899356e-06,10.006605934556829,,,
2025-08-28T00:00:00,EURJPY,10,0.89080148051037666,0.79632531024786457,success,11,15.608323883101471,13.509369791150332,false,false,7.9632531024786459,64.918566883108099,,,
2025-08-29T00:00:00,EURJPY,10,0.94038984715198848,0.69683661522462881,success,11,15.608323880182507,12.849855269245115,false,false,6.9683661522462881,77.135661951080948,,,
2025-09-01T00:00:00,EURJPY,10,0.78632069940375326,0.599851112618911,success,11,15.60832421307043,14.305435785008019,false,false,5.9985111261891104,830.92956707919529,,,
2025-09-02T00:00:00,EURJPY,10,0.88572328718191318,0.49021518578550644,success,11,15.227854643557542,13.180072871352913,false,false,4.9021518578550642,16.61486214112308,,,
2025-09-03T00:00:00,EURJPY,10,0.91817287485408672,0.38952519850420486,success,11,15.598258654730165,13.180481756895816,false,false,3.8952519850420488,17.012815263195737,,,
2025-09-04T00:00:00,EURJPY,10,0.89359398146058633,0.29168887864107923,success,11,15.201986365030095,13.073996992986121,false,false,2.9168887864107922,16.71434893101361,,,
2025-09-05T00:00:00,EURJPY,10,0.7040336459006975,0.18865544108409193,success,11,15.343943247644642,14.477362879435901,false,false,1.8865544108409193,17.15100377778348,,,
2025-09-08T00:00:00,EURJPY,10,0.74851255414887263,0.99999990000000005,success,11,15.608323885410808,14.517628980482758,false,false,9.9999990000000007,0.76302230062764509,,,
2025-09-09T00:00:00,EURJPY,10,0.98373170035042168,0.99999978372067755,success,11,15.608323903410968,11.506189113229496,false,false,9.9999978372067755,0.29224487032893742,,,
2025-09-10T00:00:00,EURJPY,10,0.94880778827333689,0.71648965390947694,success,11,15.608323896172033,12.688705065172341,false,false,7.1648965390947694,5.1348267193832822,,,
2025-09-11T00:00:00,EURJPY,10,0.99868539251246624,0.15093980362343984,success,11,15.608323896444585,8.9754222223100513,false,false,1.5093980362343984,4.7464834772589191,,,
2025-09-12T00:00:00,EURJPY,10,0.88436867536470642,0.49806656785759218,success,11,15.608323900769205,13.573856765379357,false,false,4.9806656785759218,12.919341082860527,,,
2025-09-15T00:00:00,EURJPY,10,0.75998948994981463,0.39753740726993148,success,11,15.608323891696068,14.455702001783642,false,false,3.9753740726993145,13.202355582595544,,,
2025-09-16T00:00:00,EURJPY,10,0.7504768885308486,0.59915442418953901,success,11,15.608323888656368,14.507166574859838,false,false,5.9915442418953901,17.639506609925352,,,
2025-09-17T00:00:00,EURJPY,10,0.74181153498736596,0.74735687268662654,success,11,15.608324004106731,14.552918591968426,false,false,7.4735687268662652,2.9034669297872644,,,
2025-09-18T00:00:00,EURJPY,10,0.7561309453699625,0.39457389183101382,success,11,15.60832388892414,14.476740739468735,false,false,3.9457389183101381,17.101207271419963,,,
2025-09-19T00:00:00,EURJPY,10,0.67178916939721744,0.29796974275522892,success,11,15.608323887304907,14.892035510143224,false,false,2.9796974275522894,46.375891637194307,,,
2025-09-22T00:00:00,EURJPY,10,0.74641839491215778,0.19801690281147383,success,11,15.608323895394719,14.528723286110157,false,false,1.9801690281147382,69.493313685838842,,,
2025-09-23T00:00:00,EURJPY,10,0.74996430004533066,1.0000240263582676e-07,success,11,15.608324070645322,14.509902172673439,false,false,1.0000240263582677e-06,2.9078039048841653,,,
2025-09-24T00:00:00,EURJPY,10,0.71718773300490946,0.49973959501828685,success,11,15.608326623931601,14.677772296364813,false,false,4.9973959501828684,31.669490908874636,,,
2025-09-25T00:00:00,EURJPY,10,0.79463291344486908,0.39514081032158516,success,11,15.608323898942514,14.255242678949083,false,false,3.9514081032158517,14.170263787623643,,,
2025-09-26T00:00:00,EURJPY,10,0.89309372968913647,0.64758686905194729,success,11,15.60832387774184,13.485584814080621,false,false,6.4758686905194729,4.0818350595939847,,,
2025-09-29T00:00:00,EURJPY,10,0.67265473166837608,0.99984336678680152,success,11,15.608324058876477,14.888107369920464,false,false,9.9984336678680155,8.0943710910225555,,,
2025-09-30T00:00:00,EURJPY,10,0.9971490401137203,0.8995981708816071,success,11,15.608324526319333,9.7510800187291888,false,false,8.9959817088160712,1075.3979766991831,,,
2025-10-01T00:00:00,EURJPY,10,0.87488209164358555,0.79983089959581444,success,11,15.348329360551922,13.403496795238562,false,false,7.9983089959581442,854.04674120353297,,,
2025-10-02T00:00:00,EURJPY,10,0.72780266567113239,0.60009210091841803,success,11,15.499582482972079,14.516079832267012,false,false,6.0009210091841805,23209.376653194333,,,
2025-10-03T00:00:00,EURJPY,10,0.74253733063624838,0.68391836688971253,success,11,15.349416969942903,14.290218559828201,false,false,6.8391836688971255,1.8475544939165927,,,
2025-10-06T00:00:00,EURJPY,10,0.99797212055274442,0.99999877267636172,success,11,14.087059745801806,7.8883250450064191,false,false,9.9999877267636172,0.54449262808607035,,,
2025-10-07T00:00:00,EURJPY,10,0.99342233799468949,0.45795541964558273,success,11,14.387678782019083,9.3702022570485255,false,false,4.5795541964558275,0.78161398339106158,,,
2025-10-08T00:00:00,EURJPY,10,0.96245725205894694,0.70795476457895834,success,11,14.35289219895283,11.108882776049505,false,false,7.0795476457895834,17.092361737945637,,,
2025-10-09T00:00:00,EURJPY,10,0.93904005195801543,0.60833161328699936,success,11,14.468441919157716,11.733800846065078,false,false,6.0833161328699941,16.638040135936475,,,
2025-10-10T00:00:00,EURJPY,10,0.94152047830317132,0.51069175013675183,success,11,14.163572429120777,11.38475296702908,false,false,5.1069175013675183,14.658183682026266,,,
2025-10-13T00:00:00,EURJPY,10,0.98664609495594313,0.20076940770079621,success,11,14.497944617502595,10.195442063512971,false,false,2.0076940770079621,36.637750781782408,,,
2025-10-14T00:00:00,EURJPY,10,0.81401823765629244,0.49536965040639735,success,11,14.690842840328916,13.21450868658445,false,false,4.9536965040639735,17.357804857092756,,,
2025-10-15T00:00:00,EURJPY,10,0.92671747107113667,0.79271070052014903,success,11,14.925861145408025,12.388534634259901,false,false,7.9271070052014903,15.031488679630826,,,
2025-10-16T00:00:00,EURJPY,10,0.86366267923621753,0.2936138790385035,success,11,14.910202730398677,13.064152569981163,false,false,2.9361387903850349,16.155296327987802,,,
2025-10-17T00:00:00,EURJPY,10,0.99553718542570291,0.59324834045193531,success,11,14.862977834892858,9.4554749960306399,false,false,5.9324834045193526,2.2934688629529534,,,
2025-10-20T00:00:00,EURJPY,10,0.99689406254088064,0.49849755503432736,success,11,14.400075365972901,8.6287464469025572,false,false,4.9849755503432736,2.8291022084919297,,,
2025-10-21T00:00:00,EURJPY,10,0.91705624928704998,0.39778799086937999,success,11,15.396318398950086,12.99331226382094,false,false,3.9778799086937999,15.786290108672743,,,
2025-10-22T00:00:00,EURJPY,10,0.92422079769903043,0.32377983814647976,success,11,15.608323893036772,13.107196770416095,false,false,3.2377983814647977,2.9691456446396192,,,
2025-10-23T00:00:00,EURJPY,10,0.8649521443085868,0.19805886806175027,success,11,15.446157517959515,13.589112539282795,false,false,1.9805886806175026,15.981466835235183,,,
2025-10-24T00:00:00,EURJPY,10,0.69263431760828986,0.60005866234598426,success,11,15.515549572779834,14.703085579670219,false,false,6.0005866234598422,1136.152356123441,,,
2025-10-27T00:00:00,EURJPY,10,0.76773549862578405,0.50005319385039482,success,11,14.786959717136661,13.591391260525338,false,false,5.0005319385039479,797.50023460910097,,,
2025-10-28T00:00:00,EURJPY,10,0.95026359638294222,0.40375478820702382,success,11,15.182114893538714,12.232112609678458,false,false,4.0375478820702382,16.495005684916798,,,
2025-10-29T00:00:00,EURJPY,10,0.9013419159549606,0.24095835524567924,success,11,15.144080573314698,12.931856078568348,false,false,2.4095835524567923,1.3536227085670582,,,
2025-10-30T00:00:00,EURJPY,10,0.75455554469565034,0.51625926190911708,success,11,15.473548618866085,14.350490395810741,false,false,5.1625926190911704,0.40336379576098874,,,
2025-10-31T00:00:00,EURJPY,10,0.7786467090018806,0.60231531857770082,success,11,15.608324398716416,14.350527001242995,false,false,6.0231531857770078,52.743443692533106,,,
2025-11-03T00:00:00,EURJPY,10,0.71567580370363171,0.047515502897316667,success,11,15.608323921807408,14.685211768868614,false,false,0.47515502897316669,2.3185114348014482,,,
2025-11-04T00:00:00,EURJPY,10,0.65375632447211351,0.99999797870251839,success,11,15.608323919056419,14.972732021290653,false,false,9.9999797870251843,0.32489275640852416,,,
2025-11-05T00:00:00,EURJPY,10,0.68997854270818515,0.30081279340704553,success,11,15.608323923874316,14.80830493644509,false,false,3.0081279340704552,124.1558768085132,,,
2025-11-06T00:00:00,EURJPY,10,0.62012660321739999,0.40114947690320901,success,11,15.608324227257901,15.118238602173356,false,false,4.0114947690320903,45.119049728738766,,,
2025-11-07T00:00:00,EURJPY,10,0.64818700059220913,0.10246173677053017,success,11,15.608323900623571,14.997244447493525,false,false,1.0246173677053017,49.404612560011699,,,
2025-11-10T00:00:00,EURJPY,10,0.65901894256809057,0.0055645106997178027,success,11,15.608323899154744,14.949398546339969,false,false,0.055645106997178027,13.335435985905846,,,
2025-11-11T00:00:00,EURJPY,10,0.58473136761903455,0.99999989999860905,success,11,15.608323889308116,15.266096965952398,false,false,9.9999989999860901,1.9512535241890439,,,
2025-11-12T00:00:00,EURJPY,10,0.67793035471867547,0.49632295823423905,success,11,15.60832388551996,14.864047136360385,false,false,4.9632295823423904,40.740359627841897,,,
2025-11-13T00:00:00,EURJPY,10,0.76991195046217276,0.64344500582219466,success,11,15.608323896452367,14.400509797934493,false,false,6.4344500582219464,0.26894214411530937,,,
2025-11-14T00:00:00,EURJPY,10,0.79302561157075224,0.20008605239650862,success,11,15.486582849896559,14.143322389936076,false,false,2.0008605239650863,24140.287974499162,,,
2025-11-17T00:00:00,EURJPY,10,0.82032006609728081,0.0023315414606600521,success,11,15.608323897828265,14.089806432346856,false,false,0.023315414606600519,0.17761639801195842,,,
2025-11-18T00:00:00,EURJPY,10,0.95735141155533354,0.001382140552707222,success,11,15.608323913607638,12.497147565482942,false,false,0.013821405527072219,0.23941710031287616,,,
2025-11-19T00:00:00,EURJPY,10,0.6649363405889317,0.93128516990881605,success,11,15.608323891823504,14.922953126052363,false,false,9.31285169908816,4.0176884197759435,,,
2025-11-20T00:00:00,EURJPY,10,0.63998852050310273,0.096048962674848332,success,11,15.608324999245506,15.033010678199696,false,false,0.96048962674848337,28.115169280115513,,,
2025-11-21T00:00:00,EURJPY,10,0.97899572613355601,0.76852725427383961,success,11,15.554410162687484,11.712608820175614,false,false,7.6852725427383959,3.254036076527977,,,
2025-11-24T00:00:00,EURJPY,10,0.95481808435854376,0.65161640382983477,success,11,15.608323894662679,12.557499970259981,false,false,6.5161640382983474,4.0679314597939866,,,
2025-11-25T00:00:00,EURJPY,10,0.92389440099998044,0.51526986685202592,success,11,15.608323893918362,13.111847949845579,false,false,5.1526986685202587,12.635833308759572,,,
2025-11-26T00:00:00,EURJPY,10,0.87028908516258674,0.40408443148011469,success,11,15.60832400821058,13.704806812231316,false,false,4.0408443148011468,42.200057955153994,,,
2025-11-27T00:00:00,EURJPY,10,0.83574329886851906,0.1774278901721002,success,11,15.608323890831006,13.981432838565885,false,false,1.7742789017210019,0.71147700828980054,,,
2025-11-28T00:00:00,EURJPY,10,0.69226775418359421,0.60307422712410663,success,11,15.60832393673719,14.797581201066546,false,false,6.0307422712410661,16.166234605762771,,,
2025-12-01T00:00:00,EURJPY,10,0.67594750502372214,0.76841057141945091,success,11,15.608323903546102,14.873114010008798,false,false,7.6841057141945086,1.7168270492014051,,,
2025-12-02T00:00:00,EURJPY,10,0.74433105132956245,0.39831262061067046,success,11,15.608323907495686,14.539721448522672,false,false,3.9831262061067045,17.305437361213283,,,
2025-12-03T00:00:00,EURJPY,10,0.85948531044622944,0.29771847179740041,success,11,15.608324042947148,13.797302344376044,false,false,2.9771847179740041,15.489247461801142,,,
2025-12-04T00:00:00,EURJPY,10,0.79889666381347779,0.49900709724159215,success,11,15.608323924731961,14.228911205558122,false,false,4.9900709724159213,132.71319413367806,,,
2025-12-05T00:00:00,EURJPY,10,0.86762559285805085,1.082040819411954e-06,success,11,15.608323887083818,13.728197935398947,false,false,1.0820408194119539e-05,0.62071697644062018,,,
2025-12-08T00:00:00,EURJPY,10,0.51630611237432089,0.014997353984218389,success,11,15.608323933915189,15.543076346339882,false,false,0.14997353984218389,0.045068922492414176,,,
2025-12-09T00:00:00,EURJPY,10,0.58473164239781328,0.9997086561528874,success,11,15.608323885859447,15.266095830891295,false,false,9.9970865615288744,7.1447781518624378,,,
2025-12-10T00:00:00,EURJPY,10,0.65309513406720043,0.49792063116469948,success,11,15.602761291087551,14.970089065504677,false,false,4.9792063116469949,15.669900678559076,,,
2025-12-11T00:00:00,EURJPY,10,0.67663424697297547,0.59808222988765269,success,11,15.505689203028945,14.76734237658316,false,false,5.9808222988765269,15.303604975910741,,,
2025-12-12T00:00:00,EURJPY,10,0.7088089533177625,0.49582868653114903,success,11,15.557216305954906,14.667609844654157,false,false,4.9582868653114902,16.028530443047011,,,
2025-12-15T00:00:00,EURJPY,10,0.5982316296103235,0.19837862925360156,success,11,15.6083238928973,15.210221602953638,false,false,1.9837862925360157,27.585184507202364,,,
2025-12-16T00:00:00,EURJPY,10,0.6100686501737308,0.71474886304784524,success,11,14.759766333180897,14.312165538620215,false,false,7.1474886304784526,1.6490253197208238,,,
2025-12-17T00:00:00,EURJPY,10,0.80859886820089188,0.73628440202861267,success,11,15.580683412368256,14.139751847132001,false,false,7.3628440202861265,2.1389573905501336,,,
2025-12-18T00:00:00,EURJPY,10,0.68105334193742662,0.58557292926240145,success,11,15.608323886917153,14.849707127696909,false,false,5.8557292926240141,1.3770906464400159,,,
2025-12-19T00:00:00,EURJPY,10,0.97498272688687759,0.99999990000000005,success,11,15.608323882990527,11.945470638977701,false,false,9.9999990000000007,0.24556812286832377,,,
2025-12-22T00:00:00,EURJPY,10,0.94503072763688489,0.48242481958576799,success,11,15.608323891068148,12.763880792888413,false,false,4.8242481958576802,7.237667102864858,,,
2025-12-23T00:00:00,EURJPY,10,0.885379728107617,0.36822864936530031,success,11,15.608323892788411,13.563931949737889,false,false,3.6822864936530029,2.5675265731596251,,,
2025-12-24T00:00:00,EURJPY,10,0.99990444320595062,0.21880160234266155,success,11,15.608323900624059,6.3526296768293857,false,false,2.1880160234266155,6.3177817638035991,,,
2025-12-26T00:00:00,EURJPY,10,0.97089115241606061,0.17256623558751155,success,11,15.608323909940578,12.101151715023061,false,false,1.7256623558751156,2.2555683430415172,,,
2025-12-29T00:00:00,EURJPY,10,0.49999999848842647,0.94912827259367061,success,11,15.608323942449145,15.608323948495439,false,false,9.4912827259367063,0.011375785993447131,,,
2025-12-30T00:00:00,EURJPY,10,0.89988996766891205,0.9095732488380236,success,11,15.608323890638847,13.412321297321293,false,false,9.0957324883802357,2.7203408165696272,,,
2025-12-31T00:00:00,EURJPY,10,0.95880824567246281,0.81563193926272426,success,11,15.608323883289993,12.460870879418732,false,false,8.1563193926272426,2.3597387117997957,,,
2026-01-02T00:00:00,EURJPY,10,0.92318407220096133,0.71372390517395856,success,11,15.608324685951615,13.121908055029138,false,false,7.1372390517395861,2.1224972837287699,,,
2026-01-05T00:00:00,EURJPY,10,0.94668206677046118,0.43329209439472249,success,11,15.608323888280577,12.731633311133177,false,false,4.3329209439472249,0.64673901324150784,,,
2026-01-06T00:00:00,EURJPY,10,0.980413886348523,2.2639241279474329e-07,success,11,15.608323893164663,11.695169905620123,false,false,2.263924127947433e-06,0.4692911951440138,,,
2026-01-07T00:00:00,EURJPY,10,0.95509705144932566,0.82581651580754245,success,11,15.608323886127945,12.551014388128499,false,false,8.2581651580754247,5.4214913166645582,,,
2026-01-08T00:00:00,EURJPY,10,0.99178289619371418,0.63524026989758087,success,11,15.608323901609477,10.81503748490201,false,false,6.3524026989758084,0.74900662852706767,,,
2026-01-09T00:00:00,EURJPY,10,0.73091290703835121,0.1980309872093621,success,11,15.608324007322622,14.609064789746975,false,false,1.980309872093621,12.584190639282021,,,
2026-01-12T00:00:00,EURJPY,10,0.85474393977621044,0.17292484582448067,success,11,15.372860135749976,13.600556314882624,false,false,1.7292484582448067,2.0369137843800771,,,
2026-01-13T00:00:00,EURJPY,10,0.67179763000758375,0.65080653463890314,success,11,12.91857799480119,12.202251245266989,false,false,6.5080653463890314,1.6533224581517778,,,
2026-01-14T00:00:00,EURJPY,10,0.96971760196367496,0.68347998716002178,success,11,15.214510167892332,11.748071891598942,false,false,6.8347998716002181,14.830722290320336,,,
2026-01-15T00:00:00,EURJPY,10,0.95112411033080368,0.52526881066480724,success,11,14.844206616671329,11.875846278651444,false,false,5.2526881066480726,18.868824144418515,,,
2026-01-16T00:00:00,EURJPY,10,0.96970312648078727,0.44738079896337835,success,11,14.561516045523186,11.095570599051715,false,false,4.4738079896337837,101.42897443478536,,,
2026-01-19T00:00:00,EURJPY,10,0.94558403173626038,0.32440825876317642,success,11,15.448438858915413,12.593293744366967,false,false,3.2440825876317643,19.955567595157554,,,
2026-01-20T00:00:00,EURJPY,10,0.98461368013479145,0.29980914125358132,success,11,15.042702619440899,10.883932052297485,false,false,2.9980914125358131,1161.5446651481109,,,
2026-01-21T00:00:00,EURJPY,10,0.8077032583744953,0.44979177003147336,success,11,15.512072592969412,14.076917564615806,false,false,4.4979177003147335,28.732650719619567,,,
2026-01-22T00:00:00,EURJPY,10,0.66717005648240002,0.30588818556616965,success,11,15.60832388260212,14.912910591349203,false,false,3.0588818556616966,15.546716892161417,,,
2026-01-23T00:00:00,EURJPY,10,0.81492566512051057,0.90753306873378303,success,11,15.608323997880523,14.125984651774138,false,false,9.0753306873378303,7.0058044660020453,,,
2026-01-26T00:00:00,EURJPY,10,0.72778764684828745,0.41720577609710141,success,11,15.608324192771533,14.624897352832468,false,false,4.1720577609710139,1.1673774025915105,,,
2026-01-27T00:00:00,EURJPY,10,0.65175725232543125,0.39736826160328692,success,11,15.608323884113918,14.981551491285028,false,false,3.9736826160328693,14.439572547726629,,,
2026-01-28T00:00:00,EURJPY,10,0.72771883456550601,0.20660460712654757,success,11,15.608323903555872,14.625244375066126,false,false,2.0660460712654758,3.2964627627755174,,,
2026-01-29T00:00:00,EURJPY,10,0.65366087364493075,1.0000000005056058e-07,success,11,15.608323948337494,14.973153702211164,false,false,1.0000000005056058e-06,1.4366696270699841,,,
2026-01-30T00:00:00,EURJPY,10,0.99656047731123998,0.64657798396292354,success,11,15.608323925045905,9.9393468060000636,false,false,6.465779839629235,3.5690038264987449,,,
2026-02-02T00:00:00,EURJPY,10,0.99403742038317311,1.0000000005978496e-07,success,11,15.608323895566162,10.492052252409687,false,false,1.0000000005978496e-06,0.44213452907014622,,,
2026-02-03T00:00:00,EURJPY,10,0.99242778391635134,0.40689236747581931,success,11,15.608323996354452,10.732655518373463,false,false,4.0689236747581932,14.904883416432758,,,
2026-02-04T00:00:00,EURJPY,10,0.91494578479882649,0.30521931351011633,success,11,15.608323946675489,13.232748013803386,false,false,3.0521931351011635,14.319094446423094,,,
2026-02-05T00:00:00,EURJPY,10,0.96708114323555661,0.20184114696753555,success,11,15.608324012361063,12.228087255601135,false,false,2.0184114696753555,15.399382854038663,,,
2026-02-06T00:00:00,EURJPY,10,0.97421345718887364,0.10001885229072327,success,11,14.597387522206317,10.965609846730906,false,false,1.0001885229072327,596.7681780651568,,,
2026-02-09T00:00:00,EURJPY,10,0.81021026002370422,0.089521032066978673,success,11,15.608323990287982,14.156947023718251,false,false,0.89521032066978667,16.906083090350705,,,
2026-02-10T00:00:00,EURJPY,10,0.99954272976600034,0.92168035441706597,success,11,15.598280062152957,7.9085014167973036,false,false,9.2168035441706593,0.39783474298880489,,,
2026-02-11T00:00:00,EURJPY,10,0.99740050544558556,0.40965869275153172,success,11,14.178953741694334,8.2291183657998168,false,false,4.0965869275153173,3.046717608615924,,,
2026-02-12T00:00:00,EURJPY,10,0.91234632644574964,0.45125513225445052,success,11,14.015246927822615,11.672620788040556,false,false,4.5125513225445051,35.134783841737615,,,
2026-02-13T00:00:00,EURJPY,10,0.73235716622781266,0.48425558032440874,success,11,14.032973871747245,13.026358926638906,false,false,4.8425558032440872,18.51020185246453,,,
2026-02-16T00:00:00,EURJPY,10,0.720399025081921,0.38700402374685289,success,11,14.086884455184405,13.14044269236962,false,false,3.8700402374685288,16.356701480050237,,,
2026-02-17T00:00:00,EURJPY,10,0.63084715508275535,0.20864489517134496,success,11,14.332537333954441,13.796684499393576,false,false,2.0864489517134497,15.579988271413464,,,
2026-02-18T00:00:00,EURJPY,10,0.78047278039356083,0.58297201433254853,success,11,14.933926004338172,13.665502371712236,false,false,5.8297201433254848,2.2669046029327089,,,
2026-02-19T00:00:00,EURJPY,10,0.77575012777200014,0.47724408171785127,success,11,14.539973548399319,13.298904011527078,false,false,4.7724408171785129,2.1776118791222649,,,
2026-02-20T00:00:00,EURJPY,10,0.8828952692218206,0.35324981920554038,success,11,14.329471767365458,12.309333850958485,false,false,3.5324981920554039,2.0325138355877201,,,
2026-02-23T00:00:00,EURJPY,10,0.92615383102152704,0.27540198620187289,success,11,14.545452986345454,12.016396773200206,false,false,2.7540198620187288,2.1139377380036395,,,
