timestamp,asset_id,lbw,nu,gamma,status,window_size,nlml_baseline,nlml_changepoint,retry_used,fallback_used,location_c,steepness_s,fallback_source_timestamp,failure_stage,failure_message
2000-03-29T00:00:00,EURGBP,63,,,invalid_window,1,,,false,false,,,,window_length,"Expected 64 returns for lbw=63, got 1"
2000-03-30T00:00:00,EURGBP,63,,,invalid_window,2,,,false,false,,,,window_length,"Expected 64 returns for lbw=63, got 2"
2000-03-31T00:00:00,EURGBP,63,,,invalid_window,3,,,false,false,,,,window_length,"Expected 64 returns for lbw=63, got 3"
2000-04-03T00:00:00,EURGBP,63,,,invalid_window,4,,,false,false,,,,window_length,"Expected 64 returns for lbw=63, got 4"
2000-04-04T00:00:00,EURGBP,63,,,invalid_window,5,,,false,false,,,,window_length,"Expected 64 returns for lbw=63, got 5"
2000-04-05T00:00:00,EURGBP,63,,,invalid_window,6,,,false,false,,,,window_length,"Expected 64 returns for lbw=63, got 6"
2000-04-06T00:00:00,EURGBP,63,,,invalid_window,7,,,false,false,,,,window_length,"Expected 64 returns for lbw=63, got 7"
2000-04-07T00:00:00,EURGBP,63,,,invalid_window,8,,,false,false,,,,window_length,"Expected 64 returns for lbw=63, got 8"
2000-04-10T00:00:00,EURGBP,63,,,invalid_window,9,,,false,false,,,,window_length,"Expected 64 returns for lbw=63, got 9"
2000-04-11T00:00:00,EURGBP,63,,,invalid_window,10,,,false,false,,,,window_length,"Expected 64 returns for lbw=63, got 10"
2000-04-12T00:00:00,EURGBP,63,,,invalid_window,11,,,false,false,,,,window_length,"Expected 64 returns for lbw=63, got 11"
2000-04-13T00:00:00,EURGBP,63,,,invalid_window,12,,,false,false,,,,window_length,"Expected 64 returns for lbw=63, got 12"
2000-04-14T00:00:00,EURGBP,63,,,invalid_window,13,,,false,false,,,,window_length,"Expected 64 returns for lbw=63, got 13"
2000-04-17T00:00:00,EURGBP,63,,,invalid_window,14,,,false,false,,,,window_length,"Expected 64 returns for lbw=63, got 14"
2000-04-18T00:00:00,EURGBP,63,,,invalid_window,15,,,false,false,,,,window_length,"Expected 64 returns for lbw=63, got 15"
2000-04-19T00:00:00,EURGBP,63,,,invalid_window,16,,,false,false,,,,window_length,"Expected 64 returns for lbw=63, got 16"
2000-04-20T00:00:00,EURGBP,63,,,invalid_window,17,,,false,false,,,,window_length,"Expected 64 returns for lbw=63, got 17"
2000-04-21T00:00:00,EURGBP,63,,,invalid_window,18,,,false,false,,,,window_length,"Expected 64 returns for lbw=63, got 18"
2000-04-24T00:00:00,EURGBP,63,,,invalid_window,19,,,false,false,,,,window_length,"Expected 64 returns for lbw=63, got 19"
2000-04-25T00:00:00,EURGBP,63,,,invalid_window,20,,,false,false,,,,window_length,"Expected 64 returns for lbw=63, got 20"
2000-04-26T00:00:00,EURGBP,63,,,invalid_window,21,,,false,false,,,,window_length,"Expected 64 returns for lbw=63, got 21"
2000-04-27T00:00:00,EURGBP,63,,,invalid_window,22,,,false,false,,,,window_length,"Expected 64 returns for lbw=63, got 22"
2000-04-28T00:00:00,EURGBP,63,,,invalid_window,23,,,false,false,,,,window_length,"Expected 64 returns for lbw=63, got 23"
2000-05-01T00:00:00,EURGBP,63,,,invalid_window,24,,,false,false,,,,window_length,"Expected 64 returns for lbw=63, got 24"
2000-05-02T00:00:00,EURGBP,63,,,invalid_window,25,,,false,false,,,,window_length,"Expected 64 returns for lbw=63, got 25"
2000-05-03T00:00:00,EURGBP,63,,,invalid_window,26,,,false,false,,,,window_length,"Expected 64 returns for lbw=63, got 26"
2000-05-04T00:00:00,EURGBP,63,,,invalid_window,27,,,false,false,,,,window_length,"Expected 64 returns for lbw=63, got 27"
2000-05-05T00:00:00,EURGBP,63,,,invalid_window,28,,,false,false,,,,window_length,"Expected 64 returns for lbw=63, got 28"
2000-05-08T00:00:00,EURGBP,63,,,invalid_window,29,,,false,false,,,,window_length,"Expected 64 returns for lbw=63, got 29"
2000-05-09T00:00:00,EURGBP,63,,,invalid_window,30,,,false,false,,,,window_length,"Expected 64 returns for lbw=63, got 30"
2000-05-10T00:00:00,EURGBP,63,,,invalid_window,31,,,false,false,,,,window_length,"Expected 64 returns for lbw=63, got 31"
2000-05-11T00:00:00,EURGBP,63,,,invalid_window,32,,,false,false,,,,window_length,"Expected 64 returns for lbw=63, got 32"
2000-05-12T00:00:00,EURGBP,63,,,invalid_window,33,,,false,false,,,,window_length,"Expected 64 returns for lbw=63, got 33"
2000-05-15T00:00:00,EURGBP,63,,,invalid_window,34,,,false,false,,,,window_length,"Expected 64 returns for lbw=63, got 34"
2000-05-16T00:00:00,EURGBP,63,,,invalid_window,35,,,false,false,,,,window_length,"Expected 64 returns for lbw=63, got 35"
2000-05-17T00:00:00,EURGBP,63,,,invalid_window,36,,,false,false,,,,window_length,"Expected 64 returns for lbw=63, got 36"
2000-05-18T00:00:00,EURGBP,63,,,invalid_window,37,,,false,false,,,,window_length,"Expected 64 returns for lbw=63, got 37"
2000-05-19T00:00:00,EURGBP,63,,,invalid_window,38,,,false,false,,,,window_length,"Expected 64 returns for lbw=63, got 38"
2000-05-22T00:00:00,EURGBP,63,,,invalid_window,39,,,false,false,,,,window_length,"Expected 64 returns for lbw=63, got 39"
2000-05-23T00:00:00,EURGBP,63,,,invalid_window,40,,,false,false,,,,window_length,"Expected 64 returns for lbw=63, got 40"
2000-05-24T00:00:00,EURGBP,63,,,invalid_window,41,,,false,false,,,,window_length,"Expected 64 returns for lbw=63, got 41"
2000-05-25T00:00:00,EURGBP,63,,,invalid_window,42,,,false,false,,,,window_length,"Expected 64 returns for lbw=63, got 42"
2000-05-26T00:00:00,EURGBP,63,,,invalid_window,43,,,false,false,,,,window_length,"Expected 64 returns for lbw=63, got 43"
2000-05-29T00:00:00,EURGBP,63,,,invalid_window,44,,,false,false,,,,window_length,"Expected 64 returns for lbw=63, got 44"
2000-05-30T00:00:00,EURGBP,63,,,invalid_window,45,,,false,false,,,,window_length,"Expected 64 returns for lbw=63, got 45"
2000-05-31T00:00:00,EURGBP,63,,,invalid_window,46,,,false,false,,,,window_length,"Expected 64 returns for lbw=63, got 46"
2000-06-01T00:00:00,EURGBP,63,,,invalid_window,47,,,false,false,,,,window_length,"Expected 64 returns for lbw=63, got 47"
2000-06-02T00:00:00,EURGBP,63,,,invalid_window,48,,,false,false,,,,window_length,"Expected 64 returns for lbw=63, got 48"
2000-06-05T00:00:00,EURGBP,63,,,invalid_window,49,,,false,false,,,,window_length,"Expected 64 returns for lbw=63, got 49"
2000-06-06T00:00:00,EURGBP,63,,,invalid_window,50,,,false,false,,,,window_length,"Expected 64 returns for lbw=63, got 50"
2000-06-07T00:00:00,EURGBP,63,,,invalid_window,51,,,false,false,,,,window_length,"Expected 64 returns for lbw=63, got 51"
2000-06-08T00:00:00,EURGBP,63,,,invalid_window,52,,,false,false,,,,window_length,"Expected 64 returns for lbw=63, got 52"
2000-06-09T00:00:00,EURGBP,63,,,invalid_window,53,,,false,false,,,,window_length,"Expected 64 returns for lbw=63, got 53"
2000-06-12T00:00:00,EURGBP,63,,,invalid_window,54,,,false,false,,,,window_length,"Expected 64 returns for lbw=63, got 54"
2000-06-13T00:00:00,EURGBP,63,,,invalid_window,55,,,false,false,,,,window_length,"Expected 64 returns for lbw=63, got 55"
2000-06-14T00:00:00,EURGBP,63,,,invalid_window,56,,,false,false,,,,window_length,"Expected 64 returns for lbw=63, got 56"
2000-06-15T00:00:00,EURGBP,63,,,invalid_window,57,,,false,false,,,,window_length,"Expected 64 returns for lbw=63, got 57"
2000-06-16T00:00:00,EURGBP,63,,,invalid_window,58,,,false,false,,,,window_length,"Expected 64 returns for lbw=63, got 58"
2000-06-19T00:00:00,EURGBP,63,,,invalid_window,59,,,false,false,,,,window_length,"Expected 64 returns for lbw=63, got 59"
2000-06-20T00:00:00,EURGBP,63,,,invalid_window,60,,,false,false,,,,window_length,"Expected 64 returns for lbw=63, got 60"
2000-06-21T00:00:00,EURGBP,63,,,invalid_window,61,,,false,false,,,,window_length,"Expected 64 returns for lbw=63, got 61"
2000-06-22T00:00:00,EURGBP,63,,,invalid_window,62,,,false,false,,,,window_length,"Expected 64 returns for lbw=63, got 62"
2000-06-23T00:00:00,EURGBP,63,,,invalid_window,63,,,false,false,,,,window_length,"Expected 64 returns for lbw=63, got 63"
2000-06-26T00:00:00,EURGBP,63,,,invalid_window,64,,,false,false,,,,window_standardization,window returns must be finite
2000-06-27T00:00:00,EURGBP,63,0.6473828584891077,0.68206796684977911,success,64,90.812066387415953,90.204511407129857,false,false,42.970281911536084,9.6905232124869976,,,
2000-06-28T00:00:00,EURGBP,63,0.63260515350509872,0.49179734823254462,success,64,90.812078339307945,90.268669027646084,false,false,30.98323293865031,17.055240360718987,,,
2000-06-29T00:00:00,EURGBP,63,0.68102273780257672,0.44434350857906652,success,64,90.812066245546276,90.053590372976871,false,false,27.99364104048119,51.222795166061594,,,
2000-06-30T00:00:00,EURGBP,63,0.66349539152541115,0.41291288267486898,success,64,90.812066248965806,90.133156185230888,false,false,26.013511608516744,12.949020673978501,,,
2000-07-03T00:00:00,EURGBP,63,0.70468868302052834,0.45111060071843817,success,64,90.812066215934323,89.942340206701786,false,false,28.419967845261606,1.7720993379083669,,,
2000-07-04T00:00:00,EURGBP,63,0.71001935823477424,0.38128850207564419,success,64,90.812066580225618,89.91658851366131,false,false,24.021175630765583,14.781536670536298,,,
2000-07-05T00:00:00,EURGBP,63,0.75386613261474134,0.36514291277100791,success,64,90.812066259602531,89.692727014593402,false,false,23.004003504573497,14.715948456735228,,,
2000-07-06T00:00:00,EURGBP,63,0.79439083721724268,0.34928574984146071,success,64,90.812066363288665,89.460467883494161,false,false,22.005002240012026,13.180321623257395,,,
2000-07-07T00:00:00,EURGBP,63,0.84286017165728355,0.57977568989347794,success,64,90.812066237592887,89.13240119863184,false,false,36.525868463289108,0.42880454153215258,,,
2000-07-10T00:00:00,EURGBP,63,0.83633977502947499,0.3173938013691931,success,64,90.81206624049959,89.180823760243484,false,false,19.995809486259166,14.206046192409138,,,
2000-07-11T00:00:00,EURGBP,63,0.86433656475703191,0.30148838874559297,success,64,90.812066262193937,88.960281104341931,false,false,18.993768490972357,14.69116313737924,,,
2000-07-12T00:00:00,EURGBP,63,0.8874789732609033,0.28561974646131316,success,64,90.812066250442143,88.746821530001185,false,false,17.994044027062728,14.925159426524694,,,
2000-07-13T00:00:00,EURGBP,63,0.90047767455134931,0.50785731776111931,success,64,90.812066376814698,88.609523000150872,false,false,31.995011018950514,0.4273285682987561,,,
2000-07-14T00:00:00,EURGBP,63,0.91998059576108826,0.48894889741886433,success,64,90.812066226612629,88.369982806605066,false,false,30.803780537388452,0.4180080974410163,,,
2000-07-17T00:00:00,EURGBP,63,0.94642120776941652,0.23772382293598179,success,64,90.812066245413519,87.940531846554649,false,false,14.976600844966853,14.388840024913833,,,
2000-07-18T00:00:00,EURGBP,63,0.92561099986321094,0.22172757005929752,success,64,90.812066564119263,88.290920587559668,false,false,13.968836913735744,13.917400666347273,,,
2000-07-19T00:00:00,EURGBP,63,0.95080401510764689,0.20585846785832565,success,64,90.812066239124704,87.85057029306374,false,false,12.969083475074516,13.087774982097002,,,
2000-07-20T00:00:00,EURGBP,63,0.96959874777303301,0.18984108791232945,success,64,90.81206627233108,87.349667747745443,false,false,11.959988538476756,13.037810166998796,,,
2000-07-21T00:00:00,EURGBP,63,0.98117629427307584,0.16452233315991063,success,64,90.812066239503082,86.858431105780809,false,false,10.36490698907437,0.48238373663817691,,,
2000-07-24T00:00:00,EURGBP,63,0.90889218849796982,0.73043111947895778,success,64,90.812066351551124,88.511883415965073,false,false,46.01716052717434,9.1120181009572914,,,
2000-07-25T00:00:00,EURGBP,63,0.95517639497618367,0.14190873026671144,success,64,90.812066232862676,87.752905101168849,false,false,8.9402500068028203,11.15898479204388,,,
2000-07-26T00:00:00,EURGBP,63,0.93560074117444425,0.12589710103422902,success,64,90.812066319850189,88.135979617073033,false,false,7.9315173651564281,14.058446228743611,,,
2000-07-27T00:00:00,EURGBP,63,0.8545692140673512,0.35156918138053084,success,64,90.812066280247194,89.041169056852084,false,false,22.148858426973444,0.467390674530196,,,
2000-07-28T00:00:00,EURGBP,63,0.91166964811770534,0.095085240912304816,success,64,90.812066565579727,88.477872653539478,false,false,5.9903701774752038,9.2840971569609128,,,
2000-07-31T00:00:00,EURGBP,63,0.88872666395798394,0.078452285600181734,success,64,90.812066328283123,88.734266265885111,false,false,4.9424939928114489,13.919901984932705,,,
2000-08-01T00:00:00,EURGBP,63,0.74543810478115746,0.629763673177272,success,64,90.812066211773512,89.737638115763531,false,false,39.675111410168135,22.306438249766416,,,
2000-08-02T00:00:00,EURGBP,63,0.6758279673496832,0.26141803092487376,success,64,90.81206696350776,90.077402745871424,false,false,16.469335948267048,7.3754886437486871,,,
2000-08-03T00:00:00,EURGBP,63,0.67972381688716921,0.25368064158025211,success,64,90.81206635209152,90.059563483848493,false,false,15.981880419555884,19.966351647236049,,,
2000-08-04T00:00:00,EURGBP,63,0.73985001092926994,0.26246858036790255,success,64,90.812066355616949,89.766877223621023,false,false,16.535520563177862,0.62009365615492351,,,
2000-08-07T00:00:00,EURGBP,63,0.84104266471600841,0.59639200266569659,success,64,90.812066240368907,89.146059685413775,false,false,37.572696167938886,0.87631293508782093,,,
2000-08-08T00:00:00,EURGBP,63,0.83649985125096515,0.57061800768217052,success,64,90.812067233818013,89.179654791331188,false,false,35.948934483976743,11.643023516764416,,,
2000-08-09T00:00:00,EURGBP,63,0.80638710383469792,0.76133189807634472,success,64,90.812067087738441,89.385363967865743,false,false,47.963909578809719,17.965713701827223,,,
2000-08-10T00:00:00,EURGBP,63,0.83497721782400813,0.5492508525817088,success,64,90.812066212922716,89.190745310650343,false,false,34.602803712647656,0.88972875629344983,,,
2000-08-11T00:00:00,EURGBP,63,0.84427169182330408,0.53291519193363535,success,64,90.812067904831864,89.121706426918763,false,false,33.57365709181903,0.87561838705537265,,,
2000-08-14T00:00:00,EURGBP,63,0.87441468094296537,0.51527763380445435,success,64,90.812067930254159,88.871498564513047,false,false,32.462490929680627,0.88942110071576153,,,
2000-08-15T00:00:00,EURGBP,63,0.84345632836876172,0.50137188177470793,success,64,90.812067094602924,89.127893991277375,false,false,31.586428551806602,0.83787476906776703,,,
2000-08-16T00:00:00,EURGBP,63,0.83830950035702212,0.48581726543632048,success,64,90.812066272986286,89.166362920398328,false,false,30.60648772248819,0.83561644863787765,,,
2000-08-17T00:00:00,EURGBP,63,0.86786422269109897,0.46806684161882589,success,64,90.812066243271204,88.929860976217654,false,false,29.488211021986032,0.84358042644828646,,,
2000-08-18T00:00:00,EURGBP,63,0.83771785918718977,0.42988879032901822,success,64,90.812066266165203,89.170721336265231,false,false,27.08299379072815,9.0508325161961682,,,
2000-08-21T00:00:00,EURGBP,63,0.8168615742600519,0.42798160905775123,success,64,90.81206685804878,89.316839500999023,false,false,26.962841370638326,14.817216521658692,,,
2000-08-22T00:00:00,EURGBP,63,0.8781500332438682,0.41971048513806358,success,64,90.812066244674043,88.837039292194603,false,false,26.441760563698004,0.93534173366917051,,,
2000-08-23T00:00:00,EURGBP,63,0.74189952247787294,0.60280775114733598,success,64,90.812066212694504,89.756201350013498,false,false,37.976888322282164,19.038711252337706,,,
2000-08-24T00:00:00,EURGBP,63,0.75210662257154948,0.58702633187350861,success,64,90.8120662976457,89.702186922406653,false,false,36.982658908031041,26.173724373354545,,,
2000-08-25T00:00:00,EURGBP,63,0.73304713544241529,0.57122790096794718,success,64,90.812066447077115,89.801928548003374,false,false,35.987357760980672,33.201381634724541,,,
2000-08-28T00:00:00,EURGBP,63,0.86644085371643409,0.35647622935129514,success,64,90.812068898381042,88.94221947344181,false,false,22.458002449131595,0.9871577751009819,,,
2000-08-29T00:00:00,EURGBP,63,0.879250534248325,0.33982714391324076,success,64,90.812066520430605,88.826714509564596,false,false,21.409110066534168,1.0103324761750048,,,
2000-08-30T00:00:00,EURGBP,63,0.90753952764856793,0.32220301191056017,success,64,90.812066272466055,88.52811037789624,false,false,20.298789750365291,1.0037407246742867,,,
2000-08-31T00:00:00,EURGBP,63,0.97795276753286486,0.95400882759628336,success,64,90.812066265796616,87.019791974205262,false,false,60.102556138565852,0.87442997958584412,,,
2000-09-01T00:00:00,EURGBP,63,0.98467470439949489,0.93524811020972454,success,64,90.812067585309677,86.64926101843561,false,false,58.920630943212643,1.5026976220376738,,,
2000-09-04T00:00:00,EURGBP,63,0.97298331417401374,0.82577179646536669,success,64,90.812066330866713,87.228154066352545,false,false,52.0236231773181,0.96131977885174469,,,
2000-09-05T00:00:00,EURGBP,63,0.8239592184208937,0.38475846989132284,success,64,90.812068020464878,89.268662665702209,false,false,24.239783603153338,1.2450291301712169,,,
2000-09-06T00:00:00,EURGBP,63,0.93485755292889594,0.23990906229060052,success,64,90.812066249349115,88.148248446953644,false,false,15.114270924307833,1.0160259294258456,,,
2000-09-07T00:00:00,EURGBP,63,0.9570055631390072,0.2216617686582959,success,64,90.812066314015837,87.709327841475471,false,false,13.964691425472642,0.98082504333349296,,,
2000-09-08T00:00:00,EURGBP,63,0.9539206652798492,0.20387521376010409,success,64,90.812066234240604,87.781850305121012,false,false,12.844138466886557,0.82153954108975913,,,
2000-09-11T00:00:00,EURGBP,63,0.75054778376274656,0.60466294021011036,success,64,90.812066322523975,89.710530383002236,false,false,38.093765233236951,1.2418107179872466,,,
2000-09-12T00:00:00,EURGBP,63,0.77183598992088875,0.58722927863092289,success,64,90.812066324071026,89.593358957709498,false,false,36.995444553748143,1.2229174584981795,,,
2000-09-13T00:00:00,EURGBP,63,0.72514661974740924,0.55498880685172181,success,64,90.812066289266895,89.841930213491366,false,false,34.964294831658471,12.762038641282224,,,
2000-09-14T00:00:00,EURGBP,63,0.73915126564312816,0.68239971983135794,success,64,90.812066246007987,89.770504333827716,false,false,42.991182349375549,55.632130821379945,,,
2000-09-15T00:00:00,EURGBP,63,0.71891402365250123,0.66651890585168261,success,64,90.812067536743427,89.872986352031475,false,false,41.990691068656005,48.196192838345091,,,
2000-09-18T00:00:00,EURGBP,63,0.74543310826771236,0.65058236937827518,success,64,90.812066248219793,89.737664482719694,false,false,40.986689270831334,36.43317703459708,,,
2000-09-19T00:00:00,EURGBP,63,0.75011650096462623,0.63461842248426392,success,64,90.81206640073205,89.712832677035564,false,false,39.980960616508625,25.778146833438324,,,
2000-09-20T00:00:00,EURGBP,63,0.62013632790232942,0.50628956400148972,success,64,90.812066356010291,90.321939449142405,false,false,31.896242532093854,1.8333839860336558,,,
2000-09-21T00:00:00,EURGBP,63,0.61187365099085089,0.49094392451563662,success,64,90.812066266788833,90.356871386609768,false,false,30.929467244485107,1.863903819554622,,,
2000-09-22T00:00:00,EURGBP,63,0.66720912511189845,0.2857577448592038,success,64,90.812066264423663,90.1164770261109,false,false,18.002737926129839,1.2276983170239926,,,
2000-09-25T00:00:00,EURGBP,63,0.63393389922757282,0.57122445218970708,success,64,90.812066519346033,90.26293575053559,false,false,35.987140487951542,21.89516887533437,,,
2000-09-26T00:00:00,EURGBP,63,0.62981129861587348,0.5552710323402491,success,64,90.812066288226418,90.28065891908571,false,false,34.982075037435692,14.87688996274078,,,
2000-09-27T00:00:00,EURGBP,63,0.63464395584647382,0.53947469454907349,success,64,90.81206636856983,90.259874567943754,false,false,33.986905756591632,21.451912756662985,,,
2000-09-28T00:00:00,EURGBP,63,0.65746234256965919,0.52349821199583635,success,64,90.812066253599085,90.160060365205766,false,false,32.98038735573769,16.709652959477072,,,
2000-09-29T00:00:00,EURGBP,63,0.68783486077555378,0.50755285827739205,success,64,90.812066239559172,90.022049798549375,false,false,31.975830071475698,15.59508144095766,,,
2000-10-02T00:00:00,EURGBP,63,0.75712077961750168,0.63186321703718651,success,64,90.812066357131258,89.67510785038175,false,false,39.807382673342751,0.61302362561799528,,,
2000-10-03T00:00:00,EURGBP,63,0.72693389002823749,0.5113453379506202,success,64,90.812066616220179,89.832945005070869,false,false,32.214756290889071,1.0148868236710955,,,
2000-10-04T00:00:00,EURGBP,63,0.76282455767488244,0.4600629279101382,success,64,90.812066235491116,89.643838298413698,false,false,28.983964458338708,30.509923920873135,,,
2000-10-05T00:00:00,EURGBP,63,0.76962773814276841,0.4441255803394919,success,64,90.812066907130315,89.605856496472498,false,false,27.97991156138799,24.663590336480354,,,
2000-10-06T00:00:00,EURGBP,63,0.75087626877786007,0.42833062782927572,success,64,90.812066278227249,89.708775080909163,false,false,26.984829553244371,31.243070843826235,,,
2000-10-09T00:00:00,EURGBP,63,0.77264455141178956,0.41246302256221878,success,64,90.812066261736518,89.588761794524672,false,false,25.985170421419785,34.156083940753916,,,
2000-10-10T00:00:00,EURGBP,63,0.98540128447752384,0.82490446462771672,success,64,90.812066242595478,86.599950835909127,false,false,51.968981271546156,49.061628047432087,,,
2000-10-11T00:00:00,EURGBP,63,0.79495473056405619,0.80917334436411759,success,64,90.81206627080843,89.457011881738737,false,false,50.977920694939407,31.348404593001824,,,
2000-10-12T00:00:00,EURGBP,63,0.7524552356172266,0.50570185863630668,success,64,90.802297387104417,89.69054731165015,false,false,31.85921709408732,0.58760564528900883,,,
2000-10-13T00:00:00,EURGBP,63,0.76528856860683492,0.48826113129545134,success,64,90.810671611594216,89.628775443105283,false,false,30.760451271613434,0.53193191954336605,,,
2000-10-16T00:00:00,EURGBP,63,0.73037047281930756,0.48215972094429965,success,64,90.812066284468344,89.815563277270826,false,false,30.376062419490879,0.65674554343801372,,,
2000-10-17T00:00:00,EURGBP,63,0.73425818171323609,0.46348882179842016,success,64,90.812066361744741,89.795730878267392,false,false,29.199795773300469,0.63623745582888591,,,
2000-10-18T00:00:00,EURGBP,63,0.76145338729813195,0.45180206298109027,success,64,90.812068346887401,89.651404120445861,false,false,28.463529967808686,0.56973202099287934,,,
2000-10-19T00:00:00,EURGBP,63,0.74578552118836205,0.43266710269091174,success,64,90.812066351077135,89.735806612799948,false,false,27.258027469527441,0.56012668307522373,,,
2000-10-20T00:00:00,EURGBP,63,0.74655957939850104,0.41325439254736218,success,64,90.812066281610655,89.731719624358803,false,false,26.035026730483818,0.53962727847147895,,,
2000-10-23T00:00:00,EURGBP,63,0.74555158732824967,0.39920129328296639,success,64,90.812068063636914,89.737041848275737,false,false,25.149681476826881,0.52748022426228314,,,
2000-10-24T00:00:00,EURGBP,63,0.574129429530577,0.5872131015992057,success,64,90.812066293355826,90.513346910383561,false,false,36.994425400749961,14.313999469354824,,,
2000-10-25T00:00:00,EURGBP,63,0.84379115371244007,0.82569039939107847,success,64,90.81206676048059,89.125355614878302,false,false,52.018495161637944,38.800608893554184,,,
2000-10-26T00:00:00,EURGBP,63,0.619420747444547,0.47623068371602945,success,64,90.812068281349028,90.324977959245373,false,false,30.002533074109856,918.55856522389877,,,
2000-10-27T00:00:00,EURGBP,63,0.5098108171956478,0.45354957145677716,success,64,90.812066314187945,90.772818007910459,false,false,28.573623001776962,24.062075631343276,,,
2000-10-30T00:00:00,EURGBP,63,0.54279427475619946,0.55628579894856123,success,64,90.812066300094486,90.640469374049175,false,false,35.046005333759361,2.6463830872537408,,,
2000-10-31T00:00:00,EURGBP,63,0.85064818632387151,0.76624724746532158,success,64,90.812066323605947,89.072372380971956,false,false,48.273576590315258,16.873935396862404,,,
2000-11-01T00:00:00,EURGBP,63,0.67922027959657127,0.46847045185051095,success,64,90.760461075342519,90.010270241021985,false,false,29.51363846658219,33.906221407729518,,,
2000-11-02T00:00:00,EURGBP,63,0.9413835633344918,0.9523717633051324,success,64,90.721677788584145,87.945342266005653,false,false,59.999421088223343,1240.4459586226737,,,
2000-11-03T00:00:00,EURGBP,63,0.96473105438202866,0.93649721753747805,success,64,90.558347871716734,87.249501358559755,false,false,58.999324704861117,1109.1093689939503,,,
2000-11-06T00:00:00,EURGBP,63,0.98215883532448722,0.92056876811122523,success,64,90.112059816943258,86.103815184424874,false,false,57.995832391007191,212.69374438757416,,,
2000-11-07T00:00:00,EURGBP,63,0.93436547462861586,0.68743233562743211,success,64,90.563471028772213,87.907705225517617,false,false,43.308237144528221,56.859422416226664,,,
2000-11-08T00:00:00,EURGBP,63,0.93163213231067044,0.88831375828928716,success,64,90.433926060367412,87.821890975048504,false,false,55.963766772225092,14.624488620377067,,,
2000-11-09T00:00:00,EURGBP,63,0.9275501721744267,0.87194822080924017,success,64,90.285644628452999,87.735992033751089,false,false,54.932737910982134,14.2090554978349,,,
2000-11-10T00:00:00,EURGBP,63,0.86449940934402081,0.63680377686039769,success,64,90.296859953404791,88.443685330910867,false,false,40.118637942205055,37.53629112114286,,,
2000-11-13T00:00:00,EURGBP,63,0.97706228963790542,0.6255507204096229,success,64,90.504619026395829,86.752850917231086,false,false,39.409695385806245,28.458154150068722,,,
2000-11-14T00:00:00,EURGBP,63,0.97650518251648855,0.60473610749441054,success,64,90.559953338957357,86.832753145630846,false,false,38.098374772147864,66.02517680122051,,,
2000-11-15T00:00:00,EURGBP,63,0.96803012149489986,0.59387315086158221,success,64,90.543510399859159,87.133041358606064,false,false,37.414008504279678,23.767385382498933,,,
2000-11-16T00:00:00,EURGBP,63,0.84980278599687742,0.57873360103118321,success,64,90.563795814222686,88.830740698709505,false,false,36.460216864964544,29.525565283300008,,,
2000-11-17T00:00:00,EURGBP,63,0.84041110744652636,0.56290405596114068,success,64,90.50985950050601,88.848569401829835,false,false,35.462955525551862,30.222396675309504,,,
2000-11-20T00:00:00,EURGBP,63,0.81038674820050904,0.54721837465154055,success,64,90.500002864343628,89.04747774454971,false,false,34.474757603047053,29.254093408388705,,,
2000-11-21T00:00:00,EURGBP,63,0.82070365454647287,0.53090501278297375,success,64,90.547107683184819,89.025985593699289,false,false,33.447015805327347,22.758583311462296,,,
2000-11-22T00:00:00,EURGBP,63,0.96020049079449799,0.50818291732930554,success,64,90.812066403737518,87.628778877197334,false,false,32.015523791746247,55.296759100725552,,,
2000-11-23T00:00:00,EURGBP,63,0.96032251111020395,0.49651381288675617,success,64,90.81206645511628,87.625581274386363,false,false,31.280370211865637,15.848883305033556,,,
2000-11-24T00:00:00,EURGBP,63,0.95103706518810338,0.47625764875212745,success,64,90.812066365907157,87.845576908621069,false,false,30.004231871384029,196.34953220590549,,,
2000-11-27T00:00:00,EURGBP,63,0.69842808571402115,0.68188232080271494,success,64,90.812066823214053,89.972243114533754,false,false,42.958586210571042,12.802454156492672,,,
2000-11-28T00:00:00,EURGBP,63,0.65506697449613616,0.66632877257624534,success,64,90.81206651545503,90.170679303119513,false,false,41.978712672303459,14.445375067872346,,,
2000-11-29T00:00:00,EURGBP,63,0.88157605219891433,0.42857994278404316,success,64,90.81206629132609,88.804625981148817,false,false,27.000536395394718,1252.2038939097999,,,
2000-11-30T00:00:00,EURGBP,63,0.88483212376959197,0.41686482286108772,success,64,90.812067689914159,88.773060610764304,false,false,26.262483840248528,15.725759975483134,,,
2000-12-01T00:00:00,EURGBP,63,0.66053504974186905,0.61976493449360814,success,64,90.812066278518827,90.146386792866608,false,false,39.045190873097312,13.480021016047285,,,
2000-12-04T00:00:00,EURGBP,63,0.62594652717740507,0.6037176575360762,success,64,90.812066293950011,90.297200108998794,false,false,38.034212424772804,13.49912961490471,,,
2000-12-05T00:00:00,EURGBP,63,0.62064226369571829,0.58829856283522786,success,64,90.81206766804597,90.319792472159222,false,false,37.062809458619355,17.236430273877207,,,
2000-12-06T00:00:00,EURGBP,63,0.59019079953154341,0.57191907580453538,success,64,90.812066370315208,90.447312183329402,false,false,36.030901775685727,24.913086465711142,,,
2000-12-07T00:00:00,EURGBP,63,0.65606018474047989,0.55583651118882704,success,64,90.812066309943489,90.166280466602444,false,false,35.017700204896101,14.689078791051744,,,
2000-12-08T00:00:00,EURGBP,63,0.64183577597428743,0.53926825430668801,success,64,90.812066228288543,90.228725365531005,false,false,33.973900021321342,11.381377207433752,,,
2000-12-11T00:00:00,EURGBP,63,0.94202728365221922,0.30581522571977071,success,64,90.812066273593999,88.024004527972764,false,false,19.266359220345556,15.182248628353234,,,
2000-12-12T00:00:00,EURGBP,63,0.95526534029015153,0.28599128092141685,success,64,90.812066319366181,87.750825760412638,false,false,18.017450698049263,56.659521932820837,,,
2000-12-13T00:00:00,EURGBP,63,0.97929573908474332,0.27024155365047142,success,64,90.812066285399425,86.955572126068347,false,false,17.025217879979699,46.307858251332561,,,
2000-12-14T00:00:00,EURGBP,63,0.75180553274337347,0.47636255651334042,success,64,90.812066344548214,89.703801235166395,false,false,30.010841060340447,14.039454916203825,,,
2000-12-15T00:00:00,EURGBP,63,0.60292656784116538,0.60330636925469017,success,64,90.812066492859159,90.394392312825985,false,false,38.008301263045482,21.345963907961998,,,
2000-12-18T00:00:00,EURGBP,63,0.59019574677872433,0.5873836250357497,success,64,90.812066333979487,90.447291692427569,false,false,37.005168377252232,26.502854522406398,,,
2000-12-19T00:00:00,EURGBP,63,0.58057107317790457,0.57150253042253518,success,64,90.81206753432221,90.486949394270368,false,false,36.004659416619717,22.108386176985164,,,
2000-12-20T00:00:00,EURGBP,63,0.58767193046048638,0.55561263343780887,success,64,90.81206621822389,90.457716685198889,false,false,35.003595906581957,40.190488123679813,,,
2000-12-21T00:00:00,EURGBP,63,0.6983076864799399,0.7460903087486872,success,64,90.812066398458612,89.972814249860903,false,false,47.003689451167297,108.40548457882399,,,
2000-12-22T00:00:00,EURGBP,63,0.78740103306319775,0.46144899630631864,success,64,90.216474815675085,88.907144731882269,false,false,29.071286767298073,207.09523889721984,,,
2000-12-25T00:00:00,EURGBP,63,0.7103054604017488,0.4519865923328642,success,64,90.289837145328832,89.392969098023855,false,false,28.475155316970444,27.233293680989561,,,
2000-12-26T00:00:00,EURGBP,63,0.72814380841188298,0.43642788964350321,success,64,90.298522644045448,89.313297295414046,false,false,27.494957047540701,31.039662515478721,,,
2000-12-27T00:00:00,EURGBP,63,0.79188723512756465,0.41856243737190429,success,64,90.471242562802203,89.134903632621146,false,false,26.369433554429971,66.866162411366957,,,
2000-12-28T00:00:00,EURGBP,63,0.75160478087842142,0.40423145098911351,success,64,90.479529406344156,89.372339881072094,false,false,25.466581412314152,17.517340455969922,,,
2000-12-29T00:00:00,EURGBP,63,0.76068430955310384,0.38848406425785753,success,64,90.55871354098845,89.40227866639205,false,false,24.474496048245026,22.435002938346017,,,
2001-01-01T00:00:00,EURGBP,63,0.65401858698014437,0.49323841492210685,success,64,90.811978157767982,90.175227440274682,false,false,31.074020140092731,0.88577606081806126,,,
2001-01-02T00:00:00,EURGBP,63,0.66107362453997831,0.47443868224425434,success,64,90.812066263822459,90.143983948862413,false,false,29.889636981388023,0.90114597465054946,,,
2001-01-03T00:00:00,EURGBP,63,0.66409743435799606,0.46602217258264128,success,64,90.812066283642764,90.130458541142033,false,false,29.359396872706402,0.71380533627989995,,,
2001-01-04T00:00:00,EURGBP,63,0.94388088828350392,0.99999998392463119,success,64,90.81206628472026,87.989542731022937,false,false,62.999998987251765,0.97738731548540658,,,
2001-01-05T00:00:00,EURGBP,63,0.91400289885357588,0.95742051164021869,success,64,90.812066372186408,88.448546217210733,false,false,60.31749223333378,22.294762845321575,,,
2001-01-08T00:00:00,EURGBP,63,0.86657208254611784,0.94132069587908795,success,64,90.812066254386025,88.94108234837627,false,false,59.303203840382544,20.543397126081679,,,
2001-01-09T00:00:00,EURGBP,63,0.64187186366781024,0.65039476557402143,success,64,90.812066346818938,90.228568497429308,false,false,40.974870231163351,13.243533725034322,,,
2001-01-10T00:00:00,EURGBP,63,0.63743611184781479,0.41300419545826,success,64,90.812066285973501,90.247812932616426,false,false,26.01926431387038,12.642576321885041,,,
2001-01-11T00:00:00,EURGBP,63,0.66658438941037501,0.61829185105270723,success,64,90.812067558278258,90.119290602530043,false,false,38.952386616320553,13.722616266642415,,,
2001-01-12T00:00:00,EURGBP,63,0.6408223111703526,0.38189262303760613,success,64,90.812066326389996,90.233131334556106,false,false,24.059235251369184,2.4470031712997566,,,
2001-01-15T00:00:00,EURGBP,63,0.86991478910614928,0.8572318404018463,success,64,90.812066320465377,88.911860761313903,false,false,54.005605945316319,154.81615562676944,,,
2001-01-16T00:00:00,EURGBP,63,0.85446672289394343,0.79378203126306368,success,64,90.81206625875339,89.041993469416241,false,false,50.008267969573012,84.348795405232195,,,
2001-01-17T00:00:00,EURGBP,63,0.74919582483109504,0.55455180919983083,success,64,90.812066366390297,89.71773842469625,false,false,34.936763979589344,13.773751802002012,,,
2001-01-18T00:00:00,EURGBP,63,0.73606832317651238,0.53761697529898766,success,64,90.812066245642896,89.786433570560433,false,false,33.869869443836222,11.494324657580609,,,
2001-01-19T00:00:00,EURGBP,63,0.99059428940472205,0.044424434766875791,success,64,90.812066278405325,86.155078238004393,false,false,2.798739390313175,6.8863511025291428,,,
2001-01-22T00:00:00,EURGBP,63,0.68662837803899146,0.28605018836842183,success,64,90.812066250124815,90.027662815579646,false,false,18.021161867210576,17.869919409319639,,,
2001-01-23T00:00:00,EURGBP,63,0.69004426408039199,0.48954616057925376,success,64,90.812066237400316,90.011739990953444,false,false,30.841408116492985,12.026210981767665,,,
2001-01-24T00:00:00,EURGBP,63,0.73721839258205757,0.69848777035186471,success,64,90.812066243290147,89.780505365729667,false,false,44.004729532167474,93.821701932694907,,,
2001-01-25T00:00:00,EURGBP,63,0.71502438617927677,0.68269198057750036,success,64,90.812066257194331,89.892153219603884,false,false,43.009594776382521,41.96958733456318,,,
2001-01-26T00:00:00,EURGBP,63,0.6817632530360076,0.66680754267080689,success,64,90.812066289405266,90.050179421233523,false,false,42.008875188260831,38.288923857571021,,,
2001-01-29T00:00:00,EURGBP,63,0.68079540247975634,0.65095979618235167,success,64,90.812066467708462,90.054636912317278,false,false,41.010467159488158,31.892725232191083,,,
2001-01-30T00:00:00,EURGBP,63,0.70121223878134809,0.60360478916619387,success,64,90.812066262502171,89.958989148198143,false,false,38.027101717470217,13.421392218382598,,,
2001-01-31T00:00:00,EURGBP,63,0.6536900015439514,0.39344314695796939,success,64,90.812066260056142,90.176767347959327,false,false,24.78691825835207,7.8860429758716126,,,
2001-02-01T00:00:00,EURGBP,63,0.67305358777453927,0.38039280808226339,success,64,90.812066209894681,90.090037538679269,false,false,23.964746909182594,14.474043362058048,,,
2001-02-02T00:00:00,EURGBP,63,0.67081961934226431,0.47643780343671016,success,64,90.812066267710293,90.100171860508127,false,false,30.01558161651274,23.138814330301912,,,
2001-02-05T00:00:00,EURGBP,63,0.71779259953548291,0.57158100523813571,success,64,90.812066464314114,89.878528058837375,false,false,36.009603330002548,40.351669088038143,,,
2001-02-06T00:00:00,EURGBP,63,0.67272111660184941,0.5241109452465611,success,64,90.812068028894117,90.091549835391504,false,false,33.018989550533348,16.264293151069555,,,
2001-02-07T00:00:00,EURGBP,63,0.64939234312191851,0.50805399063057011,success,64,90.812066601216003,90.195697343917203,false,false,32.007401409725915,35.432640879366815,,,
2001-02-08T00:00:00,EURGBP,63,0.63523910776490611,0.4922085090330986,success,64,90.812066215486141,90.257306788959028,false,false,31.009136069085212,25.473555270372561,,,
2001-02-09T00:00:00,EURGBP,63,0.63436068565189474,0.39707138492530791,success,64,90.812066352752822,90.261096022840434,false,false,25.015497250294398,19.428844204083354,,,
2001-02-12T00:00:00,EURGBP,63,0.64708302055781186,0.4604262268073257,success,64,90.812066517391855,90.205824758515845,false,false,29.00685228886152,37.763375662897538,,,
2001-02-13T00:00:00,EURGBP,63,0.66364436321762665,0.43996510403841632,success,64,90.812067075631077,90.132489710214315,false,false,27.717801554420227,1.6861502994603468,,,
2001-02-14T00:00:00,EURGBP,63,0.63881855772465501,0.42871301441407195,success,64,90.812067018541939,90.241826993955513,false,false,27.008919908086533,27.162130315508861,,,
2001-02-15T00:00:00,EURGBP,63,0.63841309721299022,0.41274093642405552,success,64,90.812066295479028,90.243583141562752,false,false,26.002678994715499,91.212835187713594,,,
2001-02-16T00:00:00,EURGBP,63,0.56531195696999414,0.51870476485580896,success,64,90.812066433723402,90.549317350077274,false,false,32.678400185915962,24.057421704161651,,,
2001-02-19T00:00:00,EURGBP,63,0.6285345529889822,0.50763445520399353,success,64,90.812066262317856,90.286131109327627,false,false,31.980970677851595,12.791315799387013,,,
2001-02-20T00:00:00,EURGBP,63,0.75564563901983572,0.8635288341803895,success,64,90.812066255270267,89.683113191260745,false,false,54.402316553364535,0.60568653812035,,,
2001-02-21T00:00:00,EURGBP,63,0.7205747008835619,0.67522809790195526,success,64,90.812066205750469,89.864752107199891,false,false,42.539370167823179,0.47010395558729901,,,
2001-02-22T00:00:00,EURGBP,63,0.61576736802888765,0.46031491882591269,success,64,90.8120663183213,90.340445257001221,false,false,28.9998398860325,1391.6714071616148,,,
2001-02-23T00:00:00,EURGBP,63,0.6095930289433632,0.44443271169890558,success,64,90.812066346966276,90.36646448868926,false,false,27.999260837031052,275.53184999704484,,,
2001-02-26T00:00:00,EURGBP,63,0.63349821295793196,0.42856017756151787,success,64,90.812067090327972,90.264813308756047,false,false,26.999291186375626,370.17280034972089,,,
2001-02-27T00:00:00,EURGBP,63,0.64672480779702823,0.52361396201571375,success,64,90.812066383892756,90.207392850109741,false,false,32.987679606989964,21.327828901147416,,,
2001-02-28T00:00:00,EURGBP,63,0.73560727018984917,0.59668997909744359,success,64,90.81206631738381,89.788805552019355,false,false,37.591468683138949,0.44468402842528226,,,
2001-03-01T00:00:00,EURGBP,63,0.73604821125719122,0.57597791009756083,success,64,90.812067026968194,89.786537874030202,false,false,36.28660833614633,0.45778860335642718,,,
2001-03-02T00:00:00,EURGBP,63,0.68495071941973651,0.47583975667866973,success,64,90.812066288603532,90.035448468257968,false,false,29.977904670756192,15.208462639188031,,,
2001-03-05T00:00:00,EURGBP,63,0.67937004727152761,0.46002197241228232,success,64,90.812066359983547,90.061188055171428,false,false,28.981384261973787,17.672805652405341,,,
2001-03-06T00:00:00,EURGBP,63,0.68432851249666748,0.44426371576113871,success,64,90.812066245286573,90.038330237857565,false,false,27.988614092951739,29.610340365376032,,,
2001-03-07T00:00:00,EURGBP,63,0.71337949943948264,0.42835579495488196,success,64,90.812066323106578,89.90021183006661,false,false,26.986415082157563,28.470799887629674,,,
2001-03-08T00:00:00,EURGBP,63,0.73460921051568051,0.41242262283633468,success,64,90.812066406981685,89.793931152554165,false,false,25.982625238689085,24.204129260158631,,,
2001-03-09T00:00:00,EURGBP,63,0.69487045940875924,0.39666842930976204,success,64,90.812066444103536,89.989077414939302,false,false,24.990111046515008,36.047204235294686,,,
2001-03-12T00:00:00,EURGBP,63,0.70411822678842417,0.26975164960887338,success,64,90.81206626145007,89.945079943323606,false,false,16.994353925359022,75.170713890907976,,,
2001-03-13T00:00:00,EURGBP,63,0.64266873231944532,0.24877766518901823,success,64,90.812066362530928,90.225100234044916,false,false,15.672992906908148,23.974600314981409,,,
2001-03-14T00:00:00,EURGBP,63,0.67982008183734555,0.23388154221478191,success,64,90.81206627271014,90.059121177134216,false,false,14.734537159531261,16.323843676303593,,,
2001-03-15T00:00:00,EURGBP,63,0.76824035738784968,0.33306357606983594,success,64,90.81206802330604,89.613666185172846,false,false,20.983005292399664,28.755850528018893,,,
2001-03-16T00:00:00,EURGBP,63,0.63137710761450927,0.52363605845489758,success,64,90.812066283815398,90.273937114514695,false,false,32.989071682658548,28.463585558495197,,,
2001-03-19T00:00:00,EURGBP,63,0.87858311271785683,0.87242416639735731,success,64,90.812066920337656,88.832986383069411,false,false,54.962722483033509,29.284278605209163,,,
2001-03-20T00:00:00,EURGBP,63,0.88810783977107655,0.85689051411256068,success,64,90.812066337617054,88.740508713168083,false,false,53.984102389091319,66.739084723919362,,,
2001-03-21T00:00:00,EURGBP,63,0.74303809538557786,0.840552871629488,success,64,90.812066254940305,89.75024678198281,false,false,52.954830912657741,13.877845806333781,,,
2001-03-22T00:00:00,EURGBP,63,0.81007362032121411,0.2538464712582717,success,64,90.812066285056815,89.361577673932757,false,false,15.992327689271116,77.136415485467523,,,
2001-03-23T00:00:00,EURGBP,63,0.86100449606885765,0.12694887620712897,success,64,90.812066406256832,88.988408266716121,false,false,7.9977792010491244,387.4032579320006,,,
2001-03-26T00:00:00,EURGBP,63,0.89716552024481622,0.10651968084603633,success,64,90.812066371209184,88.645946702665753,false,false,6.7107398933002891,18.853788024956195,,,
2001-03-27T00:00:00,EURGBP,63,0.91350228208396678,0.095181187014335603,success,64,90.812066324688232,88.454898481813288,false,false,5.9964147819031428,300.8272531490403,,,
2001-03-28T00:00:00,EURGBP,63,0.9015530191139326,0.17607455038658421,success,64,90.8120670290958,88.597466314220682,false,false,11.092696674354805,11.776046252973,,,
2001-03-29T00:00:00,EURGBP,63,0.8791429587303291,0.16004178730593563,success,64,90.812066559592338,88.827727407205089,false,false,10.082632600273945,12.991249904004226,,,
2001-03-30T00:00:00,EURGBP,63,0.91977993684096682,0.14382248617257357,success,64,90.812066264572863,88.372705469892722,false,false,9.0608166288721339,12.838377891653845,,,
2001-04-02T00:00:00,EURGBP,63,0.73212288313948404,0.34906220630660945,success,64,90.81206640833804,89.806646391506092,false,false,21.990918997316395,45.158105863805652,,,
2001-04-03T00:00:00,EURGBP,63,0.78567631860595721,0.6981622886032478,success,64,90.812066769680968,89.51300927263685,false,false,43.98422418200461,35.667040723411958,,,
2001-04-04T00:00:00,EURGBP,63,0.70349265380435044,0.60299268867347966,success,64,90.812066338651533,89.948080899012467,false,false,37.988539386429217,39.231645896577859,,,
2001-04-05T00:00:00,EURGBP,63,0.73670444581628614,0.58312200339564257,success,64,90.812066371020023,89.783156763953514,false,false,36.736686213925481,15.206623415836548,,,
2001-04-06T00:00:00,EURGBP,63,0.77926076921859166,0.56645853151884507,success,64,90.812066315263095,89.550702630344077,false,false,35.686887485687237,18.322334092401711,,,
2001-04-09T00:00:00,EURGBP,63,0.73302745654502077,0.55547608968459328,success,64,90.812066267916464,89.80202892857244,false,false,34.994993650129373,99.898183020465851,,,
2001-04-10T00:00:00,EURGBP,63,0.78934518378899499,0.61881967062404242,success,64,90.812066252226174,89.491083383490476,false,false,38.985639249314673,36.722227612684989,,,
2001-04-11T00:00:00,EURGBP,63,0.77673138778279294,0.52353264895946683,success,64,90.812066349238989,89.565347348585647,false,false,32.98255688444641,36.909770614459134,,,
2001-04-12T00:00:00,EURGBP,63,0.73202732822599959,0.50780651775711116,success,64,90.81206654947691,89.807133706889331,false,false,31.991810618698,83.028505940200404,,,
2001-04-13T00:00:00,EURGBP,63,0.79583638508054655,0.57123503150193511,success,64,90.812067619768087,89.45159570773825,false,false,35.987806984621912,42.889581961283653,,,
2001-04-16T00:00:00,EURGBP,63,0.78083148612665509,0.47182027560906054,success,64,90.812066243560182,89.541547787472496,false,false,29.724677363370812,16.862388933630434,,,
2001-04-17T00:00:00,EURGBP,63,0.8514294592204138,0.53937860049032404,success,64,90.812066302956339,89.066209516784497,false,false,33.980851830890415,31.805728857295701,,,
2001-04-18T00:00:00,EURGBP,63,0.85813105483927121,0.52358412990756154,success,64,90.812066244044615,89.01221312169676,false,false,32.985800184176377,43.427226711238397,,,
2001-04-19T00:00:00,EURGBP,63,0.98228140120183383,0.88869278420658226,success,64,90.812066232386101,86.796803273268011,false,false,55.987645405014682,151.1705240056495,,,
2001-04-20T00:00:00,EURGBP,63,0.65409164545015885,0.74231088875858819,success,64,90.812066257335488,90.174992653767845,false,false,46.765585991791056,12.795276835960253,,,
2001-04-23T00:00:00,EURGBP,63,0.87010733798187645,0.47602884545398388,success,64,90.812066331836107,88.910158183420222,false,false,29.989817263600983,62.197895359258922,,,
2001-04-24T00:00:00,EURGBP,63,0.87306638423941474,0.38083032005317052,success,64,90.812066230428158,88.883718875219444,false,false,23.992310163349742,107.67159442568244,,,
2001-04-25T00:00:00,EURGBP,63,0.90272244535563939,0.36146766910726746,success,64,90.812066251056294,88.58421939498254,false,false,22.772463153757851,15.883567555989918,,,
2001-04-26T00:00:00,EURGBP,63,0.91951918963218138,0.34901909095481892,success,64,90.812066270430137,88.376234132448857,false,false,21.988202730153592,68.500422442703268,,,
2001-04-27T00:00:00,EURGBP,63,0.89831573751849902,0.33318548257232355,success,64,90.812067637634101,88.633418576881198,false,false,20.990685402056386,82.040906228832611,,,
2001-04-30T00:00:00,EURGBP,63,0.91145176572933628,0.31744646163089618,success,64,90.812066603827674,88.480575352127502,false,false,19.999127082746458,980.84647435046224,,,
2001-05-01T00:00:00,EURGBP,63,0.87944108250585229,0.29777598885788326,success,64,90.812066288171138,88.824918291295432,false,false,18.759887298046646,16.40723030495478,,,
2001-05-02T00:00:00,EURGBP,63,0.89543036272092325,0.36468318700217167,success,64,90.812066225876393,88.664615005886148,false,false,22.975040781136816,27.64677379332073,,,
2001-05-03T00:00:00,EURGBP,63,0.90192035407978666,0.34898386501536099,success,64,90.812066277526384,88.593319922678091,false,false,21.985983495967744,50.404457055370671,,,
2001-05-04T00:00:00,EURGBP,63,0.89962966575049863,0.71400774994604299,success,64,90.812066335848513,88.618949827699339,false,false,44.98248824660071,46.180060595808364,,,
2001-05-07T00:00:00,EURGBP,63,0.9268292196197967,0.69818685846239004,success,64,90.812066259619286,88.273093106272384,false,false,43.98577208313057,60.946608500356717,,,
2001-05-08T00:00:00,EURGBP,63,0.94142402101723099,0.68240501407684784,success,64,90.812066319550652,88.034997372213496,false,false,42.991515886841412,106.06919461629307,,,
2001-05-09T00:00:00,EURGBP,63,0.96240753005291857,0.20172666518018728,success,64,90.81206633241311,87.569432106513545,false,false,12.708779906351799,18.532151416390647,,,
2001-05-10T00:00:00,EURGBP,63,0.96562411398359382,0.18958494060808903,success,64,90.812069580688231,87.476650268837275,false,false,11.943851258309609,23.89064931053624,,,
2001-05-11T00:00:00,EURGBP,63,0.91782442330916858,0.5718126126000479,success,64,90.812066359909124,88.398918384956545,false,false,36.024194593803017,14.907472968003351,,,
2001-05-14T00:00:00,EURGBP,63,0.95029958451756658,0.6144270264489099,success,64,90.812067580676469,87.861303586546313,false,false,38.708902666281325,18.64563299397685,,,
2001-05-15T00:00:00,EURGBP,63,0.97212077580225953,0.22217484403943769,success,64,90.812066544866582,87.260468252209819,false,false,13.997015174484574,336.4485267719262,,,
2001-05-16T00:00:00,EURGBP,63,0.96068443179393381,0.1217048353209773,success,64,90.812067930590459,87.616042528363579,false,false,7.66740462522157,18.447202797707721,,,
2001-05-17T00:00:00,EURGBP,63,0.96573292431029278,0.57023393835767755,success,64,90.812066390059854,87.473364070694871,false,false,35.924738116533689,12.170071670939802,,,
2001-05-18T00:00:00,EURGBP,63,0.95409338733696392,0.55548840920466924,success,64,90.812066292995738,87.777913909470769,false,false,34.995769779894161,202.36842792495435,,,
2001-05-21T00:00:00,EURGBP,63,0.86517983280700261,0.47723091218798325,success,64,90.812066274918294,88.953070685940276,false,false,30.065547467842944,14.608949824908827,,,
2001-05-22T00:00:00,EURGBP,63,0.94818953565162978,0.52364206277229064,success,64,90.812066633758093,87.905104362675431,false,false,32.989449954654312,78.184001607691457,,,
2001-05-23T00:00:00,EURGBP,63,0.91269008522835138,0.73011637032290577,success,64,90.812066309715817,88.465133961038489,false,false,45.997331330343066,322.92951136125299,,,
2001-05-24T00:00:00,EURGBP,63,0.73547814768186981,0.71411969964308974,success,64,90.812066245763432,89.789469282342509,false,false,44.989541077514652,45.811976967865739,,,
2001-05-25T00:00:00,EURGBP,63,0.76366418868832353,0.4913198294713142,success,64,90.812066963317562,89.639192537288139,false,false,30.953149256692793,1050.6867216137462,,,
2001-05-28T00:00:00,EURGBP,63,0.65796046573190325,0.60313199139634355,success,64,90.812066623387523,90.157848103998433,false,false,37.997315457969641,139.86209576087273,,,
2001-05-29T00:00:00,EURGBP,63,0.77714538294743152,0.44420873822788315,success,64,90.812067827696296,89.56296000417629,false,false,27.985150508356639,32.390977357641162,,,
2001-05-30T00:00:00,EURGBP,63,0.81095530597877874,0.42839736665760081,success,64,90.812066226609772,89.355836747186473,false,false,26.989034099428849,48.702188330092511,,,
2001-05-31T00:00:00,EURGBP,63,0.76403685649109776,0.36507464106371085,success,64,90.81206633500517,89.63712592677885,false,false,22.999702387013784,1577.972081240054,,,
2001-06-01T00:00:00,EURGBP,63,0.77294390351685582,0.39653251400315909,success,64,90.81206677442033,89.587057406325258,false,false,24.981548382199023,26.026855368033033,,,
2001-06-04T00:00:00,EURGBP,63,0.74362520533051024,0.38078241071065499,success,64,90.812066261129118,89.747169524993154,false,false,23.989291874771265,40.639476640548175,,,
2001-06-05T00:00:00,EURGBP,63,0.56860372426008343,0.50768572166683068,success,64,90.812066725099939,90.535910076982603,false,false,31.984200465010332,11.620217794443839,,,
2001-06-06T00:00:00,EURGBP,63,0.57775610859994686,0.49093008122403042,success,64,90.771255571392373,90.457686838006936,false,false,30.928595117113918,21.043039516516885,,,
2001-06-07T00:00:00,EURGBP,63,0.57120253406277333,0.46858422687736778,success,64,90.686044409625325,90.399285262303195,false,false,29.52080629327417,29.414828306904543,,,
2001-06-08T00:00:00,EURGBP,63,0.70983443339867502,0.31601862444876927,success,64,90.536746450129286,89.642166379066737,false,false,19.909173340272464,14.393855857590987,,,
2001-06-11T00:00:00,EURGBP,63,0.70275660967017728,0.3000859981695933,success,64,90.638010296951165,89.777550981031865,false,false,18.905417884684379,15.141767575439552,,,
2001-06-12T00:00:00,EURGBP,63,0.95173664945530012,0.90477942007233947,success,64,90.649890567196195,87.668274684135909,false,false,57.001103464557389,1496.3564756523851,,,
2001-06-13T00:00:00,EURGBP,63,0.9184691827969913,0.89367390192661766,success,64,90.812066409884537,88.390339131421612,false,false,56.301455821376912,18.172376216841712,,,
2001-06-14T00:00:00,EURGBP,63,0.88889345688955057,0.87362573571717739,success,64,90.812066286519709,88.732578493001256,false,false,55.038421350182176,23.347448507486096,,,
2001-06-15T00:00:00,EURGBP,63,0.87266806409534381,0.85724977986291151,success,64,90.812066305210152,88.887308391385616,false,false,54.006736131363425,123.0700345601726,,,
2001-06-18T00:00:00,EURGBP,63,0.82408247774569399,0.84522668033249992,success,64,90.81206660796073,89.267811250353532,false,false,53.249280860947493,19.083535179258504,,,
2001-06-19T00:00:00,EURGBP,63,0.87397981391234425,0.82553696381463315,success,64,90.812066262111315,88.875451084097222,false,false,52.008828720321887,88.215121799258,,,
2001-06-20T00:00:00,EURGBP,63,0.82113574931619171,0.68233932827554877,success,64,90.812066238569045,89.288004938540112,false,false,42.987377681359575,13.356674416153666,,,
2001-06-21T00:00:00,EURGBP,63,0.95550525444872025,0.79377585368020032,success,64,90.812066650915384,87.745197492789941,false,false,50.007878781852618,120.56478993522444,,,
2001-06-22T00:00:00,EURGBP,63,0.95521004722886083,0.58873818039772019,success,64,90.812066338590242,87.752118923319188,false,false,37.090505365056373,0.20137107752063385,,,
2001-06-25T00:00:00,EURGBP,63,0.92367701103610123,0.76210099878302784,success,64,90.812066260563299,88.318677995132248,false,false,48.012362923330755,66.181225790666517,,,
2001-06-26T00:00:00,EURGBP,63,0.92720313255874143,0.74609922663743722,success,64,90.812066307415449,88.267566561504808,false,false,47.004251278158542,191.43403068171361,,,
2001-06-27T00:00:00,EURGBP,63,0.91874829083543263,0.7302006635670899,success,64,90.812066345732632,88.386606012382686,false,false,46.002641804726665,296.12984184041653,,,
2001-06-28T00:00:00,EURGBP,63,0.91679625572184309,0.58779891253499561,success,64,90.812066284434422,88.412473372713094,false,false,37.031331489704726,13.247621799402021,,,
2001-06-29T00:00:00,EURGBP,63,0.90247970848188808,0.57190919270575125,success,64,90.812066281972335,88.586980550179348,false,false,36.030279140462326,14.567990026600011,,,
2001-07-02T00:00:00,EURGBP,63,0.95613815114741074,0.68257071617559317,success,64,90.812066338716789,87.730208822140582,false,false,43.001955119062373,443.45734514827035,,,
2001-07-03T00:00:00,EURGBP,63,0.95815490309414741,0.54001782404681464,success,64,90.812066565897325,87.68103173805568,false,false,34.021122914949324,15.557157058233132,,,
2001-07-04T00:00:00,EURGBP,63,0.93747209245518903,0.52418812051981267,success,64,90.812066491936093,88.104492480381026,false,false,33.023851592748201,15.173049261491936,,,
2001-07-05T00:00:00,EURGBP,63,0.93771794751597481,0.50879189220924081,success,64,90.812066470820341,88.100290564815481,false,false,32.053889209182174,15.191140246880019,,,
2001-07-06T00:00:00,EURGBP,63,0.97892512976409862,0.46014835703652068,success,64,90.812066224944573,86.973692408191752,false,false,28.989346493300804,0.80351685372074666,,,
2001-07-09T00:00:00,EURGBP,63,0.73637074868199781,0.77857513464474437,success,64,90.812066504148575,89.784876542682099,false,false,49.050233482618893,3.5267419785059153,,,
2001-07-10T00:00:00,EURGBP,63,0.95118082297079043,0.59135687615563681,success,64,90.812066323145501,87.842485346428219,false,false,37.25548319780512,20.633955853730072,,,
2001-07-11T00:00:00,EURGBP,63,0.93980572180829203,0.57576764362508503,success,64,90.81206970490453,88.06397383107705,false,false,36.273361548380358,22.510033174102595,,,
2001-07-12T00:00:00,EURGBP,63,0.92853503960514483,0.56015593894230142,success,64,90.81206672823005,88.24766587545858,false,false,35.289824153364989,20.24450647215173,,,
2001-07-13T00:00:00,EURGBP,63,0.90178954545603207,0.54358944299940593,success,64,90.812067561850213,88.594799060349416,false,false,34.246134908962574,21.141980813679325,,,
2001-07-16T00:00:00,EURGBP,63,0.92593259140019069,0.32539456352106155,success,64,90.812066355018175,88.286240524072255,false,false,20.499857501826877,0.50766801967607122,,,
2001-07-17T00:00:00,EURGBP,63,0.88976501178961287,0.31915185017455255,success,64,90.812066300291235,88.723723247823742,false,false,20.106566560996811,7.0517729253096411,,,
2001-07-18T00:00:00,EURGBP,63,0.86027905099307866,0.30248988017884687,success,64,90.812066277873029,88.994456675478958,false,false,19.056862451267353,12.34069723863845,,,
2001-07-19T00:00:00,EURGBP,63,0.95946177812762667,0.28496819669064194,success,64,90.812066333973448,87.647939133512679,false,false,17.952996391510442,0.61452734212420768,,,
2001-07-20T00:00:00,EURGBP,63,0.88884997291981982,0.46549081862647279,success,64,90.812066398211698,88.733018820356065,false,false,29.325921573467784,23.324146833085898,,,
2001-07-23T00:00:00,EURGBP,63,0.84879061742093165,0.44972570483070634,success,64,90.812066454055255,89.086919436664971,false,false,28.332719404334501,24.088132963836316,,,
2001-07-24T00:00:00,EURGBP,63,0.86645499389536318,0.23827805394813048,success,64,90.81206623550213,88.942094613210571,false,false,15.01151739873222,67.979611407782684,,,
2001-07-25T00:00:00,EURGBP,63,0.88090201756901054,0.22240093873232408,success,64,90.812066553220717,88.811066686849671,false,false,14.011259140136417,74.835049409511342,,,
2001-07-26T00:00:00,EURGBP,63,0.77860071996396674,0.03614751623290053,success,64,90.812066247823097,89.554535656356222,false,false,2.2772935226727333,858.03318642588181,,,
2001-07-27T00:00:00,EURGBP,63,0.59492551439406516,0.53974883326689982,success,64,90.812066266090838,90.427701019546561,false,false,34.00417649581469,33.19223252610422,,,
2001-07-30T00:00:00,EURGBP,63,0.62617538311427168,0.51492875996764165,success,64,90.812066254600936,90.29622250664049,false,false,32.440511877961427,1.6561087239735224,,,
2001-07-31T00:00:00,EURGBP,63,0.58242055369805168,0.50806652327535851,success,64,90.812066345258614,90.479348374353265,false,false,32.008190966347584,8.0787343017890461,,,
2001-08-01T00:00:00,EURGBP,63,0.61697675260736606,0.48120723731400228,success,64,90.812066259009853,90.335330599413979,false,false,30.316055950782143,1.6944858661313908,,,
2001-08-02T00:00:00,EURGBP,63,0.59555863911397267,0.44432219274933382,success,64,90.8120662982721,90.425073203022734,false,false,27.992298143208032,15.071026348209646,,,
2001-08-03T00:00:00,EURGBP,63,0.5384159447994179,0.42421325491141054,success,64,90.812067145803042,90.658099924893648,false,false,26.725435059418864,15.369913534921841,,,
2001-08-06T00:00:00,EURGBP,63,0.86188504014557898,0.73405126495752104,success,64,90.812066584935991,88.981031068059622,false,false,46.245229692323825,4.2492882549422246,,,
2001-08-07T00:00:00,EURGBP,63,0.87326816481399472,0.71798505171402371,success,64,90.812066396617254,88.881897031815612,false,false,45.233058257983494,3.0290076897784246,,,
2001-08-08T00:00:00,EURGBP,63,0.95092148836249202,0.78859392523735572,success,64,90.812066278082568,87.84805607002086,false,false,49.681417289953409,23.953560254008554,,,
2001-08-09T00:00:00,EURGBP,63,0.74220559130009844,0.4595577576245482,success,64,90.81206702785353,89.754603147592377,false,false,28.952138730346537,16.994142360580351,,,
2001-08-10T00:00:00,EURGBP,63,0.95316123932716235,0.75751046389866061,success,64,90.812066355606675,87.798993354588703,false,false,47.723159225615618,21.13145816957589,,,
2001-08-13T00:00:00,EURGBP,63,0.94765884067253237,0.74595781982328702,success,64,90.812067021237951,87.915855503250157,false,false,46.99534264886708,217.04444167289807,,,
2001-08-14T00:00:00,EURGBP,63,0.96454662198715879,0.72531916050884671,success,64,90.812066242815646,87.508626611592703,false,false,45.695107112057343,19.77131357050208,,,
2001-08-15T00:00:00,EURGBP,63,0.96058084790199372,0.60425666815839496,success,64,90.812066414612104,87.618780055277767,false,false,38.068170093978885,0.74123847371396745,,,
2001-08-16T00:00:00,EURGBP,63,0.95457560957006948,0.55036950116136529,success,64,90.812066216177087,87.766848557278806,false,false,34.673278573166016,14.78757742466194,,,
2001-08-17T00:00:00,EURGBP,63,0.7666474294964315,0.26981509293705103,success,64,90.812066268810469,89.622589735829507,false,false,16.998350855034214,304.97443989989625,,,
2001-08-20T00:00:00,EURGBP,63,0.9625564723730855,0.66586899144714229,success,64,90.812066348097403,87.565307479036449,false,false,41.949746461169966,19.345294433350933,,,
2001-08-21T00:00:00,EURGBP,63,0.96925639916862294,0.65067566559545709,success,64,90.812066216054745,87.361218906891096,false,false,40.992566932513796,133.34174389963695,,,
2001-08-22T00:00:00,EURGBP,63,0.96357322849670068,0.62941480908462255,success,64,90.812066320576932,87.53672181818834,false,false,39.653132972331221,24.281564915791826,,,
2001-08-23T00:00:00,EURGBP,63,0.97852641526856421,0.61899418237831294,success,64,90.812066289526882,86.992842070001828,false,false,38.996633489833712,303.52236147787482,,,
2001-08-24T00:00:00,EURGBP,63,0.98605452843284891,0.60160523346840655,success,64,90.812066238784084,86.553509419765419,false,false,37.901129708509615,10.898752095074027,,,
2001-08-27T00:00:00,EURGBP,63,0.98576287138997143,0.58726548606441709,success,64,90.812066244126044,86.574503657091867,false,false,36.997725622058276,466.44396338609675,,,
2001-08-28T00:00:00,EURGBP,63,0.97707076672647541,0.42387701437208647,success,64,90.812067659926285,87.059921236438683,false,false,26.704251905441449,20.193013395081994,,,
2001-08-29T00:00:00,EURGBP,63,0.92124887668977318,0.23768695985060739,success,64,90.812066261785233,88.352628579475962,false,false,14.974278470588265,53.725563121651874,,,
2001-08-30T00:00:00,EURGBP,63,0.93917299773881346,0.21723516266771073,success,64,90.812066245120661,88.075100353257895,false,false,13.685815248065776,24.410438696421831,,,
2001-08-31T00:00:00,EURGBP,63,0.9872180065790982,0.38037630436364733,success,64,90.812066242920949,86.465212766396505,false,false,23.963707174909782,31.448217355807,,,
2001-09-03T00:00:00,EURGBP,63,0.9781974088827996,0.50739684595135703,success,64,90.812067828730662,87.008385150810412,false,false,31.966001294935491,28.217517275400606,,,
2001-09-04T00:00:00,EURGBP,63,0.86908662293503169,0.34902986939123126,success,64,90.812066536736396,88.919159595974989,false,false,21.98888177164757,10.846744846629843,,,
2001-09-05T00:00:00,EURGBP,63,0.81355135746543461,0.33292251085792152,success,64,90.812066299654219,89.338813069511289,false,false,20.974118184049054,31.705245545578826,,,
2001-09-06T00:00:00,EURGBP,63,0.74854356748562112,0.31683001564051672,success,64,90.81206748525166,89.721207820666805,false,false,19.960290985352554,16.675327358775117,,,
2001-09-07T00:00:00,EURGBP,63,0.97903881825648642,0.93708286981872579,success,64,90.812067086926959,86.968168033012915,false,false,59.036220798579727,13.657413696884833,,,
2001-09-10T00:00:00,EURGBP,63,0.98218412173088432,0.92119305361781356,success,64,90.81206649249431,86.802377802303909,false,false,58.035162377922255,13.304206436457831,,,
2001-09-11T00:00:00,EURGBP,63,0.97956469766208165,0.90487023636040753,success,64,90.812066577179479,86.942222202263039,false,false,57.006824890705673,14.024319290908082,,,
2001-09-12T00:00:00,EURGBP,63,0.96135696341229726,0.88925587522361349,success,64,90.81206624109933,87.598087044033548,false,false,56.023120139087652,12.863038402133702,,,
2001-09-13T00:00:00,EURGBP,63,0.93474098619604773,0.87260767703285325,success,64,90.81206623680751,88.150160945258463,false,false,54.974283653069755,12.673158379671444,,,
2001-09-14T00:00:00,EURGBP,63,0.96855877178663341,0.85735380757650204,success,64,90.812066637274484,87.384377505066283,false,false,54.013289877319629,12.902121676896924,,,
2001-09-17T00:00:00,EURGBP,63,0.98967199655036919,0.76847399518862003,success,64,90.77818640517566,86.215671821112196,false,false,48.41386169688306,0.45363401488228333,,,
2001-09-18T00:00:00,EURGBP,63,0.96961187111729941,0.54301310167105943,success,64,90.632729952403295,87.16988612871782,false,false,34.209825405276746,0.11748161253575588,,,
2001-09-19T00:00:00,EURGBP,63,0.99066123386155747,0.73303937143844922,success,64,90.368225673689878,85.704027178946689,false,false,46.181480400622299,0.56785659788002096,,,
2001-09-20T00:00:00,EURGBP,63,0.98809156309425272,0.71417335721203001,success,64,90.405319171008387,85.98679093494151,false,false,44.992921504357888,0.58298281075467129,,,
2001-09-21T00:00:00,EURGBP,63,0.98675546010172122,0.7005190386365866,success,64,90.501970536640073,86.191133673046764,false,false,44.132699434104957,0.54795076252222874,,,
2001-09-24T00:00:00,EURGBP,63,0.98065504634234502,0.68051510172100282,success,64,90.404776188854157,86.478987018421421,false,false,42.872451408423181,0.55294628368318433,,,
2001-09-25T00:00:00,EURGBP,63,0.95239582045332971,0.43913935814983279,success,64,90.604701965633126,87.608641802451288,false,false,27.665779563439465,0.14362941364773124,,,
2001-09-26T00:00:00,EURGBP,63,0.99051215754288313,0.64889838033469471,success,64,90.595902813941137,85.947691911412676,false,false,40.880597961085769,0.64151311792895871,,,
2001-09-27T00:00:00,EURGBP,63,0.95177775972227652,0.42057084794991328,success,64,90.512258103085173,87.529746872403322,false,false,26.495963420844536,0.16257992267244198,,,
2001-09-28T00:00:00,EURGBP,63,0.94771379775050602,0.40290623743071985,success,64,90.253241887769349,87.355921849145801,false,false,25.38309295813535,0.1597907476462779,,,
2001-10-01T00:00:00,EURGBP,63,0.98439042275213384,0.59805379945652815,success,64,90.302094129580354,86.157956192156561,false,false,37.677389365761272,0.6389087820437056,,,
2001-10-02T00:00:00,EURGBP,63,0.98931291693932355,0.58253034680365356,success,64,90.269793293730544,85.741818436476549,false,false,36.699411848630177,0.6481164821641372,,,
2001-10-03T00:00:00,EURGBP,63,0.99232027392566058,0.57297950940139342,success,64,90.34825701478519,85.486794981947213,false,false,36.097709092287786,0.65004740056868715,,,
2001-10-04T00:00:00,EURGBP,63,0.99351543501474548,0.62576331351008185,success,64,90.608290047545566,85.576465185048278,false,false,39.423088751135154,2.713803208810444,,,
2001-10-05T00:00:00,EURGBP,63,0.98901829055002988,0.53971705826950034,success,64,90.707224811041741,86.206743097180635,false,false,34.002174670978519,0.66191559431680635,,,
2001-10-08T00:00:00,EURGBP,63,0.95212849747747452,0.39369260909579795,success,64,90.8001918983568,87.810012286804465,false,false,24.802634373035271,2.0092117515826762,,,
2001-10-09T00:00:00,EURGBP,63,0.94403303127910687,0.37708821290911471,success,64,90.748072091945645,87.922672608089357,false,false,23.756557413274226,2.0886679382337197,,,
2001-10-10T00:00:00,EURGBP,63,0.95006306247940997,0.36147716018620096,success,64,90.717947893947155,87.772180489793726,false,false,22.773061091730661,2.1500224760943567,,,
2001-10-11T00:00:00,EURGBP,63,0.98597583894884189,0.54488434390969032,success,64,90.72951439993723,86.476664181263843,false,false,34.327713666310487,3.0847250165039286,,,
2001-10-12T00:00:00,EURGBP,63,0.97962348441839087,0.52839499736114293,success,64,90.766258989836501,86.893473732302525,false,false,33.288884833752007,3.1899617498976265,,,
2001-10-15T00:00:00,EURGBP,63,0.91359177622808052,0.31245746795564278,success,64,90.787046780172233,88.428745796638466,false,false,19.684820481205495,2.1909503246125452,,,
2001-10-16T00:00:00,EURGBP,63,0.87677550996412357,0.29553233032511961,success,64,90.766993127306662,88.804749956760531,false,false,18.618536810482535,2.2023093140279926,,,
2001-10-17T00:00:00,EURGBP,63,0.95690554647793702,0.28106211464730613,success,64,90.741309810929721,87.640999422108294,false,false,17.706913222780287,2.444247930927347,,,
2001-10-18T00:00:00,EURGBP,63,0.97892908438833659,0.46441837299498373,success,64,90.76608158351128,86.927516062963548,false,false,29.258357498683974,3.5458471757781531,,,
2001-10-19T00:00:00,EURGBP,63,0.75384710044332137,0.70872307063547113,success,64,90.768356269501837,89.649119592383272,false,false,44.649553450034681,1.7979209732281707,,,
2001-10-22T00:00:00,EURGBP,63,0.75767619275037246,0.69188726513615506,success,64,90.789998091929348,89.650016862158495,false,false,43.588897703577771,1.7715890190846582,,,
2001-10-23T00:00:00,EURGBP,63,0.7863650107302208,0.67474552968717094,success,64,90.772881279720096,89.469729105958507,false,false,42.508968370291768,1.804980788556376,,,
2001-10-24T00:00:00,EURGBP,63,0.85966607113800242,0.59450747300525542,success,64,90.769573413984759,88.957054178192919,false,false,37.453970799331088,1.8728266889266265,,,
2001-10-25T00:00:00,EURGBP,63,0.89583168316058848,0.57080032439282991,success,64,90.757080547408989,88.605336027737394,false,false,35.960420436748286,13.172500137680718,,,
2001-10-26T00:00:00,EURGBP,63,0.90568153267451434,0.289036422589589,success,64,90.72980034220231,88.467789613509737,false,false,18.209294623144107,0.75960902057125135,,,
2001-10-29T00:00:00,EURGBP,63,0.8765025847331237,0.27104484764239917,success,64,90.739040654947303,88.77932122850082,false,false,17.075825401471146,0.75063615691588681,,,
2001-10-30T00:00:00,EURGBP,63,0.97330676152883677,0.80862924547001169,success,64,90.724636766657213,87.128347752789722,false,false,50.94364246461074,0.80309851181995096,,,
2001-10-31T00:00:00,EURGBP,63,0.96886849929473606,0.74532847290313886,success,64,90.765080150644337,87.327171446582383,false,false,46.955693792897748,14.466522813726254,,,
2001-11-01T00:00:00,EURGBP,63,0.97595153406244062,0.72952457114781555,success,64,90.748702593376265,87.045360874056328,false,false,45.960047982312382,15.42140946326065,,,
2001-11-02T00:00:00,EURGBP,63,0.95380470377182425,0.47533887227737154,success,64,90.736988988217561,87.709408030414707,false,false,29.946348953474406,11.651439970314005,,,
2001-11-05T00:00:00,EURGBP,63,0.96109094539954842,0.45941706457902298,success,64,90.738950567617678,87.532108516530329,false,false,28.943275068478449,11.202548703348468,,,
2001-11-06T00:00:00,EURGBP,63,0.98066888493779836,0.72820540213409402,success,64,90.761435791285663,86.834916893925154,false,false,45.876940334447923,0.60083544682551127,,,
2001-11-07T00:00:00,EURGBP,63,0.99273050397739138,0.66617871628637382,success,64,90.7852782780853,85.868506012922865,false,false,41.96925912604155,14.9028559048398,,,
2001-11-08T00:00:00,EURGBP,63,0.95489460568291062,0.47617258899963166,success,64,90.805540556051639,87.752941429476436,false,false,29.998873106976795,461.61185190723035,,,
2001-11-09T00:00:00,EURGBP,63,0.87404237959418329,0.31744127651150517,success,64,90.807007607064818,88.869824247735551,false,false,19.998800420224825,696.14278883023542,,,
2001-11-12T00:00:00,EURGBP,63,0.99846044247152166,0.61863611100391158,success,64,90.807928679190923,84.333209200045246,false,false,38.974074993246433,15.427208253682229,,,
2001-11-13T00:00:00,EURGBP,63,0.91709997290525436,0.28433703003224536,success,64,90.797671840554131,88.394090741510865,false,false,17.913232892031459,12.750300995191784,,,
2001-11-14T00:00:00,EURGBP,63,0.97749157148085142,0.24586773858538161,success,64,90.755754613824152,86.984654784443833,false,false,15.489667530879041,31.136694459166446,,,
2001-11-15T00:00:00,EURGBP,63,0.98845995767530648,0.39620573894067163,success,64,90.666531198050933,86.216205993153679,false,false,24.960961553262312,14.620919943503527,,,
2001-11-16T00:00:00,EURGBP,63,0.99304349860038887,0.59986569832905667,success,64,90.577096397248297,85.615998604419985,false,false,37.791538994730573,0.58913937254134685,,,
2001-11-19T00:00:00,EURGBP,63,0.99540071044284117,0.58464477192620234,success,64,90.540562030133742,85.163318497455009,false,false,36.83262063135075,0.58077839607006232,,,
2001-11-20T00:00:00,EURGBP,63,0.99841719598090106,0.52317282538203702,success,64,90.508215237051857,84.061241985806006,false,false,32.959887999068336,14.903254059990683,,,
2001-11-21T00:00:00,EURGBP,63,0.99805659677477876,0.54943522119907895,success,64,90.570094613536526,84.328725304636365,false,false,34.614418935541977,0.55367632760753926,,,
2001-11-22T00:00:00,EURGBP,63,0.99829316279862323,0.52955021056999474,success,64,90.585265905080803,84.213860989679375,false,false,33.361663265909669,0.53959644743275303,,,
2001-11-23T00:00:00,EURGBP,63,0.99881679785926525,0.51394067106490671,success,64,90.59048417795583,83.852137243339044,false,false,32.378262277089121,0.49596021501412318,,,
2001-11-26T00:00:00,EURGBP,63,0.99957017759378919,0.45948765326723745,success,64,90.662336611924772,82.91062808333065,false,false,28.947722155835958,14.861495742583122,,,
2001-11-27T00:00:00,EURGBP,63,0.99955581133348548,0.47683258986949734,success,64,90.615625472824817,82.896808598967723,false,false,30.040453161778331,0.49137393405326352,,,
2001-11-28T00:00:00,EURGBP,63,0.99969470832596108,0.459970076016185,success,64,90.592720500174408,82.498782908455112,false,false,28.978114789019656,0.50076906165025648,,,
2001-11-29T00:00:00,EURGBP,63,0.99992159302785732,0.41185783315055607,success,64,90.614416253256707,81.160896959131421,false,false,25.947043488485033,15.484172358968134,,,
2001-11-30T00:00:00,EURGBP,63,0.99928634624583124,0.39565738703945924,success,64,90.79538982345025,83.550991080592127,false,false,24.926415383485931,14.080945819989081,,,
2001-12-03T00:00:00,EURGBP,63,0.99586101348153788,0.38055678774971741,success,64,90.812066240776488,85.328909493190835,false,false,23.975077628232196,46.751698177040581,,,
2001-12-04T00:00:00,EURGBP,63,0.99232586817835244,0.36427679789310768,success,64,90.81207393785624,85.949877557741218,false,false,22.949438267265784,21.637957710860174,,,
2001-12-05T00:00:00,EURGBP,63,0.99012841656434447,0.34905823534948455,success,64,90.81206634607959,86.203891967384138,false,false,21.990668827017526,114.89393961146617,,,
2001-12-06T00:00:00,EURGBP,63,0.98127552928467621,0.33318163271178486,success,64,90.812067003275303,86.853044980211166,false,false,20.990442860842446,104.74187853062887,,,
2001-12-07T00:00:00,EURGBP,63,0.96187261975119798,0.31717482636001199,success,64,90.812066295497274,87.584116931234036,false,false,19.982014060680754,50.453949926429729,,,
2001-12-10T00:00:00,EURGBP,63,0.86602619338596487,0.062053645654360133,success,64,90.812066352669035,88.945795505973877,false,false,3.9093796762246882,11.913169105976463,,,
2001-12-11T00:00:00,EURGBP,63,0.98450408280455259,0.2853164614520734,success,64,90.812066352964322,86.660504890291605,false,false,17.974937071480625,41.954680012216215,,,
2001-12-12T00:00:00,EURGBP,63,0.98954597029846092,0.26515468308524276,success,64,90.81206626973399,86.261807569113628,false,false,16.704745034370294,19.218845026873527,,,
2001-12-13T00:00:00,EURGBP,63,0.96060765991885688,0.25389856289957646,success,64,90.812066243704578,87.618071563626131,false,false,15.995609462673318,216.07150851016647,,,
2001-12-14T00:00:00,EURGBP,63,0.90395184148612162,0.29705015491391423,success,64,90.812066319738861,88.570139950327246,false,false,18.714159759576596,0.72253712249723889,,,
2001-12-17T00:00:00,EURGBP,63,0.91824832323906658,0.27995695683419686,success,64,90.8120663364748,88.393284798220492,false,false,17.637288280554401,0.65111856401317869,,,
2001-12-18T00:00:00,EURGBP,63,0.95336319937895031,0.20612836512679147,success,64,90.812066263105848,87.794460262801394,false,false,12.986087002987864,70.763717011182393,,,
2001-12-19T00:00:00,EURGBP,63,0.60467566204710155,0.65059795394455433,success,64,90.812066271623863,90.387080589850939,false,false,40.987671098506922,21.906501027239102,,,
2001-12-20T00:00:00,EURGBP,63,0.60557474267268308,0.63467491864159453,success,64,90.812066821822341,90.383318487410264,false,false,39.984519874420457,17.172659145821264,,,
2001-12-21T00:00:00,EURGBP,63,0.9398402616163426,0.20986437616290157,success,64,90.812066302089292,88.063359706672657,false,false,13.221455698262799,0.52226720837699714,,,
2001-12-24T00:00:00,EURGBP,63,0.93614720138606777,0.14261083327523691,success,64,90.812066938682491,88.126874620721622,false,false,8.9844824963399255,66.240711983956601,,,
2001-12-25T00:00:00,EURGBP,63,0.953381964408334,0.1268643743770759,success,64,90.812067828964672,87.794039699621734,false,false,7.9924555857557822,149.68530471953005,,,
2001-12-26T00:00:00,EURGBP,63,0.96071740848691822,0.10643811892240891,success,64,90.812066708424851,87.615167859239691,false,false,6.7056014921117617,20.574094469283654,,,
2001-12-27T00:00:00,EURGBP,63,0.94868122845724268,0.094826895560696067,success,64,90.812067921223516,87.89505168387376,false,false,5.9740944203238522,46.931053593039501,,,
2001-12-28T00:00:00,EURGBP,63,0.96704794062824362,0.079093439555733377,success,64,90.812067971027219,87.432873659041888,false,false,4.9828866920112027,80.789164661302323,,,
2001-12-31T00:00:00,EURGBP,63,0.90062048329105171,0.088206028265359504,success,64,90.812066322966373,88.607928394408816,false,false,5.5569797807176489,0.34374319813798809,,,
2002-01-01T00:00:00,EURGBP,63,0.74938771981377861,0.63501637667178823,success,64,90.812066284607297,89.716716829471665,false,false,40.006031730322661,74.789359555049174,,,
2002-01-02T00:00:00,EURGBP,63,0.9998848216444467,0.99999998412697932,success,64,90.812066228918766,81.743152700731002,false,false,62.999998999999697,7.5344639649198681,,,
2002-01-03T00:00:00,EURGBP,63,0.99846944979927521,0.99999998412698421,success,64,90.750001666170974,84.26940538895569,false,false,62.999999000000003,1.1794569337200511,,,
2002-01-04T00:00:00,EURGBP,63,0.99978098610490729,0.83977085504857019,success,64,90.812066253574585,82.385909909208351,false,false,52.905563868059922,11.905104564156144,,,
2002-01-07T00:00:00,EURGBP,63,0.99950723028477029,0.88032637219404741,success,64,90.812066297176898,83.197090586224334,false,false,55.460561448224986,0.25099212216479416,,,
2002-01-08T00:00:00,EURGBP,63,0.99924174150712242,0.80720481486953322,success,64,90.81206622125724,83.628338556545003,false,false,50.85390333678059,11.174017144157062,,,
2002-01-09T00:00:00,EURGBP,63,0.99648149498235727,0.54022062776374546,success,64,90.812066221151312,85.16587184018141,false,false,34.033899549115965,34.751803789391417,,,
2002-01-10T00:00:00,EURGBP,63,0.99593917549467503,0.99971985361547278,success,64,90.812066273097415,85.309766119283012,false,false,62.982350777774784,0.050447248168417475,,,
2002-01-11T00:00:00,EURGBP,63,0.99461649536812757,0.50813618498565349,success,64,90.812066455578218,85.593048805164756,false,false,32.012579654096172,90.295911416898463,,,
2002-01-14T00:00:00,EURGBP,63,0.99550562728184755,0.74130655625456054,success,64,90.812066523692479,85.411641854647726,false,false,46.702313044037311,11.872812266538959,,,
2002-01-15T00:00:00,EURGBP,63,0.99649870680112829,0.84271414331530115,success,64,90.812066415108376,85.16095095884171,false,false,53.090991028863975,15.20361021843512,,,
2002-01-16T00:00:00,EURGBP,63,0.99489768689061508,0.82566803436300096,success,64,90.812066206614389,85.539120289755445,false,false,52.017086164869063,76.309219941747386,,,
2002-01-17T00:00:00,EURGBP,63,0.99137874258454606,0.80978625222156542,success,64,90.812066534539738,86.067200836897939,false,false,51.016533889958623,73.135411231374022,,,
2002-01-18T00:00:00,EURGBP,63,0.98875044967456538,0.66724905712259475,success,64,90.812066246642374,86.33595242954874,false,false,42.036690598723467,28.588792408282622,,,
2002-01-21T00:00:00,EURGBP,63,0.98234751163640421,0.65095127395755759,success,64,90.812066274802419,86.792997904760938,false,false,41.009930259326126,99.230451443330452,,,
2002-01-22T00:00:00,EURGBP,63,0.98375044556742031,0.63508654549552412,success,64,90.81206623690376,86.70875947311103,false,false,40.010452366218018,95.046050711694591,,,
2002-01-23T00:00:00,EURGBP,63,0.98221550643576838,0.61919791709408467,success,64,90.812066282584425,86.800582471202645,false,false,39.009468776927335,103.18467926755649,,,
2002-01-24T00:00:00,EURGBP,63,0.98424075623858043,0.6035398686515655,success,64,90.812066248502688,86.677622809000269,false,false,38.023011725048626,43.054539683966325,,,
2002-01-25T00:00:00,EURGBP,63,0.97643624641305526,0.58768510051798073,success,64,90.812066301546878,87.087866507634914,false,false,37.024161332632787,38.668626329670055,,,
2002-01-28T00:00:00,EURGBP,63,0.96801317108910678,0.57201981947975566,success,64,90.812066304535236,87.402144832390249,false,false,36.037248627224606,23.962535103454435,,,
2002-01-29T00:00:00,EURGBP,63,0.97322181460988011,0.55580628461952153,success,64,90.812066235845947,87.219041787923032,false,false,35.015795931029857,58.133521428673667,,,
2002-01-30T00:00:00,EURGBP,63,0.96700012261259571,0.53983265799290381,success,64,90.812069706647108,87.434374930323301,false,false,34.00945745355294,93.694828356466928,,,
2002-01-31T00:00:00,EURGBP,63,0.94701348654611917,0.52891540253962144,success,64,90.812066988107318,87.92879107172223,false,false,33.321670359996148,16.277679547348605,,,
2002-02-01T00:00:00,EURGBP,63,0.96571938979087035,0.066051422930550691,success,64,90.812066643064043,87.473773232114127,false,false,4.1612396446246933,13.730013682144371,,,
2002-02-04T00:00:00,EURGBP,63,0.94513413689248693,0.493080094578005,success,64,90.812066244685852,87.965630737260128,false,false,31.064045958414315,12.690792196405127,,,
2002-02-05T00:00:00,EURGBP,63,0.92582797138600514,0.47645136293484713,success,64,90.812066220761579,88.28776488565893,false,false,30.016435864895371,46.485424074991435,,,
2002-02-06T00:00:00,EURGBP,63,0.80987339953093362,0.59205634863146439,success,64,90.812066253093633,89.362878483045449,false,false,37.299549963782255,24.051329754401348,,,
2002-02-07T00:00:00,EURGBP,63,0.76553082232080882,0.57604128023599999,success,64,90.812066277913004,89.628820940106223,false,false,36.290600654868001,22.54095960734108,,,
2002-02-08T00:00:00,EURGBP,63,0.72186435696186357,0.56029751656104843,success,64,90.812066335048229,89.858338004341121,false,false,35.298743543346049,24.238237591833869,,,
2002-02-11T00:00:00,EURGBP,63,0.83762530912966859,0.41276572392744837,success,64,90.812066332260315,89.171402028100147,false,false,26.004240607429246,142.82997554122716,,,
2002-02-12T00:00:00,EURGBP,63,0.82196119657679434,0.39700237450747766,success,64,90.812066264230538,89.282374599693384,false,false,25.011149593971094,52.232791587807249,,,
2002-02-13T00:00:00,EURGBP,63,0.82281746222104146,0.38096421543613618,success,64,90.812066266104765,89.276512373677775,false,false,24.000745572476578,789.53245549584665,,,
2002-02-14T00:00:00,EURGBP,63,0.84564936946634395,0.36513271460015617,success,64,90.812066250312782,89.11118826954305,false,false,23.003361019809837,188.68880579072231,,,
2002-02-15T00:00:00,EURGBP,63,0.98207831731242179,0.53921597174837654,success,64,90.812066292142873,86.80840653721944,false,false,33.970606220147722,47.65148933930346,,,
2002-02-18T00:00:00,EURGBP,63,0.99060357561855139,0.7300465352655644,success,64,90.812066276109036,86.154081078372073,false,false,45.992931721730557,185.39967051384227,,,
2002-02-19T00:00:00,EURGBP,63,0.9876053252794571,0.7142287823816682,success,64,90.812066304343219,86.434050077091456,false,false,44.996413290045098,343.39513191251285,,,
2002-02-20T00:00:00,EURGBP,63,0.98657983574026042,0.69825030759495244,success,64,90.812066206189527,86.514580327119049,false,false,43.989769378482002,116.4294064569925,,,
2002-02-21T00:00:00,EURGBP,63,0.99175022439047078,0.68242935401163374,success,64,90.812066230942435,86.022780946422685,false,false,42.993049302732928,179.082845326502,,,
2002-02-22T00:00:00,EURGBP,63,0.99588337248763981,0.45937520105190127,success,64,90.812066267395537,85.323470375756258,false,false,28.94063766626978,13.879338468705548,,,
2002-02-25T00:00:00,EURGBP,63,0.99762387554264376,0.44076421375212826,success,64,90.812066218753628,84.772160672863166,false,false,27.76814546638408,20.389069474452928,,,
2002-02-26T00:00:00,EURGBP,63,0.99868658350521755,0.42596461047316159,success,64,90.812066254025538,84.178257008362962,false,false,26.835770459809179,18.794238129866883,,,
2002-02-27T00:00:00,EURGBP,63,0.99931419410680999,0.41053173508557378,success,64,90.81206629738503,83.527836413739564,false,false,25.863499310391148,18.86310452758374,,,
2002-02-28T00:00:00,EURGBP,63,0.99557105542420488,0.60209532975732671,success,64,90.812066278203233,85.396911091557953,false,false,37.932005774711584,18.144177483231005,,,
2002-03-01T00:00:00,EURGBP,63,0.99343464316280872,0.58683608047560287,success,64,90.812066300980064,85.792704886350293,false,false,36.970673069962984,39.778108756137826,,,
2002-03-04T00:00:00,EURGBP,63,0.99750768230161657,0.36423572309694813,success,64,90.812066233991985,84.820019463814248,false,false,22.946850555107734,40.197107665435603,,,
2002-03-05T00:00:00,EURGBP,63,0.99847453935917729,0.34537845815629337,success,64,90.812066245364349,84.328134015727244,false,false,21.758842863846482,19.429284206922787,,,
2002-03-06T00:00:00,EURGBP,63,0.99790573232099411,0.33246804995801044,success,64,90.812066290983836,84.645611411430352,false,false,20.945487147354658,25.160383226307811,,,
2002-03-07T00:00:00,EURGBP,63,0.99505471067076778,0.5232184981430652,success,64,90.812066325097447,85.507704076665178,false,false,32.962765383013107,31.144683045360125,,,
2002-03-08T00:00:00,EURGBP,63,0.99328352347455029,0.50739718402088685,success,64,90.812066267876361,85.815613812913242,false,false,31.96602259331587,32.775102821957333,,,
2002-03-11T00:00:00,EURGBP,63,0.99861389118804933,0.28062812350349531,success,64,90.812066218179098,84.232198415133325,false,false,17.679571780720206,22.517108227654628,,,
2002-03-12T00:00:00,EURGBP,63,0.99480524878894738,0.47587305674253194,success,64,90.812067866316454,85.557169611503767,false,false,29.980002574779512,56.712310820325108,,,
2002-03-13T00:00:00,EURGBP,63,0.99935225445884368,0.25370632922130926,success,64,90.812066244911719,83.47070157819752,false,false,15.983498740942483,86.482749026012243,,,
2002-03-14T00:00:00,EURGBP,63,0.99959300241301641,0.2376659692543337,success,64,90.812066271011005,83.005770050117547,false,false,14.972956063023023,449.07132333001613,,,
2002-03-15T00:00:00,EURGBP,63,0.99961771000259736,0.22015079709866517,success,64,90.812066222626129,82.943117503849066,false,false,13.869500217215906,11.608717867876514,,,
2002-03-18T00:00:00,EURGBP,63,0.99978775123448016,0.20123819687616912,success,64,90.812066232925176,82.354526955268284,false,false,12.678006403198655,24.544854235267021,,,
2002-03-19T00:00:00,EURGBP,63,0.99989280817951309,0.19023854482297098,success,64,90.812066249384955,81.671282833284607,false,false,11.985028323847171,111.85435492553684,,,
2002-03-20T00:00:00,EURGBP,63,0.99951206783177315,0.38074734308838343,success,64,90.812066255137623,83.187220145075827,false,false,23.987082614568155,106.40431133033501,,,
2002-03-21T00:00:00,EURGBP,63,0.999586217788067,0.36498410166062273,success,64,90.812066224030573,83.022309311185197,false,false,22.993998404619234,231.91270356971316,,,
2002-03-22T00:00:00,EURGBP,63,0.9985022799029698,0.34894006326766602,success,64,90.812066325455064,84.30975390579539,false,false,21.98322398586296,75.663506250990139,,,
2002-03-25T00:00:00,EURGBP,63,0.99990739221410052,0.1266758488032132,success,64,90.812066226571048,81.525021499787954,false,false,7.9805784746024306,96.028426717637956,,,
2002-03-26T00:00:00,EURGBP,63,0.99993539836478951,0.10493305652421124,success,64,90.812066286644054,81.164860055724148,false,false,6.6107825610253084,23.676467996183593,,,
2002-03-27T00:00:00,EURGBP,63,0.99996202414312585,0.089174945560333077,success,64,90.812066237416829,80.633544268424671,false,false,5.6180215703009839,23.57954147000483,,,
2002-03-28T00:00:00,EURGBP,63,0.99998575408057733,0.079100163968151352,success,64,90.812066315175926,79.65304051263864,false,false,4.9833103299935351,137.12507630450315,,,
2002-03-29T00:00:00,EURGBP,63,0.99999517854548747,0.052085406743737052,success,64,90.812066240366818,78.569636152498077,false,false,3.2813806248554345,6.7380512766590961,,,
2002-04-01T00:00:00,EURGBP,63,0.99999880777266259,0.034597569905322222,success,64,90.812066223105333,77.172380127086868,false,false,2.1796469040352999,3.3099019278264432,,,
2002-04-02T00:00:00,EURGBP,63,0.89387365327673862,0.027214449469805512,success,64,90.812066239605329,88.68113213637325,false,false,1.7145103165977473,23.658822981534659,,,
2002-04-03T00:00:00,EURGBP,63,0.9559597530874111,0.0028016899465076002,success,64,90.81206632058111,87.734454426088504,false,false,0.17650646662997882,6.7547834937694597,,,
2002-04-04T00:00:00,EURGBP,63,0.60457120709776568,0.42804635332568075,success,64,90.812066314386584,90.387517584002723,false,false,26.966920259517888,20.464041458969394,,,
2002-04-05T00:00:00,EURGBP,63,0.93929210191418944,0.77228818808889899,success,64,90.812066298320815,88.073013596172217,false,false,48.654155849600635,3.0752057464961107,,,
2002-04-08T00:00:00,EURGBP,63,0.93648179801800591,0.74894370577881286,success,64,90.812066448550397,88.121262873243964,false,false,47.183453464065209,6.1207009519912248,,,
2002-04-09T00:00:00,EURGBP,63,0.70426083948283424,0.49691641590110919,success,64,90.812066346023926,89.944395399216276,false,false,31.30573420176988,0.95373801764744703,,,
2002-04-10T00:00:00,EURGBP,63,0.64639522449886277,0.047168407423708286,success,64,90.812066262729672,90.208834979440994,false,false,2.9716096676936221,15.103005703566778,,,
2002-04-11T00:00:00,EURGBP,63,0.86208712851502767,0.12270170791827562,success,64,90.812066889163347,88.979332666154804,false,false,7.7302075988513641,16.949661853156165,,,
2002-04-12T00:00:00,EURGBP,63,0.90081191586125853,0.10619507818407725,success,64,90.812067259658747,88.605788661780025,false,false,6.6902899255968666,16.465206329766939,,,
2002-04-15T00:00:00,EURGBP,63,0.65723613074560894,0.41231296291110942,success,64,90.812066524128369,90.161064944948535,false,false,25.975716663399893,12.419269027899931,,,
2002-04-16T00:00:00,EURGBP,63,0.95589417617780192,0.66209010016643022,success,64,90.81206629428408,87.736010914928428,false,false,41.711676310485103,3.096901212037761,,,
2002-04-17T00:00:00,EURGBP,63,0.89867022994687085,0.63857274574236078,success,64,90.812066336027115,88.629530435766938,false,false,40.230082981768732,8.3134839183261473,,,
2002-04-18T00:00:00,EURGBP,63,0.91959594607653128,0.042161887166271152,success,64,90.812066338765732,88.375196551089118,false,false,2.6561988914750825,18.844630708014851,,,
2002-04-19T00:00:00,EURGBP,63,0.9494935450390114,0.60697923433184098,success,64,90.812066361891908,87.878238779059075,false,false,38.239691762905984,6.7338340124421538,,,
2002-04-22T00:00:00,EURGBP,63,0.83847309686292415,0.58889201029923866,success,64,90.812066357384779,89.16515557315617,false,false,37.100196648852034,11.048910133020046,,,
2002-04-23T00:00:00,EURGBP,63,0.80892660038622022,0.59730210917699245,success,64,90.812066333021946,89.369015794294896,false,false,37.630032878150523,1.0451405859769809,,,
2002-04-24T00:00:00,EURGBP,63,0.80785481275673643,0.57116311035835088,success,64,90.812066338544952,89.375935253175498,false,false,35.983275952576108,34.021229948618029,,,
2002-04-25T00:00:00,EURGBP,63,0.82078246266413535,0.5552835584341792,success,64,90.812066424674825,89.290408676986374,false,false,34.982864181353293,34.373893030917387,,,
2002-04-26T00:00:00,EURGBP,63,0.81467851720428985,0.53955332380371801,success,64,90.812066267555096,89.331364751339422,false,false,33.991859399634237,71.332962286218063,,,
2002-04-29T00:00:00,EURGBP,63,0.83538966291569494,0.51866258586421565,success,64,90.812066306683732,89.187749116023596,false,false,32.675742909445589,10.381357782979745,,,
2002-04-30T00:00:00,EURGBP,63,0.83339490877076594,0.66221252567575417,success,64,90.812066320204266,89.202184999085986,false,false,41.719389117572511,0.37031049029790142,,,
2002-05-01T00:00:00,EURGBP,63,0.8583276705736439,0.64361070320876812,success,64,90.812066289113574,89.010597213974307,false,false,40.547474302152395,0.40924855895917706,,,
2002-05-02T00:00:00,EURGBP,63,0.8878722943740569,0.47608351178469105,success,64,90.812066313926579,88.742876844449285,false,false,29.993261242435537,103.05703455279482,,,
2002-05-03T00:00:00,EURGBP,63,0.65635630995537764,0.47809883792139179,success,64,90.812067100612737,90.164968639528041,false,false,30.120226789047685,0.87419025024213171,,,
2002-05-06T00:00:00,EURGBP,63,0.67246181936895655,0.46063788607790157,success,64,90.812066328078345,90.092725622746286,false,false,29.020186822907799,0.86888856527125802,,,
2002-05-07T00:00:00,EURGBP,63,0.68700003229432449,0.44436947762766377,success,64,90.812066268334348,90.025935016467642,false,false,27.995277090542817,0.7995755094445699,,,
2002-05-08T00:00:00,EURGBP,63,0.95922263152753717,0.93666131082081483,success,64,90.812066261386775,87.654070296990085,false,false,59.009662581711332,150.06218802827473,,,
2002-05-09T00:00:00,EURGBP,63,0.71791283816049067,0.41089113975837516,success,64,90.812066266555547,89.877934207914578,false,false,25.886141804777633,0.72314591394009642,,,
2002-05-10T00:00:00,EURGBP,63,0.74401359120778165,0.39252296532696623,success,64,90.812066243835531,89.745131293831705,false,false,24.728946815598874,0.72263453064401684,,,
2002-05-13T00:00:00,EURGBP,63,0.89547276043856505,0.88896325479884164,success,64,90.812066476442325,88.664162376772069,false,false,56.004685052327027,228.76957361796013,,,
2002-05-14T00:00:00,EURGBP,63,0.92546285075339418,0.87800349095001107,success,64,90.812066276257852,88.293069933408049,false,false,55.314219929850694,24.557153097007241,,,
2002-05-15T00:00:00,EURGBP,63,0.90887084755262404,0.85787306457612456,success,64,90.81206626668714,88.512141022490638,false,false,54.046003068295846,21.169561919207457,,,
2002-05-16T00:00:00,EURGBP,63,0.86369996897917933,0.55107269885050758,success,64,90.812066739450003,88.965699855374652,false,false,34.717580027581981,0.16968229371610835,,,
2002-05-17T00:00:00,EURGBP,63,0.94776635518382102,0.8257037897172177,success,64,90.812066284460528,87.913685097330941,false,false,52.019338752184716,56.612750759367941,,,
2002-05-20T00:00:00,EURGBP,63,0.93808371393822898,0.81041061501093248,success,64,90.812066261016312,88.09401031658355,false,false,51.055868745688748,19.192846269912167,,,
2002-05-21T00:00:00,EURGBP,63,0.93334295129675737,0.79416175355188268,success,64,90.812066912103077,88.172854997720904,false,false,50.032190473768608,42.178793763305151,,,
2002-05-22T00:00:00,EURGBP,63,0.94530695368534401,0.7783662032579507,success,64,90.812066256935353,87.962293140769617,false,false,49.037070805250892,36.410928429659222,,,
2002-05-23T00:00:00,EURGBP,63,0.93146454078137497,0.76237936629758107,success,64,90.812066632063093,88.202659773698841,false,false,48.029900076747609,38.417496147492741,,,
2002-05-24T00:00:00,EURGBP,63,0.92653864637262662,0.74992327692080252,success,64,90.812066237883769,88.277369947756284,false,false,47.245166446010558,19.295628652871176,,,
2002-05-27T00:00:00,EURGBP,63,0.89385495487563282,0.73093508400391638,success,64,90.812066524572913,88.681329514434537,false,false,46.048910292246731,21.029302390358325,,,
2002-05-28T00:00:00,EURGBP,63,0.92336240333422559,0.71476698838986674,success,64,90.812067434691855,88.3231334153445,false,false,45.030320268561603,14.204865912494377,,,
2002-05-29T00:00:00,EURGBP,63,0.93018336965599224,0.45774753196730023,success,64,90.812066218954527,88.222556719036987,false,false,28.838094513939915,0.13743474206702849,,,
2002-05-30T00:00:00,EURGBP,63,0.87186523240374147,0.54034083944846056,success,64,90.812066297081913,88.894514016997292,false,false,34.041472885253015,15.363581055456262,,,
2002-05-31T00:00:00,EURGBP,63,0.84378781214608523,0.52433854871698704,success,64,90.812066492241826,89.125380698259249,false,false,33.03332856917018,17.682213757707327,,,
2002-06-03T00:00:00,EURGBP,63,0.90313361661131786,0.65014625155501127,success,64,90.812066233549103,88.579528259461711,false,false,40.959213847965707,12.517383094496758,,,
2002-06-04T00:00:00,EURGBP,63,0.93530101377343078,0.63535107480607611,success,64,90.812066368470909,88.140943483681198,false,false,40.027117712782797,15.090493437364364,,,
2002-06-05T00:00:00,EURGBP,63,0.91828485384829361,0.62052119245378035,success,64,90.812066332447046,88.392798063747051,false,false,39.092835124588163,15.631436084278123,,,
2002-06-06T00:00:00,EURGBP,63,0.8045766579096989,0.714401560435445,success,64,90.812066278498051,89.396918220663267,false,false,45.007298307433032,77.943443088025134,,,
2002-06-07T00:00:00,EURGBP,63,0.98335134113605271,0.58783032866023477,success,64,90.81206632420465,86.733429515157212,false,false,37.033310705594793,17.259113736183235,,,
2002-06-10T00:00:00,EURGBP,63,0.98579941490562084,0.57192508629027761,success,64,90.812066406944268,86.571896673783442,false,false,36.031280436287489,17.402619390944668,,,
2002-06-11T00:00:00,EURGBP,63,0.95697041553241868,0.4128056227519305,success,64,90.812066345201984,87.710181757982667,false,false,26.006754233371623,131.20677984975245,,,
2002-06-12T00:00:00,EURGBP,63,0.98959322708356101,0.54068086588900865,success,64,90.81206626416342,86.257229123350172,false,false,34.062894551007545,17.774212710896947,,,
2002-06-13T00:00:00,EURGBP,63,0.96544178115515156,0.3969552427537289,success,64,90.812066267476183,87.482125871145328,false,false,25.008180293484919,0.25902831041259428,,,
2002-06-14T00:00:00,EURGBP,63,0.98521430078429817,0.50857436056043559,success,64,90.812066290880381,86.612867553545641,false,false,32.04018471530744,16.633802473300904,,,
2002-06-17T00:00:00,EURGBP,63,0.94410595421327381,0.36475965085526985,success,64,90.812066281339284,87.985285740904175,false,false,22.979858003882001,0.27943342632276219,,,
2002-06-18T00:00:00,EURGBP,63,0.97416938282324705,0.47733631678545757,success,64,90.812066362370231,87.182041670129706,false,false,30.072187957483827,17.158600745385289,,,
2002-06-19T00:00:00,EURGBP,63,0.75147313876601896,0.57144346453567652,success,64,90.812066321439659,89.70558178956901,false,false,36.000938265747621,492.67199728197323,,,
2002-06-20T00:00:00,EURGBP,63,0.97667780641836854,0.44465705681635509,success,64,90.812066462675048,87.077315064958924,false,false,28.013394579430372,16.223952529099655,,,
2002-06-21T00:00:00,EURGBP,63,0.78082175731719827,0.53973709903461409,success,64,90.812066238959289,89.541604631145688,false,false,34.003437239180684,144.65695322051326,,,
2002-06-24T00:00:00,EURGBP,63,0.75807798036421059,0.52392938540210676,success,64,90.812066270510968,89.669895455008628,false,false,33.007551280332727,61.57728205357153,,,
2002-06-25T00:00:00,EURGBP,63,0.95036767585767279,0.25896713264858362,success,64,90.81206650139454,87.85985988234394,false,false,16.31492935686077,14.426768923353841,,,
2002-06-26T00:00:00,EURGBP,63,0.99121256668116986,0.38094475185057003,success,64,90.812066281227715,86.086459941667044,false,false,23.999519366585911,16.319031912826141,,,
2002-06-27T00:00:00,EURGBP,63,0.98492745804806159,0.36503355747888011,success,64,90.812066227640727,86.632372910553016,false,false,22.997114121169446,16.298712048725335,,,
2002-06-28T00:00:00,EURGBP,63,0.97642374102662632,0.34913175734538532,success,64,90.812066533255191,87.088410110168624,false,false,21.995300712759274,16.899630554417019,,,
2002-07-01T00:00:00,EURGBP,63,0.77258701189709811,0.44452203567876558,success,64,90.812066299757106,89.589089355921644,false,false,28.004888247762231,100.67106615287655,,,
2002-07-02T00:00:00,EURGBP,63,0.96693097369664061,0.31784130821008916,success,64,90.812066502959524,87.436536475017647,false,false,20.024002417235618,17.434107982517695,,,
2002-07-03T00:00:00,EURGBP,63,0.74392693358278639,0.85777136055824699,success,64,90.812066459230991,89.745586456219087,false,false,54.039595715169561,15.700247866817673,,,
2002-07-04T00:00:00,EURGBP,63,0.72296427739842928,0.39692347798758071,success,64,90.812066376914501,89.852853025163512,false,false,25.006179113217584,69.126624061462977,,,
2002-07-05T00:00:00,EURGBP,63,0.5959694340240087,0.54458626676842359,success,64,90.812066284116966,90.423367437016978,false,false,34.308934806410683,23.715218603475758,,,
2002-07-08T00:00:00,EURGBP,63,0.586511523314449,0.52901458934741097,success,64,90.812066238130811,90.462503568961182,false,false,33.32791912888689,23.127702661781449,,,
2002-07-09T00:00:00,EURGBP,63,0.68057259073966148,0.3492881150171791,success,64,90.812066292018443,90.055661849904496,false,false,22.005151246082285,70.903738294819377,,,
2002-07-10T00:00:00,EURGBP,63,0.55304323287768797,0.49694959400876809,success,64,90.812066365878266,90.599092060698325,false,false,31.30782442255239,20.739559035676614,,,
2002-07-11T00:00:00,EURGBP,63,0.66199433545664788,0.58742663357542968,success,64,90.812066226601672,90.139871881759873,false,false,37.007877915252067,39.686682893929671,,,
2002-07-12T00:00:00,EURGBP,63,0.61209283380677793,0.74629130330039228,success,64,90.812066315035295,90.355948403406714,false,false,47.01635210792471,17.794884759132103,,,
2002-07-15T00:00:00,EURGBP,63,0.61350718672371196,0.55571345647208392,success,64,90.812066258239156,90.34998755334108,false,false,35.009947757741287,21.052279891719948,,,
2002-07-16T00:00:00,EURGBP,63,0.61221228186343213,0.68323718923542986,success,64,90.812066206792622,90.355445190329178,false,false,43.043942921832084,3.5917582486549207,,,
2002-07-17T00:00:00,EURGBP,63,0.65461550573374305,0.49654978210014755,success,64,90.812067753182887,90.172677976652793,false,false,31.282636272309297,1.2017699403192381,,,
2002-07-18T00:00:00,EURGBP,63,0.65355020817355591,0.47938313216948902,success,64,90.812066534975159,90.177385082413309,false,false,30.201137326677809,1.161954136719709,,,
2002-07-19T00:00:00,EURGBP,63,0.60936708279231888,0.49226490997873762,success,64,90.81206632931243,90.367413768322464,false,false,31.012689328660471,15.810600648946792,,,
2002-07-22T00:00:00,EURGBP,63,0.63320425804734115,0.59750672166314533,success,64,90.812066272033363,90.266078351080623,false,false,37.642923464778157,0.82763150849133815,,,
2002-07-23T00:00:00,EURGBP,63,0.62621728653216124,0.63500550128781919,success,64,90.812066282675403,90.296043517262845,false,false,40.005346581132606,56.100777295361802,,,
2002-07-24T00:00:00,EURGBP,63,0.66902230634907744,0.56447183925031741,success,64,90.812066281246572,90.108299861173961,false,false,35.561725872769998,0.75229818122322367,,,
2002-07-25T00:00:00,EURGBP,63,0.65958812238378894,0.54603980023518217,success,64,90.812066317132718,90.150607023116194,false,false,34.400507414816474,0.75961754025616868,,,
2002-07-26T00:00:00,EURGBP,63,0.67762296218298201,0.52896725601544026,success,64,90.812066844484477,90.069197599645733,false,false,33.324937128972735,0.71424958769738423,,,
2002-07-29T00:00:00,EURGBP,63,0.67986708274455965,0.51174168856520619,success,64,90.812066256149251,90.058905219613564,false,false,32.239726379607987,0.70251531671745404,,,
2002-07-30T00:00:00,EURGBP,63,0.68697802992616674,0.49216793520029245,success,64,90.812066506952448,90.026037574976471,false,false,31.006579917618424,0.68896417899022411,,,
2002-07-31T00:00:00,EURGBP,63,0.77846120163564914,0.38097716148551219,success,64,90.403406915204314,89.146685498567905,false,false,24.00156117358727,20302.970664507113,,,
2002-08-01T00:00:00,EURGBP,63,0.6939902285055245,0.34946858961143379,success,64,90.812046447005542,89.993205600992098,false,false,22.016521145520329,18.790735012923687,,,
2002-08-02T00:00:00,EURGBP,63,0.65546663369523006,0.47642483857076789,success,64,90.812066255841572,90.168909796059197,false,false,30.014764829958377,18.778469650513973,,,
2002-08-05T00:00:00,EURGBP,63,0.64028287909571446,0.46070910754734401,success,64,90.812066258226452,90.23547412823936,false,false,29.024673775482672,9.912843188213202,,,
2002-08-06T00:00:00,EURGBP,63,0.62827863267614359,0.44475417038918746,success,64,90.812066256000477,90.287227066377781,false,false,28.019512734518809,11.096816456218047,,,
2002-08-07T00:00:00,EURGBP,63,0.66573464273954563,0.42869677790287242,success,64,90.812067790267136,90.123111793805819,false,false,27.007897007880963,37.923443335756986,,,
2002-08-08T00:00:00,EURGBP,63,0.70534831328456615,0.38869953686112851,success,64,90.81206628853559,89.93916848207364,false,false,24.488070822251096,0.70020310317241252,,,
2002-08-09T00:00:00,EURGBP,63,0.74401720263727988,0.76682134707897953,success,64,90.812066236944986,89.745112324974713,false,false,48.309744865975709,13.31827895690803,,,
2002-08-12T00:00:00,EURGBP,63,0.76635153366138087,0.74609227462231764,success,64,90.812066249710469,89.62424296921165,false,false,47.003813301206009,150.43595934051433,,,
2002-08-13T00:00:00,EURGBP,63,0.6259824919891821,0.79819988225094973,success,64,90.81206980108152,90.297050007622929,false,false,50.286592581809835,14.782680510497984,,,
2002-08-14T00:00:00,EURGBP,63,0.72061288748338215,0.71437833609723844,success,64,90.812067077215005,89.864563314874289,false,false,45.00583517412602,82.870303616193496,,,
2002-08-15T00:00:00,EURGBP,63,0.72818122088571124,0.82540480105251635,success,64,90.812066329519709,89.826651973507211,false,false,52.000502466308532,1033.6549765837437,,,
2002-08-16T00:00:00,EURGBP,63,0.71590899134427621,0.682630349907834,success,64,90.812066279875665,89.887807867895091,false,false,43.005712044193544,81.775538080950142,,,
2002-08-19T00:00:00,EURGBP,63,0.67387669699302299,0.66689577927421917,success,64,90.812066290673997,90.086294678582988,false,false,42.014434094275806,27.832998936842916,,,
2002-08-20T00:00:00,EURGBP,63,0.66966352291525366,0.65091226117089185,success,64,90.812066370977007,90.105402751866052,false,false,41.007472453766184,52.047836544583042,,,
2002-08-21T00:00:00,EURGBP,63,0.63372054056214444,0.63508780829597511,success,64,90.812066379586284,90.263854902503141,false,false,40.010531922646429,31.32396930830873,,,
2002-08-22T00:00:00,EURGBP,63,0.62486388246224678,0.61922635715733854,success,64,90.812066230421934,90.301821332674947,false,false,39.011260500912329,27.620556051564868,,,
2002-08-23T00:00:00,EURGBP,63,0.59942924102156592,0.60333085307648582,success,64,90.812066235063554,90.408978725054396,false,false,38.009843743818607,26.760490349789421,,,
2002-08-26T00:00:00,EURGBP,63,0.61932660949330498,0.58735495923060133,success,64,90.812066560030402,90.325375550680093,false,false,37.003362431527883,87.701201939962587,,,
2002-08-27T00:00:00,EURGBP,63,0.61634974291454681,0.57152655547006714,success,64,90.812066306090301,90.33798308792997,false,false,36.006172994614232,46.748969435007112,,,
2002-08-28T00:00:00,EURGBP,63,0.59905322174252462,0.5556872440703553,success,64,90.812067705439816,90.410545956230408,false,false,35.008296376432384,29.696023212909761,,,
2002-08-29T00:00:00,EURGBP,63,0.60335066534283099,0.53973804201788989,success,64,90.812066356022328,90.392620396096873,false,false,34.003496647127065,70.156553147036945,,,
2002-08-30T00:00:00,EURGBP,63,0.59457879286909465,0.38444125499958054,success,64,90.812067203962641,90.429140504518884,false,false,24.219799064973575,0.43003083412843129,,,
2002-09-02T00:00:00,EURGBP,63,0.57583468143449379,0.50802576868214255,success,64,90.812066294136642,90.506368967551808,false,false,32.005623426974978,30.386380350351551,,,
2002-09-03T00:00:00,EURGBP,63,0.63221014761538574,0.31288206357173493,success,64,90.812066261899673,90.270356132726249,false,false,19.711570005019301,1.3280732711696734,,,
2002-09-04T00:00:00,EURGBP,63,0.59955155072088862,0.39568729779616113,success,64,90.812066233036035,90.40846931505574,false,false,24.928299761158151,1.5528610488077104,,,
2002-09-05T00:00:00,EURGBP,63,0.51840098980226701,0.59222191500859434,success,64,90.81206622332887,90.738429007707069,false,false,37.309980645541444,22.65325067838684,,,
2002-09-06T00:00:00,EURGBP,63,0.60469817148659588,0.57142964832275156,success,64,90.812066272339578,90.386986424827271,false,false,36.000067844333351,2302.2666081976272,,,
2002-09-09T00:00:00,EURGBP,63,0.50938224122057441,0.49765237174212046,success,64,90.812066277552589,90.774532907017417,false,false,31.352099419753589,20.122682700027127,,,
2002-09-10T00:00:00,EURGBP,63,0.5130559663605837,0.54364764422644474,success,64,90.812066272710169,90.75983053309092,false,false,34.249801586266017,12.10298989026205,,,
2002-09-11T00:00:00,EURGBP,63,0.5603860610878143,0.51152546764032647,success,64,90.812067520004305,90.569338509197138,false,false,32.226104461340569,2.5850105010725439,,,
2002-09-12T00:00:00,EURGBP,63,0.56475508262626251,0.4949000544065838,success,64,90.812066299853399,90.551583045857896,false,false,31.178703427614778,2.5931443065939757,,,
2002-09-13T00:00:00,EURGBP,63,0.52375269116319578,0.40770833318599192,success,64,90.812066332134094,90.716983998340439,false,false,25.685624990717493,22.110281596434842,,,
2002-09-16T00:00:00,EURGBP,63,0.8695835625463112,0.66636655171446668,success,64,90.812066233366735,88.914784495695145,false,false,41.9810927580114,37.064920433078882,,,
2002-09-17T00:00:00,EURGBP,63,0.57691589294479995,0.48696971973820796,success,64,90.812066417501597,90.501940921672428,false,false,30.679092343507101,19.401386183456516,,,
2002-09-18T00:00:00,EURGBP,63,0.52513585195959445,0.40920002219448759,success,64,90.812067507404109,90.711439271651415,false,false,25.779601398252719,13.741890551534874,,,
2002-09-19T00:00:00,EURGBP,63,0.55115982336460312,0.41268133108039501,success,64,90.81206629192576,90.6067083346136,false,false,25.998923858064884,44.383447104756648,,,
2002-09-20T00:00:00,EURGBP,63,0.58766333772365364,0.43955819444280703,success,64,90.812066326570289,90.45775225465421,false,false,27.692166249896843,23.364715562663914,,,
2002-09-23T00:00:00,EURGBP,63,0.88970690449488954,0.58709088976930623,success,64,90.812066307403256,88.724315546592351,false,false,36.986726055466292,52.947195533857006,,,
2002-09-24T00:00:00,EURGBP,63,0.88225331478696611,0.585878911215863,success,64,90.812066276186997,88.798122637885015,false,false,36.910371406599367,0.79599724067495181,,,
2002-09-25T00:00:00,EURGBP,63,0.80293514592211135,0.55445459450766821,success,64,90.812066541899739,89.407325479022205,false,false,34.930639453983098,0.99983807851280593,,,
2002-09-26T00:00:00,EURGBP,63,0.90502100751016501,0.53953363919017538,success,64,90.812066289983676,88.557763869296124,false,false,33.99061926898105,76.826537692020906,,,
2002-09-27T00:00:00,EURGBP,63,0.92966536579506953,0.52359575222811738,success,64,90.812066269843157,88.230505910614568,false,false,32.986532390371394,57.552260239790762,,,
2002-09-30T00:00:00,EURGBP,63,0.79315038224449086,0.76102200892530258,success,64,90.812066554793773,89.468045758982157,false,false,47.944386562294063,11.225913072902106,,,
2002-10-01T00:00:00,EURGBP,63,0.83889956830024892,0.7459540821025461,success,64,90.812066332441717,89.1620033070716,false,false,46.995107172460408,143.16322328538425,,,
2002-10-02T00:00:00,EURGBP,63,0.95851632177488078,0.47597918237103554,success,64,90.812067838643827,87.671981301942637,false,false,29.98668848937524,64.217731160382456,,,
2002-10-03T00:00:00,EURGBP,63,0.96831590039128479,0.4602070811976679,success,64,90.812066333726378,87.392322921723434,false,false,28.993046115453076,128.56842510602527,,,
2002-10-04T00:00:00,EURGBP,63,0.96124233251760105,0.44430185754361395,success,64,90.812069763729639,87.601171826255353,false,false,27.991017025247679,96.376339294907979,,,
2002-10-07T00:00:00,EURGBP,63,0.96745815753065545,0.42843506472907161,success,64,90.812066321759445,87.419920867685235,false,false,26.991409077931511,103.51223973028468,,,
2002-10-08T00:00:00,EURGBP,63,0.95972433037833405,0.4123445002339447,success,64,90.812066249681791,87.641167717474048,false,false,25.977703514738515,38.421388411575698,,,
2002-10-09T00:00:00,EURGBP,63,0.96677920519439531,0.40191826970558764,success,64,90.812066201523777,87.44127209124072,false,false,25.320850991452023,0.79947122400547777,,,
2002-10-10T00:00:00,EURGBP,63,0.96308013787259572,0.37155688099417744,success,64,90.812067195629069,87.550680245662477,false,false,23.408083502633179,6.2273983550543184,,,
2002-10-11T00:00:00,EURGBP,63,0.96684818735953715,0.354379572300205,success,64,90.81206627873425,87.439122184119753,false,false,22.325913054912917,6.8318271247458195,,,
2002-10-14T00:00:00,EURGBP,63,0.97623707228624701,0.35273644663606779,success,64,90.812066228633043,87.096487476962466,false,false,22.22239613807227,0.79406318277208521,,,
2002-10-15T00:00:00,EURGBP,63,0.98104998379271413,0.33559015347221349,success,64,90.812066333405397,86.865247710053453,false,false,21.142179668749449,0.78737769304533656,,,
2002-10-16T00:00:00,EURGBP,63,0.97918593290740374,0.30696115478708369,success,64,90.812066345941957,86.960973860836916,false,false,19.338552751586274,6.8941366323942361,,,
2002-10-17T00:00:00,EURGBP,63,0.956719627001962,0.29108344609692971,success,64,90.812066547458286,87.716255422424695,false,false,18.338257104106571,6.6256511304242345,,,
2002-10-18T00:00:00,EURGBP,63,0.95117279096690832,0.27484857612972546,success,64,90.812066238512017,87.842658218132058,false,false,17.315460296172706,5.7300805849525451,,,
2002-10-21T00:00:00,EURGBP,63,0.92804736156374401,0.27709564427360384,success,64,90.812066300195852,88.254991635618723,false,false,17.457025589237041,0.71085531796150903,,,
2002-10-22T00:00:00,EURGBP,63,0.73843595352984182,0.61871651975776409,success,64,90.812066358778893,89.774211158743398,false,false,38.979140744739141,22.024836286875985,,,
2002-10-23T00:00:00,EURGBP,63,0.94865003452703689,0.23640773699024401,success,64,90.812066341824334,87.895690648106253,false,false,14.893687430385372,8.3903625703868752,,,
2002-10-24T00:00:00,EURGBP,63,0.75308366682697514,0.58713111924818906,success,64,90.812066333484907,89.696939547685702,false,false,36.989260512635909,44.086559827144754,,,
2002-10-25T00:00:00,EURGBP,63,0.80353731458519095,0.46022209071502657,success,64,90.812066233890292,89.403515126903713,false,false,28.993991715046672,86.642910857422663,,,
2002-10-28T00:00:00,EURGBP,63,0.95262963929971634,0.18973874380022901,success,64,90.812066312185195,87.810836841630632,false,false,11.953540859414428,0.66512446081802956,,,
2002-10-29T00:00:00,EURGBP,63,0.96923841766844299,0.16853682559827352,success,64,90.812066815250745,87.361822773080988,false,false,10.617820012691231,0.62080701788207526,,,
2002-10-30T00:00:00,EURGBP,63,0.74798333719225618,0.5237205824688681,success,64,90.812066501706937,89.72418100803992,false,false,32.99439669553869,81.997055105553983,,,
2002-10-31T00:00:00,EURGBP,63,0.78207026924659617,0.50780290517288973,success,64,90.81206625644559,89.53429433639981,false,false,31.991583025892055,60.521174026028241,,,
2002-11-01T00:00:00,EURGBP,63,0.7318428938721524,0.49193519590742973,success,64,90.812069353687832,89.808076514267469,false,false,30.991917342168072,53.971314578050986,,,
2002-11-04T00:00:00,EURGBP,63,0.69073750297877567,0.47553736865947427,success,64,90.812066259253427,90.008496808769067,false,false,29.958854225546879,9.1441526693015849,,,
2002-11-05T00:00:00,EURGBP,63,0.78417249542649226,0.57915836361299511,success,64,90.812066258486624,89.521916741364237,false,false,36.48697690761869,0.34264051183225241,,,
2002-11-06T00:00:00,EURGBP,63,0.776750278893931,0.56354746893903807,success,64,90.803778719544511,89.556950782729942,false,false,35.503490543159401,0.35444185558251429,,,
2002-11-07T00:00:00,EURGBP,63,0.71354776875970671,0.75098167991588005,success,64,90.812066293009835,89.899388698533372,false,false,47.311845834700442,23.297176543832535,,,
2002-11-08T00:00:00,EURGBP,63,0.81828568401911728,0.904782338150945,success,64,90.812066206250577,89.307290445059422,false,false,57.001287303509535,643.89175017598382,,,
2002-11-11T00:00:00,EURGBP,63,0.6965311170922126,0.57184314588920426,success,64,90.812066283081379,89.981232892245302,false,false,36.026118191019869,13.806361277133758,,,
2002-11-12T00:00:00,EURGBP,63,0.78045164321396188,0.51251831788345081,success,64,90.812066203511023,89.543765934155161,false,false,32.288654026657404,0.42010572185357126,,,
2002-11-13T00:00:00,EURGBP,63,0.71303015795983327,0.53992034206886474,success,64,90.81206631786192,89.901919731302172,false,false,34.014981550338476,25.797721222163506,,,
2002-11-14T00:00:00,EURGBP,63,0.67824374870989512,0.52417690314851184,success,64,90.812066543604701,90.066354084218077,false,false,33.023144898356243,14.171915994130257,,,
2002-11-15T00:00:00,EURGBP,63,0.77112565829382329,0.45990390945865084,success,64,90.812066888117798,89.597388673683611,false,false,28.973946295895004,0.4104866070883087,,,
2002-11-18T00:00:00,EURGBP,63,0.76429963977718551,0.43865343958662828,success,64,90.812066361736356,89.635667789049933,false,false,27.635166693957583,0.40142982092184437,,,
2002-11-19T00:00:00,EURGBP,63,0.77804134171191086,0.42150702860213735,success,64,90.812066296220209,89.557777775609352,false,false,26.554942801934654,0.37350820948168489,,,
2002-11-20T00:00:00,EURGBP,63,0.77549784633114804,0.40690303851700299,success,64,90.812066325775064,89.572446420614213,false,false,25.634891426571187,0.37870759037104063,,,
2002-11-21T00:00:00,EURGBP,63,0.69651302527040615,0.58739258156962171,success,64,90.812067159376383,89.98131935800447,false,false,37.005732638886165,62.848707968037608,,,
2002-11-22T00:00:00,EURGBP,63,0.690802832419668,0.57143633685413708,success,64,90.812066435527697,90.008191145255125,false,false,36.000489221810639,729.17738488430928,,,
2002-11-25T00:00:00,EURGBP,63,0.70755759890343695,0.55562840314210515,success,64,90.812066258127516,89.928514947999005,false,false,35.004589397952621,81.678904389370885,,,
2002-11-26T00:00:00,EURGBP,63,0.81449972936951331,0.54010322923050047,success,64,90.786179373970739,89.306661619165368,false,false,34.026503441521527,16.495252511626596,,,
2002-11-27T00:00:00,EURGBP,63,0.83841909220208954,0.33922570263412893,success,64,90.808268865968572,89.161756774765905,false,false,21.371219265950124,0.31124394288160273,,,
2002-11-28T00:00:00,EURGBP,63,0.82219069478990381,0.32146450055833409,success,64,90.788256022045815,89.256995322074616,false,false,20.252263535175047,0.32213188889779443,,,
2002-11-29T00:00:00,EURGBP,63,0.82897586430739822,0.3077502767447251,success,64,90.807869592524355,89.229483242981885,false,false,19.388267434917683,0.32631453553032608,,,
2002-12-02T00:00:00,EURGBP,63,0.78420327845558713,0.79853258424927664,success,64,90.803568211692578,89.513236801812766,false,false,50.307552807704425,0.79373932844504191,,,
2002-12-03T00:00:00,EURGBP,63,0.87268004525330456,0.7902272947797655,success,64,90.81197017709431,88.887104435699101,false,false,49.784319571125224,0.72097957223755516,,,
2002-12-04T00:00:00,EURGBP,63,0.84532657909133446,0.81002922806915456,success,64,90.812066250431087,89.113659145880661,false,false,51.031841368356737,22.660439201619845,,,
2002-12-05T00:00:00,EURGBP,63,0.86814959118750923,0.75670384027939541,success,64,90.81206627878305,88.927370252275978,false,false,47.672341937601914,0.79563427340356929,,,
2002-12-06T00:00:00,EURGBP,63,0.88983543528785547,0.58798259477741077,success,64,90.81206627030312,88.723005019517643,false,false,37.042903470976881,15.560854638439208,,,
2002-12-09T00:00:00,EURGBP,63,0.89404256640541324,0.57159189541316535,success,64,90.8120662925933,88.679350348723304,false,false,36.010289411029419,65.72032251879854,,,
2002-12-10T00:00:00,EURGBP,63,0.87682848340584507,0.5556421473956652,success,64,90.812066386673266,88.849332813264311,false,false,35.005455285926907,117.76605054325934,,,
2002-12-11T00:00:00,EURGBP,63,0.85377575429676189,0.54012950484206124,success,64,90.812067469712062,89.047540266044365,false,false,34.028158805049856,21.369544463198039,,,
2002-12-12T00:00:00,EURGBP,63,0.8939338868516834,0.52391311961498155,success,64,90.812066224971147,88.680497013232554,false,false,33.006526535743838,103.61883078182207,,,
2002-12-13T00:00:00,EURGBP,63,0.88651841951946975,0.19085564165712593,success,64,90.812066466060799,88.756405100199075,false,false,12.023905424398933,38.256584808292828,,,
2002-12-16T00:00:00,EURGBP,63,0.93380605980543585,0.17492169180589459,success,64,90.81206627275192,88.165386421738816,false,false,11.02006658377136,56.007317265411174,,,
2002-12-17T00:00:00,EURGBP,63,0.86832822060953119,0.47638446988111344,success,64,90.812066534498499,88.925809063262946,false,false,30.012221602510145,51.86114377426653,,,
2002-12-18T00:00:00,EURGBP,63,0.80801997335455866,0.61911047332112112,success,64,90.812066219022398,89.374870780036787,false,false,39.00395981923063,135.90117724873804,,,
2002-12-19T00:00:00,EURGBP,63,0.8418720462299909,0.44449871195464519,success,64,90.812066998783777,89.139843499462316,false,false,28.003418853142648,174.00513319174118,,,
2002-12-20T00:00:00,EURGBP,63,0.74323109625409689,0.58749687356663838,success,64,90.81206652601054,89.74923597150692,false,false,37.01230303469822,35.207702053938853,,,
2002-12-23T00:00:00,EURGBP,63,0.75239152468100978,0.5722222374548469,success,64,90.81206630756509,89.700658244688412,false,false,36.050000959655357,8.9066745379693923,,,
2002-12-24T00:00:00,EURGBP,63,0.72978859771173477,0.555763709912799,success,64,90.812066358095549,89.818516082142892,false,false,35.01311372450634,31.174053272597909,,,
2002-12-25T00:00:00,EURGBP,63,0.69492788822148732,0.53990619544043583,success,64,90.812066544118125,89.98880664261371,false,false,34.014090312747456,24.849738000320386,,,
2002-12-26T00:00:00,EURGBP,63,0.66234478160299326,0.52414058240046801,success,64,90.81206624530283,90.138305317762672,false,false,33.020856691229483,13.94369029933007,,,
2002-12-27T00:00:00,EURGBP,63,0.71201919331503549,0.34948562670487832,success,64,90.812066296653668,89.906855263162072,false,false,22.017594482407333,22.907092745240895,,,
2002-12-30T00:00:00,EURGBP,63,0.68600359854005821,0.33353519751978006,success,64,90.812066275470627,90.030564927597212,false,false,21.012717443746144,28.2378071777045,,,
2002-12-31T00:00:00,EURGBP,63,0.66260084167265743,0.3176580516037425,success,64,90.81206650745176,90.137160422853924,false,false,20.012457251035777,25.425126415822071,,,
2003-01-01T00:00:00,EURGBP,63,0.66905668814091512,0.43598686633971856,success,64,90.812066265194503,90.108144570463722,false,false,27.46717257940227,0.91063885631991204,,,
2003-01-02T00:00:00,EURGBP,63,0.66390183080631548,0.42026186256253795,success,64,90.812066310512705,90.131335304646754,false,false,26.476497341439892,0.95213667682998193,,,
2003-01-03T00:00:00,EURGBP,63,0.66882813807730912,0.40390231403372301,success,64,90.812066270176842,90.109176597746441,false,false,25.44584578412455,0.92621505797008397,,,
2003-01-06T00:00:00,EURGBP,63,0.66766895024792461,0.38770124458511168,success,64,90.812066299485323,90.114405442164212,false,false,24.425178408862035,0.92903167144587784,,,
2003-01-07T00:00:00,EURGBP,63,0.66964856794419658,0.37088412489851008,success,64,90.812066272791483,90.105470256906344,false,false,23.365699868606136,0.92382572299317878,,,
2003-01-08T00:00:00,EURGBP,63,0.86083810433004915,0.70888464252680483,success,64,90.812066229460413,88.98979774727394,false,false,44.659732479188705,23.707357304317462,,,
2003-01-09T00:00:00,EURGBP,63,0.90640887792955505,0.6981140515458335,success,64,90.812067576336261,88.541512601265865,false,false,43.981185247387508,42.843418357045387,,,
2003-01-10T00:00:00,EURGBP,63,0.54630231220864334,0.4871326966027939,success,64,90.812066299970283,90.626324882407474,false,false,30.689359885976017,22.418174582185411,,,
2003-01-13T00:00:00,EURGBP,63,0.63406902081263095,0.47609987160373707,success,64,90.812066236513843,90.262353156529358,false,false,29.994291911035436,39.858021577883086,,,
2003-01-14T00:00:00,EURGBP,63,0.59561488820259934,0.45525018732397676,success,64,90.81206621097806,90.424839584431425,false,false,28.680761801410537,23.589600913758346,,,
2003-01-15T00:00:00,EURGBP,63,0.53163110648331358,0.43946553417129675,success,64,90.812066261741379,90.685372641219189,false,false,27.686328652791694,23.180356585729079,,,
2003-01-16T00:00:00,EURGBP,63,0.76231406681716196,0.61888386874158785,success,64,90.812066268684902,89.646657830481971,false,false,38.989683730720031,46.69904193463762,,,
2003-01-17T00:00:00,EURGBP,63,0.77841805887536264,0.60309841142856724,success,64,90.812066254426583,89.555594982262377,false,false,37.995199919999735,104.84425616089725,,,
2003-01-20T00:00:00,EURGBP,63,0.76458188367716984,0.58194420647766376,success,64,90.812066333771526,89.634100358251686,false,false,36.662485008092816,22.576754688152516,,,
2003-01-21T00:00:00,EURGBP,63,0.83599742985634462,0.57140567964089017,success,64,90.812066514487256,89.183323075050851,false,false,35.998557817376081,409.12463776392491,,,
2003-01-22T00:00:00,EURGBP,63,0.81275852289709793,0.55552423042408794,success,64,90.812066319289471,89.344031378889611,false,false,34.998026516717538,276.96116754841057,,,
2003-01-23T00:00:00,EURGBP,63,0.85197309260300647,0.53922220430901047,success,64,90.812066253753699,89.061905372850674,false,false,33.970998871467657,21.009724522062118,,,
2003-01-24T00:00:00,EURGBP,63,0.81936321417548763,0.52370775675972747,success,64,90.81206716984849,89.300028006331559,false,false,32.993588675862831,86.084707626879762,,,
2003-01-27T00:00:00,EURGBP,63,0.7782053021381099,0.50781405845198058,success,64,90.812066248363436,89.556828044089613,false,false,31.99228568247478,62.778072619263504,,,
2003-01-28T00:00:00,EURGBP,63,0.7705672813196518,0.49181026017307333,success,64,90.812066260619162,89.600549109764344,false,false,30.984046390903622,29.575464791026846,,,
2003-01-29T00:00:00,EURGBP,63,0.76193223703368496,0.47582982791596701,success,64,90.812066320178502,89.648764047716242,false,false,29.977279158705922,20.095391175808711,,,
2003-01-30T00:00:00,EURGBP,63,0.70094889126342452,0.45998424986005909,success,64,90.812066395104097,89.960245910066305,false,false,28.979007741183722,17.029436468969099,,,
2003-01-31T00:00:00,EURGBP,63,0.68877557426919445,0.44420817339251706,success,64,90.812066274243278,90.017665061116531,false,false,27.985114923728574,22.66753977605142,,,
2003-02-03T00:00:00,EURGBP,63,0.70580076675595171,0.42830434219758695,success,64,90.812066242720974,89.936990447039506,false,false,26.983173558447977,21.871694590263598,,,
2003-02-04T00:00:00,EURGBP,63,0.9063905637501859,0.47701735678781232,success,64,90.792064121432063,88.521725015499754,false,false,30.052093477632177,0.31807136898756044,,,
2003-02-05T00:00:00,EURGBP,63,0.86552938419414427,0.47192320386511855,success,64,90.812066326348827,88.950070707095762,false,false,29.73116184350247,0.30211610197130767,,,
2003-02-06T00:00:00,EURGBP,63,0.82088758230413672,0.48407797998414548,success,64,90.812066295419328,89.289693763640102,false,false,30.496912739001164,0.2348633883488693,,,
2003-02-07T00:00:00,EURGBP,63,0.827490256667329,0.45724265331334862,success,64,90.812066636973924,89.244123022176424,false,false,28.806287158740965,0.240828703985004,,,
2003-02-10T00:00:00,EURGBP,63,0.84089689420611569,0.44443905771642761,success,64,90.812066334957279,89.147149737712397,false,false,27.999660636134941,0.21224249003615347,,,
2003-02-11T00:00:00,EURGBP,63,0.85607763247228674,0.43072758137310929,success,64,90.812066211024046,89.02897918666477,false,false,27.135837626505886,0.1978818186127293,,,
2003-02-12T00:00:00,EURGBP,63,0.63324556748429917,0.6192089690422834,success,64,90.812066220837977,90.265900434493133,false,false,39.010165049663854,26.275384931392267,,,
2003-02-13T00:00:00,EURGBP,63,0.70194271623779825,0.60345434846958579,success,64,90.812066294707137,89.955500190233735,false,false,38.017623953583907,21.873811293756205,,,
2003-02-14T00:00:00,EURGBP,63,0.78637159655115663,0.74650085647945508,success,64,90.812066536270208,89.508875159605495,false,false,47.029553958205668,18.377108816338186,,,
2003-02-17T00:00:00,EURGBP,63,0.68900187691904891,0.5716375063987853,success,64,90.812066219179144,90.016609101100201,false,false,36.013162903123472,27.146557441431575,,,
2003-02-18T00:00:00,EURGBP,63,0.66084824812253129,0.55573203694985407,success,64,90.812066219843118,90.144989638461794,false,false,35.011118327840805,27.754518495408121,,,
2003-02-19T00:00:00,EURGBP,63,0.66905934352405727,0.53979054875435262,success,64,90.81206630403392,90.108132616752826,false,false,34.006804571524214,47.099816456494693,,,
2003-02-20T00:00:00,EURGBP,63,0.73067397336081241,0.52389737058663743,success,64,90.812066231059163,89.814021512341853,false,false,33.005534346958157,75.47589252050625,,,
2003-02-21T00:00:00,EURGBP,63,0.8271834861646542,0.66676851586921093,success,64,90.812066414149896,89.2462702921096,false,false,42.006416499760292,89.738211517486548,,,
2003-02-24T00:00:00,EURGBP,63,0.83756549390518198,0.49229699647518765,success,64,90.812067081463439,89.171842500255053,false,false,31.014710777936823,39.96318456526803,,,
2003-02-25T00:00:00,EURGBP,63,0.88654021819656559,0.63513230283419009,success,64,90.812066848096833,88.756188784997747,false,false,40.013335078553979,50.235399352404933,,,
2003-02-26T00:00:00,EURGBP,63,0.87520795675467988,0.61937829665294519,success,64,90.812066341742081,88.864253516615506,false,false,39.020832689135545,30.934917159185989,,,
2003-02-27T00:00:00,EURGBP,63,0.63913405556588376,0.71948525544391873,success,64,90.812066999973794,90.240459322290434,false,false,45.327571092966878,11.371235481400465,,,
2003-02-28T00:00:00,EURGBP,63,0.86814923910737429,0.58748372538221416,success,64,90.812066288022962,88.927373337364699,false,false,37.011474699079493,54.821374799188959,,,
2003-03-03T00:00:00,EURGBP,63,0.9357702205179812,0.53982443070195252,success,64,90.812066222321008,88.133163224889444,false,false,34.008939134223006,86.481184089339806,,,
2003-03-04T00:00:00,EURGBP,63,0.92104045552413849,0.52399788573277728,success,64,90.812066227989547,88.355497893107625,false,false,33.01186680116497,61.98822288688806,,,
2003-03-05T00:00:00,EURGBP,63,0.96547441169768444,0.5398921801295461,success,64,90.812067988694153,87.481149128863763,false,false,34.013207348161401,66.190858299826175,,,
2003-03-06T00:00:00,EURGBP,63,0.94654269624200649,0.36512906436528481,success,64,90.812066408494914,87.938133603940841,false,false,23.003131055012943,280.51331408186383,,,
2003-03-07T00:00:00,EURGBP,63,0.96069946441708753,0.47686557550638209,success,64,90.812066267001029,87.615642785924138,false,false,30.042531256902073,20.38640846045087,,,
2003-03-10T00:00:00,EURGBP,63,0.95508222494031758,0.4615025507445451,success,64,90.812066234150066,87.755102395431678,false,false,29.074660696906342,11.411544081638953,,,
2003-03-11T00:00:00,EURGBP,63,0.95959795740228548,0.44468158804469404,success,64,90.812066282516824,87.644432223184808,false,false,28.014940046815724,58.63175832568681,,,
2003-03-12T00:00:00,EURGBP,63,0.98481176703191076,0.43419157067534925,success,64,90.809096182871059,86.637166640630383,false,false,27.354068952547003,6.1087977863576111,,,
2003-03-13T00:00:00,EURGBP,63,0.98816391906836776,0.43166789285791413,success,64,90.52049987156866,86.095803849860658,false,false,27.195077250048591,1.0948623989046522,,,
2003-03-14T00:00:00,EURGBP,63,0.97602476042554165,0.54442911483390133,success,64,90.780202183832358,87.073735841850308,false,false,34.299034234535782,1.8502829953886537,,,
2003-03-17T00:00:00,EURGBP,63,0.95767150595546835,0.71439030510767321,success,64,90.810518107254538,87.691473761095637,false,false,45.006589221783415,121.63763362112587,,,
2003-03-18T00:00:00,EURGBP,63,0.94997423931208458,0.69850082872838881,success,64,90.81206628877716,87.868169507573242,false,false,44.005552209888492,154.25102507688769,,,
2003-03-19T00:00:00,EURGBP,63,0.98459808475930977,0.38098853907128227,success,64,90.812066265107703,86.65432461094754,false,false,24.002277961490783,470.39540282990384,,,
2003-03-20T00:00:00,EURGBP,63,0.97640562312206203,0.36514307339864294,success,64,90.812066320880902,87.089196639100663,false,false,23.004013624114506,253.71554828900378,,,
2003-03-21T00:00:00,EURGBP,63,0.97442555356914817,0.28025579077292756,success,64,90.812066370945772,87.171811916077672,false,false,17.656114818694437,0.034168656764925157,,,
2003-03-24T00:00:00,EURGBP,63,0.95418543956577517,0.22752557650444094,success,64,90.812066278019699,87.77581019837217,false,false,14.33411131977978,0.032803301506876915,,,
2003-03-25T00:00:00,EURGBP,63,0.91302179248749604,0.1972275448329234,success,64,90.812066279646189,88.460964129152075,false,false,12.425335324474174,0.03990129643621642,,,
2003-03-26T00:00:00,EURGBP,63,0.87067817092140531,0.31901490334603666,success,64,90.812066280963691,88.90509796274209,false,false,20.097938910800309,0.089169982089404951,,,
2003-03-27T00:00:00,EURGBP,63,0.87379659429181011,0.24086096806043117,success,64,90.812066256635774,88.877113574046419,false,false,15.174240987807163,0.075650157260890596,,,
2003-03-28T00:00:00,EURGBP,63,0.77750915135079179,0.39125294484882378,success,64,90.812066259793994,89.560856816677742,false,false,24.648935525475899,5.3786665002767844,,,
2003-03-31T00:00:00,EURGBP,63,0.80877517636861951,0.65567195674625267,success,64,90.812066311992808,89.369995159583652,false,false,41.307333275013917,13.793095329290413,,,
2003-04-01T00:00:00,EURGBP,63,0.82250687851582061,0.53982581084792114,success,64,90.81206629133608,89.278641301757133,false,false,34.00902608341903,62.29630913525007,,,
2003-04-02T00:00:00,EURGBP,63,0.80980133655425257,0.61915589767469414,success,64,90.812066298826409,89.363346467742687,false,false,39.006821553505731,80.8402008104554,,,
2003-04-03T00:00:00,EURGBP,63,0.86577258448371952,0.21220748100710304,success,64,90.812066251881845,88.94797947449868,false,false,13.369071303447491,21.419446449983404,,,
2003-04-04T00:00:00,EURGBP,63,0.86709315685940469,0.19079124382757467,success,64,90.812066283602263,88.936568320529233,false,false,12.019848361137205,43.333280780425071,,,
2003-04-07T00:00:00,EURGBP,63,0.78526420769249072,0.47639040832258289,success,64,90.812066294153368,89.515454462144902,false,false,30.012595724322722,40.48692646437307,,,
2003-04-08T00:00:00,EURGBP,63,0.73338756894945412,0.55563967752286514,success,64,90.812066241077858,89.80018797023007,false,false,35.005299683940507,81.582068041471061,,,
2003-04-09T00:00:00,EURGBP,63,0.69647118509979578,0.53976098083720103,success,64,90.812066357719473,89.981516484356959,false,false,34.004941792743665,75.485048205663219,,,
2003-04-10T00:00:00,EURGBP,63,0.74907095877541519,0.52381347261319688,success,64,90.812068465378445,89.718404943209549,false,false,33.000248774631402,1799.6155402501934,,,
2003-04-11T00:00:00,EURGBP,63,0.75049846554547461,0.41279960365516227,success,64,90.812066238651539,89.710793697447428,false,false,26.006375030275223,74.561736211697493,,,
2003-04-14T00:00:00,EURGBP,63,0.70924076215603105,0.39694854932384216,success,64,90.81206640581766,89.920366920378214,false,false,25.007758607402057,53.079417117694788,,,
2003-04-15T00:00:00,EURGBP,63,0.61656600617499291,0.19065461480413132,success,64,90.812066318579625,90.337068426533861,false,false,12.011240732660273,33.400541826605931,,,
2003-04-16T00:00:00,EURGBP,63,0.62345037550427718,0.46035756607390271,success,64,90.812066265000396,90.307846936581413,false,false,29.002526662655871,92.561476663039087,,,
2003-04-17T00:00:00,EURGBP,63,0.60915114908000545,0.44445499424835905,success,64,90.812066256144277,90.368320741689999,false,false,28.000664637646619,299.39104463044896,,,
2003-04-18T00:00:00,EURGBP,63,0.59683665931460395,0.52270925168686844,success,64,90.812066235088125,90.419764553324057,false,false,32.930682856272711,2.3311792678536363,,,
2003-04-21T00:00:00,EURGBP,63,0.5871834794919949,0.49205826369037359,success,64,90.812066343440762,90.45973223489338,false,false,30.999670612493535,289.12907541209853,,,
2003-04-22T00:00:00,EURGBP,63,0.59428990841619211,0.47617827695428416,success,64,90.812066314348044,90.43033789714282,false,false,29.999231448119904,163.61067806469322,,,
2003-04-23T00:00:00,EURGBP,63,0.57587691716665057,0.38101810133572583,success,64,90.812066367883716,90.506196118303734,false,false,24.004140384150727,13.061118117226238,,,
2003-04-24T00:00:00,EURGBP,63,0.57590563236410208,0.36510412529123043,success,64,90.812066382876552,90.506078563950922,false,false,23.001559893347515,28.531982921279827,,,
2003-04-25T00:00:00,EURGBP,63,0.59948500811544447,0.42857069788158975,success,64,90.812066297464767,90.408746529351632,false,false,26.999953966540154,3288.972782245286,,,
2003-04-28T00:00:00,EURGBP,63,0.95857621766817391,0.75134438129877479,success,64,90.812068978462477,87.670475069843647,false,false,47.334696021822815,6.5318380466004804,,,
2003-04-29T00:00:00,EURGBP,63,0.9031379915316885,0.58716963467287064,success,64,90.812066262732941,88.579478278995538,false,false,36.991686984390853,91.256187255978773,,,
2003-04-30T00:00:00,EURGBP,63,0.92826419472894417,0.72590095860689574,success,64,90.812066314500584,88.251739928759932,false,false,45.731760392234435,2.3279567797590901,,,
2003-05-01T00:00:00,EURGBP,63,0.89381070328689771,0.5511630129960482,success,64,90.812066391029262,88.681795699048948,false,false,34.723269818751035,16.906807696010425,,,
2003-05-02T00:00:00,EURGBP,63,0.91698525123512276,0.53965976374593416,success,64,90.812066356554041,88.409993256112898,false,false,33.998565115993856,535.27075339786404,,,
2003-05-05T00:00:00,EURGBP,63,0.94553037003348539,0.6697475958701915,success,64,90.81206628939853,87.957963579237145,false,false,42.194098539822065,6.3772069615362268,,,
2003-05-06T00:00:00,EURGBP,63,0.92948522788024301,0.65348451554392772,success,64,90.8120662993135,88.233257606305102,false,false,41.169524479267444,5.2001191420382114,,,
2003-05-07T00:00:00,EURGBP,63,0.93624468834919217,0.63770037218255815,success,64,90.812066287014616,88.125241926104863,false,false,40.175123447501164,5.3410958412189498,,,
2003-05-08T00:00:00,EURGBP,63,0.90100710490500335,0.47616757696347561,success,64,90.81206646782644,88.603601405514084,false,false,29.998557348698963,493.69827774922527,,,
2003-05-09T00:00:00,EURGBP,63,0.89714204338923675,0.46022032893810255,success,64,90.812066311125108,88.646201082185826,false,false,28.99388072310046,115.47030558717996,,,
2003-05-12T00:00:00,EURGBP,63,0.92732344296894431,0.44440311140737804,success,64,90.81206896639172,88.265785418806843,false,false,27.997396018664816,262.38267584872,,,
2003-05-13T00:00:00,EURGBP,63,0.91879925824726338,0.42430244955638213,success,64,90.812066231432937,88.385922949936131,false,false,26.731054322052074,16.001504522851992,,,
2003-05-14T00:00:00,EURGBP,63,0.76123182183817539,0.40335336816879303,success,64,90.80427882399519,89.644833999975035,false,false,25.411262194633959,40.998647438161221,,,
2003-05-15T00:00:00,EURGBP,63,0.92352302080754956,0.41033167305647184,success,64,90.463020277189841,87.97181432003471,false,false,25.850895402557725,1.238165696703863,,,
2003-05-16T00:00:00,EURGBP,63,0.99874351943306483,0.9658105019510097,success,64,90.812066316688103,84.133882920159948,false,false,60.846061622913609,4.6644062154590076,,,
2003-05-19T00:00:00,EURGBP,63,0.99702334542422366,0.94905297712268133,success,64,90.81206637533397,84.998092234297857,false,false,59.790337558728922,7.6281061052915451,,,
2003-05-20T00:00:00,EURGBP,63,0.99281890882972712,0.93034787986991896,success,64,90.812066259271091,85.882969324690336,false,false,58.611916431804893,10.983292622366136,,,
2003-05-21T00:00:00,EURGBP,63,0.98953593208447377,0.91061355920561482,success,64,90.812066237629523,86.262777444963234,false,false,57.368654229953734,21.024462467940829,,,
2003-05-22T00:00:00,EURGBP,63,0.98511007541179951,0.88909228397115181,success,64,90.812067004419703,86.619998399893703,false,false,56.012813890182564,105.81814617242026,,,
2003-05-23T00:00:00,EURGBP,63,0.99284506259623906,0.87360876214115979,success,64,90.812066234351349,85.879294276460413,false,false,55.037352014893067,37.603313801668477,,,
2003-05-26T00:00:00,EURGBP,63,0.98804291641032516,0.85760543052046345,success,64,90.812067556336345,86.397665293639406,false,false,54.029142122789196,44.191297893307969,,,
2003-05-27T00:00:00,EURGBP,63,0.98513874312649963,0.84159575981551238,success,64,90.812066925559009,86.618042055042309,false,false,53.020532868377281,59.358901441684942,,,
2003-05-28T00:00:00,EURGBP,63,0.98089829339744905,0.82575052342803701,success,64,90.812066274433548,86.873375178678089,false,false,52.022282975966334,51.573491387039361,,,
2003-05-29T00:00:00,EURGBP,63,0.97516130278328494,0.80976068970721304,success,64,90.812066946495804,87.141866859127092,false,false,51.014923451554424,72.686653365822011,,,
2003-05-30T00:00:00,EURGBP,63,0.93704844159295408,0.74158356481200138,success,64,90.812066371844679,88.111696908789042,false,false,46.719764583156085,0.76504419639295984,,,
2003-06-02T00:00:00,EURGBP,63,0.9104826413083531,0.72029760995413727,success,64,90.812066273026275,88.492523997386954,false,false,45.378749427110648,0.78749354225772206,,,
2003-06-03T00:00:00,EURGBP,63,0.9618976070654417,0.52823750778651135,success,64,90.81206629161295,87.583435371015753,false,false,33.278962990550212,0.18351724147480636,,,
2003-06-04T00:00:00,EURGBP,63,0.94974832217071614,0.68537198428606216,success,64,90.812066965652818,87.87291387620688,false,false,43.178435010021914,0.77366049752030674,,,
2003-06-05T00:00:00,EURGBP,63,0.96425566579373756,0.48768621810530771,success,64,90.812066903084514,87.517102202997094,false,false,30.724231740634387,0.17459557835891343,,,
2003-06-06T00:00:00,EURGBP,63,0.96644011332990598,0.65052011101425911,success,64,90.812066398089684,87.45177856843118,false,false,40.982766993898323,0.69106510824092471,,,
2003-06-09T00:00:00,EURGBP,63,0.9903608293381192,0.69848669346418168,success,64,90.812066304495829,86.179832027689187,false,false,44.004661688243445,234.90347895799778,,,
2003-06-10T00:00:00,EURGBP,63,0.98973249810774877,0.62768051373119882,success,64,90.812066210028462,86.243615258486827,false,false,39.543872365065525,0.68105178904343056,,,
2003-06-11T00:00:00,EURGBP,63,0.99669003504085696,0.60408871814220544,success,64,90.812066372774851,85.104564151775136,false,false,38.05758924295894,0.6738487754208804,,,
2003-06-12T00:00:00,EURGBP,63,0.99625799275719595,0.58050191789655459,success,64,90.812067220214331,85.227683130692867,false,false,36.571620827482938,0.67203729471585361,,,
2003-06-13T00:00:00,EURGBP,63,0.99660272568211705,0.56895415110961944,success,64,90.81206628285959,85.130687500936006,false,false,35.844111519906022,0.6964926897228686,,,
2003-06-16T00:00:00,EURGBP,63,0.9962876253111782,0.54822699980622802,success,64,90.81206624782061,85.219702001198598,false,false,34.538300987792368,0.66701446243948981,,,
2003-06-17T00:00:00,EURGBP,63,0.99806595300819068,0.52922610942487436,success,64,90.812066857390903,84.565862192550128,false,false,33.341244893767083,0.63423654370057803,,,
2003-06-18T00:00:00,EURGBP,63,0.9970422476177816,0.50880892980855197,success,64,90.812066959983696,84.991703465744664,false,false,32.054962577938774,0.63222147375053572,,,
2003-06-19T00:00:00,EURGBP,63,0.99826527468462711,0.49266628188718892,success,64,90.812066626190173,84.456896660096888,false,false,31.037975758892902,0.63286583184499445,,,
2003-06-20T00:00:00,EURGBP,63,0.99699535840160647,0.47354493420850552,success,64,90.81206663436771,85.007478812434428,false,false,29.833330855135848,0.65139468249622789,,,
2003-06-23T00:00:00,EURGBP,63,0.99528722679880133,0.54435203824412393,success,64,90.812066333459725,85.459311492631656,false,false,34.294178409379811,19.459549506881419,,,
2003-06-24T00:00:00,EURGBP,63,0.9920201367499244,0.43661446012837207,success,64,90.812066318626165,85.989244187137118,false,false,27.506710988087441,0.69092070488883706,,,
2003-06-25T00:00:00,EURGBP,63,0.99062842521989569,0.41316552107032151,success,64,90.812066342584302,86.151407976197959,false,false,26.029427827430254,0.64440028588206988,,,
2003-06-26T00:00:00,EURGBP,63,0.98474806269076898,0.39509986542987319,success,64,90.812066314704083,86.644387011821564,false,false,24.89129152208201,0.68934364265565884,,,
2003-06-27T00:00:00,EURGBP,63,0.99383525363532099,0.35435997572287031,success,64,90.812066314834013,85.729341857322197,false,false,22.324678470540828,0.45684551250401706,,,
2003-06-30T00:00:00,EURGBP,63,0.99004175824347351,0.34301070898166491,success,64,90.812066490388958,86.212719893649904,false,false,21.609674665844889,0.48028179752690381,,,
2003-07-01T00:00:00,EURGBP,63,0.65417404032394977,0.68768184195799953,success,64,90.812066293487078,90.17462850252015,false,false,43.323956043353974,19.861632682525304,,,
2003-07-02T00:00:00,EURGBP,63,0.68536703547998301,0.66682563290330521,success,64,90.812066246558757,90.033518501038614,false,false,42.010014872908229,37.124676839051041,,,
2003-07-03T00:00:00,EURGBP,63,0.65892110325161335,0.65101908412298737,success,64,90.812066265683185,90.153576279558123,false,false,41.014202299748206,23.009563206436155,,,
2003-07-04T00:00:00,EURGBP,63,0.60238853368774892,0.48570350750578289,success,64,90.812066347830523,90.39663901908898,false,false,30.599320972864323,2.0488500251414727,,,
2003-07-07T00:00:00,EURGBP,63,0.5965911235210043,0.46859189470990004,success,64,90.812066248030831,90.420784883943838,false,false,29.521289366723703,2.0714384138053346,,,
2003-07-08T00:00:00,EURGBP,63,0.62170339574257216,0.60340238719664707,success,64,90.812066276333383,90.315281708322189,false,false,38.014350393388767,16.914597727898762,,,
2003-07-09T00:00:00,EURGBP,63,0.60577863713894575,0.58750768120219998,success,64,90.812066309347287,90.382464261460797,false,false,37.012983915738602,15.416471124484822,,,
2003-07-10T00:00:00,EURGBP,63,0.67095617486192138,0.54165765413701428,success,64,90.812066250237862,90.099553377571397,false,false,34.124432210631902,1.0385921347623028,,,
2003-07-11T00:00:00,EURGBP,63,0.67092203362413205,0.52457796642753085,success,64,90.812066521433294,90.099708288069479,false,false,33.048411884934445,1.0007882580614635,,,
2003-07-14T00:00:00,EURGBP,63,0.63583849095989808,0.53984880874268493,success,64,90.812066233958589,90.254719123281973,false,false,34.010474950789153,24.839360865614502,,,
2003-07-15T00:00:00,EURGBP,63,0.93725433559999516,0.16427106630881708,success,64,90.812066263024903,88.108201063943852,false,false,10.349077177455476,0.47011561978182331,,,
2003-07-16T00:00:00,EURGBP,63,0.67861946983399257,0.47633603348392883,success,64,90.812066318943252,90.064631649092703,false,false,30.009170109487517,0.94778536674912994,,,
2003-07-17T00:00:00,EURGBP,63,0.67900787141482333,0.45813325756821938,success,64,90.812066443048664,90.062850324186954,false,false,28.862395226797819,0.92625215721528653,,,
2003-07-18T00:00:00,EURGBP,63,0.68102669365353685,0.44183124175885752,success,64,90.812066257829372,90.053572174837797,false,false,27.835368230808022,0.91259695055456291,,,
2003-07-21T00:00:00,EURGBP,63,0.64239541242878251,0.36478819127288037,success,64,90.812066285284132,90.226290135972874,false,false,22.981656050191464,13.8313469653111,,,
2003-07-22T00:00:00,EURGBP,63,0.74151378452608951,0.62000625958400168,success,64,90.812066276880969,89.758214892894443,false,false,39.060394353792105,12.845676062438841,,,
2003-07-23T00:00:00,EURGBP,63,0.74684362125417081,0.60622720486884263,success,64,90.81206630295064,89.730217877690237,false,false,38.192313906737084,5.3446597012431543,,,
2003-07-24T00:00:00,EURGBP,63,0.75399940557795175,0.58906047368771641,success,64,90.812066738544686,89.692009111174428,false,false,37.110809842326134,6.5250628994181614,,,
2003-07-25T00:00:00,EURGBP,63,0.80204057503835224,0.57220783728894564,success,64,90.812066558730919,89.412969445085537,false,false,36.049093749203578,12.641045837931939,,,
2003-07-28T00:00:00,EURGBP,63,0.74707052449761557,0.28559109864127863,success,64,90.812066370862965,89.729017476795505,false,false,17.992239214400552,59.904528775152137,,,
2003-07-29T00:00:00,EURGBP,63,0.77290893721460519,0.26974640293038338,success,64,90.812066265058306,89.587256122474017,false,false,16.994023384614152,85.877327222391486,,,
2003-07-30T00:00:00,EURGBP,63,0.85890670238907274,0.52380708856280744,success,64,90.812066381350903,89.005827433897267,false,false,32.999846579456872,13.04881163210457,,,
2003-07-31T00:00:00,EURGBP,63,0.85750875167138574,0.50764810085245105,success,64,90.812066302773303,89.017315500339436,false,false,31.981830353704414,11.70028988693911,,,
2003-08-01T00:00:00,EURGBP,63,0.87748172346173892,0.49217544020693182,success,64,90.812066286481851,88.8432703744094,false,false,31.007052733036705,9.6736967317770244,,,
2003-08-04T00:00:00,EURGBP,63,0.87813235484073326,0.47575272491563569,success,64,90.812066228310371,88.837204480289884,false,false,29.972421669685048,11.028911857223461,,,
2003-08-05T00:00:00,EURGBP,63,0.90371603426701819,0.45968256334769425,success,64,90.812066600527643,88.572853212516847,false,false,28.960001490904737,12.18197731090822,,,
2003-08-06T00:00:00,EURGBP,63,0.90127916423890753,0.44346680676946076,success,64,90.812066246341928,88.600547224597207,false,false,27.938408826476028,12.573800014635905,,,
2003-08-07T00:00:00,EURGBP,63,0.93017925678932145,0.42780359795935957,success,64,90.812066234041481,88.222620063519742,false,false,26.951626671439652,11.259882379969261,,,
2003-08-08T00:00:00,EURGBP,63,0.9762703559570316,0.063290755850560237,success,64,90.812066337423602,87.09505185535356,false,false,3.9873176185852945,120.47033005135187,,,
2003-08-11T00:00:00,EURGBP,63,0.98798583503257931,0.042271365195596669,success,64,90.812066241464166,86.402484248429587,false,false,2.66309600732259,21.898610302981211,,,
2003-08-12T00:00:00,EURGBP,63,0.96033998542925925,0.38083365750674508,success,64,90.812066224359796,87.625122341588863,false,false,23.99252042292494,8.5925805244271487,,,
2003-08-13T00:00:00,EURGBP,63,0.97517442844355651,0.66237839432759738,success,64,90.812066268710794,87.141324145833963,false,false,41.729838842638635,19.635450504300998,,,
2003-08-14T00:00:00,EURGBP,63,0.80078539352458489,0.34936335968847021,success,64,90.812066314212515,89.420855994374364,false,false,22.009891660373622,13.415201736885018,,,
2003-08-15T00:00:00,EURGBP,63,0.84144872378381597,0.33371528032771008,success,64,90.812066775217545,89.143019747996377,false,false,21.024062660645736,13.329261459762517,,,
2003-08-18T00:00:00,EURGBP,63,0.85382868032326331,0.31740983972245601,success,64,90.812066282347217,89.047115073433716,false,false,19.99681990251473,13.569356048622309,,,
2003-08-19T00:00:00,EURGBP,63,0.70672374858968467,0.026694155669817136,success,64,90.812066251979445,89.932541402340334,false,false,1.6817318071984797,21.716131691900596,,,
2003-08-20T00:00:00,EURGBP,63,0.87088913166770476,0.19361004607391322,success,64,90.812066286784841,88.903223086277407,false,false,12.197432902656532,11.336232215304255,,,
2003-08-21T00:00:00,EURGBP,63,0.74899479580329231,0.26592084461399784,success,64,90.812066927329724,89.71880856479811,false,false,16.753013210681864,19.686234236597183,,,
2003-08-22T00:00:00,EURGBP,63,0.77204965029946404,0.16139398425200555,success,64,90.812066920779159,89.592145899732003,false,false,10.16782100787635,12.474125590837229,,,
2003-08-25T00:00:00,EURGBP,63,0.81580611276679671,0.14500458219666204,success,64,90.812066351641604,89.323878569596985,false,false,9.135288678389708,13.094512447820366,,,
2003-08-26T00:00:00,EURGBP,63,0.8713100033000879,0.22146188660726407,success,64,90.812066876619497,88.899475432419308,false,false,13.952098856257637,14.203475791660578,,,
2003-08-27T00:00:00,EURGBP,63,0.97456249145725315,0.62096005167726409,success,64,90.812066361005691,87.166302516461869,false,false,39.120483255667637,11.001620783498785,,,
2003-08-28T00:00:00,EURGBP,63,0.97694618109839426,0.55031007316498937,success,64,90.812066298148011,87.065466168247127,false,false,34.669534609394333,23.85139310381772,,,
2003-08-29T00:00:00,EURGBP,63,0.91068429571032661,0.71408142778061068,success,64,90.812067662074298,88.49004870417329,false,false,44.98712995017847,66.375261467818703,,,
2003-09-01T00:00:00,EURGBP,63,0.96856197032449498,0.45542151187286323,success,64,90.812066223939794,87.384272053503082,false,false,28.691555247990383,19.176338610698618,,,
2003-09-02T00:00:00,EURGBP,63,0.87628522231239336,0.43953593530349083,success,64,90.812066371704333,88.854353473704748,false,false,27.690763924119924,22.943118943075948,,,
2003-09-03T00:00:00,EURGBP,63,0.92046932373095225,0.42842019661015135,success,64,90.81206626926145,88.363325407055555,false,false,26.990472386439535,78.506307850716482,,,
2003-09-04T00:00:00,EURGBP,63,0.86457878833425195,0.41245321731079021,success,64,90.812066315020374,88.95821388407245,false,false,25.984552690579783,41.303969320130868,,,
2003-09-05T00:00:00,EURGBP,63,0.91468395133665725,0.7542589112750101,success,64,90.812067858009428,88.439851841344378,false,false,47.518311410325637,0.19132931798464128,,,
2003-09-08T00:00:00,EURGBP,63,0.68611697441832353,0.3807847937752013,success,64,90.812066250104664,90.030038506777359,false,false,23.989442007837681,34.437114392094422,,,
2003-09-09T00:00:00,EURGBP,63,0.67801298973629076,0.36464875396676366,success,64,90.812066260605775,90.067411017880588,false,false,22.972871499906109,12.800046203729213,,,
2003-09-10T00:00:00,EURGBP,63,0.71231622747365708,0.34910951462650652,success,64,90.812068838320187,89.90540875061663,false,false,21.993899421469912,66.798003427277536,,,
2003-09-11T00:00:00,EURGBP,63,0.69932221091921776,0.3331503525590333,success,64,90.811983488097894,89.967911115464673,false,false,20.988472211219097,34.224585878243658,,,
2003-09-12T00:00:00,EURGBP,63,0.68775272647104957,0.31742566487705026,success,64,90.812066267398706,90.022432320542237,false,false,19.997816887254167,171.86985714051451,,,
2003-09-15T00:00:00,EURGBP,63,0.86588308247193524,0.61496095861574251,success,64,90.812066333999425,88.947028381638148,false,false,38.742540392791781,0.25650189209857455,,,
2003-09-16T00:00:00,EURGBP,63,0.85351011977824409,0.59249852600051933,success,64,90.812066363315537,89.049665313438581,false,false,37.327407138032719,0.27247158063514243,,,
2003-09-17T00:00:00,EURGBP,63,0.85342416402269672,0.57313896805486553,success,64,90.81206686675678,89.05035312764565,false,false,36.107754987456531,0.26944672360959948,,,
2003-09-18T00:00:00,EURGBP,63,0.87007878227730862,0.56184633985297605,success,64,90.81206620545899,88.91041069280341,false,false,35.39631941073749,0.24622118451398631,,,
2003-09-19T00:00:00,EURGBP,63,0.85769185447770524,0.54211493406208544,success,64,90.812067102915094,89.015816957257172,false,false,34.153240845911384,0.26474499946330132,,,
2003-09-22T00:00:00,EURGBP,63,0.85532668927231825,0.51686536935592986,success,64,90.812068060428686,89.035062742821339,false,false,32.562518269423585,0.26601203286958475,,,
2003-09-23T00:00:00,EURGBP,63,0.76921419691722215,0.20625521949532427,success,64,90.812066275335567,89.608186826029566,false,false,12.99407882820543,95.066707076328584,,,
2003-09-24T00:00:00,EURGBP,63,0.80193855153744165,0.19037479363908463,success,64,90.812067649271114,89.413612991688353,false,false,11.993611999262331,98.972188410363515,,,
2003-09-25T00:00:00,EURGBP,63,0.84367661982089637,0.46171170712954868,success,64,90.812066237564963,89.126223779781057,false,false,29.087837549161566,0.28802926009105806,,,
2003-09-26T00:00:00,EURGBP,63,0.84808953863278036,0.44029203568095171,success,64,90.812067612596152,89.09237267169182,false,false,27.738398247899958,0.28832531987879129,,,
2003-09-29T00:00:00,EURGBP,63,0.85721901112581977,0.42241250167810596,success,64,90.812066499646932,89.019684968034753,false,false,26.611987605720675,0.27149584893041712,,,
2003-09-30T00:00:00,EURGBP,63,0.85156971914707402,0.40923915952438938,success,64,90.812066421387058,89.065100405393125,false,false,25.782067050036531,0.27528781743833314,,,
2003-10-01T00:00:00,EURGBP,63,0.84619208093162335,0.39035367487077921,success,64,90.812066229521776,89.107024394805407,false,false,24.592281516859089,0.28800762463154445,,,
2003-10-02T00:00:00,EURGBP,63,0.8801808784422277,0.094895545816976457,success,64,90.812066207251348,88.817922062495938,false,false,5.9784193864695165,45.224657798797189,,,
2003-10-03T00:00:00,EURGBP,63,0.88540994109372773,0.34360726618858678,success,64,90.811791203664711,88.767101510129564,false,false,21.647257769880966,0.2455031669062599,,,
2003-10-06T00:00:00,EURGBP,63,0.63557363772893305,0.57093418493137293,success,64,90.812066250371117,90.255862799857553,false,false,35.968853650676493,11.745221159110306,,,
2003-10-07T00:00:00,EURGBP,63,0.76889936504579615,0.52803918177289122,success,64,90.810021545018941,89.607914713583355,false,false,33.266468451692148,1.1986328355917606,,,
2003-10-08T00:00:00,EURGBP,63,0.7687186834352423,0.5112305951630175,success,64,90.730578805344322,89.529488514254581,false,false,32.207527495270099,1.207204449986621,,,
2003-10-09T00:00:00,EURGBP,63,0.7795576833661404,0.49778106237530112,success,64,90.519260229589563,89.256169601455369,false,false,31.360206929643972,1.1814994642646306,,,
2003-10-10T00:00:00,EURGBP,63,0.91332582163440856,0.34048420138025465,success,64,90.742832400574486,88.387895726422798,false,false,21.450504686956045,0.36364035139412276,,,
2003-10-13T00:00:00,EURGBP,63,0.92251030148620505,0.32606443844451927,success,64,90.81002101094758,88.333067473294221,false,false,20.542059622004714,0.32954384380551266,,,
2003-10-14T00:00:00,EURGBP,63,0.90451992917231139,0.30500748919510007,success,64,90.791028504417199,88.542541709743475,false,false,19.215471819291306,0.31220546245166797,,,
2003-10-15T00:00:00,EURGBP,63,0.89350584981926928,0.282796962105965,success,64,90.764503798033942,88.637440972132637,false,false,17.816208612675794,0.29012097987974811,,,
2003-10-16T00:00:00,EURGBP,63,0.90638894883048771,0.76294351052702991,success,64,90.738254561456785,88.467934488757621,false,false,48.065441163202884,0.46449040154245919,,,
2003-10-17T00:00:00,EURGBP,63,0.70532785360728412,0.50794310675250298,success,64,90.77858743294928,89.905788067809155,false,false,32.000415725407684,139.47149944808689,,,
2003-10-20T00:00:00,EURGBP,63,0.88894979626187864,0.24198802291558957,success,64,90.780511035301529,88.700452658519509,false,false,15.245245443682142,0.30952736666451253,,,
2003-10-21T00:00:00,EURGBP,63,0.84510719184747984,0.70507487024262738,success,64,90.696744591831461,89.000014435637027,false,false,44.419716825285526,0.52541768824007562,,,
2003-10-22T00:00:00,EURGBP,63,0.72285114210752943,0.57757269386542043,success,64,90.670945551838557,89.71229699503607,false,false,36.387079713521487,0.76384349409718844,,,
2003-10-23T00:00:00,EURGBP,63,0.71688267024588292,0.75689669425450612,success,64,90.666596645252454,89.737545862361856,false,false,47.684491738033884,2.2075214774843834,,,
2003-10-24T00:00:00,EURGBP,63,0.71579957035686426,0.54209783491468677,success,64,90.702189689257594,89.778469218578934,false,false,34.152163599625268,0.79872577681495283,,,
2003-10-27T00:00:00,EURGBP,63,0.72175048487837834,0.52506517895266847,success,64,90.716897322570318,89.763736079772571,false,false,33.079106274018116,0.80087387552912104,,,
2003-10-28T00:00:00,EURGBP,63,0.74735752752138451,0.51027739046733334,success,64,90.702730192882157,89.618161841444888,false,false,32.147475599442004,0.76643659915151674,,,
2003-10-29T00:00:00,EURGBP,63,0.73167465031117085,0.49333775890886217,success,64,90.614472625831255,89.611336913057997,false,false,31.080278811258317,0.8027256427697218,,,
2003-10-30T00:00:00,EURGBP,63,0.74508731135535999,0.47655708039483852,success,64,90.68407132118017,89.611491002272459,false,false,30.023096064874828,0.80793717170728263,,,
2003-10-31T00:00:00,EURGBP,63,0.75073597756521315,0.46184091272941025,success,64,90.705096720082921,89.602555357069917,false,false,29.095977501952845,0.80604974779679683,,,
2003-11-03T00:00:00,EURGBP,63,0.77308558683654294,0.54643941431077503,success,64,90.717667662573078,89.491850811620751,false,false,34.425683101578826,0.57789212180087202,,,
2003-11-04T00:00:00,EURGBP,63,0.76665933223540095,0.52700344514526565,success,64,90.726684018841169,89.537140951445409,false,false,33.201217044151733,0.56782659674121705,,,
2003-11-05T00:00:00,EURGBP,63,0.76550358872594004,0.5077208300935907,success,64,90.733062840811357,89.549969221677571,false,false,31.986412295896212,0.55580776035957891,,,
2003-11-06T00:00:00,EURGBP,63,0.77567567080054045,0.48803349982692329,success,64,90.737188488418525,89.49654690847305,false,false,30.746110489096168,0.54164023027531805,,,
2003-11-07T00:00:00,EURGBP,63,0.77566011477990038,0.4711319181855036,success,64,90.688804449124731,89.448252267890879,false,false,29.681310845686728,0.52663154961149028,,,
2003-11-10T00:00:00,EURGBP,63,0.78292846779806091,0.45286633355592687,success,64,90.666723986140568,89.383909591607008,false,false,28.530579014023392,0.52102024065177943,,,
2003-11-11T00:00:00,EURGBP,63,0.84072107644916183,0.33703732086778071,success,64,90.652816420740479,88.989213374308193,false,false,21.233351214670186,0.79710147301507617,,,
2003-11-12T00:00:00,EURGBP,63,0.86076776288404977,0.28495920647538031,success,64,90.54825961763845,88.726578188677877,false,false,17.952430007948958,15.280473350433169,,,
2003-11-13T00:00:00,EURGBP,63,0.99794670866456814,0.6906794629941978,success,64,90.456725577159659,84.270469735550336,false,false,43.512806168634462,30.9958304122807,,,
2003-11-14T00:00:00,EURGBP,63,0.88667407542522592,0.28321090778392749,success,64,90.392234527370022,88.335025013960802,false,false,17.842287190387431,0.80540464713024618,,,
2003-11-17T00:00:00,EURGBP,63,0.89158943812600866,0.2376941904818666,success,64,90.443178775689077,88.336098538746583,false,false,14.974734000357596,33.517595602025388,,,
2003-11-18T00:00:00,EURGBP,63,0.81154514570406733,0.22021645878674814,success,64,90.767163500768063,89.307081961393806,false,false,13.873636903565133,16.251979602928746,,,
2003-11-19T00:00:00,EURGBP,63,0.59278001327697905,0.44445165060391045,success,64,90.812044806540499,90.436574996261356,false,false,28.00045398804636,55.653564548472865,,,
2003-11-20T00:00:00,EURGBP,63,0.82473937585809909,0.618274869026047,success,64,90.810118429472396,89.261325147953499,false,false,38.951316748640963,56.78179849114764,,,
2003-11-21T00:00:00,EURGBP,63,0.86513532072552624,0.60146936654779781,success,64,90.81098266779685,88.952368632934594,false,false,37.892570092511264,32.188112100776635,,,
2003-11-24T00:00:00,EURGBP,63,0.79267785090617127,0.58675912528567953,success,64,90.812066502117432,89.470923463335353,false,false,36.965824892997809,71.734791523206425,,,
2003-11-25T00:00:00,EURGBP,63,0.83841902576145255,0.56997123113595438,success,64,90.812066779260078,89.165555178493605,false,false,35.908187561565128,29.574967628413429,,,
2003-11-26T00:00:00,EURGBP,63,0.85524402141140243,0.54695913005129915,success,64,90.797797383011982,89.021459968093481,false,false,34.458425193231847,27.229821937750277,,,
2003-11-27T00:00:00,EURGBP,63,0.82904276835080104,0.53896073184676274,success,64,90.812066304058291,89.233207977869242,false,false,33.954526106346052,7.7301129142717002,,,
2003-11-28T00:00:00,EURGBP,63,0.89062944882076367,0.51533968763851923,success,64,90.764097073149671,88.666910283455792,false,false,32.466400321226715,26.833968348022925,,,
2003-12-01T00:00:00,EURGBP,63,0.67345790759163005,0.63313685474931036,success,64,90.655522038327177,89.93165540293171,false,false,39.887621849206553,15.960796487307164,,,
2003-12-02T00:00:00,EURGBP,63,0.69245129399588379,0.61727764566846388,success,64,90.66077444360117,89.849170009806116,false,false,38.888491677113223,16.129797042617405,,,
2003-12-03T00:00:00,EURGBP,63,0.80250404667707043,5.4454554006703372e-07,success,64,90.691909554226143,89.289890751273546,false,false,3.4306369024223126e-05,0.77396225254879714,,,
2003-12-04T00:00:00,EURGBP,63,0.82630578180053438,0.45187913003767116,success,64,90.765379277500443,89.205710763165115,false,false,28.468385192373283,29.059869080303937,,,
2003-12-05T00:00:00,EURGBP,63,0.86676448316697285,0.43653086137041952,success,64,90.744166571221797,88.871517642510454,false,false,27.501444266336431,28.524651648214391,,,
2003-12-08T00:00:00,EURGBP,63,0.85468181818383537,0.42061611383899572,success,64,90.651993567778504,88.880190006266631,false,false,26.49881517185673,30.211219625976472,,,
2003-12-09T00:00:00,EURGBP,63,0.83373649964609331,0.40442955964049598,success,64,90.715299240865349,89.102955717470422,false,false,25.479062257351249,28.877683788061489,,,
2003-12-10T00:00:00,EURGBP,63,0.86749665506224294,0.38902842549537781,success,64,90.68803586014748,88.809032094090824,false,false,24.5087908062088,28.676631521329014,,,
2003-12-11T00:00:00,EURGBP,63,0.92114606103319074,0.84058999778674137,success,64,90.669289334385098,88.211267988443524,false,false,52.957169860564704,21.987568973659918,,,
2003-12-12T00:00:00,EURGBP,63,0.8911179715511357,0.81371702630543696,success,64,90.692877408661957,88.590665574721612,false,false,51.264172657242526,26.450280253156464,,,
2003-12-15T00:00:00,EURGBP,63,0.94186945672710387,0.7772147243141998,success,64,90.695669475892117,87.910494019384203,false,false,48.964527631794589,29.897312478090381,,,
2003-12-16T00:00:00,EURGBP,63,0.95596301891892099,0.79736750382348875,success,64,90.776050239278419,87.698360770143339,false,false,50.234152740879793,1.261006531199425,,,
2003-12-17T00:00:00,EURGBP,63,0.95492290513163891,0.76768830682222677,success,64,90.782704387241139,87.729448020810977,false,false,48.364363329800284,5.1805478233529341,,,
2003-12-18T00:00:00,EURGBP,63,0.84633111070826517,0.42635155956244469,success,64,90.778380696380239,89.072270247690241,false,false,26.860148252434016,16.585637416173533,,,
2003-12-19T00:00:00,EURGBP,63,0.96385031471305793,0.27733487429350401,success,64,90.778899985378629,87.495632220829918,false,false,17.472097080490752,16.428053968802597,,,
2003-12-22T00:00:00,EURGBP,63,0.89584206991189175,0.39452093925145471,success,64,90.793852515837216,88.641996685493979,false,false,24.854819172841648,16.224912835709006,,,
2003-12-23T00:00:00,EURGBP,63,0.97991611382121646,0.24871050073630604,success,64,90.796359823048249,86.908810664087042,false,false,15.66876154638728,57.725498123546267,,,
2003-12-24T00:00:00,EURGBP,63,0.98534771822949629,0.22522416140158999,success,64,90.794860027199917,86.586461510479225,false,false,14.18912216830017,78.230739425453933,,,
2003-12-25T00:00:00,EURGBP,63,0.9901134390016012,0.76113128037154598,success,64,90.792764740649545,86.186121579262746,false,false,47.951270663407399,0.045107084911698264,,,
2003-12-26T00:00:00,EURGBP,63,0.98823051225609793,0.20033729379864471,success,64,90.812066295058685,86.381660710665457,false,false,12.621249509314616,3.5557071876664987,,,
2003-12-29T00:00:00,EURGBP,63,0.98287040603627795,0.18477665473483795,success,64,90.812066251000758,86.762396583534212,false,false,11.640929248294791,3.3746786494402485,,,
2003-12-30T00:00:00,EURGBP,63,0.98973383192486308,0.16755489940904714,success,64,90.812066357348698,86.243484143032148,false,false,10.555958662769969,2.6753095811948007,,,
2003-12-31T00:00:00,EURGBP,63,0.99498498841150462,0.15670708028785341,success,64,90.81206634191787,85.521774424074692,false,false,9.8725460581347644,0.69830873213606326,,,
2004-01-01T00:00:00,EURGBP,63,0.99777725569362907,0.59388172171151266,success,64,90.811987322174602,84.705199867952786,false,false,37.414548467825298,5.5233876765000938,,,
2004-01-02T00:00:00,EURGBP,63,0.98788560206225973,0.57757192429115911,success,64,90.812066289455331,86.410894043225923,false,false,36.387031230343027,5.7195492770851128,,,
2004-01-05T00:00:00,EURGBP,63,0.97983654810751075,0.56369122107084679,success,64,90.812066326080128,86.928552209343238,false,false,35.512546927463347,14.688053649718933,,,
2004-01-06T00:00:00,EURGBP,63,0.9719002508468928,0.54963769088075265,success,64,90.81206703660844,87.268574509363731,false,false,34.627174525487419,18.025282156166128,,,
2004-01-07T00:00:00,EURGBP,63,0.93553175842666891,0.53960233098674404,success,64,90.812066274691205,88.137123905311086,false,false,33.994946852164873,160.38149199087272,,,
2004-01-08T00:00:00,EURGBP,63,0.85565598138149979,0.39357400711861146,success,64,90.397010169730549,88.617341233871059,false,false,24.795162448472521,0.72215349743154911,,,
2004-01-09T00:00:00,EURGBP,63,0.88725478289375304,0.5077742896673515,success,64,90.812066251431816,88.749064626364486,false,false,31.989780249043147,67.942374905556832,,,
2004-01-12T00:00:00,EURGBP,63,0.86576588131105214,0.49197372198729927,success,64,90.812066243663324,88.948037146404303,false,false,30.994344485199854,115.32368491997281,,,
2004-01-13T00:00:00,EURGBP,63,0.85183250722056569,0.47116842140977511,success,64,90.81206628637122,89.063019708471643,false,false,29.683610548815832,16.929864023951069,,,
2004-01-14T00:00:00,EURGBP,63,0.85496185414226067,0.46028728233518496,success,64,90.812066285953037,89.038006215753256,false,false,28.998098787116653,335.91583209266685,,,
2004-01-15T00:00:00,EURGBP,63,0.8776332557431572,0.44436655783212731,success,64,90.812066229878283,88.841860063584647,false,false,27.995093143424022,137.84044477963531,,,
2004-01-16T00:00:00,EURGBP,63,0.91046582643224538,0.42845332155457783,success,64,90.812066341448727,88.492730355710094,false,false,26.992559257938403,99.238947774813141,,,
2004-01-19T00:00:00,EURGBP,63,0.89976969063991474,0.40772540766827692,success,64,90.812066325539661,88.617398125786053,false,false,25.686700683101446,15.829444571029224,,,
2004-01-20T00:00:00,EURGBP,63,0.93112970123853922,0.39678271702963397,success,64,90.812066344810631,88.207892770935956,false,false,24.99731117286694,293.60903712137639,,,
2004-01-21T00:00:00,EURGBP,63,0.9444681447035882,0.38075514685870054,success,64,90.812066234420612,87.978401100600976,false,false,23.987574252098135,66.630630009747918,,,
2004-01-22T00:00:00,EURGBP,63,0.96256397180727338,0.36477673267960864,success,64,90.812066274359296,87.565099307576702,false,false,22.980934158815344,46.877848152954499,,,
2004-01-23T00:00:00,EURGBP,63,0.96757971155606581,0.34283295267677688,success,64,90.812066250784852,87.416052853435957,false,false,21.598476018636944,14.476480471871097,,,
2004-01-26T00:00:00,EURGBP,63,0.94802890717128463,0.33309045645226898,success,64,90.812066418289689,87.908369080570523,false,false,20.984698756492946,56.057684755245333,,,
2004-01-27T00:00:00,EURGBP,63,0.93070166530369247,0.30898605493577602,success,64,90.812066360699589,88.214548455757992,false,false,19.46612146095389,7.0773993242449391,,,
2004-01-28T00:00:00,EURGBP,63,0.87475108571101357,0.30150966383844635,success,64,90.812066327558583,88.868430026720347,false,false,18.995108821822122,143.50215398660299,,,
2004-01-29T00:00:00,EURGBP,63,0.88374256825412212,0.29150744920466998,success,64,90.812066306942228,88.783707470518252,false,false,18.364969299894209,1.1367966238676996,,,
2004-01-30T00:00:00,EURGBP,63,0.91438103166642271,0.27370403270362986,success,64,90.812066278529443,88.443725761567492,false,false,17.243354060328681,1.1319044428062695,,,
2004-02-02T00:00:00,EURGBP,63,0.93570790077937027,0.25627327978328479,success,64,90.812066240454328,88.134199634485014,false,false,16.14521662634694,1.1134324525820984,,,
2004-02-03T00:00:00,EURGBP,63,0.95768583400522422,0.23812653333732428,success,64,90.812066285233627,87.692668423979853,false,false,15.00197160025143,1.1029881064496865,,,
2004-02-04T00:00:00,EURGBP,63,0.96271847658175613,0.20479651826957809,success,64,90.812066341437415,87.560803165582882,false,false,12.90218065098342,1.6495484526649795,,,
2004-02-05T00:00:00,EURGBP,63,0.97318673168681513,0.20348818467835095,success,64,90.812066272139162,87.220387146333863,false,false,12.81975563473611,1.0748402937673547,,,
2004-02-06T00:00:00,EURGBP,63,0.97396282977825244,0.16847545194824734,success,64,90.81206631286986,87.190218313396358,false,false,10.613953472739583,1.513303451856469,,,
2004-02-09T00:00:00,EURGBP,63,0.95766131113937258,0.17012576732343654,success,64,90.812066310636951,87.693273430915696,false,false,10.717923341376501,0.95309862544241364,,,
2004-02-10T00:00:00,EURGBP,63,0.94931428811322094,0.15377137347386191,success,64,90.812066294419935,87.881970426486404,false,false,9.6875965288532999,0.97525682369443945,,,
2004-02-11T00:00:00,EURGBP,63,0.96389860537780303,0.11624704102581819,success,64,90.812066272273896,87.527411661125086,false,false,7.3235635846265463,1.0794308623680859,,,
2004-02-12T00:00:00,EURGBP,63,0.97372405196469525,0.056060665622865616,success,64,90.812066298950214,87.199592347033004,false,false,3.5318219342405337,0.39506354494349222,,,
2004-02-13T00:00:00,EURGBP,63,0.98063698824625556,4.3248042616190598e-07,success,64,90.812066392868758,86.887228679890384,false,false,2.7246266848200078e-05,0.35429939670325211,,,
2004-02-16T00:00:00,EURGBP,63,0.6361759621879679,0.41664266680419243,success,64,90.812066305976046,90.253261448946063,false,false,26.248488008664122,1.3660753579315636,,,
2004-02-17T00:00:00,EURGBP,63,0.62341032557139708,0.47629859707572819,success,64,90.812066318819888,90.308017586280542,false,false,30.006811615770875,29.564374457486561,,,
2004-02-18T00:00:00,EURGBP,63,0.61309719289632103,0.46035779797728638,success,64,90.812066304843313,90.351716345679264,false,false,29.00254127256904,67.212579592024468,,,
2004-02-19T00:00:00,EURGBP,63,0.59720754980596424,0.44449499390782748,success,64,90.812066359996962,90.418223069762888,false,false,28.003184616193131,34.704051638009595,,,
2004-02-20T00:00:00,EURGBP,63,0.77021457271602323,0.67811594102162254,success,64,90.812066217384157,89.602543024117267,false,false,42.721304284362219,1.4415189252328184,,,
2004-02-23T00:00:00,EURGBP,63,0.67917840468241519,0.57140171730879596,success,64,90.812066266305095,90.062067617840995,false,false,35.998308190454146,1.1479262116036129,,,
2004-02-24T00:00:00,EURGBP,63,0.68192206001126099,0.55548014413479441,success,64,90.812066310406962,90.04944738765623,false,false,34.995249080492044,1.2084348690846183,,,
2004-02-25T00:00:00,EURGBP,63,0.68163114031639926,0.53937626245311354,success,64,90.812066244919578,90.050788230050173,false,false,33.980704534546156,1.1858435652582591,,,
2004-02-26T00:00:00,EURGBP,63,0.6883467077818336,0.63510281902405574,success,64,90.812066361232468,90.0196650415335,false,false,40.011477598515512,33.107464874767004,,,
2004-02-27T00:00:00,EURGBP,63,0.66319313236894561,0.50563590584263884,success,64,90.812066253544558,90.134509678060027,false,false,31.855062068086244,1.1826941697249951,,,
2004-03-01T00:00:00,EURGBP,63,0.66473639753238156,0.49012264384805332,success,64,90.812066332014723,90.12759286007261,false,false,30.877726562427359,1.2424776600137868,,,
2004-03-02T00:00:00,EURGBP,63,0.663331087473647,0.47410747249869506,success,64,90.812066277804675,90.133892026493399,false,false,29.868770767417789,1.2777630697876454,,,
2004-03-03T00:00:00,EURGBP,63,0.70036454250421554,0.57160261504991383,success,64,90.812066379119941,89.963031998718961,false,false,36.010964748144573,35.024463295414357,,,
2004-03-04T00:00:00,EURGBP,63,0.73662137495486091,0.5558569838353179,success,64,90.812066316078315,89.783584929932459,false,false,35.018989981625026,23.127122551012864,,,
2004-03-05T00:00:00,EURGBP,63,0.71800000520586116,0.53998871565795759,success,64,90.812066480426637,89.877503956605523,false,false,34.01928908645133,21.352384862440555,,,
2004-03-08T00:00:00,EURGBP,63,0.68600455162752538,0.41262753162116778,success,64,90.812066507081056,90.030560734525764,false,false,25.995534492133569,1.2476995638241306,,,
2004-03-09T00:00:00,EURGBP,63,0.75746190119805357,0.23812249568945579,success,64,90.812066313802234,89.673251879630612,false,false,15.001717228435714,320.30156161224863,,,
2004-03-10T00:00:00,EURGBP,63,0.80472487725062913,0.22283769458134009,success,64,90.729279580095437,89.313188578576813,false,false,14.038774758624426,14.162227740176405,,,
2004-03-11T00:00:00,EURGBP,63,0.8875448551328885,0.46138030515572126,success,64,90.600574385906114,88.534669754684145,false,false,29.066959224810439,1.8861899151869943,,,
2004-03-12T00:00:00,EURGBP,63,0.96612903563737496,0.86762405929355912,success,64,90.794280527722847,87.443541264062915,false,false,54.660315735494223,0.24865626805168684,,,
2004-03-15T00:00:00,EURGBP,63,0.94089082496681653,0.9206946356961534,success,64,90.812066229491137,88.04462527513418,false,false,58.003762048857666,328.38107213798003,,,
2004-03-16T00:00:00,EURGBP,63,0.92511963935065022,0.80375820890044103,success,64,90.812069969100307,88.298038548634935,false,false,50.636767160727786,0.26346851454815057,,,
2004-03-17T00:00:00,EURGBP,63,0.70858852219775081,0.53998351555669555,success,64,90.812066225605705,89.923527512626194,false,false,34.018961480071816,19.996772722695972,,,
2004-03-18T00:00:00,EURGBP,63,0.80481601106357714,0.39708589717084225,success,64,90.812066250585573,89.395395203698868,false,false,25.016411521763061,34.420240278337623,,,
2004-03-19T00:00:00,EURGBP,63,0.86840241232231385,0.38105700308202334,success,64,90.812066225011293,88.925159697124514,false,false,24.00659119416747,102.93516422995273,,,
2004-03-22T00:00:00,EURGBP,63,0.83258529852522967,0.36536254451321121,success,64,90.812066289252698,89.208004588585013,false,false,23.017840304332307,34.74805020734815,,,
2004-03-23T00:00:00,EURGBP,63,0.68022566039918009,0.47633927876479337,success,64,90.812066311956187,90.057257273592825,false,false,30.009374562181982,35.896192308058573,,,
2004-03-24T00:00:00,EURGBP,63,0.92760876509548296,0.75450703464061908,success,64,90.812068079380836,88.261543252033164,false,false,47.533943182359003,18.218257645940177,,,
2004-03-25T00:00:00,EURGBP,63,0.96128894003190812,0.79377493420577583,success,64,90.812066290667872,87.599916607377921,false,false,50.007820854963875,125.70260516236515,,,
2004-03-26T00:00:00,EURGBP,63,0.89482257196477433,0.96883330947840307,success,64,90.812066729078083,88.671089988949873,false,false,61.036498497139391,41.719186109803871,,,
2004-03-29T00:00:00,EURGBP,63,0.82984572568649362,0.96065485420247432,success,64,90.812066274233175,89.227531984872428,false,false,60.521255814755882,32.906671419084311,,,
2004-03-30T00:00:00,EURGBP,63,0.93444615086015115,0.68526358989750868,success,64,90.812066279856879,88.154984207253847,false,false,43.171606163543046,11.574383932543155,,,
2004-03-31T00:00:00,EURGBP,63,0.90776463303143951,0.66856668936943719,success,64,90.812066299794878,88.525424816210148,false,false,42.119701430274546,11.349978342668804,,,
2004-04-01T00:00:00,EURGBP,63,0.89801246920667066,0.65177480492240003,success,64,90.812066637822852,88.636733242773502,false,false,41.061812710111205,10.049779439505333,,,
2004-04-02T00:00:00,EURGBP,63,0.89480897044562357,0.63640518007720892,success,64,90.812067037722187,88.67123480934417,false,false,40.093526344864159,12.347500009860669,,,
2004-04-05T00:00:00,EURGBP,63,0.92382467557698766,0.62099589651609299,success,64,90.81207133664654,88.316586611835106,false,false,39.122741480513859,16.47132789183809,,,
2004-04-06T00:00:00,EURGBP,63,0.91799659342967044,0.60433995022857823,success,64,90.812066952169303,88.396634062358572,false,false,38.073416864400428,12.083672912172741,,,
2004-04-07T00:00:00,EURGBP,63,0.92570866012382869,0.58825943845473161,success,64,90.812066342352068,88.289501167861417,false,false,37.060344622648088,11.149849665069128,,,
2004-04-08T00:00:00,EURGBP,63,0.9138811637336961,0.57235023947893737,success,64,90.812066299226046,88.450093913494726,false,false,36.058065087173055,12.116496472061948,,,
2004-04-09T00:00:00,EURGBP,63,0.90811103035865537,0.55602426935279003,success,64,90.812066322332214,88.521280667568377,false,false,35.029528969225773,12.633624923927375,,,
2004-04-12T00:00:00,EURGBP,63,0.89082020906887804,0.54020357444034017,success,64,90.812066331508973,88.712919691407322,false,false,34.03282518974143,12.151601525952774,,,
2004-04-13T00:00:00,EURGBP,63,0.85252104216463709,0.52414401186331772,success,64,90.812066426851658,89.057554041967379,false,false,33.021072747389013,11.68118248489742,,,
2004-04-14T00:00:00,EURGBP,63,0.99226421717360747,0.57640342675619993,success,64,90.812066260325778,85.957933525191223,false,false,36.313415885640595,19.058408092277606,,,
2004-04-15T00:00:00,EURGBP,63,0.98832224994147366,0.55581177019699535,success,64,90.812066896896226,86.373743415288544,false,false,35.016141522410706,63.960683722681708,,,
2004-04-16T00:00:00,EURGBP,63,0.9892607597498565,0.53976264706259547,success,64,90.812066348476336,86.289012737964256,false,false,34.005046764943515,207.30935091972952,,,
2004-04-19T00:00:00,EURGBP,63,0.98536822090575382,0.5243958912825617,success,64,90.812066914544118,86.602247328431517,false,false,33.03694115080139,27.335981263611004,,,
2004-04-20T00:00:00,EURGBP,63,0.97758598328981294,0.50827402351925188,success,64,90.812066212961213,87.036666471679439,false,false,32.021263481712872,44.828797333505157,,,
2004-04-21T00:00:00,EURGBP,63,0.97004316037617933,0.49259812766344968,success,64,90.812066259586047,87.33448336040891,false,false,31.033682042797331,27.124627420981966,,,
2004-04-22T00:00:00,EURGBP,63,0.95449165909857048,0.48092052352030962,success,64,90.812066503260624,87.768783224307754,false,false,30.297992981779505,15.201009036745779,,,
2004-04-23T00:00:00,EURGBP,63,0.94480882964615531,0.46078926520507762,success,64,90.812066269896732,87.971886642669077,false,false,29.029723707919889,27.697702582949095,,,
2004-04-26T00:00:00,EURGBP,63,0.99045935011139885,0.86016560660772201,success,64,90.778933814074762,86.136326594179522,false,false,54.190433216286486,21.411471471981677,,,
2004-04-27T00:00:00,EURGBP,63,0.99138764776913868,0.43352156226643274,success,64,90.812066222925694,86.066158075471236,false,false,27.311858422785264,16.717709708027051,,,
2004-04-28T00:00:00,EURGBP,63,0.94536154916523485,0.70594676506860699,success,64,90.810389852766136,87.959560269374506,false,false,44.474646199322237,1.0109959206314016,,,
2004-04-29T00:00:00,EURGBP,63,0.94035822623939425,0.52409493630336235,success,64,90.747336294572932,87.989431630739645,false,false,33.017980987111827,14.209929749133439,,,
2004-04-30T00:00:00,EURGBP,63,0.91396858576574469,0.50818405763732832,success,64,90.736275242048279,88.373191552592175,false,false,32.015595631151683,14.51660362118837,,,
2004-05-03T00:00:00,EURGBP,63,0.98227836930566514,0.36625018138248921,success,64,90.732480721931935,86.71739194853248,false,false,23.073761427096819,14.154119058635153,,,
2004-05-04T00:00:00,EURGBP,63,0.94480975264643996,0.75027287568938084,success,64,90.733201100892728,87.893003772913474,false,false,47.26719116843099,2.8833637722259629,,,
2004-05-05T00:00:00,EURGBP,63,0.89822847741240386,0.52465627011218463,success,64,90.738982763632166,88.561288624658857,false,false,33.053345017067635,16.161286165853859,,,
2004-05-06T00:00:00,EURGBP,63,0.99863657289426244,0.31905230606938023,success,64,90.807697946407657,84.211308485579508,false,false,20.100295282370954,14.165776029500419,,,
2004-05-07T00:00:00,EURGBP,63,0.99890833408976654,0.3034289651035762,success,64,90.682157848853038,83.863199719585381,false,false,19.116024801525299,13.172299839957144,,,
2004-05-10T00:00:00,EURGBP,63,0.99528863169856074,0.70034488252680072,success,64,90.750287207215933,85.397232805712136,false,false,44.121727599188446,17.982896919788217,,,
2004-05-11T00:00:00,EURGBP,63,0.99264074031311489,0.57052967947099942,success,64,90.681450319076689,85.777040854387266,false,false,35.943369806672962,0.76808041228002433,,,
2004-05-12T00:00:00,EURGBP,63,0.98280384215559968,0.9161753015203431,success,64,90.812066329328346,86.766342757018336,false,false,57.719043995781618,6.7799718841556063,,,
2004-05-13T00:00:00,EURGBP,63,0.9961968983118461,0.65103103399426165,success,64,90.811974022710217,85.243846063114873,false,false,41.014955141638481,91.974580943646075,,,
2004-05-14T00:00:00,EURGBP,63,0.99498911212552665,0.63506013400304062,success,64,90.812066294737775,85.520947620075319,false,false,40.008788442191559,140.60007001279644,,,
2004-05-17T00:00:00,EURGBP,63,0.93313455471215967,0.33395215332873801,success,64,90.800007429193656,88.164140342283588,false,false,21.038985659710495,14.866954333829632,,,
2004-05-18T00:00:00,EURGBP,63,0.99063353737124105,0.6037354324920694,success,64,90.812000867322269,86.150791696155011,false,false,38.035332247000369,37.732527039689693,,,
2004-05-19T00:00:00,EURGBP,63,0.86960090697682757,0.70455436919246206,success,64,90.804012451339304,88.906577766675809,false,false,44.386925259125107,0.74398301849327964,,,
2004-05-20T00:00:00,EURGBP,63,0.98322079771563542,0.5728041567076102,success,64,90.798524274168344,86.727830723293366,false,false,36.086661872579441,17.615515272368349,,,
2004-05-21T00:00:00,EURGBP,63,0.9682103662664866,0.55647450206257087,success,64,90.796373719270306,87.380064588500389,false,false,35.057893629941965,3.5500750211091381,,,
2004-05-24T00:00:00,EURGBP,63,0.95135481976774139,0.52949643132768598,success,64,90.809660181373005,87.836325820131705,false,false,33.358275173644216,2.7818984642885902,,,
2004-05-25T00:00:00,EURGBP,63,0.93871784666130809,0.11204607520051127,success,64,90.8109671767577,88.081940889646177,false,false,7.0589027376322102,24.335844962118689,,,
2004-05-26T00:00:00,EURGBP,63,0.79216733585313492,0.28577182107635635,success,64,90.809430323615004,89.471390928098941,false,false,18.00362472781045,195.57442870043838,,,
2004-05-27T00:00:00,EURGBP,63,0.68661987320124607,0.20669270871289905,success,64,90.80658175600793,90.022217847330666,false,false,13.021640648912641,13.997154538349008,,,
2004-05-28T00:00:00,EURGBP,63,0.67104032879784392,0.56036915979570967,success,64,90.811827267140941,90.098933192764207,false,false,35.303257067129707,1.2646171872120027,,,
2004-05-31T00:00:00,EURGBP,63,0.85864272856774171,0.44728269967497092,success,64,90.805265235141917,89.001202840758438,false,false,28.178810079523167,2.6639477273720344,,,
2004-06-01T00:00:00,EURGBP,63,0.64435194460841949,0.52643084395481032,success,64,90.811947480632142,90.217644039369958,false,false,33.165143169153048,1.3340238371411599,,,
2004-06-02T00:00:00,EURGBP,63,0.63703695853700582,0.50950864987518685,success,64,90.812066188914471,90.249539530273964,false,false,32.099044942136771,1.3668644076043879,,,
2004-06-03T00:00:00,EURGBP,63,0.62679560428066472,0.49238084614538102,success,64,90.812066565194073,90.293572315049062,false,false,31.019993307159005,1.3788984568374945,,,
2004-06-04T00:00:00,EURGBP,63,0.60270282168836964,0.47603938787746564,success,64,90.81206630010503,90.395326618515725,false,false,29.990481436280334,1.4005515906098032,,,
2004-06-07T00:00:00,EURGBP,63,0.60068234393058662,0.45970332670276731,success,64,90.812066379171227,90.403757360884057,false,false,28.961309582274339,1.4516642417037717,,,
2004-06-08T00:00:00,EURGBP,63,0.60032795885211188,0.44289037267835057,success,64,90.812066300147052,90.40523450985259,false,false,27.902093478736088,1.482439025477835,,,
2004-06-09T00:00:00,EURGBP,63,0.91085654421992401,0.34936646057302001,success,64,90.812066227773769,88.487927748356483,false,false,22.010087016100261,77.073666336979556,,,
2004-06-10T00:00:00,EURGBP,63,0.92584641430205894,0.33378801193463936,success,64,90.811408959014926,88.286839022180629,false,false,21.028644751882279,41.12425270854542,,,
2004-06-11T00:00:00,EURGBP,63,0.87984718614229129,0.30545838782222257,success,64,90.804853366939227,88.813869508105341,false,false,19.24387843280002,2.8216304870248829,,,
2004-06-14T00:00:00,EURGBP,63,0.90518365547903901,0.79169873135744318,success,64,90.795105852702278,88.538909800318379,false,false,49.877020075518921,0.3574588156073053,,,
2004-06-15T00:00:00,EURGBP,63,0.90064747121671596,0.77176515397581347,success,64,90.798475860883684,88.594036365702507,false,false,48.621204700476248,0.3618680364092528,,,
2004-06-16T00:00:00,EURGBP,63,0.64356875947681713,0.49469419467656034,success,64,90.738299950028647,90.147412423911007,false,false,31.1657342646233,1.8046668540070323,,,
2004-06-17T00:00:00,EURGBP,63,0.68157338815321844,0.33342406680208275,success,64,90.758881026677585,89.99786912552554,false,false,21.005716208531215,1.2990543691713969,,,
2004-06-18T00:00:00,EURGBP,63,0.68364796687096319,0.31788005266619362,success,64,90.775002040691334,90.004414546279847,false,false,20.026443317970198,1.2446192102306572,,,
2004-06-21T00:00:00,EURGBP,63,0.6913275220427747,0.3011801120537656,success,64,90.773699308311379,89.967366387018345,false,false,18.974347059387235,1.2297238716263945,,,
2004-06-22T00:00:00,EURGBP,63,0.92306822758348583,0.68567006050522727,success,64,90.703059451914825,88.218275257315071,false,false,43.197213811829322,0.35960172547528085,,,
2004-06-23T00:00:00,EURGBP,63,0.64238041909016552,0.27003824160115497,success,64,90.498502137967179,89.912791254927086,false,false,17.012409220872762,1.2804988609240007,,,
2004-06-24T00:00:00,EURGBP,63,0.92282102618884998,0.6497868384636909,success,64,90.441326714241242,87.960018462969231,false,false,40.936570823212527,0.38161271153560078,,,
2004-06-25T00:00:00,EURGBP,63,0.9374875875580031,0.62741562088785696,success,64,90.413441038813829,87.705602657091163,false,false,39.527184115934986,0.38787982527109316,,,
2004-06-28T00:00:00,EURGBP,63,0.94893714451534861,0.60661930654097995,success,64,90.380131252892582,87.4578460242153,false,false,38.217016312081739,0.39447635726731961,,,
2004-06-29T00:00:00,EURGBP,63,0.95609701794733981,0.58699096345930935,success,64,90.393649200356577,87.312772055326448,false,false,36.980430697936491,0.39418904354430961,,,
2004-06-30T00:00:00,EURGBP,63,0.96817009435624435,0.56570958031341911,success,64,90.394172066998905,86.979170554757332,false,false,35.639703559745406,0.40067203731781925,,,
2004-07-01T00:00:00,EURGBP,63,0.97517836399374047,0.54636649816459582,success,64,90.527232457034074,86.856327757779141,false,false,34.421089384369537,0.40237866693611213,,,
2004-07-02T00:00:00,EURGBP,63,0.95413583294820348,0.53907863293793679,success,64,90.650194950889613,87.61507304496034,false,false,33.961953875090018,0.38598978069820006,,,
2004-07-05T00:00:00,EURGBP,63,0.9641960199265488,0.51718837889531533,success,64,90.672997361137334,87.379761809488045,false,false,32.582867870404868,0.38882921644464513,,,
2004-07-06T00:00:00,EURGBP,63,0.96346601512226215,0.50150929674174916,success,64,90.56451185230982,87.292217557326225,false,false,31.595085694730198,0.37860266901239237,,,
2004-07-07T00:00:00,EURGBP,63,0.9725050271826956,0.48053385621178407,success,64,90.545437849367502,86.979565785866612,false,false,30.273632941342395,0.38479705520396362,,,
2004-07-08T00:00:00,EURGBP,63,0.97618016030519394,0.46151893407331129,success,64,90.581501207483441,86.868372881675938,false,false,29.075692846618612,0.38126792078047705,,,
2004-07-09T00:00:00,EURGBP,63,0.98087659735574872,0.44064258883555546,success,64,90.665171669774139,86.727637865182245,false,false,27.760483096639994,0.38173648375156821,,,
2004-07-12T00:00:00,EURGBP,63,0.98656894695733743,0.41526664554491827,success,64,90.449465505567773,86.152801709258952,false,false,26.161798669329851,0.4049204257215413,,,
2004-07-13T00:00:00,EURGBP,63,0.9391828110377185,0.43114987096671514,success,64,90.459644987753222,87.722507302764569,false,false,27.162441870903056,0.40411140857693617,,,
2004-07-14T00:00:00,EURGBP,63,0.94742046400062108,0.41016018670110155,success,64,90.547374731166045,87.655958735342963,false,false,25.840091762169397,0.4013849160042211,,,
2004-07-15T00:00:00,EURGBP,63,0.96166538254246559,0.386094293787132,success,64,90.590115512089795,87.367802295153993,false,false,24.323940508589317,0.40862171743414316,,,
2004-07-16T00:00:00,EURGBP,63,0.96720366634356414,0.36658208105981827,success,64,90.60568189853177,87.22158953893576,false,false,23.094671106768551,0.41292159341492307,,,
2004-07-19T00:00:00,EURGBP,63,0.97745787439936083,0.34090876931203595,success,64,90.600630219651308,86.831060831618245,false,false,21.477252466658264,0.43048125269503962,,,
2004-07-20T00:00:00,EURGBP,63,0.98403080256845277,0.31926689822786303,success,64,90.69314291328574,86.572147419508354,false,false,20.113814588355371,0.44120369772049184,,,
2004-07-21T00:00:00,EURGBP,63,0.98777964436474475,0.29543046117818395,success,64,90.656960476076137,86.264603891264457,false,false,18.612119054225587,0.47909348108659366,,,
2004-07-22T00:00:00,EURGBP,63,0.99190724010930609,0.27424356957822799,success,64,90.728008685742012,85.91934891209317,false,false,17.277344883428363,0.48423577584895328,,,
2004-07-23T00:00:00,EURGBP,63,0.98295138296098861,0.64552630166759351,success,64,90.573261783114972,86.518771210371185,false,false,40.66815700505839,0.60174436550904065,,,
2004-07-26T00:00:00,EURGBP,63,0.9886260824392511,0.62862766224810773,success,64,90.607096786665579,86.142103403747385,false,false,39.603542721630788,0.61432021487823263,,,
2004-07-27T00:00:00,EURGBP,63,0.98955626256976126,0.61260856605799718,success,64,90.762555884648094,86.211301771419443,false,false,38.594339661653819,0.6135470376034744,,,
2004-07-28T00:00:00,EURGBP,63,0.98828991727628035,0.60077728392898277,success,64,90.791492866108001,86.355967014816201,false,false,37.848968887525913,0.66916401534430603,,,
2004-07-29T00:00:00,EURGBP,63,0.99536962419848407,0.18095170889164477,success,64,90.795718411908041,85.425242293563542,false,false,11.399957660173621,0.48414050999224528,,,
2004-07-30T00:00:00,EURGBP,63,0.99322884274194034,1.0462325152831664e-06,success,64,90.807359307731474,85.819070225771569,false,false,6.5912648462839485e-05,0.025185673163429272,,,
2004-08-02T00:00:00,EURGBP,63,0.99615846537818764,0.5487168153004045,success,64,90.79915601086789,85.241121592014679,false,false,34.569159363925486,0.64079321894490993,,,
2004-08-03T00:00:00,EURGBP,63,0.98622541717841095,0.73373199539760225,success,64,90.514028557585291,86.242968680680008,false,false,46.225115710048939,2.008359868008069,,,
2004-08-04T00:00:00,EURGBP,63,0.99351095127828692,0.52192185259547108,success,64,90.812066318504691,85.780937177611705,false,false,32.88107671351468,0.7397913280402364,,,
2004-08-05T00:00:00,EURGBP,63,0.98301836254084951,0.7518068331915716,success,64,90.809201412964867,86.75070622370221,false,false,47.36383049106901,0.51104453522611182,,,
2004-08-06T00:00:00,EURGBP,63,0.97246015732115809,0.49142537408842313,success,64,90.812066340221619,87.247871015727696,false,false,30.959798567570658,0.62970373758957521,,,
2004-08-09T00:00:00,EURGBP,63,0.94337230887667023,0.48810688647577966,success,64,90.522349233898694,87.709386323983367,false,false,30.750733847974118,0.75110972254580799,,,
2004-08-10T00:00:00,EURGBP,63,0.93077757000598449,0.47255428379693959,success,64,90.655798015129733,88.057102624501425,false,false,29.770919879207195,0.72433554985861892,,,
2004-08-11T00:00:00,EURGBP,63,0.95265995357488953,0.45515945211423497,success,64,90.659654543917284,87.657753105512214,false,false,28.675045483196804,0.72563254602545257,,,
2004-08-12T00:00:00,EURGBP,63,0.90136627911897382,0.4429806010063827,success,64,90.812025298628114,88.599526798430418,false,false,27.90777786340211,0.72433406372151155,,,
2004-08-13T00:00:00,EURGBP,63,0.9121633435673453,0.42853912247993886,success,64,90.784118681250462,88.443778515170209,false,false,26.997964716236147,0.75639978699096266,,,
2004-08-16T00:00:00,EURGBP,63,0.91460927687733629,0.41060758464556601,success,64,90.80822096524669,88.436961477330058,false,false,25.86827783267066,0.75364542037872451,,,
2004-08-17T00:00:00,EURGBP,63,0.75263198728428482,0.58486429421353758,success,64,90.812066196117925,89.699366974297604,false,false,36.846450535452867,2.6707100875413543,,,
2004-08-18T00:00:00,EURGBP,63,0.78500627706612591,0.56849927888661322,success,64,90.811998800381076,89.516915918413119,false,false,35.815454569856634,2.6717100992497675,,,
2004-08-19T00:00:00,EURGBP,63,0.80781117899323351,0.55280703546979493,success,64,90.811902098420433,89.376052088082119,false,false,34.826843234597078,2.7800386055401813,,,
2004-08-20T00:00:00,EURGBP,63,0.84109990922419164,0.51456499923687771,success,64,90.812061086257614,89.14562628003317,false,false,32.417594951923299,42.005092247482835,,,
2004-08-23T00:00:00,EURGBP,63,0.72672962294072729,0.51841600524661213,success,64,90.812066469287529,89.833973666079615,false,false,32.660208330536562,2.0788762656502504,,,
2004-08-24T00:00:00,EURGBP,63,0.7455309945317945,0.50218259996094594,success,64,90.812066260336366,89.737148594094961,false,false,31.637503797539594,2.0794534556760427,,,
2004-08-25T00:00:00,EURGBP,63,0.78430549331157484,0.48549770860369484,success,64,90.812066275821465,89.521130757233976,false,false,30.586355642032775,2.0072520096824586,,,
2004-08-26T00:00:00,EURGBP,63,0.82641455867079505,0.46882439367921108,success,64,90.81206633166272,89.25163973243275,false,false,29.535936801790299,1.983694697027311,,,
2004-08-27T00:00:00,EURGBP,63,0.89937025408778126,0.49104828769777692,success,64,90.812066278485062,88.621819376729221,false,false,30.936042124959947,0.15051317555353308,,,
2004-08-30T00:00:00,EURGBP,63,0.98093321628163033,0.22920853196635549,success,64,90.812068269908124,86.871511638619126,false,false,14.440137513880396,0.56613609667177578,,,
2004-08-31T00:00:00,EURGBP,63,0.9709482994311105,0.20831349758568307,success,64,90.812066304053872,87.302870102805372,false,false,13.123750347898033,0.5251436915020441,,,
2004-09-01T00:00:00,EURGBP,63,0.98745520201663106,0.18740971917973745,success,64,90.810386973044729,86.444561918675262,false,false,11.80681230832346,0.50076851657512567,,,
2004-09-02T00:00:00,EURGBP,63,0.98549610288518374,0.1692512178756628,success,64,90.812066272815812,86.593338480539586,false,false,10.662826726166756,0.48888778734994376,,,
2004-09-03T00:00:00,EURGBP,63,0.99019310873706612,0.1427838882562858,success,64,90.812066204395634,86.197251549607742,false,false,8.995384960146005,0.44901121565440882,,,
2004-09-06T00:00:00,EURGBP,63,0.98794959844178221,3.6000126835903912e-08,success,64,90.812066246450357,86.405532547441467,false,false,2.2680079906619466e-06,0.29010473825107175,,,
2004-09-07T00:00:00,EURGBP,63,0.65433532589191801,0.61729248439703821,success,64,90.812066215331626,90.173915419705921,false,false,38.889426517013405,1.5944729042075099,,,
2004-09-08T00:00:00,EURGBP,63,0.63494721454512615,0.59931811725263018,success,64,90.812066249718683,90.258566341792744,false,false,37.757041386915702,1.5119833395412499,,,
2004-09-09T00:00:00,EURGBP,63,0.73893431761470063,0.3883061347440071,success,64,90.812066286847497,89.771629282248853,false,false,24.463286488872448,0.52231744603136465,,,
2004-09-10T00:00:00,EURGBP,63,0.63780949154119249,0.57049032525979415,success,64,90.812066218467308,90.2461969221701,false,false,35.940890491367028,1.7892367923378916,,,
2004-09-13T00:00:00,EURGBP,63,0.73200838819497616,0.35805606754492503,success,64,90.812066347626285,89.807230055233916,false,false,22.557532255330276,0.55447557438649575,,,
2004-09-14T00:00:00,EURGBP,63,0.66948668406885159,0.55566100852682565,success,64,90.812066240079844,90.106201913254097,false,false,35.006643537190016,47.746503340012758,,,
2004-09-15T00:00:00,EURGBP,63,0.642615101351381,0.53991813848225201,success,64,90.812066257610056,90.225333659284416,false,false,34.014842724381879,17.69535613060318,,,
2004-09-16T00:00:00,EURGBP,63,0.63534188481369203,0.34970694436943972,success,64,90.812066610385557,90.256863599007332,false,false,22.031537495274701,8.1135865420207764,,,
2004-09-17T00:00:00,EURGBP,63,0.69434494881868836,0.30839385284464821,success,64,90.812066611816377,89.991554912756868,false,false,19.428812729212837,0.76250179386088401,,,
2004-09-20T00:00:00,EURGBP,63,0.69697896455888453,0.29420324552190513,success,64,90.812066434746598,89.979113431412117,false,false,18.534804467880022,0.79707827510207396,,,
2004-09-21T00:00:00,EURGBP,63,0.59655329750842245,0.58745712391470017,success,64,90.812066370033733,90.420942173080519,false,false,37.009798806626108,18.792899085441309,,,
2004-09-22T00:00:00,EURGBP,63,0.5829258277781344,0.63494003572709767,success,64,90.812067550905738,90.477271674746703,false,false,40.001222250807153,178.96004858571453,,,
2004-09-23T00:00:00,EURGBP,63,0.5622258158946154,0.61908271017886685,success,64,90.812067546187293,90.561867185380748,false,false,39.002210741268613,72.864323003883797,,,
2004-09-24T00:00:00,EURGBP,63,0.57741773488956083,0.53979237395884216,success,64,90.812066593843383,90.499884750166345,false,false,34.006919559407059,13.518013343796749,,,
2004-09-27T00:00:00,EURGBP,63,0.57394341728816634,0.52385106849117757,success,64,90.812066589474057,90.514107934882816,false,false,33.002617314944189,23.071628174873563,,,
2004-09-28T00:00:00,EURGBP,63,0.5875810190940417,0.49201739893691609,success,64,90.81206625047561,90.458091885683203,false,false,30.997096133025714,19.140121656394275,,,
2004-09-29T00:00:00,EURGBP,63,0.58614107279662653,0.47652220041337212,success,64,90.812066904404887,90.464031565447499,false,false,30.020898626042445,4.578353151948936,,,
2004-09-30T00:00:00,EURGBP,63,0.54576044483322472,0.54308590334638862,success,64,90.812066291047401,90.628510870739262,false,false,34.214411910822484,11.453714102248714,,,
2004-10-01T00:00:00,EURGBP,63,0.58825295733017302,0.46048627891017996,success,64,90.812066325274088,90.455318457031524,false,false,29.010635571341336,13.884901171399994,,,
2004-10-04T00:00:00,EURGBP,63,0.7812289102636899,0.33340343901574593,success,64,90.812066289676793,89.539224014666715,false,false,21.004416657991992,122.68448150607949,,,
2004-10-05T00:00:00,EURGBP,63,0.59876028836600259,0.4286331552586351,success,64,90.812066232380403,90.411763934056111,false,false,27.003888781294012,51.20827748561554,,,
2004-10-06T00:00:00,EURGBP,63,0.59107605206201885,0.5397958775985936,success,64,90.812066287911193,90.443650787482781,false,false,34.007140288711398,11.096381950884174,,,
2004-10-07T00:00:00,EURGBP,63,0.67261469430627674,0.71226567215570968,success,64,90.812066236574523,90.092031372600744,false,false,44.872737345809711,0.88955890883360555,,,
2004-10-08T00:00:00,EURGBP,63,0.58565199228869091,0.50794783120611142,success,64,90.812067587513127,90.466048063218054,false,false,32.000713365985021,17.43153061312335,,,
2004-10-11T00:00:00,EURGBP,63,0.5873863338358305,0.49207451312478362,success,64,90.812067731819809,90.45889670099605,false,false,31.000694326861368,62.574295780370889,,,
2004-10-12T00:00:00,EURGBP,63,0.58601970150782567,0.47620537299218396,success,64,90.812066328304013,90.464531303481436,false,false,30.00093849850759,33.068317821956043,,,
2004-10-13T00:00:00,EURGBP,63,0.54935042375288667,0.44442733059993061,success,64,90.812066319618694,90.614019831787814,false,false,27.99892182779563,77.223480298781666,,,
2004-10-14T00:00:00,EURGBP,63,0.63752743389306665,0.58705372379512832,success,64,90.812066847309708,90.247418329371158,false,false,36.984384599093083,16.754639406736409,,,
2004-10-15T00:00:00,EURGBP,63,0.65048549975189063,0.57120717516087438,success,64,90.812069416719481,90.190895459305423,false,false,35.986052035135089,20.617333704998806,,,
2004-10-18T00:00:00,EURGBP,63,0.66199585272465977,0.55536573607648598,success,64,90.812066276251045,90.139865150553163,false,false,34.988041372818614,26.063645634361567,,,
2004-10-19T00:00:00,EURGBP,63,0.64829978467407867,0.47164199500811699,success,64,90.812066363486764,90.200492295168104,false,false,29.71344568551137,13.864380082738453,,,
2004-10-20T00:00:00,EURGBP,63,0.70170257938966674,0.46026529541912914,success,64,90.812066230385199,89.956647636736847,false,false,28.996713611405134,114.61749752966057,,,
2004-10-21T00:00:00,EURGBP,63,0.65496029295696767,0.50763791356065613,success,64,90.812066293484691,90.171151184413773,false,false,31.981188554321339,15.758947391236537,,,
2004-10-22T00:00:00,EURGBP,63,0.58025690592922508,0.69346278506849235,success,64,90.812066513543215,90.488238410155517,false,false,43.68815545931502,12.374381217520373,,,
2004-10-25T00:00:00,EURGBP,63,0.71894316257624946,0.76113943100950787,success,64,90.812066341838744,89.872840955193439,false,false,47.951784153598993,13.605199479237509,,,
2004-10-26T00:00:00,EURGBP,63,0.70391098050396661,0.39677832762804072,success,64,90.812067644694181,89.946075895330196,false,false,24.997034640566564,130.91640818100711,,,
2004-10-27T00:00:00,EURGBP,63,0.621721985131647,0.26922902198971466,success,64,90.812066555986775,90.315202946759612,false,false,16.961428385352022,20.503856055099384,,,
2004-10-28T00:00:00,EURGBP,63,0.6258425209600692,0.24953404986578917,success,64,90.812068002686701,90.29764600293808,false,false,15.720645141544718,23.579829226458543,,,
2004-10-29T00:00:00,EURGBP,63,0.64441402741303278,0.23425500382404055,success,64,90.812067919737089,90.217493556187975,false,false,14.758065240914554,18.319557371334099,,,
2004-11-01T00:00:00,EURGBP,63,0.79591385618233834,0.59826879817245238,success,64,90.8120662657346,89.451117484950771,false,false,37.690934284864497,14.882230080111539,,,
2004-11-02T00:00:00,EURGBP,63,0.83011580994592626,0.66419227306551154,success,64,90.812066271145071,89.225618019960748,false,false,41.844113203127229,14.46644355780821,,,
2004-11-03T00:00:00,EURGBP,63,0.80226959793104957,0.29704353789260357,success,64,90.812066270526728,89.411526059281854,false,false,18.713742887234027,15.483586022264475,,,
2004-11-04T00:00:00,EURGBP,63,0.74672370441861013,0.63351932572170411,success,64,90.812066294035091,89.730852021166911,false,false,39.911717520467356,12.414431204976832,,,
2004-11-05T00:00:00,EURGBP,63,0.78383486013870929,0.61825555391665188,success,64,90.812066302487608,89.523910593872543,false,false,38.950099896749066,13.390024040819942,,,
2004-11-08T00:00:00,EURGBP,63,0.70118506278749404,0.60235745151108888,success,64,90.81206631892681,89.95911891114352,false,false,37.948519445198599,11.205775116941576,,,
2004-11-09T00:00:00,EURGBP,63,0.67022376138434347,0.50792467401345076,success,64,90.812066291323191,90.102869022148624,false,false,31.9992544628474,457.88836796675542,,,
2004-11-10T00:00:00,EURGBP,63,0.67909667857968536,0.28533958205432269,success,64,90.812066295576741,90.062442692774297,false,false,17.976393669422329,15.414191124749873,,,
2004-11-11T00:00:00,EURGBP,63,0.72371376548180266,0.20604314261445753,success,64,90.81206630507323,89.849107752311241,false,false,12.980717984710823,25.146885510041425,,,
2004-11-12T00:00:00,EURGBP,63,0.7438889537932929,0.54031513870379666,success,64,90.812066225347778,89.745785581980257,false,false,34.03985373833919,13.120849082293297,,,
2004-11-15T00:00:00,EURGBP,63,0.74548142051068322,0.52377196070707244,success,64,90.812066282224848,89.737409907729372,false,false,32.997633524545563,11.924045107713955,,,
2004-11-16T00:00:00,EURGBP,63,0.7871198608204546,0.53866300673372969,success,64,90.812066231765129,89.504414974491539,false,false,33.935769424224972,1.2559548364082873,,,
2004-11-17T00:00:00,EURGBP,63,0.7808846383602086,0.49100955461121099,success,64,90.812066284728218,89.541237212567708,false,false,30.933601940506293,12.385444556130443,,,
2004-11-18T00:00:00,EURGBP,63,0.81829235456116767,0.4757489998888435,success,64,90.812066263980796,89.307245641347492,false,false,29.972186992997141,12.082666594926097,,,
2004-11-19T00:00:00,EURGBP,63,0.75246040705269268,0.49108211242941785,success,64,90.812066347977904,89.700288508670411,false,false,30.938173083053325,1.4183642998939847,,,
2004-11-22T00:00:00,EURGBP,63,0.77713166352284657,0.47508248635664257,success,64,90.812066231010434,89.563037621583646,false,false,29.93019664046848,1.4502018820273113,,,
2004-11-23T00:00:00,EURGBP,63,0.80408568853024676,0.4584301220908889,success,64,90.812066241699725,89.400037777683707,false,false,28.881097691726001,1.4516614501927931,,,
2004-11-24T00:00:00,EURGBP,63,0.84578054502411437,0.44146726477741682,success,64,90.812066295766016,89.110182993184978,false,false,27.812437680977261,1.4495032324624533,,,
2004-11-25T00:00:00,EURGBP,63,0.75694491314473833,0.63435272775599161,success,64,90.812066232732377,89.676063864423668,false,false,39.964221848627474,13.960308386413619,,,
2004-11-26T00:00:00,EURGBP,63,0.86744840199153495,0.38094773510981617,success,64,90.812066297261453,88.933482254735893,false,false,23.999707311918417,13.527513728089744,,,
2004-11-29T00:00:00,EURGBP,63,0.82648264727701048,0.39498190560310781,success,64,90.812067586796815,89.251166275266399,false,false,24.883860052995793,1.6707589137921632,,,
2004-11-30T00:00:00,EURGBP,63,0.69311509829096973,0.38054957225283753,success,64,90.812066337768826,89.997343029659731,false,false,23.974623051928763,15.443629083884694,,,
2004-12-01T00:00:00,EURGBP,63,0.78739203495617915,0.5100826050017957,success,64,90.63918434179449,89.329908009096556,false,false,32.135204115113126,2.1612789519104547,,,
2004-12-02T00:00:00,EURGBP,63,0.82359323229928016,0.34895645844840606,success,64,90.654491011166769,89.113606761751953,false,false,21.984256882249582,1.8168907113911055,,,
2004-12-03T00:00:00,EURGBP,63,0.89341639846407672,0.40396215221980869,success,64,90.556326116864014,88.430203021147463,false,false,25.449615589847948,0.4958309790270507,,,
2004-12-06T00:00:00,EURGBP,63,0.84597199604786744,0.3921842531720528,success,64,90.559907173841154,88.856555346108124,false,false,24.707607949839325,0.64914070387437106,,,
2004-12-07T00:00:00,EURGBP,63,0.97475894102676253,0.84264901242434664,success,64,90.50707867305141,86.853360465538287,false,false,53.086887782733839,0.50896250024295331,,,
2004-12-08T00:00:00,EURGBP,63,0.97338207721179559,0.81875733870217271,success,64,90.421720539820441,86.822528633076942,false,false,51.581712338236883,0.51760958022193448,,,
2004-12-09T00:00:00,EURGBP,63,0.82969846346375364,0.51099940889950224,success,64,90.472160470965079,88.888668743368754,false,false,32.192962760668642,0.75252298359770065,,,
2004-12-10T00:00:00,EURGBP,63,0.82290930749557945,0.49263443908411519,success,64,90.508006026516554,88.971822017744444,false,false,31.035969662299259,0.74527222765423184,,,
2004-12-13T00:00:00,EURGBP,63,0.89557879636539217,0.29584599880475548,success,64,90.507661816204632,88.3586243618753,false,false,18.638297924699597,0.44252474787927859,,,
2004-12-14T00:00:00,EURGBP,63,0.78695751853728657,0.457598400506324,success,64,90.340482708141522,89.033800029478101,false,false,28.828699231898412,0.73397508541005951,,,
2004-12-15T00:00:00,EURGBP,63,0.8329521731635704,0.271945460739073,success,64,90.418461036036973,88.811764970345791,false,false,17.132564026561599,0.55687082518158371,,,
2004-12-16T00:00:00,EURGBP,63,0.8234133436634492,0.24855508499838547,success,64,90.427518022950068,88.887871434811061,false,false,15.658970354898285,0.41635348283735929,,,
2004-12-17T00:00:00,EURGBP,63,0.78317533353480284,0.41407475785335796,success,64,90.619309784320308,89.335042226367293,false,false,26.086709744761553,0.74492687200430885,,,
2004-12-20T00:00:00,EURGBP,63,0.88193352293949168,0.69911010973674037,success,64,90.37500815739314,88.36413930579856,false,false,44.04393691341464,0.53267556824187845,,,
2004-12-21T00:00:00,EURGBP,63,0.80855229810491347,0.3921288767532301,success,64,90.136182172674737,88.695551484569563,false,false,24.704119235453497,0.7804405570069638,,,
2004-12-22T00:00:00,EURGBP,63,0.98496220693919057,0.68010115202919119,success,64,89.471527914276066,85.289491212206258,false,false,42.846372577839048,0.50610427825181681,,,
2004-12-23T00:00:00,EURGBP,63,0.99131537767907418,0.66288934256052856,success,64,89.014039719252139,84.276560906077762,false,false,41.762028581313302,0.51959598179575295,,,
2004-12-24T00:00:00,EURGBP,63,0.99098643996014368,0.69916764590546399,success,64,88.726497456335437,84.02652671982888,false,false,44.047561692044233,3.4450880723988635,,,
2004-12-27T00:00:00,EURGBP,63,0.98581528841839394,0.62649663525411803,success,64,88.729228857163676,84.487924589793025,false,false,39.469288021009433,0.50138678298810702,,,
2004-12-28T00:00:00,EURGBP,63,0.98877426766497922,0.62100432330528921,success,64,88.773002705229857,84.294745315594085,false,false,39.123272368233224,0.57440494296934397,,,
2004-12-29T00:00:00,EURGBP,63,0.99033958039483827,0.60254019461758068,success,64,88.626367835169319,83.996357025023883,false,false,37.960032260907582,0.55398940867171576,,,
2004-12-30T00:00:00,EURGBP,63,0.98468903393301421,0.59541291124495233,success,64,88.458785469288557,84.29502888762137,false,false,37.511013408431999,0.62496020692212106,,,
2004-12-31T00:00:00,EURGBP,63,0.97885869296996442,0.57621967683813313,success,64,87.936091949286208,84.1009334611783,false,false,36.301839640802385,0.60523224106168161,,,
2005-01-03T00:00:00,EURGBP,63,0.97369563281057647,0.55984819871587621,success,64,87.821318543447589,84.209954758850046,false,false,35.270436519100201,0.61612940167387542,,,
2005-01-04T00:00:00,EURGBP,63,0.9713731379229783,0.54150848065055313,success,64,88.021008491573355,84.496643325479837,false,false,34.115034280984844,0.59563763592383889,,,
2005-01-05T00:00:00,EURGBP,63,0.95842009836552866,0.52206292393159726,success,64,87.698577600736655,84.56090831958042,false,false,32.889964207690625,0.58378981113377759,,,
2005-01-06T00:00:00,EURGBP,63,0.93763972940553919,0.50884210030275423,success,64,87.182388215143959,84.471950807117622,false,false,32.057052319073513,0.60635980289515279,,,
2005-01-07T00:00:00,EURGBP,63,0.95619214880574421,0.49632640315794058,success,64,86.7981434265904,83.714997593589914,false,false,31.268563398950256,0.62581484618931726,,,
2005-01-10T00:00:00,EURGBP,63,0.9468815952975248,0.47550918244744461,success,64,86.770613407753785,83.889962826510384,false,false,29.957078494189009,0.59846418344429564,,,
2005-01-11T00:00:00,EURGBP,63,0.93696264566270226,0.45536912330178747,success,64,86.70529614377071,84.006380204884437,false,false,28.688254768012612,0.5805427862793463,,,
2005-01-12T00:00:00,EURGBP,63,0.71157333219207008,0.65249203158909208,success,64,86.914516967465019,86.011479357479075,false,false,41.106997990112802,13.320534249201936,,,
2005-01-13T00:00:00,EURGBP,63,0.95935202190441238,0.41931778371813166,success,64,87.123843519968389,83.962534535999907,false,false,26.417020374242295,0.55902759222929588,,,
2005-01-14T00:00:00,EURGBP,63,0.67114404568872088,0.88113428587135612,success,64,87.149198412483756,86.435834451442744,false,false,55.511460009895437,0.86700810443966503,,,
2005-01-17T00:00:00,EURGBP,63,0.63007818324741205,0.55614802289267984,success,64,87.844970636189984,87.312418401347415,false,false,35.037325442238831,0.95484625776561005,,,
2005-01-18T00:00:00,EURGBP,63,0.72280819125224027,0.58411205942647393,success,64,88.866233182436019,87.907799008021556,false,false,36.799059743867858,0.95690302299936436,,,
2005-01-19T00:00:00,EURGBP,63,0.69978360918719817,0.56762125888321624,success,64,87.98455437996887,87.13828673980025,false,false,35.760139309642625,1.1298166530540517,,,
2005-01-20T00:00:00,EURGBP,63,0.82320746414258206,0.58943727472241558,success,64,87.886051850992573,86.34782053059655,false,false,37.134548307512183,17.21373269565883,,,
2005-01-21T00:00:00,EURGBP,63,0.74208274047266709,0.53767667367409966,success,64,88.435447847614057,87.378625934572554,false,false,33.873630441468279,1.0080712260136138,,,
2005-01-24T00:00:00,EURGBP,63,0.70639887923051647,0.51967482672394827,success,64,88.470478886396307,87.59252093776891,false,false,32.739514083608739,0.97079062078434242,,,
2005-01-25T00:00:00,EURGBP,63,0.67705799079948703,0.50128312896235228,success,64,88.467989709553109,87.727705550841577,false,false,31.580837124628196,0.90276305442776339,,,
2005-01-26T00:00:00,EURGBP,63,0.8854438715690558,0.27265465900349767,success,64,88.547884240550545,86.502860079001451,false,false,17.177243517220354,0.50394291775007605,,,
2005-01-27T00:00:00,EURGBP,63,0.88821782742250754,0.25333634078786343,success,64,88.378362616223612,86.305697692005609,false,false,15.960189469635395,0.46120428831666882,,,
2005-01-28T00:00:00,EURGBP,63,0.87266438411288683,0.2295993031769539,success,64,88.791461719342095,86.866736922744451,false,false,14.464756100148096,0.42598909672653357,,,
2005-01-31T00:00:00,EURGBP,63,0.70088865666663169,0.40161572084939101,success,64,88.34817839249547,87.496645242876824,false,false,25.301790413511632,0.79769359098933468,,,
2005-02-01T00:00:00,EURGBP,63,0.87379104435169652,0.20751864822041516,success,64,88.608487090340631,86.673584734480301,false,false,13.073674837886156,0.49574212117520722,,,
2005-02-02T00:00:00,EURGBP,63,0.62363903334460546,0.032377684942568243,success,64,88.858086747775673,88.353063719558136,false,false,2.0397941513817992,14.536223996685433,,,
2005-02-03T00:00:00,EURGBP,63,0.65253956140581248,0.38877343216105248,success,64,88.433660405140643,87.803439450026559,false,false,24.492726226146306,0.85164351853850051,,,
2005-02-04T00:00:00,EURGBP,63,0.78523632971551216,0.61661800115473175,success,64,88.344618666960727,87.048172153100808,false,false,38.846934072748098,0.97870077391915333,,,
2005-02-07T00:00:00,EURGBP,63,0.85341596124026498,0.68839337153096991,success,64,88.207312574850008,86.445664408551551,false,false,43.368782406451103,2.0674022887522274,,,
2005-02-08T00:00:00,EURGBP,63,0.83223222128845808,0.67137071208715426,success,64,88.517736951216293,86.916206190827324,false,false,42.29635486149072,2.2428039329350846,,,
2005-02-09T00:00:00,EURGBP,63,0.84234257918405819,0.65061024880160623,success,64,88.315147319359625,86.639384980569815,false,false,40.988445674501193,14.120516814825599,,,
2005-02-10T00:00:00,EURGBP,63,0.83192039580593813,0.54789129789978386,success,64,88.23357545100761,86.634276394549318,false,false,34.517151767686386,1.2626680857591439,,,
2005-02-11T00:00:00,EURGBP,63,0.88429902622064993,0.61879020530533668,success,64,88.100612544210989,86.066826324396928,false,false,38.98378293423621,12.38678509433303,,,
2005-02-14T00:00:00,EURGBP,63,0.90874762483333693,0.60287836588969679,success,64,87.776658300535658,85.47821990670235,false,false,37.9813370510509,12.752011594099429,,,
2005-02-15T00:00:00,EURGBP,63,0.92667429515370259,0.58695904584032887,success,64,87.673399101295971,85.136708178583106,false,false,36.978419887940717,13.52606637972425,,,
2005-02-16T00:00:00,EURGBP,63,0.91019522709971679,0.5712413373688332,success,64,87.87883482762912,85.562813840086164,false,false,35.988204254236493,12.259444630691434,,,
2005-02-17T00:00:00,EURGBP,63,0.94090843533887503,0.46706228908227604,success,64,88.357048155799404,85.589290510940756,false,false,29.424924212183392,1.3579927794179731,,,
2005-02-18T00:00:00,EURGBP,63,0.94708849612399915,0.45020511100484639,success,64,88.381865169568542,85.49709341162891,false,false,28.362921993305324,1.3729119647665258,,,
2005-02-21T00:00:00,EURGBP,63,0.97380144457536177,0.36177851654393689,success,64,88.371502667544647,84.755999513138406,false,false,22.792046542268025,15.594752573780664,,,
2005-02-22T00:00:00,EURGBP,63,0.878892402997555,0.64255847762070084,success,64,88.770402722389917,86.78841962250857,false,false,40.481184090104151,27.458519536971906,,,
2005-02-23T00:00:00,EURGBP,63,0.9781790446922296,0.33104991991408722,success,64,89.211076528007823,85.408254563183831,false,false,20.856144954587496,19.319918560492461,,,
2005-02-24T00:00:00,EURGBP,63,0.98025711994215203,0.3142859592318264,success,64,89.12861907769782,85.223597096107625,false,false,19.800015431605061,14.988516240528494,,,
2005-02-25T00:00:00,EURGBP,63,0.98338520712307331,0.29631416608949546,success,64,89.135733183088362,85.055025706507251,false,false,18.667792463638214,12.738632083342342,,,
2005-02-28T00:00:00,EURGBP,63,0.93112779089902498,0.44690847752481627,success,64,89.891744960166776,87.287601175766056,false,false,28.155234084063427,1.8687586026331553,,,
2005-03-01T00:00:00,EURGBP,63,0.94334895814091013,0.26149757785035838,success,64,89.698055947138485,86.885530060368936,false,false,16.474347404572576,25.709281068031334,,,
2005-03-02T00:00:00,EURGBP,63,0.95729555399766475,0.24530561461216147,success,64,89.685718806761543,86.575909665783414,false,false,15.454253720566172,27.957017366325665,,,
2005-03-03T00:00:00,EURGBP,63,0.97316126888220233,0.22629041457869176,success,64,89.528014903977237,85.937311126751865,false,false,14.25629611845758,18.310599653336247,,,
2005-03-04T00:00:00,EURGBP,63,0.92038779705200413,0.59546499274651432,success,64,89.533153142021362,87.085525426724828,false,false,37.514294543030402,28.961361472423246,,,
2005-03-07T00:00:00,EURGBP,63,0.92876348963846611,0.57949440815641051,success,64,89.495121469213814,86.927272821742264,false,false,36.508147713853859,30.535649388857628,,,
2005-03-08T00:00:00,EURGBP,63,0.93362651823047105,0.56333763348072863,success,64,89.321190652689751,86.67741177361826,false,false,35.490270909285904,33.412687682448222,,,
2005-03-09T00:00:00,EURGBP,63,0.89339642809910458,0.46834768739073701,success,64,89.02432165079739,86.898408258668994,false,false,29.505904305616433,32.257838267424752,,,
2005-03-10T00:00:00,EURGBP,63,0.86197489745663536,0.3171004603490668,success,64,88.634926690264393,86.803136112407842,false,false,19.977329001991208,12.61122264822211,,,
2005-03-11T00:00:00,EURGBP,63,0.95105173721095748,0.12958378793652831,success,64,88.502740704809696,85.535936119636432,false,false,8.1637786400012828,14.255173946032901,,,
2005-03-14T00:00:00,EURGBP,63,0.90984610374500063,0.50027562051436281,success,64,88.585105436347845,86.27334813630732,false,false,31.517364092404854,31.781975616774901,,,
2005-03-15T00:00:00,EURGBP,63,0.99594346461055838,0.080555338826873962,success,64,88.3896326733134,82.886271436726005,false,false,5.07498634609306,1.1969775314540132,,,
2005-03-16T00:00:00,EURGBP,63,0.89750804147552132,0.46833109327157652,success,64,88.349930213513005,86.180092475410518,false,false,29.504858876109321,32.772166581767422,,,
2005-03-17T00:00:00,EURGBP,63,0.9439334086637774,0.37266480655590251,success,64,88.201714048270603,85.378198541565851,false,false,23.477882813021857,22.125045379184137,,,
2005-03-18T00:00:00,EURGBP,63,0.93985583348052082,0.36152994826913454,success,64,88.569358014892771,85.820375975526446,false,false,22.776386740955477,75.34757130496422,,,
2005-03-21T00:00:00,EURGBP,63,0.89024247613528262,0.42119916730422308,success,64,89.804229408319472,87.711009141785425,false,false,26.535547540166053,31.28566371820331,,,
2005-03-22T00:00:00,EURGBP,63,0.83080179386956576,0.40505214380951432,success,64,90.424798075837899,88.833477669680732,false,false,25.518285059999403,31.427158570517474,,,
2005-03-23T00:00:00,EURGBP,63,0.99247257117610921,0.68034184121845354,success,64,90.665508855823603,85.783863005589964,false,false,42.861535996762569,16.592506642142208,,,
2005-03-24T00:00:00,EURGBP,63,0.96656170098471961,0.66515450838670087,success,64,90.676454759240841,87.312411543173212,false,false,41.904734028362157,20.096241093197943,,,
2005-03-25T00:00:00,EURGBP,63,0.74231134074268934,0.35852250136103042,success,64,90.682393923224836,89.624377280526659,false,false,22.586917585744917,28.277845118973179,,,
2005-03-28T00:00:00,EURGBP,63,0.75956035006599953,0.3422929056530829,success,64,90.767941581844823,89.617670924938523,false,false,21.564453056144224,28.945437536219721,,,
2005-03-29T00:00:00,EURGBP,63,0.96605304909270062,0.61772213552919653,success,64,90.681415469614279,87.332995759363527,false,false,38.916494538339379,23.892129930952546,,,
2005-03-30T00:00:00,EURGBP,63,0.74953195099195824,0.31093756241648807,success,64,90.670689975025354,89.574572392168662,false,false,19.589066432238749,31.686765434001604,,,
2005-03-31T00:00:00,EURGBP,63,0.78270324635766697,0.29403678771972758,success,64,90.603931015907861,89.322441335096798,false,false,18.524317626342839,30.98752686018382,,,
2005-04-01T00:00:00,EURGBP,63,0.98480644507919113,0.56946890217660451,success,64,90.59300254693828,86.421428747096186,false,false,35.876540837126086,17.072222705499119,,,
2005-04-04T00:00:00,EURGBP,63,0.98941064463642614,0.55362453013467461,success,64,90.617735103019058,86.080474931181669,false,false,34.878345398484498,18.317175779822257,,,
2005-04-05T00:00:00,EURGBP,63,0.8733224495039319,0.24653565519851092,success,64,90.620497746925437,88.689837786646081,false,false,15.531746277506189,31.081522595727201,,,
2005-04-06T00:00:00,EURGBP,63,0.88982704004003133,0.23086103769215116,success,64,90.744907958346204,88.655932345735579,false,false,14.544245374605524,29.358411445156747,,,
2005-04-07T00:00:00,EURGBP,63,0.98857394162388657,0.50584111801672538,success,64,90.722333100265928,86.26196622795635,false,false,31.867990435053702,17.615144535909842,,,
2005-04-08T00:00:00,EURGBP,63,0.98143815472503426,0.48985477424997015,success,64,90.760980698022749,86.793069841828114,false,false,30.860850777748119,18.699192293751967,,,
2005-04-11T00:00:00,EURGBP,63,0.98672254378486424,0.47432526173727296,success,64,90.777298417111723,86.468977103486026,false,false,29.882491489448196,23.591451875366428,,,
2005-04-12T00:00:00,EURGBP,63,0.83196847914148198,0.6506610459865797,success,64,90.812066268994897,89.212423300500518,false,false,40.99164589715452,76.098227966910542,,,
2005-04-13T00:00:00,EURGBP,63,0.96960343236632818,0.44254757638628706,success,64,90.787936403943121,87.325378943903175,false,false,27.880497312336086,19.24333372147445,,,
2005-04-14T00:00:00,EURGBP,63,0.97393955613958294,0.42648276243538474,success,64,90.735710489606404,87.114779849042023,false,false,26.868414033429239,18.27998363457418,,,
2005-04-15T00:00:00,EURGBP,63,0.82370695921783754,0.11923362682866127,success,64,90.490427180162541,88.948759960421356,false,false,7.5117184902056602,28.988994838337959,,,
2005-04-18T00:00:00,EURGBP,63,0.7512108524943264,0.10425854316068882,success,64,90.676932446971009,89.571851812867365,false,false,6.5682882191233958,30.677198853595478,,,
2005-04-19T00:00:00,EURGBP,63,0.70129528250159923,0.38051052149449732,success,64,90.812066444036461,89.958592933837267,false,false,23.972162854153332,15.243750110707825,,,
2005-04-20T00:00:00,EURGBP,63,0.82780423668660341,0.36246899750037703,success,64,90.787741278268101,89.217596569359657,false,false,22.835546842523755,18.250005245362527,,,
2005-04-21T00:00:00,EURGBP,63,0.8011658356472815,0.34693795164515301,success,64,90.787593264939574,89.393996435874101,false,false,21.85709095364464,19.199251421694782,,,
2005-04-22T00:00:00,EURGBP,63,0.73101453398371496,0.57086171445986988,success,64,90.8118543714303,89.812078378010455,false,false,35.964288010971799,14.241434468296159,,,
2005-04-25T00:00:00,EURGBP,63,0.756426689863265,0.73504087374244953,success,64,90.784992932964101,89.651805276953908,false,false,46.307575045774321,0.19048668065318139,,,
2005-04-26T00:00:00,EURGBP,63,0.69824093643805418,0.49187204650688704,success,64,90.812066268181567,89.973130940023012,false,false,30.987938929933883,31.569555824247772,,,
2005-04-27T00:00:00,EURGBP,63,0.75183464907922681,0.55994901710441936,success,64,90.811170610088425,89.702749453437647,false,false,35.276788077578416,0.58246446681184205,,,
2005-04-28T00:00:00,EURGBP,63,0.71272203165178616,0.45991737092675056,success,64,90.783144977462555,89.874503768359574,false,false,28.974794368385286,8.6002541402477899,,,
2005-04-29T00:00:00,EURGBP,63,0.73778538818862682,0.44424280768922958,success,64,90.726077928429348,89.691588245541411,false,false,27.987296884421465,12.179720097108314,,,
2005-05-02T00:00:00,EURGBP,63,0.8350570189802452,0.69119673999613795,success,64,90.810409965034481,89.188509800911547,false,false,43.545394619756692,0.18220379851378279,,,
2005-05-03T00:00:00,EURGBP,63,0.81695276323160426,0.67697723047297909,success,64,90.768730016347618,89.272892984451587,false,false,42.649565519797683,0.18234757683649427,,,
2005-05-04T00:00:00,EURGBP,63,0.77630176358446534,0.64484076648052358,success,64,90.775064171782503,89.530820841352863,false,false,40.624968288272989,0.1863702680000783,,,
2005-05-05T00:00:00,EURGBP,63,0.70349728310049342,0.46888631264466024,success,64,90.76470632269627,89.900698689756325,false,false,29.539837696613596,0.4981628907738157,,,
2005-05-06T00:00:00,EURGBP,63,0.75450251343424823,0.61902351460125016,success,64,90.770150300250336,89.647378399950654,false,false,38.998481419878757,0.37051302372298056,,,
2005-05-09T00:00:00,EURGBP,63,0.78777029707009549,0.74605315802651884,success,64,90.812067257190577,89.500529903498645,false,false,47.001348955670686,386.23776402717294,,,
2005-05-10T00:00:00,EURGBP,63,0.77320211871365252,0.7305202610488154,success,64,90.794239047900646,89.567757790420856,false,false,46.022776446075369,68.685696468967876,,,
2005-05-11T00:00:00,EURGBP,63,0.70045848458319515,0.62698872839637054,success,64,90.791606655280404,89.942124580363625,false,false,39.500289888971345,0.30173499969083184,,,
2005-05-12T00:00:00,EURGBP,63,0.86192569998064938,0.52145374707178715,success,64,90.800525156219791,88.969148030395189,false,false,32.851586065522589,0.12501857855355586,,,
2005-05-13T00:00:00,EURGBP,63,0.76291560470535102,0.68311686464276045,success,64,90.812067151623964,89.643335912316672,false,false,43.036362472493906,13.335823833953418,,,
2005-05-16T00:00:00,EURGBP,63,0.91596966122724421,0.95413874581552172,success,64,90.768109224624595,88.379303890931084,false,false,60.11074098637787,14.06766976037799,,,
2005-05-17T00:00:00,EURGBP,63,0.94199657120515867,0.55934460531785946,success,64,90.736007475374478,87.948507966665844,false,false,35.238710135025144,0.11410755851682074,,,
2005-05-18T00:00:00,EURGBP,63,0.93351638023320105,0.52336715111852838,success,64,90.752841874025762,88.110838962105461,false,false,32.972130520467289,0.11203465683698849,,,
2005-05-19T00:00:00,EURGBP,63,0.91713715790261263,0.4609484958516511,success,64,90.766840778320415,88.362770480889537,false,false,29.039755238654021,0.11275744955489408,,,
2005-05-20T00:00:00,EURGBP,63,0.9518973033212047,0.30117969920447879,success,64,90.679459764885124,87.694340850123652,false,false,18.974321049882164,0.11719508958960859,,,
2005-05-23T00:00:00,EURGBP,63,0.98004346253663499,0.46627964527293886,success,64,90.580797394700454,86.686757256547764,false,false,29.37561765219515,0.53844492600574667,,,
2005-05-24T00:00:00,EURGBP,63,0.97148638566836065,0.44854814077643784,success,64,90.588873155898014,87.060427569962712,false,false,28.258532868915584,0.56103970019578853,,,
2005-05-25T00:00:00,EURGBP,63,0.95654335017539494,0.43041949429592713,success,64,90.634422002330268,87.542859778255604,false,false,27.116428140643411,0.57338183014351973,,,
2005-05-26T00:00:00,EURGBP,63,0.95108032535017284,0.41329181854740954,success,64,90.660648469828971,87.693229606899052,false,false,26.0373845684868,0.61796731148605533,,,
2005-05-27T00:00:00,EURGBP,63,0.91241993867705407,0.52454817912551643,success,64,90.70103658848835,88.357489606883547,false,false,33.046535284907534,12.927862712349819,,,
2005-05-30T00:00:00,EURGBP,63,0.95877538924620931,0.38621734083720399,success,64,90.785730741924567,87.639109334387925,false,false,24.331692472743853,0.51950021439940086,,,
2005-05-31T00:00:00,EURGBP,63,0.9934658365814889,0.25992119242515499,success,64,90.20221966333439,85.178064312218794,false,false,16.375035122784766,0.072775843788861178,,,
2005-06-01T00:00:00,EURGBP,63,0.94903169650078834,0.41480698328722937,success,64,89.58987886303693,86.665640604586983,false,false,26.132839947095452,16.25207704511287,,,
2005-06-02T00:00:00,EURGBP,63,0.9591521209737538,0.68677359634045454,success,64,89.961179968869658,86.804985180920113,false,false,43.266736569448639,2.8965172722437318,,,
2005-06-03T00:00:00,EURGBP,63,0.93929809256707564,0.58207579552736655,success,64,90.201906573715959,87.462748808921617,false,false,36.670775118224093,1.6184363020757924,,,
2005-06-06T00:00:00,EURGBP,63,0.9433311193580951,0.65488910916537035,success,64,90.331589199345544,87.519397062119538,false,false,41.258013877418335,2.7580450933088412,,,
2005-06-07T00:00:00,EURGBP,63,0.98402825350676748,0.55372993286012695,success,64,90.541194227825883,86.420360935398591,false,false,34.884985770187996,2.089746526739773,,,
2005-06-08T00:00:00,EURGBP,63,0.98781745291140133,0.5382635675048959,success,64,90.677992394510156,86.282498839086728,false,false,33.910604752808439,2.4277548480677056,,,
2005-06-09T00:00:00,EURGBP,63,0.98392820242094159,0.5220063304243413,success,64,90.636053350462106,86.521566453891609,false,false,32.886398816733504,2.5241821356267931,,,
2005-06-10T00:00:00,EURGBP,63,0.97979993497953644,0.5065461623237153,success,64,90.694135770606607,86.812473190999896,false,false,31.912408226394067,2.315631629282318,,,
2005-06-13T00:00:00,EURGBP,63,0.99019620068561098,0.35035493142053342,success,64,90.733454478416476,86.118321368100482,false,false,22.072360679493606,12.676752866986456,,,
2005-06-14T00:00:00,EURGBP,63,0.98933081837575465,0.33452885234200286,success,64,90.791674036417945,86.262004626488562,false,false,21.075317697546179,12.777073129657001,,,
2005-06-15T00:00:00,EURGBP,63,0.87216523883926977,0.77934428553739066,success,64,90.793163044955122,88.872922646438056,false,false,49.098689988855611,1.6849633990479875,,,
2005-06-16T00:00:00,EURGBP,63,0.8405275562595419,0.76023080638457752,success,64,90.781621368497454,89.119462771412088,false,false,47.894540802228384,1.5162956879308986,,,
2005-06-17T00:00:00,EURGBP,63,0.97816931154823683,0.51436828514232491,success,64,90.80657777807717,87.004211709854658,false,false,32.405201963966469,2.2521255296102098,,,
2005-06-20T00:00:00,EURGBP,63,0.98334312674547764,0.27043711256829456,success,64,90.812066242002146,86.733931061307857,false,false,17.037538091802556,32.446550767660518,,,
2005-06-21T00:00:00,EURGBP,63,0.98018374906629613,0.25420952516142864,success,64,90.81206629868133,86.910828600838613,false,false,16.015200085170004,80.139822129376711,,,
2005-06-22T00:00:00,EURGBP,63,0.96432637021715717,0.47699991089388932,success,64,90.812066216969086,87.515048175635641,false,false,30.050994386315029,14.635844333140948,,,
2005-06-23T00:00:00,EURGBP,63,0.95641212395122477,0.46182066215031725,success,64,90.812066257918218,87.723656385171012,false,false,29.094701715469988,16.529634732078627,,,
2005-06-24T00:00:00,EURGBP,63,0.97071639354128059,0.20643057296306572,success,64,90.812066219188878,87.311059723155253,false,false,13.005126096673139,244.29274956557481,,,
2005-06-27T00:00:00,EURGBP,63,0.95215145725300054,0.19076216941352325,success,64,90.812066261448734,87.821382808385337,false,false,12.018016673051966,65.314241341085534,,,
2005-06-28T00:00:00,EURGBP,63,0.91218967297374265,0.41334680615203195,success,64,90.812066227706339,88.471397398117276,false,false,26.040848787578014,14.787136079729446,,,
2005-06-29T00:00:00,EURGBP,63,0.76650004241230363,0.80965969357085898,success,64,90.812066290321511,89.62341343214888,false,false,51.008560694964117,72.167274477841843,,,
2005-06-30T00:00:00,EURGBP,63,0.94027729389513082,0.77382797541085524,success,64,90.812066280491607,88.05560374007797,false,false,48.751162450883882,0.81948828935631135,,,
2005-07-01T00:00:00,EURGBP,63,0.96543872179560719,0.60342912748314437,success,64,90.812066367534939,87.482217663858322,false,false,38.016035031438093,56.463081867727055,,,
2005-07-04T00:00:00,EURGBP,63,0.9575316642920022,0.58734044949802611,success,64,90.812068412095016,87.696468377914115,false,false,37.002448318375642,482.2303941204508,,,
2005-07-05T00:00:00,EURGBP,63,0.94421331103570105,0.57171728059433524,success,64,90.812066239562213,87.983249425765806,false,false,36.018188677443121,45.362102872377839,,,
2005-07-06T00:00:00,EURGBP,63,0.94367266533752614,0.54027683420782879,success,64,90.806210791221247,87.9876113733323,false,false,34.037440555093212,1.3462185411767176,,,
2005-07-07T00:00:00,EURGBP,63,0.9475260967292749,0.52325285572269076,success,64,90.766101599823813,87.872563085978797,false,false,32.96492991052952,1.2596937215343558,,,
2005-07-08T00:00:00,EURGBP,63,0.85403415658961357,0.33408428448562549,success,64,90.652038837766924,88.885440293865614,false,false,21.047309922594405,14.231836277160001,,,
2005-07-11T00:00:00,EURGBP,63,0.87780278398531553,0.25701309373969228,success,64,90.715322693266629,88.743537008743061,false,false,16.191824905600612,1.6912700999939214,,,
2005-07-12T00:00:00,EURGBP,63,0.84622948907533369,0.30226396098051395,success,64,90.733986366406214,89.028657082080031,false,false,19.042629541772378,15.623155889239996,,,
2005-07-13T00:00:00,EURGBP,63,0.81889500735688903,0.28647004080554761,success,64,90.753395086888418,89.244516140340394,false,false,18.0476125707495,13.188434180577739,,,
2005-07-14T00:00:00,EURGBP,63,0.59826529986851318,0.96168225054437295,success,64,90.793517172846208,90.395274792846507,false,false,60.585981784295498,2.0359948568734798,,,
2005-07-15T00:00:00,EURGBP,63,0.66112516465957993,0.76641553814897834,success,64,90.759071905866818,90.090759549339097,false,false,48.284178903385637,1.5381433047727726,,,
2005-07-18T00:00:00,EURGBP,63,0.63645874160837834,0.74975267911447296,success,64,90.748278154745279,90.188251353247239,false,false,47.234418784211798,1.656975908754575,,,
2005-07-19T00:00:00,EURGBP,63,0.78630937150785662,0.55368371765454738,success,64,90.742062592822407,89.439241583200769,false,false,34.882074212236482,1.5516455917649841,,,
2005-07-20T00:00:00,EURGBP,63,0.83183528224261816,0.74754800512586694,success,64,90.0366625518528,88.437972070610684,false,false,47.09552432292962,98019.328549724523,,,
2005-07-21T00:00:00,EURGBP,63,0.83621065868033828,0.52295731245635557,success,64,90.804669272552772,89.174369805136536,false,false,32.946310684750401,1.2870821322682959,,,
2005-07-22T00:00:00,EURGBP,63,0.84483443899968724,0.50687000374904767,success,64,90.793457050773284,89.098809055145139,false,false,31.932810236190001,1.4599541517607817,,,
2005-07-25T00:00:00,EURGBP,63,0.68859200359342443,0.70603369137977401,success,64,90.535843406086414,89.742298405767102,false,false,44.480122556925764,34.590214980408682,,,
2005-07-26T00:00:00,EURGBP,63,0.85283187147536643,0.33375995972157596,success,64,90.804946510760189,89.04795974998008,false,false,21.026877462459286,28.729994671855724,,,
2005-07-27T00:00:00,EURGBP,63,0.84298774705562696,0.31766485125263139,success,64,90.811411326562848,89.130782750129399,false,false,20.012885628915779,52.597534349022212,,,
2005-07-28T00:00:00,EURGBP,63,0.63019952645485833,0.61953515621119404,success,64,90.405227824741189,89.872154946334831,false,false,39.030714841305226,8.8522338403841179,,,
2005-07-29T00:00:00,EURGBP,63,0.54726377694079198,0.5136797737904244,success,64,90.447408957863956,90.257787713754723,false,false,32.36182574879674,13.614745481537103,,,
2005-08-01T00:00:00,EURGBP,63,0.64059266605809462,0.58801814641040251,success,64,90.450245151704351,89.872307743358263,false,false,37.045143223855355,10.944890055918561,,,
2005-08-02T00:00:00,EURGBP,63,0.64002693666304078,0.57186455480000054,success,64,90.442909364683189,89.867428305265861,false,false,36.027466952400033,17.921508574631876,,,
2005-08-03T00:00:00,EURGBP,63,0.65056926704850149,0.73803178917670431,success,64,90.811836386556152,90.190293964544168,false,false,46.496002718132374,1.8264017578313982,,,
2005-08-04T00:00:00,EURGBP,63,0.61509680610573447,0.53963002313443353,success,64,90.453187576975935,89.984399771494651,false,false,33.996691457469311,13.955810085333701,,,
2005-08-05T00:00:00,EURGBP,63,0.62494812047939008,0.52383153101290914,success,64,90.482488061349727,89.971883784081456,false,false,33.001386453813275,23.336839409079055,,,
2005-08-08T00:00:00,EURGBP,63,0.62646367888426724,0.50811552749096078,success,64,90.559242653460615,90.042167100585743,false,false,32.011278231930532,17.779354700392553,,,
2005-08-09T00:00:00,EURGBP,63,0.62406302889008292,0.49214830567690304,success,64,90.560270751949602,90.053440880156046,false,false,31.005343257644892,21.492022276496598,,,
2005-08-10T00:00:00,EURGBP,63,0.61484533801742991,0.47621450099739948,success,64,90.416653021065784,89.948927240840263,false,false,30.001513562836166,15.189063159828477,,,
2005-08-11T00:00:00,EURGBP,63,0.62104575690314245,0.46051913006144796,success,64,90.432708688088681,89.938719393434624,false,false,29.01270519387122,13.608784160832698,,,
2005-08-12T00:00:00,EURGBP,63,0.73622206154601433,0.73846401456841626,success,64,90.261402336961936,89.234978156650456,false,false,46.523232917810226,32.939166141743115,,,
2005-08-15T00:00:00,EURGBP,63,0.71142237522264318,0.42859700582779664,success,64,90.155781313070534,89.253479114781641,false,false,27.001611367151188,161.23550068804363,,,
2005-08-16T00:00:00,EURGBP,63,0.73279864958008845,0.41269993105226971,success,64,90.071654070045085,89.062785595125249,false,false,26.000095656292991,900.0601484269913,,,
2005-08-17T00:00:00,EURGBP,63,0.74104750002905995,0.39682900297354662,success,64,89.939835406933355,88.88841532817294,false,false,25.000227187333437,719.00402295751803,,,
2005-08-18T00:00:00,EURGBP,63,0.68778239081878845,0.551470441590028,success,64,89.973426006649319,89.183653921179499,false,false,34.742637820171765,89.075004074845054,,,
2005-08-19T00:00:00,EURGBP,63,0.7272121919181247,0.65907285333990273,success,64,89.815901002444505,88.835376927346417,false,false,41.521589760413875,34.094556996667166,,,
2005-08-22T00:00:00,EURGBP,63,0.77730593818527138,0.64229539547888981,success,64,89.913109936411644,88.663074830104961,false,false,40.464609915170058,32.425894680696203,,,
2005-08-23T00:00:00,EURGBP,63,0.80153669601386268,0.62693786373624116,success,64,89.886713869364144,88.49078733065933,false,false,39.497085415383197,28.940992539393957,,,
2005-08-24T00:00:00,EURGBP,63,0.80933702233695748,0.61141149154318863,success,64,90.015056891756274,88.569348824781827,false,false,38.518923967220886,27.888881046410141,,,
2005-08-25T00:00:00,EURGBP,63,0.86695378312007254,0.46675553553260352,success,64,89.687419303436059,87.813130197939984,false,false,29.405598738554023,29.368750610503575,,,
2005-08-26T00:00:00,EURGBP,63,0.82485132506516923,0.45195960091675291,success,64,90.144451217163322,88.59488324340947,false,false,28.473454857755435,28.191003934271876,,,
2005-08-29T00:00:00,EURGBP,63,0.81062084846404581,0.43868044516116889,success,64,90.812066325605883,89.358016990275033,false,false,27.636868045153641,19.074549111458055,,,
2005-08-30T00:00:00,EURGBP,63,0.80600193472985115,0.32855335497641097,success,64,90.812066259296884,89.387828302563207,false,false,20.698861363513892,20.1507617483148,,,
2005-08-31T00:00:00,EURGBP,63,0.73345653652335885,0.19032488788579052,success,64,90.812066404907654,89.799835384267283,false,false,11.990467936804803,52.664269178402606,,,
2005-09-01T00:00:00,EURGBP,63,0.84226716256590006,0.29775254810844565,success,64,90.812066317493873,89.136871757892379,false,false,18.758410530832077,18.549636706119152,,,
2005-09-02T00:00:00,EURGBP,63,0.92131065517818622,0.54639486595146514,success,64,90.812066261353422,88.351776736377929,false,false,34.422876554942306,7.3829866264897568,,,
2005-09-05T00:00:00,EURGBP,63,0.93484463556145359,0.74469568054755897,success,64,90.812066279234145,88.148460568917301,false,false,46.915827874496216,0.091884029612710291,,,
2005-09-06T00:00:00,EURGBP,63,0.88068238338212812,0.76117586016794436,success,64,90.8120662598607,88.813158201961144,false,false,47.954079190580494,0.099460173491396076,,,
2005-09-07T00:00:00,EURGBP,63,0.96152390423157919,0.5126925133721616,success,64,90.812066276408231,87.59358400962347,false,false,32.299628342446184,0.87902005398852001,,,
2005-09-08T00:00:00,EURGBP,63,0.92798987396056232,0.51441820850642783,success,64,90.812066257625432,88.255852185143084,false,false,32.408347135904954,0.06707504394534948,,,
2005-09-09T00:00:00,EURGBP,63,0.97925089017161104,0.46877596420817563,success,64,90.476806413250372,86.622521877590586,false,false,29.532885745115063,3.2840082736768816,,,
2005-09-12T00:00:00,EURGBP,63,0.95087822925667653,0.19018010162460888,success,64,90.812066348909383,87.848982672031994,false,false,11.98134640235036,48.996932426480264,,,
2005-09-13T00:00:00,EURGBP,63,0.92379293046334221,0.25745832921150102,success,64,90.812066407988269,88.317032697151959,false,false,16.219874740324563,9.3573951319673778,,,
2005-09-14T00:00:00,EURGBP,63,0.64895597902155189,0.7261653975146054,success,64,90.403326051572421,89.788872797598216,false,false,45.74842004342014,50.341190599333991,,,
2005-09-15T00:00:00,EURGBP,63,0.89174632097117945,0.35752798260676605,success,64,89.742307642078771,87.633603296190842,false,false,22.524262904226262,34.29706931863322,,,
2005-09-16T00:00:00,EURGBP,63,0.81531404044817479,0.66490084905018509,success,64,89.855280212204363,88.370363714208594,false,false,41.888753490161662,18.050069117608917,,,
2005-09-19T00:00:00,EURGBP,63,0.79731280988582587,0.64859987444277245,success,64,89.944075898100692,88.574492667320939,false,false,40.861792089894664,14.846124209414118,,,
2005-09-20T00:00:00,EURGBP,63,0.94078447350569616,0.30947821110474932,success,64,89.947846277729681,87.182315983589049,false,false,19.497127299599207,35.430130787233288,,,
2005-09-21T00:00:00,EURGBP,63,0.95243894100258464,0.30153808642163382,success,64,89.561989568173274,86.564977905292395,false,false,18.996899444562931,21178.99130415016,,,
2005-09-22T00:00:00,EURGBP,63,0.93305326321099313,0.27092151220070365,success,64,89.665808113964303,87.031243156565466,false,false,17.068055268644329,4172.254421059818,,,
2005-09-23T00:00:00,EURGBP,63,0.93828407630722288,0.25881019358623142,success,64,89.945306459384057,87.223795683177343,false,false,16.305042195932579,124490.82624015522,,,
2005-09-26T00:00:00,EURGBP,63,0.95417849096983964,0.11111459788210368,success,64,89.480525207251318,86.444428066209127,false,false,7.0002196665725318,125216.93884763587,,,
2005-09-27T00:00:00,EURGBP,63,0.82912297501043408,0.58397227719485401,success,64,90.067243660596048,88.487819320755449,false,false,36.790253463275803,66.854115589277086,,,
2005-09-28T00:00:00,EURGBP,63,0.80789933491559685,0.53750922339779839,success,64,90.365012545014864,88.928594611702252,false,false,33.863081074061299,15.511836562461886,,,
2005-09-29T00:00:00,EURGBP,63,0.80595600316760507,0.52083257898680779,success,64,90.241846826673481,88.81790259344416,false,false,32.812452476168893,10.925389256854464,,,
2005-09-30T00:00:00,EURGBP,63,0.81525050273552446,0.72869661409226927,success,64,90.452517888516255,88.968023295840808,false,false,45.907886687812962,22.384312099742498,,,
2005-10-03T00:00:00,EURGBP,63,0.89758745279093799,0.26126156547103901,success,64,90.560469415584066,88.389768095970609,false,false,16.459478624675459,0.049031651224508838,,,
2005-10-04T00:00:00,EURGBP,63,0.93747680989991677,0.20799943847883098,success,64,90.668823617141399,87.961169125234306,false,false,13.103964624166352,0.048180750376431311,,,
2005-10-05T00:00:00,EURGBP,63,0.88732990124911948,0.37046124293909427,success,64,90.811907211776003,88.748154437996902,false,false,23.33905830516294,0.055236423483924962,,,
2005-10-06T00:00:00,EURGBP,63,0.90303867468085774,0.33329668518434369,success,64,90.710546096998442,88.479092906342771,false,false,20.997691166613652,30.746349081739801,,,
2005-10-07T00:00:00,EURGBP,63,0.94934712783286002,0.67632373190548456,success,64,90.346073694155024,87.415295114923666,false,false,42.608395110045528,0.65209033409600159,,,
2005-10-10T00:00:00,EURGBP,63,0.93605295287902901,0.30150760499377277,success,64,90.400078812594614,87.716462116278407,false,false,18.994979114607684,15.774727083362006,,,
2005-10-11T00:00:00,EURGBP,63,0.92334350403825327,0.28562971457555625,success,64,90.13812312368033,87.649456148110104,false,false,17.994672018260044,16.28751847193967,,,
2005-10-12T00:00:00,EURGBP,63,0.92697115581095435,0.26977122026399569,success,64,90.121043073064769,87.579975112597111,false,false,16.99558687663173,16.18039254992933,,,
2005-10-13T00:00:00,EURGBP,63,0.94841646849341088,0.21116696790461187,success,64,90.109669777872455,87.198078524027352,false,false,13.303518977990548,0.065761758467894824,,,
2005-10-14T00:00:00,EURGBP,63,0.96662749998096231,0.15870245627780402,success,64,90.122139246069466,86.756058244963143,false,false,9.9982547455016526,0.072307335467342679,,,
2005-10-17T00:00:00,EURGBP,63,0.93400357721183336,0.58035800546896887,success,64,90.562399993309043,87.912520265474527,false,false,36.562554344545042,0.5912365272369865,,,
2005-10-18T00:00:00,EURGBP,63,0.8129445035509093,0.57734556215425559,success,64,89.873285626603717,88.404028125982194,false,false,36.372770415718101,0.65668776919338367,,,
2005-10-19T00:00:00,EURGBP,63,0.68533383361375588,0.34922273155401828,success,64,89.50477354666009,88.726379766374151,false,false,22.001032087903152,16.303226941471756,,,
2005-10-20T00:00:00,EURGBP,63,0.84539963936361118,0.73361896263131254,success,64,89.201253057845179,87.502287065156139,false,false,46.217994645772691,0.93613697897341019,,,
2005-10-21T00:00:00,EURGBP,63,0.83493579888203473,0.71693323523288366,success,64,88.822997079765372,87.201976741343287,false,false,45.166793819671668,0.98605942431542848,,,
2005-10-24T00:00:00,EURGBP,63,0.81917177354644899,0.69999857513290853,success,64,88.933308334591729,87.422562092558039,false,false,44.099910233373237,1.0015479941476486,,,
2005-10-25T00:00:00,EURGBP,63,0.84604975952855854,0.49504093205064692,success,64,88.794598718028709,87.090649979121821,false,false,31.187578719190757,0.74245911249515462,,,
2005-10-26T00:00:00,EURGBP,63,0.85020959857810241,0.47657096194439802,success,64,88.781873201265498,87.045627288691009,false,false,30.023970602497076,0.75549949806732342,,,
2005-10-27T00:00:00,EURGBP,63,0.70483331558145079,0.29060456218226843,success,64,88.786088404684634,87.915667290322801,false,false,18.308087417482913,1.1892044256526797,,,
2005-10-28T00:00:00,EURGBP,63,0.77700716720731144,0.014645041238079129,success,64,88.9645643257129,87.71625438218328,false,false,0.92263759799898515,0.12794520280506019,,,
2005-10-31T00:00:00,EURGBP,63,0.79781996509092834,0.61489756560622633,success,64,88.469811833949336,87.097087431997466,false,false,38.738546633192257,1.0524647976409687,,,
2005-11-01T00:00:00,EURGBP,63,0.82421640564958287,0.42088922488893549,success,64,89.361887345588158,87.816707882876926,false,false,26.516021168002936,0.73334263555851853,,,
2005-11-02T00:00:00,EURGBP,63,0.7302701602628382,0.59017350361040821,success,64,89.793286058513871,88.797292374787645,false,false,37.180930727455717,1.0422793225942215,,,
2005-11-03T00:00:00,EURGBP,63,0.85212885184545517,0.39374611268101217,success,64,89.291462231342635,87.540065755364225,false,false,24.806005098903768,0.64649678270800737,,,
2005-11-04T00:00:00,EURGBP,63,0.63639330170818664,0.25424968146195659,success,64,89.358218294028561,88.79847430718435,false,false,16.017729932103265,14.912618117173157,,,
2005-11-07T00:00:00,EURGBP,63,0.77642442924347488,0.71880676921706044,success,64,89.092049437393527,87.84709960292156,false,false,45.284826460674807,1.201735171474799,,,
2005-11-08T00:00:00,EURGBP,63,0.74736055964269132,0.53173553573639876,success,64,89.24791567517174,88.163331264918497,false,false,33.499338751393118,1.0105181736342634,,,
2005-11-09T00:00:00,EURGBP,63,0.72739426474578261,0.51372637652294972,success,64,89.349446285918006,88.368004196115763,false,false,32.364761720945836,1.0198109527141075,,,
2005-11-10T00:00:00,EURGBP,63,0.78425977849779249,0.497240324530761,success,64,89.643264134433409,88.352598824498386,false,false,31.326140445437943,1.010567754924881,,,
2005-11-11T00:00:00,EURGBP,63,0.80790916189934048,0.29946934857295865,success,64,89.840986810687539,88.404505557130051,false,false,18.866568960096394,0.74180514328460279,,,
2005-11-14T00:00:00,EURGBP,63,0.7256574939985162,0.46642740704009283,success,64,89.767961587294138,88.795260802804748,false,false,29.384926643525848,1.0225688902333203,,,
2005-11-15T00:00:00,EURGBP,63,0.79385239932666629,0.26728085453516537,success,64,89.812950013010848,88.46464488444208,false,false,16.838693835715418,0.77657136099723656,,,
2005-11-16T00:00:00,EURGBP,63,0.81224483710272299,0.43721068880751229,success,64,89.455713294366149,87.991050265181286,false,false,27.544273394873276,0.92981008662488462,,,
2005-11-17T00:00:00,EURGBP,63,0.77837248192217823,0.23553982189661632,success,64,88.50131754292984,87.245110491002123,false,false,14.839008779486829,0.76983969120791473,,,
2005-11-18T00:00:00,EURGBP,63,0.77572803003562529,0.21932301046979064,success,64,87.893714102007522,86.652771587009553,false,false,13.817349659596809,0.78028707728263591,,,
2005-11-21T00:00:00,EURGBP,63,0.83536480562180482,0.71871843529179102,success,64,88.561533905148011,86.937397465741597,false,false,45.279261423382835,0.81395568401465079,,,
2005-11-22T00:00:00,EURGBP,63,0.88411602731664174,0.70509590187425497,success,64,89.266613080545611,87.234614228948942,false,false,44.421041818078066,0.79491433781482845,,,
2005-11-23T00:00:00,EURGBP,63,0.87587263104249757,0.68742764267543344,success,64,89.363712576398669,87.409800101826988,false,false,43.307941488552309,0.79950362917990148,,,
2005-11-24T00:00:00,EURGBP,63,0.84890164174795169,0.66986205169576807,success,64,89.32396649519896,87.597954171398186,false,false,42.20130925683339,0.80737799710457758,,,
2005-11-25T00:00:00,EURGBP,63,0.76561793619902463,0.49509759225290545,success,64,89.202025461007679,88.018294728660848,false,false,31.191148311933045,1.2118811181202886,,,
2005-11-28T00:00:00,EURGBP,63,0.78027602982807143,0.31344890258307812,success,64,89.337020527517581,88.069744863585711,false,false,19.74728086273392,0.91491136257465921,,,
2005-11-29T00:00:00,EURGBP,63,0.74037574510296922,0.29594525173400099,success,64,89.325797818758844,88.277875410048509,false,false,18.644550859242063,0.90228769955844568,,,
2005-11-30T00:00:00,EURGBP,63,0.75634877477039841,0.44846319006993851,success,64,89.615065897502049,88.482301083342151,false,false,28.253180974406128,1.2208868252327674,,,
2005-12-01T00:00:00,EURGBP,63,0.84136518951811745,0.59009340924664655,success,64,88.812437847353522,87.144016820280925,false,false,37.175884782538731,0.82560660264687935,,,
2005-12-02T00:00:00,EURGBP,63,0.68109578088457934,0.72075729752140205,success,64,88.093905112096436,87.335092972572284,false,false,45.407709743848329,1.5132581627088846,,,
2005-12-05T00:00:00,EURGBP,63,0.68350103485302749,0.70455046198401106,success,64,88.360458335265903,87.590550136954334,false,false,44.386679104992695,1.5424081156812792,,,
2005-12-06T00:00:00,EURGBP,63,0.83865147918666971,0.54079263111470932,success,64,88.414075293912163,86.765846824892407,false,false,34.069935760226684,0.88601921234443959,,,
2005-12-07T00:00:00,EURGBP,63,0.81017394422874356,0.52309320994648156,success,64,88.406961220629668,86.955820406953762,false,false,32.954872226628339,0.8703205909971965,,,
2005-12-08T00:00:00,EURGBP,63,0.78294559017986132,0.50521616405728165,success,64,88.325520901486357,87.04260575543428,false,false,31.828618335608741,0.84884461994707527,,,
2005-12-09T00:00:00,EURGBP,63,0.76248245014731053,0.48683760482000293,success,64,88.280946084875865,87.11460810772067,false,false,30.670769103660184,0.82801613838103427,,,
2005-12-12T00:00:00,EURGBP,63,0.74923460742278303,0.46973340957891185,success,64,88.207180875496263,87.112646524599199,false,false,29.593204803471448,0.83293568977539123,,,
2005-12-13T00:00:00,EURGBP,63,0.73779888238113778,0.30023606892153015,success,64,88.29139543415188,87.256835997577241,false,false,18.914872342056398,1.2383307618908606,,,
2005-12-14T00:00:00,EURGBP,63,0.72248975323888021,0.28503223597602301,success,64,88.127011475424993,87.170166095677374,false,false,17.95703086648945,1.261324084218858,,,
2005-12-15T00:00:00,EURGBP,63,0.72708340208940625,0.2676994041698611,success,64,87.957957361930625,86.978082416434447,false,false,16.86506246270125,1.2531312645012986,,,
2005-12-16T00:00:00,EURGBP,63,0.70437013468686804,0.086627847922151599,success,64,88.014160142521177,87.145964381857453,false,false,5.4575544190955512,0.97271959824187992,,,
2005-12-19T00:00:00,EURGBP,63,0.76690850212354178,0.7133353628347765,success,64,88.487764850669052,87.296828420837485,false,false,44.94012785859092,14.781894121860466,,,
2005-12-20T00:00:00,EURGBP,63,0.64749171738805289,0.72180764244741014,success,64,89.74532010488862,89.137288221823184,false,false,45.47388147418684,1.2922138566262527,,,
2005-12-21T00:00:00,EURGBP,63,0.74667394696036615,0.70692492408954311,success,64,89.981627738785718,88.900676538456807,false,false,44.536270217641217,1.3737963622219787,,,
2005-12-22T00:00:00,EURGBP,63,0.92943274736081227,0.35146267206600651,success,64,89.596990188532672,87.018981930807271,false,false,22.14214834015841,0.8271872188767323,,,
2005-12-23T00:00:00,EURGBP,63,0.90925289948442989,0.33332444768952263,success,64,89.541100867298269,87.236554116954323,false,false,20.999440204439924,0.8039920093552041,,,
2005-12-26T00:00:00,EURGBP,63,0.66087963036952324,0.52459018711860517,success,64,89.588903629564498,88.921687025624195,false,false,33.049181788472126,2.5053643494058475,,,
2005-12-27T00:00:00,EURGBP,63,0.64048282072634977,0.5082357799251912,success,64,89.700262125221357,89.122801788499117,false,false,32.018854135287043,2.4821764514178777,,,
2005-12-28T00:00:00,EURGBP,63,0.88562259324113335,0.28269150742338567,success,64,89.491142937297056,87.444355610512915,false,false,17.809564967673296,0.75731433666167414,,,
2005-12-29T00:00:00,EURGBP,63,0.89028732930007948,0.26543105804925049,success,64,89.949319672826903,87.855640284093752,false,false,16.722156657102779,0.71958221788065024,,,
2005-12-30T00:00:00,EURGBP,63,0.86401971011438616,0.24859797668991762,success,64,90.167010664972665,88.317925031717834,false,false,15.661672531464809,0.72121954351305118,,,
2006-01-02T00:00:00,EURGBP,63,0.68647247043379611,0.58072058409334293,success,64,90.106292434816694,89.322613481573242,false,false,36.585396797880605,1.2303374566824272,,,
2006-01-03T00:00:00,EURGBP,63,0.92557781420947394,0.73660600993821213,success,64,90.294198354359636,87.773534241354966,false,false,46.406178626107362,0.5035189631144813,,,
2006-01-04T00:00:00,EURGBP,63,0.87999048556535087,0.72202260286904296,success,64,90.637074996808991,88.644734927847153,false,false,45.487423980749703,0.53519050266596357,,,
2006-01-05T00:00:00,EURGBP,63,0.8901601101205282,0.70540253800290864,success,64,90.552653342037303,88.460275755384416,false,false,44.440359894183246,0.55857770095514325,,,
2006-01-06T00:00:00,EURGBP,63,0.88851850817315658,0.68949799823047364,success,64,90.556899674674042,88.48120278102553,false,false,43.438373888519841,0.54583520077449388,,,
2006-01-09T00:00:00,EURGBP,63,0.61788724449740073,0.49602492240776797,success,64,90.450709055767717,89.970118803750864,false,false,31.249570111689383,1.2253214543894311,,,
2006-01-10T00:00:00,EURGBP,63,0.6239828017929574,0.4779644281012983,success,64,90.445017473925731,89.93852954942156,false,false,30.111758970381793,1.2352137635797598,,,
2006-01-11T00:00:00,EURGBP,63,0.62915960191491405,0.27037429285460696,success,64,90.533703975427599,90.005090787986859,false,false,17.033580449840237,1.3855406536749959,,,
2006-01-12T00:00:00,EURGBP,63,0.64157626333394591,0.25561243345242751,success,64,90.665352205819602,90.083140054446929,false,false,16.103583307502934,1.3392748889881245,,,
2006-01-13T00:00:00,EURGBP,63,0.97108473748962443,0.10325272509454572,success,64,90.593469332702739,87.07942517021047,false,false,6.5049216809563806,1.4347883912466417,,,
2006-01-16T00:00:00,EURGBP,63,0.91287906578537659,0.5918427155392012,success,64,90.68437072974794,88.335064517868275,false,false,37.286091078969676,0.52025388421797159,,,
2006-01-17T00:00:00,EURGBP,63,0.89137864117813981,0.57636201357100514,success,64,90.776818351872393,88.671917115028251,false,false,36.310806854973322,0.54064360980762638,,,
2006-01-18T00:00:00,EURGBP,63,0.87745452008701541,0.56192099341498147,success,64,90.805450000362526,88.836907101005266,false,false,35.401022585143835,0.54838939940110121,,,
2006-01-19T00:00:00,EURGBP,63,0.88019155774176816,0.54439890645148281,success,64,90.793957941707944,88.799712531472125,false,false,34.297131106443416,0.55141257162596036,,,
2006-01-20T00:00:00,EURGBP,63,0.87362318090106983,0.5253278488285914,success,64,90.806060872685393,88.87267980482207,false,false,33.095654476201261,0.53126787313490165,,,
2006-01-23T00:00:00,EURGBP,63,0.87465510788003309,0.50855252886460867,success,64,90.812066316256221,88.869305744854671,false,false,32.038809318470349,0.52394249545735005,,,
2006-01-24T00:00:00,EURGBP,63,0.87468242080065517,0.48777481710236709,success,64,90.812066980450894,88.869057256574692,false,false,30.729813477449127,0.51214628208221791,,,
2006-01-25T00:00:00,EURGBP,63,0.88100807650109225,0.46835439412604551,success,64,90.812066265792794,88.810055093525207,false,false,29.506326829940868,0.50555753443919926,,,
2006-01-26T00:00:00,EURGBP,63,0.69889651389504737,0.26976748361710379,success,64,90.812069082577025,89.970020413412797,false,false,16.995351467877537,96.557712227148272,,,
2006-01-27T00:00:00,EURGBP,63,0.73813988398558683,0.26735324388114501,success,64,90.797851096269369,89.761528197773657,false,false,16.843254364512134,1.1639889244109214,,,
2006-01-30T00:00:00,EURGBP,63,0.74665126849002583,0.25340693597742764,success,64,90.761630558835478,89.680799250466464,false,false,15.96463696657794,1.2179474106516706,,,
2006-01-31T00:00:00,EURGBP,63,0.74459454555613225,0.23216919926280061,success,64,90.805154019899518,89.735166483667953,false,false,14.626659553556438,1.2116149296200438,,,
2006-02-01T00:00:00,EURGBP,63,0.84667364424600056,0.022297076596342183,success,64,90.769567092036596,89.060820473318074,false,false,1.4047158255695575,1.3616470669475533,,,
2006-02-02T00:00:00,EURGBP,63,0.68224683996218194,0.72994227850405191,success,64,90.770763233983899,90.006646561259231,false,false,45.986363545755268,13.690074600652276,,,
2006-02-03T00:00:00,EURGBP,63,0.76170964155837217,0.53403324495394588,success,64,90.764249667125426,89.602174155416009,false,false,33.644094432098591,2.4185210776820183,,,
2006-02-06T00:00:00,EURGBP,63,0.69310487062124881,0.77763891981402555,success,64,90.69619062617754,89.881515401093296,false,false,48.991251948283612,13.61760534431548,,,
2006-02-07T00:00:00,EURGBP,63,0.94252729823371695,0.85110540480366303,success,64,90.694584474427415,87.897329675063702,false,false,53.619640502630773,0.86948942992342082,,,
2006-02-08T00:00:00,EURGBP,63,0.78168879393231439,0.47593901979606007,success,64,90.630046175262095,89.354511071224337,false,false,29.984158247151786,15.55351671764619,,,
2006-02-09T00:00:00,EURGBP,63,0.92882771459432323,0.29995136982351739,success,64,90.622718466800023,88.05389869044059,false,false,18.896936298881595,0.55652771485725339,,,
2006-02-10T00:00:00,EURGBP,63,0.60496531103586582,0.71388039535981573,success,64,90.697286989767406,90.271089451718723,false,false,44.974464907668391,3.0792874687260214,,,
2006-02-13T00:00:00,EURGBP,63,0.61135656175344766,0.69667878321436327,success,64,90.803801310126801,90.350783262457327,false,false,43.890763342504883,2.3370623672110682,,,
2006-02-14T00:00:00,EURGBP,63,0.73206758030567753,0.51323222922627965,success,64,90.812066290411551,89.806928241281909,false,false,32.333630441255615,0.78848632176840239,,,
2006-02-15T00:00:00,EURGBP,63,0.70857761972769306,0.49998201883485305,success,64,90.812066237237588,89.923580322486814,false,false,31.498867186595742,0.79203275621679259,,,
2006-02-16T00:00:00,EURGBP,63,0.70304129221291067,0.48379994367384499,success,64,90.81206635601454,89.950243826900959,false,false,30.479396451452235,0.82146708894197495,,,
2006-02-17T00:00:00,EURGBP,63,0.7024249059869534,0.46789988859608844,success,64,90.812066322960405,89.953194432842949,false,false,29.47769298155357,0.83878145777554147,,,
2006-02-20T00:00:00,EURGBP,63,0.69991968559527518,0.45125183598926444,success,64,90.812067003198337,89.965151563110808,false,false,28.428865667323659,0.86210612191119917,,,
2006-02-21T00:00:00,EURGBP,63,0.71095675873465503,0.43382576008532231,success,64,90.812066343963039,89.912031034216824,false,false,27.331022885375305,0.8625348061427911,,,
2006-02-22T00:00:00,EURGBP,63,0.72656878712757678,0.41639954677949109,success,64,90.81206627488686,89.834783196821547,false,false,26.233171447107939,0.86808841984959262,,,
2006-02-23T00:00:00,EURGBP,63,0.73553548025663829,0.39977905108179024,success,64,90.812066825122699,89.789175148046581,false,false,25.186080218152785,0.85454242441532458,,,
2006-02-24T00:00:00,EURGBP,63,0.66770560673363377,0.36498427119391386,success,64,90.812066448771446,90.114240383570447,false,false,22.994009085216572,58.510539976000061,,,
2006-02-27T00:00:00,EURGBP,63,0.72659854797282408,0.64589963931004346,success,64,90.812066278762117,89.834633392637812,false,false,40.691677276532737,0.54145649059726009,,,
2006-02-28T00:00:00,EURGBP,63,0.71082177964956528,0.63001139888590652,success,64,90.812066243299611,89.912687683907976,false,false,39.690718129812112,0.58063023313184459,,,
2006-03-01T00:00:00,EURGBP,63,0.62133599634792869,0.50768954476610328,success,64,90.812066225912616,90.31684351135597,false,false,31.984441320264505,14.327044520146197,,,
2006-03-02T00:00:00,EURGBP,63,0.57267250988492724,0.49200508902256695,success,64,90.812066237189697,90.519302894882685,false,false,30.996320608421719,11.389924664074865,,,
2006-03-03T00:00:00,EURGBP,63,0.58119636397940033,0.47602651793193773,success,64,90.812066244994014,90.484379730331227,false,false,29.989670629712077,9.5232048033943499,,,
2006-03-06T00:00:00,EURGBP,63,0.59602794651221902,0.46009061001713936,success,64,90.812066248657459,90.42312439360353,false,false,28.985708431079779,11.207952629030071,,,
2006-03-07T00:00:00,EURGBP,63,0.67970382485859537,0.55127665137646964,success,64,90.812066381130663,90.059655344575077,false,false,34.730429036717588,0.5519428128268411,,,
2006-03-08T00:00:00,EURGBP,63,0.67246939534124672,0.53270504954205078,success,64,90.812066326369873,90.092691224764579,false,false,33.560418121149198,0.56573013735827971,,,
2006-03-09T00:00:00,EURGBP,63,0.6824324049904138,0.51349588023846915,success,64,90.812066259674324,90.047093471168353,false,false,32.35024045502356,0.56414959045158963,,,
2006-03-10T00:00:00,EURGBP,63,0.67616795701874355,0.49688216994572365,success,64,90.812066329056833,90.075849822269518,false,false,31.303576706580589,0.50485129569320841,,,
2006-03-13T00:00:00,EURGBP,63,0.8178481514017254,0.20057991827047242,success,64,90.812066284537224,89.310230271321899,false,false,12.636534851039762,0.72907311274775599,,,
2006-03-14T00:00:00,EURGBP,63,0.84779301510183946,0.090614827341055373,success,64,90.812066468508633,89.094671285741896,false,false,5.7087341224864883,15.951396109314715,,,
2006-03-15T00:00:00,EURGBP,63,0.89928832115974167,0.079056750404698048,success,64,90.812066241311328,88.622724314631412,false,false,4.9805752754959771,56.722731500060462,,,
2006-03-16T00:00:00,EURGBP,63,0.92750926335601025,0.063270685036042953,success,64,90.812066222955949,88.263022224347964,false,false,3.9860531572707059,91.795382099168179,,,
2006-03-17T00:00:00,EURGBP,63,0.73790512098864625,0.28535129085485123,success,64,90.812066341129054,89.776957658977096,false,false,17.977131323855627,19.70924710761933,,,
2006-03-20T00:00:00,EURGBP,63,0.6030203452541647,0.55345028260902374,success,64,90.812066266211446,90.394000361879179,false,false,34.867367804368499,2.1441828613392269,,,
2006-03-21T00:00:00,EURGBP,63,0.73350310039170319,0.63484550570266962,success,64,90.812067923317002,89.79959870869493,false,false,39.995266859268185,97.542916928763404,,,
2006-03-22T00:00:00,EURGBP,63,0.59649222127048707,0.53971764405469613,success,64,90.812066218358993,90.421195783189759,false,false,34.002211575445855,83.9408595906757,,,
2006-03-23T00:00:00,EURGBP,63,0.59688377205783705,0.50777284710115833,success,64,90.812066270648984,90.419568790050391,false,false,31.989689367372975,2.4858446763301907,,,
2006-03-24T00:00:00,EURGBP,63,0.58907520460706708,0.23794179086415546,success,64,90.812066619332143,90.451922980159765,false,false,14.990332824441793,16.354925680647877,,,
2006-03-27T00:00:00,EURGBP,63,0.59941174709031098,0.22215618269125076,success,64,90.812066226434339,90.409051572723484,false,false,13.995839509548798,46.262975795825525,,,
2006-03-28T00:00:00,EURGBP,63,0.65399580678440927,0.55110796665049977,success,64,90.81206648067139,90.175416434983873,false,false,34.719801898981487,13.765089991929019,,,
2006-03-29T00:00:00,EURGBP,63,0.6529745767311026,0.64802738367470469,success,64,90.81206646047211,90.179926308151707,false,false,40.825725171506399,1.2253380828194422,,,
2006-03-30T00:00:00,EURGBP,63,0.76742556286887276,0.97387284139697627,success,64,90.812066258708342,89.618235103931553,false,false,61.353989008009506,23.24104793735944,,,
2006-03-31T00:00:00,EURGBP,63,0.6155277702353138,0.69610711354586108,success,64,90.812066255466277,90.341457754745136,false,false,43.854748153389245,2.4375798072521575,,,
2006-04-03T00:00:00,EURGBP,63,0.65267299086757302,0.66639877481855025,success,64,90.81206629236469,90.181256793809752,false,false,41.983122813568663,17.53383552581376,,,
2006-04-04T00:00:00,EURGBP,63,0.68689952741432614,0.47589147432284667,success,64,90.812066279195179,90.026402383680733,false,false,29.981162882339341,19.723920673204852,,,
2006-04-05T00:00:00,EURGBP,63,0.71771012204528628,0.46036242561300961,success,64,90.812066247613799,89.878934968811606,false,false,29.002832813619605,343.79041577119222,,,
2006-04-06T00:00:00,EURGBP,63,0.65817015813093493,0.44417248810339699,success,64,90.81206642507361,90.156916003050824,false,false,27.98286675051401,18.691360191777115,,,
2006-04-07T00:00:00,EURGBP,63,0.7379039445822444,0.42856036202266556,success,64,90.81206641942758,89.776963819993739,false,false,26.999302807427931,592.73335815825374,,,
2006-04-10T00:00:00,EURGBP,63,0.65871704539673825,0.42520292934782106,success,64,90.812066263964368,90.154484103425872,false,false,26.787784548912725,1.5875191504072612,,,
2006-04-11T00:00:00,EURGBP,63,0.73744667781815865,0.50316000987461673,success,64,90.755960345010138,89.723220754197982,false,false,31.699080622100851,1.1722140694492418,,,
2006-04-12T00:00:00,EURGBP,63,0.7458755962809055,0.49041751980342668,success,64,90.750735000776132,89.674000101033954,false,false,30.896303747615882,1.2476919462425757,,,
2006-04-13T00:00:00,EURGBP,63,0.72512143770484683,0.1346325602958936,success,64,90.722045435926205,89.752035703297864,false,false,8.4818512986412973,0.74129151871878607,,,
2006-04-14T00:00:00,EURGBP,63,0.63183791079832752,0.00097448374344945787,success,64,90.696059636821076,90.155950046806296,false,false,0.061392475837315844,13.055318145742037,,,
2006-04-17T00:00:00,EURGBP,63,0.8535977645761309,0.70079370996645007,success,64,90.658784775668849,88.89568256520306,false,false,44.150003727886357,0.78947084290355662,,,
2006-04-18T00:00:00,EURGBP,63,0.86619732871295418,0.68407422820187103,success,64,90.682909980167466,88.81516334757751,false,false,43.096676376717873,0.8343205439991348,,,
2006-04-19T00:00:00,EURGBP,63,0.83721128116487364,0.59559294986335809,success,64,90.676212382052668,89.038589073240104,false,false,37.522355841391558,2.8227427187800718,,,
2006-04-20T00:00:00,EURGBP,63,0.65455736639301809,0.51066947657788941,success,64,90.650339650921978,90.011207010883396,false,false,32.172177024407034,2.1835286108624454,,,
2006-04-21T00:00:00,EURGBP,63,0.67581483163782818,0.28503120003173199,success,64,90.640765703072816,89.906161442082563,false,false,17.956965601999116,1.4654159540720209,,,
2006-04-24T00:00:00,EURGBP,63,0.71451214901630056,0.26608635100878664,success,64,90.647814922645424,89.73041439661678,false,false,16.763440113553557,1.5545146183369771,,,
2006-04-25T00:00:00,EURGBP,63,0.81836828850128529,0.88005047118070789,success,64,90.656828142251015,89.1514967502426,false,false,55.443179684384596,1.3364355308942317,,,
2006-04-26T00:00:00,EURGBP,63,0.6793169325470414,0.72619618611825099,success,64,90.616500844099534,89.865866368341756,false,false,45.750359725449812,1.7178773913619154,,,
2006-04-27T00:00:00,EURGBP,63,0.75865288567453304,0.49970100482648594,success,64,90.697894572855688,89.552586436840755,false,false,31.481163304068613,2.2059069970217955,,,
2006-04-28T00:00:00,EURGBP,63,0.83258894048374443,0.55468139041544628,success,64,90.548546488878941,88.944458659593366,false,false,34.944927596173116,0.67085213488085482,,,
2006-05-01T00:00:00,EURGBP,63,0.9222131313211146,0.91048773263441862,success,64,90.396075852750045,87.923272127844911,false,false,57.360727155968377,1.3505335712214153,,,
2006-05-02T00:00:00,EURGBP,63,0.78772673145565819,0.66720562023095575,success,64,90.170101671586394,88.85882487655509,false,false,42.033954074550209,1.6671519914998321,,,
2006-05-03T00:00:00,EURGBP,63,0.90930770182325171,0.50741982253682716,success,64,90.138837475929137,87.833626371330155,false,false,31.967448819820113,0.69827498971521307,,,
2006-05-04T00:00:00,EURGBP,63,0.92533836360862232,0.49259579016583532,success,64,90.351850640017943,87.834657562056819,false,false,31.033534780447624,0.75706953244379882,,,
2006-05-05T00:00:00,EURGBP,63,0.91117915293331497,0.34998745396616227,success,64,90.432598536341928,88.104480389875235,false,false,22.049209599868224,16.341498426171103,,,
2006-05-08T00:00:00,EURGBP,63,0.92241280947864968,0.33407082378941882,success,64,90.43722815715229,87.961637644137141,false,false,21.046461898733387,15.940465243879151,,,
2006-05-09T00:00:00,EURGBP,63,0.91470701925899689,0.3058587413751786,success,64,90.461970709649734,88.089459055205694,false,false,19.269100706636252,2.3236250348502394,,,
2006-05-10T00:00:00,EURGBP,63,0.90164409141162249,0.28860802615261855,success,64,90.215848661881253,88.000221417021024,false,false,18.182305647614967,2.2119448467413125,,,
2006-05-11T00:00:00,EURGBP,63,0.81550756741973052,0.28656897137990239,success,64,90.316568940961815,88.830366686273464,false,false,18.05384519693385,15.599421722409547,,,
2006-05-12T00:00:00,EURGBP,63,0.69457368603027425,0.68416166285534474,success,64,90.473881182044309,89.652291477466008,false,false,43.102184759886718,0.89931367848603161,,,
2006-05-15T00:00:00,EURGBP,63,0.64857389367287299,0.75503759071584131,success,64,90.087770886340081,89.474994408880207,false,false,47.567368215098,1.5173116658581929,,,
2006-05-16T00:00:00,EURGBP,63,0.64716817850878938,0.73927288966083049,success,64,89.898713401842343,89.292098722283214,false,false,46.57419204863232,1.5632811582732065,,,
2006-05-17T00:00:00,EURGBP,63,0.61366721200493957,0.49162774205973797,success,64,89.970052004365101,89.507298366241173,false,false,30.972547749763493,1.8394855107718622,,,
2006-05-18T00:00:00,EURGBP,63,0.62885944756088874,0.25873496509670463,success,64,90.211091850582548,89.683764911057494,false,false,16.300302801092393,2.8609480704243744,,,
2006-05-19T00:00:00,EURGBP,63,0.74167474915153486,0.32808325876319311,success,64,90.16414999622161,89.109458645773941,false,false,20.669245302081166,0.84175472949798813,,,
2006-05-22T00:00:00,EURGBP,63,0.64660645886734891,0.67764234477771534,success,64,89.988896999496347,89.384741428639614,false,false,42.691467720996066,1.4003222323990203,,,
2006-05-23T00:00:00,EURGBP,63,0.69411984198874077,0.57459623195333565,success,64,89.994899604346742,89.175448360522168,false,false,36.199562613060145,0.84989233508817141,,,
2006-05-24T00:00:00,EURGBP,63,0.69353235488216869,0.55983503393590972,success,64,90.011272884513787,89.194587178749501,false,false,35.269607137962311,0.88359305704805247,,,
2006-05-25T00:00:00,EURGBP,63,0.63041825041322652,0.48614190702374449,success,64,89.994242748970493,89.460231220041976,false,false,30.626940142495904,2.5306558797487364,,,
2006-05-26T00:00:00,EURGBP,63,0.71077173891811862,0.52518464885437455,success,64,89.972117043945204,89.07298191508977,false,false,33.086632877825593,0.89649147524941908,,,
2006-05-29T00:00:00,EURGBP,63,0.7217443895429777,0.50804253491567886,success,64,89.906562171314931,88.953431279529752,false,false,32.006679699687766,0.92049874384862351,,,
2006-05-30T00:00:00,EURGBP,63,0.74082949721962432,0.49098344084518936,success,64,90.093499246646132,89.04321490304649,false,false,30.931956773246931,0.86532711732857359,,,
2006-05-31T00:00:00,EURGBP,63,0.70656859373915804,0.48002854116543231,success,64,90.071420779534847,89.192644395063397,false,false,30.241798093422236,0.94950718180746208,,,
2006-06-01T00:00:00,EURGBP,63,0.7034466809074339,0.4630956806912212,success,64,89.968853718214191,89.105088666284459,false,false,29.175027883546935,0.95473299556777458,,,
2006-06-02T00:00:00,EURGBP,63,0.88471754589517904,0.67680974772047686,success,64,89.922051856661781,87.884168659450367,false,false,42.639014106390043,0.96675666629820289,,,
2006-06-05T00:00:00,EURGBP,63,0.61976494179659292,0.5167712305547455,success,64,89.849646172514539,89.361095528198163,false,false,32.556587524948966,1.5758809280753874,,,
2006-06-06T00:00:00,EURGBP,63,0.62758250034096819,0.49982033653317731,success,64,89.831352597507063,89.309492996360646,false,false,31.488681201590172,1.6225813067783876,,,
2006-06-07T00:00:00,EURGBP,63,0.64925483084132318,0.48324169565700664,success,64,89.650242664665228,89.034477319498393,false,false,30.444226826391418,1.6865379861165155,,,
2006-06-08T00:00:00,EURGBP,63,0.62319611819266008,0.46971394778697606,success,64,89.672728893307237,89.169592472286482,false,false,29.591978710579493,1.7689224568277759,,,
2006-06-09T00:00:00,EURGBP,63,0.64203604792301894,0.45282050686334308,success,64,89.897500283086302,89.313288120368327,false,false,28.527691932390614,1.7783202071240674,,,
2006-06-12T00:00:00,EURGBP,63,0.85626629480670646,0.35775604277666517,success,64,90.05935204432501,88.27473294257365,false,false,22.538630694929907,0.8845373223109857,,,
2006-06-13T00:00:00,EURGBP,63,0.85440749939529059,0.34005539165575643,success,64,90.398004761257724,88.628408143308462,false,false,21.423489674312655,0.86434684838893339,,,
2006-06-14T00:00:00,EURGBP,63,0.73596626364312057,0.74515403032886762,success,64,90.502529206951905,89.477421810927581,false,false,46.944703910718658,11.183889737547,,,
2006-06-15T00:00:00,EURGBP,63,0.76554160386624559,0.72968268649591372,success,64,90.427365966032568,89.244060560733274,false,false,45.970009249242565,23.076262911091629,,,
2006-06-16T00:00:00,EURGBP,63,0.79144579334834986,0.71365440324974017,success,64,90.444469186243495,89.110806786635436,false,false,44.960227404733629,20.167612731162709,,,
2006-06-19T00:00:00,EURGBP,63,0.94887253176656083,0.47541036622097155,success,64,90.4510075835028,87.530055003992388,false,false,29.950853071921209,14.026218125541282,,,
2006-06-20T00:00:00,EURGBP,63,0.95535422445551454,0.45990357170143364,success,64,90.469194380861978,87.40587188367418,false,false,28.973925017190318,28.154454611793305,,,
2006-06-21T00:00:00,EURGBP,63,0.95926673903846849,0.47019849065629316,success,64,90.481738214922657,87.322614017162522,false,false,29.622504911346468,0.88884941111849791,,,
2006-06-22T00:00:00,EURGBP,63,0.90867743607094242,0.2197609671681745,success,64,90.295561978071717,87.997969700260157,false,false,13.844940931594994,0.84163691717234035,,,
2006-06-23T00:00:00,EURGBP,63,0.89397536965056246,0.40989776983180287,success,64,90.061362603890331,87.929355808730179,false,false,25.823559499403579,18.294446675201897,,,
2006-06-26T00:00:00,EURGBP,63,0.90633541557974995,0.39282494453199301,success,64,89.976184467124668,87.706495163752734,false,false,24.747971505515562,12.156535970299819,,,
2006-06-27T00:00:00,EURGBP,63,0.80181537519211521,0.37801999414727372,success,64,90.458565002757851,89.060885671647938,false,false,23.815259631278245,16.955113105016679,,,
2006-06-28T00:00:00,EURGBP,63,0.76704036015732979,0.36203813072884183,success,64,90.563207889984156,89.371533688198568,false,false,22.808402235917036,17.907902465966437,,,
2006-06-29T00:00:00,EURGBP,63,0.6956419742335298,0.56598466417581139,success,64,90.560267279128439,89.733636880761892,false,false,35.657033843076121,4.1045602079685821,,,
2006-06-30T00:00:00,EURGBP,63,0.69106157968398163,0.54806862960980207,success,64,90.667082441229397,89.861995474702582,false,false,34.528323665417531,21.326559790174969,,,
2006-07-03T00:00:00,EURGBP,63,0.76822077068311512,0.4842753222040494,success,64,90.626908929169872,89.428617096342123,false,false,30.509345298855113,33.03866987188816,,,
2006-07-04T00:00:00,EURGBP,63,0.81834629325862929,0.29743777268712118,success,64,90.413766181997545,88.908582757998573,false,false,18.738579679288634,18.7209153946343,,,
2006-07-05T00:00:00,EURGBP,63,0.64758538579127389,0.50771199996998617,success,64,90.812066212072736,90.203623920960197,false,false,31.98585599810913,21.610744760615709,,,
2006-07-06T00:00:00,EURGBP,63,0.67841395739782939,0.4833820195709822,success,64,90.81206627835148,90.065573756585124,false,false,30.453067232971879,1513.157989659089,,,
2006-07-07T00:00:00,EURGBP,63,0.59103163392066627,0.47595655437164486,success,64,90.81206627198695,90.443834538423076,false,false,29.985262925413625,12.386491974088345,,,
2006-07-10T00:00:00,EURGBP,63,0.61560268968584808,0.46021420781006067,success,64,90.812066224123754,90.341141132928371,false,false,28.993495092033822,37.469640668073545,,,
2006-07-11T00:00:00,EURGBP,63,0.61468385608017051,0.44443978425078445,success,64,90.812066243174158,90.345022313058081,false,false,27.999706407799419,859.83130858415473,,,
2006-07-12T00:00:00,EURGBP,63,0.64753339925578401,0.42846327258570138,success,64,90.812066241173696,90.203851735169579,false,false,26.993186172899186,46.648735276919304,,,
2006-07-13T00:00:00,EURGBP,63,0.64885987540877188,0.43866970092745078,success,64,90.812066248617441,90.198034822846239,false,false,27.636191158429398,0.70856043866078977,,,
2006-07-14T00:00:00,EURGBP,63,0.62610514596775646,0.39666963923379361,success,64,90.812066298332482,90.296522595468517,false,false,24.990187271728999,27.008494883112565,,,
2006-07-17T00:00:00,EURGBP,63,0.65402812089369289,0.3805977106387381,success,64,90.812066259310555,90.175273407964923,false,false,23.977655770240499,14.235808721441172,,,
2006-07-18T00:00:00,EURGBP,63,0.72997927917160232,0.36489516180759785,success,64,90.812067039037558,89.817549589857009,false,false,22.988395193878663,55.862492395241574,,,
2006-07-19T00:00:00,EURGBP,63,0.62049414498081168,0.50757928787566242,success,64,90.460875045260423,89.969228901592189,false,false,31.977495136166731,17.781165371728466,,,
2006-07-20T00:00:00,EURGBP,63,0.63550998007140014,0.49138299044011668,success,64,90.457051125359712,89.901122501476635,false,false,30.957128397727352,13.199744088134134,,,
2006-07-21T00:00:00,EURGBP,63,0.74215642777299318,0.3115412028258927,success,64,90.812066564384381,89.754859616179374,false,false,19.62709577803124,38.380615830257419,,,
2006-07-24T00:00:00,EURGBP,63,0.68424290121401454,0.30155108785745943,success,64,90.812066297246602,90.038726567206965,false,false,18.997718535019946,166.10699276975703,,,
2006-07-25T00:00:00,EURGBP,63,0.65219547682307588,0.52377966968006684,success,64,90.812066465554452,90.183362744428479,false,false,32.998119189844211,192.56966941870945,,,
2006-07-26T00:00:00,EURGBP,63,0.66879751569120705,0.50781038715875382,success,64,90.812067745579085,90.109316321807356,false,false,31.992054391001489,48.326322542553605,,,
2006-07-27T00:00:00,EURGBP,63,0.61901801912073739,0.49182688107972433,success,64,90.812066513302298,90.326684210719876,false,false,30.985093508022633,19.576583613650261,,,
2006-07-28T00:00:00,EURGBP,63,0.61724815219561602,0.47594447363628611,success,64,90.812066261762979,90.334181989381833,false,false,29.984501839086025,18.221185554796453,,,
2006-07-31T00:00:00,EURGBP,63,0.61447123419264627,0.47592840310494944,success,64,90.81206637628793,90.345920069800172,false,false,29.983489395611816,10.599598975330222,,,
2006-08-01T00:00:00,EURGBP,63,0.62165774026920739,0.44428457384007325,success,64,90.812066566930056,90.315476117410782,false,false,27.989928151924616,28.824997633221969,,,
2006-08-02T00:00:00,EURGBP,63,0.6260491193175296,0.42818309259931231,success,64,90.812067786867985,90.296763407198384,false,false,26.975534833756676,12.530431388712303,,,
2006-08-03T00:00:00,EURGBP,63,0.60726607672138011,0.41242336673200491,success,64,90.812066342377236,90.376231642782258,false,false,25.982672104116311,15.610455508129837,,,
2006-08-04T00:00:00,EURGBP,63,0.59500506009037157,0.57155051295888193,success,64,90.812066269846852,90.427370932962006,false,false,36.007682316409564,14.543281433331687,,,
2006-08-07T00:00:00,EURGBP,63,0.59609609804829689,0.54312211222278328,success,64,90.812066240288956,90.422841331095299,false,false,34.216693070035348,2.0175505695938956,,,
2006-08-08T00:00:00,EURGBP,63,0.51482903585954032,0.4759592431249276,success,64,90.812066566079551,90.752733021939719,false,false,29.98543231687044,17.785171725144803,,,
2006-08-09T00:00:00,EURGBP,63,0.62699404289936334,0.52386438546272462,success,64,90.812066226414728,90.292723577080366,false,false,33.003456284151653,62.939578153339312,,,
2006-08-10T00:00:00,EURGBP,63,0.60488657798397227,0.50797964919995087,success,64,90.812066424741644,90.386198326720432,false,false,32.002717899596902,56.365757594068889,,,
2006-08-11T00:00:00,EURGBP,63,0.59902719980295205,0.49212654979100839,success,64,90.812066410381107,90.410652999684004,false,false,31.003972636833527,32.647390939388856,,,
2006-08-14T00:00:00,EURGBP,63,0.5988058973383914,0.4638035430312758,success,64,90.812066408114262,90.411574263754289,false,false,29.219623210970376,1.9898378418146236,,,
2006-08-15T00:00:00,EURGBP,63,0.77511773726832467,0.85038538903908067,success,64,90.103699986422285,88.86626203805082,false,false,53.57427950946208,5.2295406840350536,,,
2006-08-16T00:00:00,EURGBP,63,0.81804139165540779,0.83549432356744557,success,64,90.197933429932675,88.694799728097749,false,false,52.636142384749071,5.2592125565221224,,,
2006-08-17T00:00:00,EURGBP,63,0.76578919299026538,0.59486749721651322,success,64,90.078543018864593,88.893857686435041,false,false,37.476652324640334,26.054768963369288,,,
2006-08-18T00:00:00,EURGBP,63,0.78120688593209053,0.57986787965133035,success,64,89.926858787134307,88.654145372312769,false,false,36.531676418033811,30.275245030346813,,,
2006-08-21T00:00:00,EURGBP,63,0.72980742289138845,0.563204275381749,success,64,89.990983312922509,88.997337571148833,false,false,35.481869349050186,32.855156604381754,,,
2006-08-22T00:00:00,EURGBP,63,0.74840505500491017,0.54226352640423459,success,64,90.258069018092613,89.167945102489512,false,false,34.162602163466779,1966.8839886091471,,,
2006-08-23T00:00:00,EURGBP,63,0.91520110759169926,0.75963088119696964,success,64,90.149711883121384,87.770850533768069,false,false,47.856745515409088,9.6170490560558228,,,
2006-08-24T00:00:00,EURGBP,63,0.71689398792050818,0.51548813529396842,success,64,90.331615910492545,89.402509364372023,false,false,32.475752523520008,31.138755890431959,,,
2006-08-25T00:00:00,EURGBP,63,0.68203654025671501,0.49210257040166056,success,64,90.287490963951399,89.524344199164432,false,false,31.002461935304616,6227.7900740016648,,,
2006-08-28T00:00:00,EURGBP,63,0.66702471591213086,0.49180649580401475,success,64,90.072271516226706,89.377512680924596,false,false,30.983809235652931,30987.572239279507,,,
2006-08-29T00:00:00,EURGBP,63,0.65165358720245936,0.46194573870944899,success,64,90.190715341612403,89.564399652578473,false,false,29.102581538695286,4114.3242874592916,,,
2006-08-30T00:00:00,EURGBP,63,0.80036643344990344,0.6768629053786771,success,64,90.296513089340849,88.907926943556859,false,false,42.642363038856658,11.112237863016212,,,
2006-08-31T00:00:00,EURGBP,63,0.78813935684562597,0.66175583320048426,success,64,90.255704690668594,88.941958482573284,false,false,41.690617491630505,12.926326888588351,,,
2006-09-01T00:00:00,EURGBP,63,0.7042076205582507,0.71538425466284095,success,64,90.271070593178962,89.403655152342765,false,false,45.069208043758977,13.778537505247579,,,
2006-09-04T00:00:00,EURGBP,63,0.80316403393868985,0.62319863333106451,success,64,90.273342839639895,88.867154592464985,false,false,39.261513899857064,13.726942204560821,,,
2006-09-05T00:00:00,EURGBP,63,0.81410240148931301,0.60976940186230311,success,64,90.100616932007682,88.623726750027757,false,false,38.415472317325097,7.6537452978842042,,,
2006-09-06T00:00:00,EURGBP,63,0.8776247773650635,0.59619199932036226,success,64,89.834976024936054,87.86484880341105,false,false,37.560095957182824,6.6334316609686734,,,
2006-09-07T00:00:00,EURGBP,63,0.8283062802117781,0.57659608406287755,success,64,89.742546856006953,88.168876056960585,false,false,36.325553295961285,9.3347707149339545,,,
2006-09-08T00:00:00,EURGBP,63,0.88370743329011292,0.56026316797227593,success,64,89.374777774422867,87.346760867072135,false,false,35.296579582253386,9.8590267443423318,,,
2006-09-11T00:00:00,EURGBP,63,0.87177569009502642,0.5436322190403392,success,64,89.251726203322903,87.334975199988207,false,false,34.248829799541369,11.26327465798739,,,
2006-09-12T00:00:00,EURGBP,63,0.8760316107097248,0.53109287165887686,success,64,89.908357094009645,87.952981526466928,false,false,33.458850914509242,6.5881374661677574,,,
2006-09-13T00:00:00,EURGBP,63,0.73956659437099026,0.2930017056222049,success,64,89.943294708394802,88.899577564990665,false,false,18.459107454198907,29.891714079397175,,,
2006-09-14T00:00:00,EURGBP,63,0.72412757817568241,0.27794756976448026,success,64,89.823341619357123,88.858312548629698,false,false,17.510696895162255,31.681208547097555,,,
2006-09-15T00:00:00,EURGBP,63,0.83775405425477167,0.20461520289898402,success,64,89.796329685597954,88.154718487104887,false,false,12.890757782635994,149.81400828236625,,,
2006-09-18T00:00:00,EURGBP,63,0.79009690309598901,0.54013746673109642,success,64,89.819901039767657,88.494391420587661,false,false,34.028660404059075,17.615022412648319,,,
2006-09-19T00:00:00,EURGBP,63,0.56888825437144719,0.78789924880367834,success,64,90.194258860614397,89.9169421623792,false,false,49.637652674631738,0.51139780675738844,,,
2006-09-20T00:00:00,EURGBP,63,0.69568680964166429,0.74150872528650902,success,64,90.262097183872541,89.435255013483214,false,false,46.715049693050069,0.60901462174722298,,,
2006-09-21T00:00:00,EURGBP,63,0.60190372711498563,0.67469658107589858,success,64,90.363602269808325,89.950198626728508,false,false,42.50588460778161,28.132591840993559,,,
2006-09-22T00:00:00,EURGBP,63,0.69234703757988292,0.53900443017864808,success,64,90.419923019819137,89.6088080928469,false,false,33.957279101254827,16.920949196897872,,,
2006-09-25T00:00:00,EURGBP,63,0.71948583469305616,0.52351369170444217,success,64,90.466105044646369,89.524192430112862,false,false,32.981362577379855,18.903845088026141,,,
2006-09-26T00:00:00,EURGBP,63,0.9015175166745657,0.35798956502852114,success,64,90.409753655038969,88.195552880101047,false,false,22.553342596796831,1.3828917237091989,,,
2006-09-27T00:00:00,EURGBP,63,0.76660564525064101,0.10140615253800621,success,64,90.420619487736857,89.23137650334597,false,false,6.3885876098943912,2.0627444196515388,,,
2006-09-28T00:00:00,EURGBP,63,0.85961905441229103,0.2198730618027164,success,64,89.382679941272286,87.57055037734051,false,false,13.852002893571134,0.65854489975021913,,,
2006-09-29T00:00:00,EURGBP,63,0.90722682243132591,0.31911219250919515,success,64,89.29248317522601,87.012248239710715,false,false,20.104068128079295,1.7248502414301032,,,
2006-10-02T00:00:00,EURGBP,63,0.74253677403253093,0.73014813227921316,success,64,89.233278777003974,88.174083278365416,false,false,45.999332333590431,14.199583190475611,,,
2006-10-03T00:00:00,EURGBP,63,0.75626680487649578,0.6094174434473203,success,64,89.235017289193522,88.102697223189281,false,false,38.393298937181179,0.51888430336826052,,,
2006-10-04T00:00:00,EURGBP,63,0.60847665820663988,0.49067202279215932,success,64,88.59473325415243,88.153819837114952,false,false,30.912337435906036,2.6886314738750348,,,
2006-10-05T00:00:00,EURGBP,63,0.61954917637794749,0.47494047323632016,success,64,88.651382957505177,88.163747806314092,false,false,29.921249813888171,2.8068921057023979,,,
2006-10-06T00:00:00,EURGBP,63,0.79509628477765926,0.56241686630380738,success,64,89.047458420352541,87.691535387065016,false,false,35.432262577139866,0.55689363480554988,,,
2006-10-09T00:00:00,EURGBP,63,0.80144067693177468,0.54335790130170314,success,64,89.363071965382062,87.967748923374089,false,false,34.231547782007297,0.56284625998985316,,,
2006-10-10T00:00:00,EURGBP,63,0.82030530440629157,0.52813610188925653,success,64,88.878107816063334,87.359690497886277,false,false,33.272574419023158,0.55342094084272342,,,
2006-10-11T00:00:00,EURGBP,63,0.84046314807580014,0.51372888711178932,success,64,88.924647962031301,87.262969797468301,false,false,32.364919888042728,0.63488438818978676,,,
2006-10-12T00:00:00,EURGBP,63,0.83183788704856199,0.49453477664680678,success,64,88.985842761904749,87.38713365954095,false,false,31.155690928748829,0.64881867515921132,,,
2006-10-13T00:00:00,EURGBP,63,0.84241399430560293,0.47671021814356396,success,64,89.028428233353637,87.352128037374101,false,false,30.032743743044531,0.65740394519748191,,,
2006-10-16T00:00:00,EURGBP,63,0.81742769532165749,0.46017409663682135,success,64,89.124057626541628,87.625041458349841,false,false,28.990968088119747,0.68814417567048558,,,
2006-10-17T00:00:00,EURGBP,63,0.81099489185350382,0.44714559458170128,success,64,89.010108756925334,87.553621043331987,false,false,28.17017245864718,0.63163145112549601,,,
2006-10-18T00:00:00,EURGBP,63,0.82793235465461601,0.42823422828479069,success,64,89.351765122107096,87.780721354724477,false,false,26.978756381941814,0.63539177655874601,,,
2006-10-19T00:00:00,EURGBP,63,0.80914839580787834,0.41108994974915369,success,64,89.204425924075366,87.759939777347739,false,false,25.898666834196682,0.60971710324273043,,,
2006-10-20T00:00:00,EURGBP,63,0.699385727629381,0.67232264292067034,success,64,89.512654281451987,88.668279819424441,false,false,42.356326504002233,1.0267947704811107,,,
2006-10-23T00:00:00,EURGBP,63,0.7215677770915091,0.28123684221717787,success,64,89.749935265308736,88.797683617332368,false,false,17.717921059682205,2.4800848117444683,,,
2006-10-24T00:00:00,EURGBP,63,0.80441425398642386,0.26449974062811332,success,64,89.432442545040004,88.018327049079716,false,false,16.663483659571138,2.3688823860007138,,,
2006-10-25T00:00:00,EURGBP,63,0.87194970292812557,0.24738279809494534,success,64,89.130862873471244,87.212554263964748,false,false,15.585116279981557,2.3241093234090244,,,
2006-10-26T00:00:00,EURGBP,63,0.9138525826206223,0.72903458475495531,success,64,89.001146196316725,86.639536910371916,false,false,45.929178839562184,1.6608263532747811,,,
2006-10-27T00:00:00,EURGBP,63,0.93093763511762495,0.71236016994233819,success,64,88.967387030240772,86.366204677447584,false,false,44.878690706367308,1.6849670021681411,,,
2006-10-30T00:00:00,EURGBP,63,0.93864073007626414,0.69590432568010974,success,64,88.933617868458413,86.205931330285154,false,false,43.841972517846912,1.6733691174460716,,,
2006-10-31T00:00:00,EURGBP,63,0.94114936538952021,0.67969707526233791,success,64,89.199471069774006,86.42737182947036,false,false,42.820915741527287,1.6923194085390592,,,
2006-11-01T00:00:00,EURGBP,63,0.93476368805675603,0.66406938969980733,success,64,89.782513847187417,87.12023633543771,false,false,41.836371551087865,1.735033294432218,,,
2006-11-02T00:00:00,EURGBP,63,0.9801908579917552,0.8711953336375623,success,64,90.027412255455431,86.125808498429762,false,false,54.885306019166421,15.947170943755374,,,
2006-11-03T00:00:00,EURGBP,63,0.9782692596657957,0.85532284972556349,success,64,90.160890990654181,86.35383390525098,false,false,53.885339532710503,15.385085950411662,,,
2006-11-06T00:00:00,EURGBP,63,0.71991050989743932,0.49281888332753365,success,64,90.089472299366776,89.145454546505448,false,false,31.04758964963462,1.2368220127672103,,,
2006-11-07T00:00:00,EURGBP,63,0.70374024352819353,0.47754233116304629,success,64,90.084760410072505,89.219587719407784,false,false,30.085166863271915,1.2649959438201202,,,
2006-11-08T00:00:00,EURGBP,63,0.87799998518014299,0.18355900633673364,success,64,90.064293885655943,88.090668475107421,false,false,11.564217399214218,1.0844601271822603,,,
2006-11-09T00:00:00,EURGBP,63,0.97345387454827348,0.28416935817661809,success,64,90.126165683003762,86.524199043380506,false,false,17.902669565126939,15.655728499283601,,,
2006-11-10T00:00:00,EURGBP,63,0.90109361905808694,0.15369293491517719,success,64,90.372045818724217,88.16261041646581,false,false,9.6826548996561623,1.1204418281999493,,,
2006-11-13T00:00:00,EURGBP,63,0.86762084562046371,0.70685469631148345,success,64,90.557360489585164,88.677275871001001,false,false,44.53184586762346,29.201655628559358,,,
2006-11-14T00:00:00,EURGBP,63,0.85617632232858376,0.8163583291084614,success,64,90.634155316809398,88.850267066547161,false,false,51.430574733833069,0.32442972080455745,,,
2006-11-15T00:00:00,EURGBP,63,0.83055816131176063,0.82973198016387684,success,64,90.528583927779906,88.938995702850534,false,false,52.27311475032424,0.29258180231765024,,,
2006-11-16T00:00:00,EURGBP,63,0.80151739534769562,0.49434200942136924,success,64,90.627308430491425,89.231503217480494,false,false,31.143546593546262,1.6235537963923352,,,
2006-11-17T00:00:00,EURGBP,63,0.65212751477704123,0.35225580160031494,success,64,90.639906978408916,90.011502851645616,false,false,22.192115500819842,1.1904876252106207,,,
2006-11-20T00:00:00,EURGBP,63,0.77196628477083884,0.46194084857626605,success,64,90.760359970586435,89.540912585926264,false,false,29.102273460304762,1.6544465402896338,,,
2006-11-21T00:00:00,EURGBP,63,0.81064753526536737,0.74083748419551221,success,64,90.733277429695292,89.279054246228085,false,false,46.672761504317272,0.33640679447936378,,,
2006-11-22T00:00:00,EURGBP,63,0.81813159616434639,0.71403069073025172,success,64,90.725480076892921,89.221740247420499,false,false,44.983933516005855,0.3607324938011735,,,
2006-11-23T00:00:00,EURGBP,63,0.833240540081299,0.68658582064729434,success,64,90.733952707570836,89.125182757818393,false,false,43.254906700779543,0.39759753401230286,,,
2006-11-24T00:00:00,EURGBP,63,0.76153699927603014,0.48693236638156545,success,64,90.726398835763206,89.565274242307652,false,false,30.676739082038623,1.0641068322139267,,,
2006-11-27T00:00:00,EURGBP,63,0.79907240950056824,0.46892450806589248,success,64,90.713029687083477,89.332522717149573,false,false,29.542244008151226,1.0500327026683469,,,
2006-11-28T00:00:00,EURGBP,63,0.79680218110310896,0.45278998317045005,success,64,90.767866595529341,89.401440133806076,false,false,28.525768939738352,0.99004096251596874,,,
2006-11-29T00:00:00,EURGBP,63,0.81321783376550461,0.43543976304356968,success,64,90.738892582319068,89.267836621849796,false,false,27.432705071744891,1.0134195992015891,,,
2006-11-30T00:00:00,EURGBP,63,0.8714935500193588,0.59792478289339546,success,64,90.755612126406604,88.84138275996186,false,false,37.669261322283916,0.39428937278765991,,,
2006-12-01T00:00:00,EURGBP,63,0.88367322937163806,0.57759981440594177,success,64,90.781328459279038,88.753644334017224,false,false,36.38878830757433,0.42101478569886452,,,
2006-12-04T00:00:00,EURGBP,63,0.88041498592010847,0.52377778659225471,success,64,90.812066293181118,88.815700455286589,false,false,32.998000555312046,326.15098594450211,,,
2006-12-05T00:00:00,EURGBP,63,0.88407080458173182,0.54517527714034775,success,64,90.806545536004322,88.774988001314213,false,false,34.346042459841911,0.45084509980074877,,,
2006-12-06T00:00:00,EURGBP,63,0.9063011742071827,0.52456112964289014,success,64,90.790477622240815,88.521191607181251,false,false,33.047351167502079,0.47733482971110364,,,
2006-12-07T00:00:00,EURGBP,63,0.92261371101003198,0.50614624959868049,success,64,90.798454804313977,88.320053792099387,false,false,31.887213724716872,0.48821541521379008,,,
2006-12-08T00:00:00,EURGBP,63,0.91086343427428418,0.4934678129129319,success,64,90.679637384077452,88.355414045575898,false,false,31.088472213514709,0.46302375814285635,,,
2006-12-11T00:00:00,EURGBP,63,0.84265411651369138,0.48121777743373328,success,64,90.705941505966734,89.027831394514351,false,false,30.316719978325196,0.596681417274323,,,
2006-12-12T00:00:00,EURGBP,63,0.76152419454684483,0.29778973269584813,success,64,90.766865726925076,89.60581164341454,false,false,18.760753159838433,1.2225427922695733,,,
2006-12-13T00:00:00,EURGBP,63,0.81334274527558648,0.45910876137644757,success,64,90.666346554338915,89.194468025397271,false,false,28.923851966716196,0.46850491543038175,,,
2006-12-14T00:00:00,EURGBP,63,0.83229251013178163,0.43982992542556404,success,64,90.553397715688718,88.951435092112646,false,false,27.709285301810535,0.47914305786362416,,,
2006-12-15T00:00:00,EURGBP,63,0.83806933733755917,0.42348957417380689,success,64,90.41353739408558,88.769604790927616,false,false,26.679843172949834,0.49514655481762782,,,
2006-12-18T00:00:00,EURGBP,63,0.82253502086269359,0.41080215363889672,success,64,90.587722161677306,89.054104390201999,false,false,25.880535679250492,0.44435499805642492,,,
2006-12-19T00:00:00,EURGBP,63,0.82099925694240827,0.40414866533165356,success,64,90.771011210330741,89.247878962934649,false,false,25.461365915894174,0.37765170333699011,,,
2006-12-20T00:00:00,EURGBP,63,0.84375302233646554,0.38212498497537628,success,64,90.787588836926872,89.101166958194199,false,false,24.073874053448705,0.37558057820420593,,,
2006-12-21T00:00:00,EURGBP,63,0.86263935430095617,0.36181950934317453,success,64,90.770459069829187,88.93307228112819,false,false,22.794629088619995,0.36833829258015061,,,
2006-12-22T00:00:00,EURGBP,63,0.82381917791668735,0.3011338962674957,success,64,90.809577272956602,89.267137077230885,false,false,18.971435464852231,20.373103979687222,,,
2006-12-26T00:00:00,EURGBP,63,0.7696104121396542,0.63155497867781996,success,64,90.769111623332179,89.562998931006916,false,false,39.787963656702658,0.70472895286282988,,,
2006-12-27T00:00:00,EURGBP,63,0.7658472344299232,0.2643596580425181,success,64,90.812066234588002,89.627057264260017,false,false,16.654658456678639,22.304121966815973,,,
2006-12-28T00:00:00,EURGBP,63,0.6813424466511554,0.44473696599530071,success,64,90.812066213579328,90.052118200998876,false,false,28.018428857703945,18.66140059894115,,,
2006-12-29T00:00:00,EURGBP,63,0.90467680197676748,0.99999998412697189,success,64,90.81206637825818,88.561761825288428,false,false,62.999998999999228,7.740557993584412,,,
2007-01-02T00:00:00,EURGBP,63,0.70198969280350532,0.78251644006570897,success,64,90.812066914472055,89.955276266985081,false,false,49.298535724139668,15.93728988166459,,,
2007-01-03T00:00:00,EURGBP,63,0.73902755558389166,0.76204315043401538,success,64,90.812067043548652,89.771146660430631,false,false,48.008718477342967,61.905352126929493,,,
2007-01-04T00:00:00,EURGBP,63,0.72239231992271913,0.7462421868202066,success,64,90.812066253259118,89.855706776783464,false,false,47.013257769673018,38.366668846325446,,,
2007-01-05T00:00:00,EURGBP,63,0.69985701347972817,0.73029642755439805,success,64,90.812066422720079,89.96544935784182,false,false,46.008674935927075,53.875676015595033,,,
2007-01-08T00:00:00,EURGBP,63,0.74028664726636462,0.71447938085736418,success,64,90.812066395561601,89.764607456538513,false,false,45.012200994013945,42.816661221424603,,,
2007-01-09T00:00:00,EURGBP,63,0.7208516773173872,0.69867595149991513,success,64,90.81206634449606,89.863376209458863,false,false,44.016584944494653,29.599572380170294,,,
2007-01-10T00:00:00,EURGBP,63,0.76576753471771375,0.31756410808821572,success,64,90.812066290356512,89.627501709754611,false,false,20.00653880955759,79.984035442524302,,,
2007-01-11T00:00:00,EURGBP,63,0.9877721613582916,0.99999893471992785,success,64,90.812066299184295,86.420329442080217,false,false,62.999932887355456,0.22150273894371225,,,
2007-01-12T00:00:00,EURGBP,63,0.99744351825989153,0.96978448276631379,success,64,90.101823976503269,84.13526044561786,false,false,61.096422414277768,25.853702821309597,,,
2007-01-15T00:00:00,EURGBP,63,0.99511972163183204,0.95297261827762658,success,64,90.095230097728859,84.777569305455984,false,false,60.037274951490474,66.904366111272012,,,
2007-01-16T00:00:00,EURGBP,63,0.99356051486809072,0.93866267012273197,success,64,90.269633238615143,85.230786856148967,false,false,59.135748217732115,17.824956629414885,,,
2007-01-17T00:00:00,EURGBP,63,0.90422977304110352,0.61448477671046109,success,64,89.940435118307548,87.69530346985762,false,false,38.712540932759048,10.894055490573308,,,
2007-01-18T00:00:00,EURGBP,63,0.97105682584102815,0.78486523257300767,success,64,89.962094560690076,86.449043966974941,false,false,49.446509652099486,26.373391642771104,,,
2007-01-19T00:00:00,EURGBP,63,0.79379291046054679,0.57855400531242918,success,64,89.829323880277357,88.481382223960367,false,false,36.448902334683041,32.514007144513769,,,
2007-01-22T00:00:00,EURGBP,63,0.95502839749957935,0.74949667487114857,success,64,89.639478537938842,86.583768697323308,false,false,47.218290516882362,19.837209174546935,,,
2007-01-23T00:00:00,EURGBP,63,0.96983383810900203,0.85936968512837153,success,64,89.850013603826369,86.379609676923849,false,false,54.140290163087407,15.461647570478792,,,
2007-01-24T00:00:00,EURGBP,63,0.97343283807599279,0.84318277048227408,success,64,89.778875234796402,86.177722341539706,false,false,53.120514540383269,17.63296208237465,,,
2007-01-25T00:00:00,EURGBP,63,0.78344541309649585,0.51610278800753084,success,64,89.784916041357349,88.499057301739299,false,false,32.514475644474444,29.85666706626985,,,
2007-01-26T00:00:00,EURGBP,63,0.90579902089470266,0.78663548672930284,success,64,89.711414369285592,87.448027494520275,false,false,49.558035663946079,1.3205590833777301,,,
2007-01-29T00:00:00,EURGBP,63,0.92104893423979706,0.77181932339745241,success,64,89.567321361260696,87.110636434567326,false,false,48.624617374039502,1.3101783144204111,,,
2007-01-30T00:00:00,EURGBP,63,0.91970934056372711,0.73897573880751899,success,64,89.626122073362325,87.18771768075031,false,false,46.555471544873697,28.293071133434371,,,
2007-01-31T00:00:00,EURGBP,63,0.94066143293011895,0.73770872858675407,success,64,89.450722282935445,86.687398469841838,false,false,46.475649900965507,1.3151854682099751,,,
2007-02-01T00:00:00,EURGBP,63,0.91515354391276993,0.70693981624991864,success,64,89.643211595711946,87.264962960970053,false,false,44.537208423744872,27.231156578072156,,,
2007-02-02T00:00:00,EURGBP,63,0.8909025347016104,0.68975110458758204,success,64,89.843534437083477,87.743541063999103,false,false,43.454319589017672,44.177612063774248,,,
2007-02-05T00:00:00,EURGBP,63,0.86774722491286616,0.67454733025699787,success,64,89.83034799609689,87.949162593550071,false,false,42.496481806190864,25.917829844082483,,,
2007-02-06T00:00:00,EURGBP,63,0.85722701690664949,0.65913207341125146,success,64,89.872582703410401,88.08013576066628,false,false,41.525320624908844,27.552202781054021,,,
2007-02-07T00:00:00,EURGBP,63,0.8264283607647086,0.56176762784006073,success,64,90.017448027136354,88.456925211892525,false,false,35.391360553923825,30.35675574248059,,,
2007-02-08T00:00:00,EURGBP,63,0.93188007584494847,0.62717351854204217,success,64,89.63739425566304,87.021459865634569,false,false,39.511931668148655,27.552970794747509,,,
2007-02-09T00:00:00,EURGBP,63,0.9506666114404313,0.61185544645053824,success,64,89.224643473268543,86.26608114304068,false,false,38.546893126383907,28.737810101434672,,,
2007-02-12T00:00:00,EURGBP,63,0.91493892265273791,0.26842045019996363,success,64,89.432104861237718,87.056617104867783,false,false,16.910488362597707,0.21604551609969816,,,
2007-02-13T00:00:00,EURGBP,63,0.93947122803716265,0.58435006114159016,success,64,89.632646346653615,86.890447974652986,false,false,36.814053851920178,15.561602382075483,,,
2007-02-14T00:00:00,EURGBP,63,0.94820442941264804,0.56896290275213013,success,64,90.006749308098151,87.099483821962934,false,false,35.844662873384195,15.417696103689909,,,
2007-02-15T00:00:00,EURGBP,63,0.95321810566409337,0.54378764661515777,success,64,89.486046481087527,86.471698996335888,false,false,34.258621736754939,150.17905449912621,,,
2007-02-16T00:00:00,EURGBP,63,0.9429555985648167,0.53186113196025286,success,64,89.531233228781815,86.726043969694004,false,false,33.507251313495928,29.78071901468202,,,
2007-02-19T00:00:00,EURGBP,63,0.93410118188151181,0.51512807910683855,success,64,89.518864859152544,86.867400601890807,false,false,32.45306898373083,31.267342186159091,,,
2007-02-20T00:00:00,EURGBP,63,0.94036981082764781,0.50554489599374297,success,64,89.700222220946358,86.942110982841783,false,false,31.84932844760581,15.293199134784663,,,
2007-02-21T00:00:00,EURGBP,63,0.9098478857807637,0.48612112179382894,success,64,89.72425886399661,87.41247983855304,false,false,30.625630673011223,33.872880195942798,,,
2007-02-22T00:00:00,EURGBP,63,0.90153229483137787,0.46836262782113053,success,64,89.711913782547882,87.497546545215641,false,false,29.506845552731225,29.778947164483917,,,
2007-02-23T00:00:00,EURGBP,63,0.88736576523917843,0.45224639870066902,success,64,89.725012012639041,87.660900461387314,false,false,28.491523118142148,29.962155963580809,,,
2007-02-26T00:00:00,EURGBP,63,0.72272946601534827,0.78620538974081189,success,64,89.703629200196801,88.745587917165693,false,false,49.530939553671146,21.112598911382651,,,
2007-02-27T00:00:00,EURGBP,63,0.69698596413666869,0.76510472117684036,success,64,89.6351487737073,88.802162628104384,false,false,48.201597434140943,58.676981175392939,,,
2007-02-28T00:00:00,EURGBP,63,0.68216606445709216,0.75429401713461963,success,64,89.761460856993736,88.9977167636237,false,false,47.520523079481038,27.610473482343611,,,
2007-03-01T00:00:00,EURGBP,63,0.67422563418289316,0.74077433243178525,success,64,89.810381863267096,89.083022051899221,false,false,46.668782943202473,41.579013759519157,,,
2007-03-02T00:00:00,EURGBP,63,0.87317556579342626,0.7288024508854325,success,64,89.916380986875083,87.987048067191168,false,false,45.914554405782248,20.377946982514825,,,
2007-03-05T00:00:00,EURGBP,63,0.83055052631399096,0.63345284716719819,success,64,89.499443816215432,87.909909842619939,false,false,39.907529371533485,0.69800406574487683,,,
2007-03-06T00:00:00,EURGBP,63,0.87743356648770743,0.61790087928098492,success,64,90.095323249312187,88.126975201915997,false,false,38.927755394702046,0.66028930360785099,,,
2007-03-07T00:00:00,EURGBP,63,0.56805546234066739,0.46862841283972545,success,64,89.986399484571876,89.712477620605924,false,false,29.523590008902705,0.98358343967491202,,,
2007-03-08T00:00:00,EURGBP,63,0.5806739306803943,0.44646065188478673,success,64,90.216848452928986,89.891307900155354,false,false,28.127021068741563,1.0506445404717057,,,
2007-03-09T00:00:00,EURGBP,63,0.87215527196788589,0.5740085989143191,success,64,90.202023709123438,88.281872702197589,false,false,36.162541731602104,0.64706010011797221,,,
2007-03-12T00:00:00,EURGBP,63,0.72573054373057688,0.42563584076334526,success,64,90.347650282755154,89.374582528902536,false,false,26.815057968090752,1.0175615712380084,,,
2007-03-13T00:00:00,EURGBP,63,0.76888541731292492,0.40343920144789552,success,64,90.204256287945128,89.002227948223748,false,false,25.416669691217418,0.91396684869802758,,,
2007-03-14T00:00:00,EURGBP,63,0.6680835372183479,0.36762916799306194,success,64,90.398242470345608,89.698712568039468,false,false,23.160637583562902,1.0998724475420252,,,
2007-03-15T00:00:00,EURGBP,63,0.90037592209687434,0.57262676057522111,success,64,90.812065833717966,88.610657347773611,false,false,36.075485916238932,30.224946410322847,,,
2007-03-16T00:00:00,EURGBP,63,0.70218725984230557,0.57051985646408399,success,64,90.812066266229522,89.954331046117446,false,false,35.942750957237294,22.85304228468997,,,
2007-03-19T00:00:00,EURGBP,63,0.63300360097457953,0.55601005915621693,success,64,90.812066321982016,90.266942247197207,false,false,35.028633726841669,27.619821828487762,,,
2007-03-20T00:00:00,EURGBP,63,0.9053024572724393,0.52742420566849502,success,64,90.418251948848749,88.160670905941402,false,false,33.227724957115186,9.6329751588906625,,,
2007-03-21T00:00:00,EURGBP,63,0.71663094222991019,0.28129570727728787,success,64,90.517087563383626,89.589276719339196,false,false,17.721629558469136,1.1055406029013339,,,
2007-03-22T00:00:00,EURGBP,63,0.72285957300951931,0.23764862772111886,success,64,90.447565421302372,89.488874780583515,false,false,14.971863546430487,15.013644219107441,,,
2007-03-23T00:00:00,EURGBP,63,0.71800190476016112,0.22159364490307304,success,64,90.357468583522333,89.422896678054968,false,false,13.960399628893601,13.352525261106894,,,
2007-03-26T00:00:00,EURGBP,63,0.75028953346823457,0.20574164251774021,success,64,90.331832556697847,89.231675492873265,false,false,12.961723478617634,14.835722325065753,,,
2007-03-27T00:00:00,EURGBP,63,0.67538006847413001,0.56916563363525496,success,64,90.45948335777102,89.726862817494293,false,false,35.85743491902106,16.378311595775902,,,
2007-03-28T00:00:00,EURGBP,63,0.69138699622727717,0.55400587497564113,success,64,90.459238331429688,89.652626689001195,false,false,34.902370123465388,23.181136715009572,,,
2007-03-29T00:00:00,EURGBP,63,0.71810760665041118,0.53750306588687891,success,64,90.442967664813622,89.507873651257896,false,false,33.862693150873369,17.615017398446113,,,
2007-03-30T00:00:00,EURGBP,63,0.70404366454379552,0.70586537070092958,success,64,90.333216204083755,89.466587754441321,false,false,44.469518354158566,28.540984827038802,,,
2007-04-02T00:00:00,EURGBP,63,0.70271606883255555,0.69003896919968799,success,64,90.347740466601167,89.487475220716917,false,false,43.472455059580341,28.35034687746019,,,
2007-04-03T00:00:00,EURGBP,63,0.67745544213795739,1.6388749285337717e-05,success,64,90.110135714663087,89.368033222739484,false,false,0.0010324912049762762,0.057669850110150467,,,
2007-04-04T00:00:00,EURGBP,63,0.75508877523525408,0.47436936966591664,success,64,90.31444823825862,89.188508709810762,false,false,29.88527028895275,16.374281447558243,,,
2007-04-05T00:00:00,EURGBP,63,0.78497050866206475,0.54314459799411285,success,64,90.607354845578186,89.312483884819358,false,false,34.218109673629108,0.74380453844819006,,,
2007-04-06T00:00:00,EURGBP,63,0.77337243388139398,0.52589034863562245,success,64,90.701779546835212,89.474326803271481,false,false,33.131091964044217,0.7430489130287099,,,
2007-04-09T00:00:00,EURGBP,63,0.76468873280998695,0.50841077825464642,success,64,90.711673840444348,89.53311415358111,false,false,32.029879030042721,0.74080793555766988,,,
2007-04-10T00:00:00,EURGBP,63,0.75482661753295199,0.48916384584677286,success,64,90.757410103297147,89.632887669866221,false,false,30.817322288346691,0.71950227050166637,,,
2007-04-11T00:00:00,EURGBP,63,0.70278859394017767,0.53987531107434461,success,64,90.812066246467353,89.951453810244431,false,false,34.012144597683708,33.804272005370372,,,
2007-04-12T00:00:00,EURGBP,63,0.94504108653582264,0.17505060671928718,success,64,90.812066309787198,87.967423783566929,false,false,11.028188223315093,42.198143118996384,,,
2007-04-13T00:00:00,EURGBP,63,0.93335576948809329,0.15911255023583351,success,64,90.8120662306534,88.172648263625348,false,false,10.024090664857511,49.323211179527149,,,
2007-04-16T00:00:00,EURGBP,63,0.89291569449407449,0.14323448189762117,success,64,90.812066517992989,88.691190774789291,false,false,9.0237723595501329,45.60544437514038,,,
2007-04-17T00:00:00,EURGBP,63,0.61763382652480991,0.63152187445933738,success,64,90.812066608515138,90.332549559156149,false,false,39.785878090938255,1.5295054404266371,,,
2007-04-18T00:00:00,EURGBP,63,0.62232673869426647,0.61505495758440287,success,64,90.812066229358095,90.312630404916163,false,false,38.748462327817379,1.5213580093830359,,,
2007-04-19T00:00:00,EURGBP,63,0.62645323982262435,0.5989578198396861,success,64,90.812066386771505,90.295035443696861,false,false,37.734342649900228,1.5053884463477785,,,
2007-04-20T00:00:00,EURGBP,63,0.63040431294374588,0.58272739634207871,success,64,90.812066293134535,90.278114583495039,false,false,36.711825969550958,1.5031285270973984,,,
2007-04-23T00:00:00,EURGBP,63,0.6024797222341417,0.53948418156093114,success,64,90.812066224774824,90.396258162060008,false,false,33.987503438338663,20.656742112894364,,,
2007-04-24T00:00:00,EURGBP,63,0.72766253228182864,0.66014341773299867,success,64,90.81206790319365,89.829272504445854,false,false,41.589035317178919,2.0273912326114765,,,
2007-04-25T00:00:00,EURGBP,63,0.7713965433905049,0.64359795547033494,success,64,90.812066258576195,89.595852565790992,false,false,40.546671194631102,2.0388939015670684,,,
2007-04-26T00:00:00,EURGBP,63,0.8085804965038883,0.62719864974561945,success,64,90.812066229521093,89.371253365655832,false,false,39.513514933974022,2.0414854666815132,,,
2007-04-27T00:00:00,EURGBP,63,0.71621611361057791,0.47602764605990944,success,64,90.812066244866358,89.886297273861032,false,false,29.989741701774296,42.958130365038386,,,
2007-04-30T00:00:00,EURGBP,63,0.74778558944342088,0.46015979344258889,success,64,90.812066508839578,89.725229778382811,false,false,28.9900669868831,48.925778323799761,,,
2007-05-01T00:00:00,EURGBP,63,0.69542101714088911,0.17415512457097734,success,64,90.812066375691273,89.986479372409491,false,false,10.971772847971573,15.485882444981215,,,
2007-05-02T00:00:00,EURGBP,63,0.76855634399913997,0.42833871551752356,success,64,90.812066274459795,89.61188885461641,false,false,26.985339077603985,35.207769543721703,,,
2007-05-03T00:00:00,EURGBP,63,0.87935901959886009,0.69805061852061168,success,64,90.81206624147913,88.825692017122819,false,false,43.977188966798536,33.246621194554884,,,
2007-05-04T00:00:00,EURGBP,63,0.88277510852334706,0.84758452494669489,success,64,90.812066241381444,88.793090002656157,false,false,53.397825071641776,2.3495891588612379,,,
2007-05-07T00:00:00,EURGBP,63,0.92653337005737801,0.83146023731570795,success,64,90.812066269163751,88.27744749549268,false,false,52.381994950889599,2.4743592587180219,,,
2007-05-08T00:00:00,EURGBP,63,0.9492922521556717,0.65077730766369479,success,64,90.812066661471775,87.882428668620889,false,false,40.998970382812772,882.49291953406021,,,
2007-05-09T00:00:00,EURGBP,63,0.90245151790682065,0.48006229391658006,success,64,90.812066561610393,88.587301099269766,false,false,30.243924516744546,1.8378651444320564,,,
2007-05-10T00:00:00,EURGBP,63,0.89697705617352652,0.46424689824794507,success,64,90.812066227890625,88.647987663580949,false,false,29.247554589620538,1.7943646137633305,,,
2007-05-11T00:00:00,EURGBP,63,0.91166577284758188,0.44873191146620328,success,64,90.812066610949046,88.477920821158222,false,false,28.270110422370806,1.830437700636405,,,
2007-05-14T00:00:00,EURGBP,63,0.89618349090541327,0.43301900266889792,success,64,90.81206629520608,88.656546119479756,false,false,27.280197168140567,1.8663025751225619,,,
2007-05-15T00:00:00,EURGBP,63,0.92197651969997618,0.41667165668407724,success,64,90.812066277533503,88.342556331880829,false,false,26.250314371096866,1.8686527514744233,,,
2007-05-16T00:00:00,EURGBP,63,0.89134717454093582,0.40070853603120438,success,64,90.812066404927521,88.707490118909419,false,false,25.244637769965877,1.8991943289186644,,,
2007-05-17T00:00:00,EURGBP,63,0.92177287572914923,0.38365087469429576,success,64,90.812066406430034,88.345383997001917,false,false,24.170005105740632,1.8615629941135061,,,
2007-05-18T00:00:00,EURGBP,63,0.8456058869885773,0.23767885148084472,success,64,90.81206633522585,89.111521447486453,false,false,14.973767643293218,30.719013244191334,,,
2007-05-21T00:00:00,EURGBP,63,0.95659127575943048,0.67194493009644429,success,64,90.812066263386697,87.719350492505498,false,false,42.332530596075991,2.3231486744210104,,,
2007-05-22T00:00:00,EURGBP,63,0.94593965850170292,0.65544693770064788,success,64,90.812066293405977,87.949988370179483,false,false,41.293157075140819,2.1787865141709264,,,
2007-05-23T00:00:00,EURGBP,63,0.87516070695767889,0.6400418811483497,success,64,90.812066264025049,88.864685983913901,false,false,40.322638512346032,1.9378058317422451,,,
2007-05-24T00:00:00,EURGBP,63,0.95687622981855069,0.45998763341693349,success,64,90.812066520433632,87.712466826191061,false,false,28.979220905266811,40.719784066087051,,,
2007-05-25T00:00:00,EURGBP,63,0.96930798758533543,0.44429813937422141,success,64,90.812066225924511,87.359486262696251,false,false,27.990782780575948,97.377667165234854,,,
2007-05-28T00:00:00,EURGBP,63,0.98011790298564794,0.26079638812140621,success,64,90.812066500136694,86.914213305824362,false,false,16.430172451648591,1.689863484070407,,,
2007-05-29T00:00:00,EURGBP,63,0.96820422101547821,0.12556717049858673,success,64,90.812066223339798,87.395956730831372,false,false,7.9107317414109639,11.724495262459456,,,
2007-05-30T00:00:00,EURGBP,63,0.99369745003888565,0.20632258509391144,success,64,90.8120507539074,85.751572277039514,false,false,12.998322860916421,129.86384802655198,,,
2007-05-31T00:00:00,EURGBP,63,0.93473317911696285,0.53961012561420341,success,64,90.812066336984856,88.150289022641545,false,false,33.995437913694815,223.68420161043196,,,
2007-06-01T00:00:00,EURGBP,63,0.93665608270254697,0.51927674350590658,success,64,90.812066333024774,88.118329043787881,false,false,32.714434840872116,11.314091087064414,,,
2007-06-04T00:00:00,EURGBP,63,0.9722329041555916,0.55541400942307306,success,64,90.809152075244,87.253408403124027,false,false,34.991082593653601,99.518422000754242,,,
2007-06-05T00:00:00,EURGBP,63,0.96903377690067138,0.64384163455251797,success,64,90.729513295783235,87.286110860040452,false,false,40.562022976808635,1.5417859703353989,,,
2007-06-06T00:00:00,EURGBP,63,0.94341795556041841,0.32601297640894122,success,64,90.791874593367695,87.978056888710086,false,false,20.538817513763298,2.3015603019060173,,,
2007-06-07T00:00:00,EURGBP,63,0.96796385025510545,0.72956914888176394,success,64,90.708961427118822,87.300631630037273,false,false,45.962856379551127,0.84639448412239626,,,
2007-06-08T00:00:00,EURGBP,63,0.93571628393108419,0.45034216457597392,success,64,90.805471764508695,88.127465799291656,false,false,28.371556368286356,2.5146063674109893,,,
2007-06-11T00:00:00,EURGBP,63,0.95997683487254115,0.5808524848387997,success,64,90.7886949651826,87.611244226023359,false,false,36.59370654484438,1.5717260582196508,,,
2007-06-12T00:00:00,EURGBP,63,0.8714763049975679,0.45960746570769123,success,64,90.75991398905478,88.845838597464478,false,false,28.955270339584548,14.271735250795983,,,
2007-06-13T00:00:00,EURGBP,63,0.85123681526020867,0.45253387180820193,success,64,90.811105169822156,89.06677047856337,false,false,28.50963392391672,0.88418774820332746,,,
2007-06-14T00:00:00,EURGBP,63,0.85841051019000802,0.43491694755145904,success,64,90.788142662745884,88.985992181572911,false,false,27.399767695741918,0.9465048540674772,,,
2007-06-15T00:00:00,EURGBP,63,0.87082539051846253,0.64844512387169939,success,64,90.811743426214662,88.903466990582018,false,false,40.852042803917058,0.70121341693068506,,,
2007-06-18T00:00:00,EURGBP,63,0.76703162509111877,0.50914821724816828,success,64,90.743525737246827,89.551900418886532,false,false,32.076337686634602,1.3885267271073156,,,
2007-06-19T00:00:00,EURGBP,63,0.77327856177100784,0.49255019837212771,success,64,90.634509329229545,89.407592100599175,false,false,31.030662497444045,1.3958300670719288,,,
2007-06-20T00:00:00,EURGBP,63,0.77419443426795587,0.47790773658225161,success,64,90.634935017052783,89.402786268303672,false,false,30.10818740468185,1.3587761644991005,,,
2007-06-21T00:00:00,EURGBP,63,0.7561474759486787,0.31704062076230766,success,64,90.601034757775281,89.469361959552359,false,false,19.973559108025384,13.987779342553647,,,
2007-06-22T00:00:00,EURGBP,63,0.7647170181303492,0.29581690909371455,success,64,90.609289470329387,89.430572583749367,false,false,18.636465272904015,2.6777894024863365,,,
2007-06-25T00:00:00,EURGBP,63,0.78999887849451866,0.72756281750300167,success,64,90.46692228677513,89.142003632147762,false,false,45.836457502689107,0.400605062434222,,,
2007-06-26T00:00:00,EURGBP,63,0.79152859916614182,0.7051963908183333,success,64,90.432872855753175,89.098708709781704,false,false,44.427372621554994,0.41558295272135853,,,
2007-06-27T00:00:00,EURGBP,63,0.80001305864792416,0.68373695723990147,success,64,90.416783297735378,89.030407318067489,false,false,43.075428306113793,0.42492614232208925,,,
2007-06-28T00:00:00,EURGBP,63,0.84407479187506795,0.50718684027918015,success,64,90.420603197100291,88.731738547651972,false,false,31.952770937588348,0.78206204681119473,,,
2007-06-29T00:00:00,EURGBP,63,0.79310079982967452,0.49555639898009723,success,64,90.631618395387747,89.287899788778731,false,false,31.220053135746127,0.77794497899996651,,,
2007-07-02T00:00:00,EURGBP,63,0.82573188650459917,0.47766325039480007,success,64,90.462626293114639,88.906951160325889,false,false,30.092784774872403,0.74793670105072418,,,
2007-07-03T00:00:00,EURGBP,63,0.85427692421111479,0.18004193419463718,success,64,90.69392382234345,88.925376493336955,false,false,11.342641854262142,2.2749970164791398,,,
2007-07-04T00:00:00,EURGBP,63,0.65692753717579611,0.17444824560802918,success,64,90.617394082961596,89.967762050783136,false,false,10.990239473305838,15.213331296229095,,,
2007-07-05T00:00:00,EURGBP,63,0.76599198643218247,0.30479029406423819,success,64,90.60402124284748,89.418204895526031,false,false,19.201788526047007,1.4955920724836171,,,
2007-07-06T00:00:00,EURGBP,63,0.74961933464436781,0.57896044505792987,success,64,90.54384912823194,89.447266025569419,false,false,36.474508038649581,0.48364228593287822,,,
2007-07-09T00:00:00,EURGBP,63,0.77180244509319396,0.56457009339018716,success,64,90.65519659122009,89.436679696758162,false,false,35.56791588358179,0.4616618612641078,,,
2007-07-10T00:00:00,EURGBP,63,0.81427253129480481,0.55412836275725152,success,64,90.761466654835559,89.283451917047884,false,false,34.910086853706844,0.42469741004175771,,,
2007-07-11T00:00:00,EURGBP,63,0.83334431328241698,0.54271861745718963,success,64,90.812067584274772,89.202550614123908,false,false,34.191272899802946,0.40160429273920173,,,
2007-07-12T00:00:00,EURGBP,63,0.78215766497527883,0.53142167557649278,success,64,90.812066255090372,89.533781484549493,false,false,33.479565561319042,0.41730928258228195,,,
2007-07-13T00:00:00,EURGBP,63,0.78266644810036301,0.51384153894182882,success,64,90.812066233624265,89.53079289953412,false,false,32.372016953335219,0.41002628617084902,,,
2007-07-16T00:00:00,EURGBP,63,0.79003926886231923,0.60329644270773297,success,64,90.81206628628604,89.486904153289018,false,false,38.00767589058718,67.17641121613191,,,
2007-07-17T00:00:00,EURGBP,63,0.83137494693728475,0.58744138600664486,success,64,90.812067253379439,89.21666398980679,false,false,37.008807318418626,65.144344797448596,,,
2007-07-18T00:00:00,EURGBP,63,0.84491463755799245,0.57156466339477796,success,64,90.812066229699965,89.116806318845107,false,false,36.008573793871008,69.125663477808914,,,
2007-07-19T00:00:00,EURGBP,63,0.83083914825672123,0.55566339341896942,success,64,90.812068284389056,89.220482120066563,false,false,35.006793785395075,84.065540163810567,,,
2007-07-20T00:00:00,EURGBP,63,0.79330089499949996,0.53986907960210995,success,64,90.812066263764819,89.46712781199345,false,false,34.011752014932924,43.567518426386869,,,
2007-07-23T00:00:00,EURGBP,63,0.83792799457274458,0.52386034738283149,success,64,90.812066262941286,89.169174805909194,false,false,33.003201885118386,181.44013062294812,,,
2007-07-24T00:00:00,EURGBP,63,0.79969849125279213,0.50818269544629002,success,64,90.812066277723176,89.427655282109399,false,false,32.015509813116275,33.578777973554985,,,
2007-07-25T00:00:00,EURGBP,63,0.81024949502176813,0.49222200343010108,success,64,90.812066397742882,89.360434256513031,false,false,31.009986216096369,53.738093014644839,,,
2007-07-26T00:00:00,EURGBP,63,0.84605134007903315,0.76200842282476622,success,64,90.812066274478681,89.108105400735681,false,false,48.006530637960275,104.93040918151897,,,
2007-07-27T00:00:00,EURGBP,63,0.77555930388059835,0.96727382367475134,success,64,90.812066295221697,89.572093356190777,false,false,60.938250891509334,11.466087807338404,,,
2007-07-30T00:00:00,EURGBP,63,0.8112410547840686,0.95097125235514679,success,64,90.812066266333105,89.353971803714572,false,false,59.911188898374249,12.278389623187559,,,
2007-07-31T00:00:00,EURGBP,63,0.89939220117350271,0.71982574275611189,success,64,90.812066301441448,88.621576876073064,false,false,45.349021793635046,15.485278517763307,,,
2007-08-01T00:00:00,EURGBP,63,0.89303612446326164,0.41270526050566525,success,64,90.812066228306037,88.689930360973378,false,false,26.000431411856912,1636.588408392148,,,
2007-08-02T00:00:00,EURGBP,63,0.85746731152698463,0.39690089351739011,success,64,90.812066241123432,89.01765454967348,false,false,25.004756291595577,134.69354706194972,,,
2007-08-03T00:00:00,EURGBP,63,0.84609298747812767,0.66704398190175163,success,64,90.812066406765709,89.107785744173896,false,false,42.023770859810355,26.499677379044208,,,
2007-08-06T00:00:00,EURGBP,63,0.92780732085274442,0.88130547546928184,success,64,90.789482778126853,88.235997339195208,false,false,55.522244954564755,28.315616179826591,,,
2007-08-07T00:00:00,EURGBP,63,0.97292168062631734,0.63530594184934608,success,64,90.660167622058694,87.07859742037337,false,false,40.024274336508803,1.3104245576483649,,,
2007-08-08T00:00:00,EURGBP,63,0.97498924050768598,0.61915796102468512,success,64,90.751109307085102,87.08798898349886,false,false,39.006951544555164,1.3845020343549859,,,
2007-08-09T00:00:00,EURGBP,63,0.8486890177489802,0.41356742721731837,success,64,90.741045563334794,89.016689940617752,false,false,26.054747914691056,14.90931395438411,,,
2007-08-10T00:00:00,EURGBP,63,0.83803933544478981,0.39766413270547696,success,64,90.771741530693333,89.12802998600263,false,false,25.05284036044505,14.952676762538427,,,
2007-08-13T00:00:00,EURGBP,63,0.80584541443225943,0.38174383961097208,success,64,90.769453936245441,89.346216680225908,false,false,24.04986189549124,14.600321683937842,,,
2007-08-14T00:00:00,EURGBP,63,0.93440791292852765,0.55170982462368967,success,64,90.772980239633696,88.116522223900034,false,false,34.757718951292446,1.3658712320128894,,,
2007-08-15T00:00:00,EURGBP,63,0.75208887087430498,0.65079423836165062,success,64,90.799320979222827,89.689536814544041,false,false,41.000037016783992,501.64904653908877,,,
2007-08-16T00:00:00,EURGBP,63,0.90046732261766949,0.52488652660107649,success,64,90.805365633393393,88.602937763629043,false,false,33.067851175867816,10.491838813164458,,,
2007-08-17T00:00:00,EURGBP,63,0.91684914941021634,0.50358373581831861,success,64,90.797103781926651,88.39681726283159,false,false,31.72577535655407,1.2608245764577888,,,
2007-08-20T00:00:00,EURGBP,63,0.8662186969418989,0.49250152169891781,success,64,90.812066273753686,88.944135260137472,false,false,31.02759586703182,23.353239749601155,,,
2007-08-21T00:00:00,EURGBP,63,0.92717790047660809,0.47640447153413679,success,64,90.812066297974937,88.267940314940077,false,false,30.013481706650616,57.299300510444567,,,
2007-08-22T00:00:00,EURGBP,63,0.90424862877875367,0.4604557566231714,success,64,90.812067697237694,88.566718291631673,false,false,29.008712667259797,82.656085938318256,,,
2007-08-23T00:00:00,EURGBP,63,0.91118856343903865,0.44457127217365217,success,64,90.812066264004557,88.483831834855167,false,false,28.007990146940088,93.128022249495373,,,
2007-08-24T00:00:00,EURGBP,63,0.81190240266102032,0.63516800957733599,success,64,90.812066330680381,89.349647154417681,false,false,40.015584603372169,34.800600359950472,,,
2007-08-27T00:00:00,EURGBP,63,0.7742904795992116,0.61955801064547689,success,64,90.81206636653063,89.579368131301692,false,false,39.032154670665044,14.957758289282681,,,
2007-08-28T00:00:00,EURGBP,63,0.75355933561246868,0.60320915648893214,success,64,90.81206631603078,89.694379806482118,false,false,38.002176858802727,205.67906660125493,,,
2007-08-29T00:00:00,EURGBP,63,0.74964741056438322,0.58735724979147363,success,64,90.812066361097393,89.715333666339589,false,false,37.003506736862839,125.45880502232167,,,
2007-08-30T00:00:00,EURGBP,63,0.71513677345798687,0.57149997249463003,success,64,90.812066345027162,89.891601687283782,false,false,36.004498267161694,85.367483439205969,,,
2007-08-31T00:00:00,EURGBP,63,0.69886844144748739,0.55570430985089658,success,64,90.812067689589313,89.970152415593347,false,false,35.009371520606486,37.990138096269604,,,
2007-09-03T00:00:00,EURGBP,63,0.67324429008705688,0.53984019223270141,success,64,90.812066238111058,90.089170814792794,false,false,34.009932110660188,31.312223898747835,,,
2007-09-04T00:00:00,EURGBP,63,0.69871938443612924,0.31772824086148627,success,64,90.812066557085799,89.970859456405677,false,false,20.016879174273633,24.837736905463082,,,
2007-09-05T00:00:00,EURGBP,63,0.68376352114147421,0.30175909419484154,success,64,90.812066371286164,90.040944527297285,false,false,19.010822934275016,37.076123224595236,,,
2007-09-06T00:00:00,EURGBP,63,0.64667101044524355,0.28593483437553369,success,64,90.812066337033457,90.207628261132868,false,false,18.013894565658621,23.75511801399821,,,
2007-09-07T00:00:00,EURGBP,63,0.59992715131181185,0.4763227686136689,success,64,90.812066304420426,90.406904723302233,false,false,30.008334422661139,14.789314173771743,,,
2007-09-10T00:00:00,EURGBP,63,0.57844381624399532,0.57143031474707728,success,64,90.812067534101431,90.495679175254381,false,false,36.00010982906587,476.65947609525779,,,
2007-09-11T00:00:00,EURGBP,63,0.57793261518772765,0.55293337865987535,success,64,90.812066284714547,90.497773986497165,false,false,34.83480285557215,2.7688692727683262,,,
2007-09-12T00:00:00,EURGBP,63,0.58720297639046937,0.53848850310668883,success,64,90.812066442724969,90.459651900545779,false,false,33.924775695721394,2.8715986109595293,,,
2007-09-13T00:00:00,EURGBP,63,0.58360353823758393,0.52381362359367523,success,64,90.812066332651028,90.474482292738486,false,false,33.000258286401539,365.19843748852014,,,
2007-09-14T00:00:00,EURGBP,63,0.58927820920107121,0.50794419398305457,success,64,90.812066299499094,90.45108396302669,false,false,32.000484220932435,272.24046775027989,,,
2007-09-17T00:00:00,EURGBP,63,0.66929763655774421,0.40558190443243558,success,64,90.549326749564727,89.844316657428038,false,false,25.551659979243443,33.63078987471075,,,
2007-09-18T00:00:00,EURGBP,63,0.59841555136016877,0.47619591594694904,success,64,90.812066291280274,90.413198720843468,false,false,30.00034270465779,525.55381032910191,,,
2007-09-19T00:00:00,EURGBP,63,0.65774973407603743,0.57259707585489605,success,64,90.812066201080867,90.158783926609644,false,false,36.073615778858453,1.1151395537876976,,,
2007-09-20T00:00:00,EURGBP,63,0.94033439806130026,0.84132560000452661,success,64,90.132397718164455,87.374917835954037,false,false,53.003512800285179,227.75837813379496,,,
2007-09-21T00:00:00,EURGBP,63,0.62999472113918531,0.58747857273756543,success,64,90.812066401236663,90.279872233758226,false,false,37.011150082466621,20.511401221909249,,,
2007-09-24T00:00:00,EURGBP,63,0.65631159467015887,0.52363836262829189,success,64,90.812066339131135,90.16516611951505,false,false,32.989216845582391,1.058539703284707,,,
2007-09-25T00:00:00,EURGBP,63,0.85595412308010232,0.84141492041076449,success,64,90.812066225300867,89.029981283686539,false,false,53.009139985878164,83.626671122901357,,,
2007-09-26T00:00:00,EURGBP,63,0.65297895314164967,0.49225379557863352,success,64,90.812066319256772,90.179906853401235,false,false,31.011989121453912,1.0354918613726181,,,
2007-09-27T00:00:00,EURGBP,63,0.67640590483929897,0.4780659212889764,success,64,90.81206635236731,90.074762943254797,false,false,30.118153041205513,0.96163064439572854,,,
2007-09-28T00:00:00,EURGBP,63,0.6705902133837861,0.46115043022784891,success,64,90.812066275417564,90.101210563046635,false,false,29.05247710435448,0.94628451650990952,,,
2007-10-01T00:00:00,EURGBP,63,0.66090267045658269,0.44383355443184713,success,64,90.81201091450292,90.144691505368883,false,false,27.961513929206369,0.9539428104544615,,,
2007-10-02T00:00:00,EURGBP,63,0.88109694090458113,0.73688548250048136,success,64,90.544026501540017,88.541167378248659,false,false,46.423785397530324,0.89572003144941703,,,
2007-10-03T00:00:00,EURGBP,63,0.85729330793709413,0.71166829044742208,success,64,90.544386478368608,88.751397788099169,false,false,44.835102298187593,1.0602264527256278,,,
2007-10-04T00:00:00,EURGBP,63,0.85377849332381039,0.68319112290103157,success,64,90.480082226819533,88.715533083158832,false,false,43.041040742764991,9.8675072270682556,,,
2007-10-05T00:00:00,EURGBP,63,0.85893800653131325,0.66690379496779639,success,64,90.412933083771662,88.606435797480614,false,false,42.014939082971175,28.075333269507706,,,
2007-10-08T00:00:00,EURGBP,63,0.88369934406440065,0.65628088270696883,success,64,89.994583416451732,87.966645219728207,false,false,41.345695610539039,1.5311881753393028,,,
2007-10-09T00:00:00,EURGBP,63,0.89284299852046767,0.62005067093708088,success,64,90.561919578940689,88.441803889619067,false,false,39.063192269036094,0.5182710516002883,,,
2007-10-10T00:00:00,EURGBP,63,0.81147473859262009,0.61934447792631009,success,64,90.061360953868217,88.601739707354383,false,false,39.018702109357534,13.816227656730208,,,
2007-10-11T00:00:00,EURGBP,63,0.82522247783721081,0.62037154604743316,success,64,90.36860922953754,88.816470072658348,false,false,39.083407400988293,0.96707083373535474,,,
2007-10-12T00:00:00,EURGBP,63,0.78279975616029607,0.58777134749258064,success,64,90.619618799152903,89.337561585837562,false,false,37.029594892032577,15.0522607162277,,,
2007-10-15T00:00:00,EURGBP,63,0.78792836687844292,0.57208612325379093,success,64,90.710048116717871,89.39756504565085,false,false,36.04142576498883,11.539852214085203,,,
2007-10-16T00:00:00,EURGBP,63,0.8363244066296015,0.60367983834885419,success,64,90.792158546753669,89.161028342348814,false,false,38.031829815977815,20.377676416817206,,,
2007-10-17T00:00:00,EURGBP,63,0.75943068942827008,0.5402629489548566,success,64,90.717164366767918,89.56760354872678,false,false,34.036565784155968,12.051309845740944,,,
2007-10-18T00:00:00,EURGBP,63,0.78658625973844021,0.57189187413406528,success,64,90.811684358002779,89.507214690222042,false,false,36.029188070446111,18.564253768994828,,,
2007-10-19T00:00:00,EURGBP,63,0.79599745866048499,0.55576868098138144,success,64,90.812066252945385,89.450602711056945,false,false,35.013426901827032,38.242621838375307,,,
2007-10-22T00:00:00,EURGBP,63,0.75487782267535386,0.53997235376292962,success,64,90.812066274290231,89.687267131608664,false,false,34.018258287064569,24.628547450881612,,,
2007-10-23T00:00:00,EURGBP,63,0.79308074971230946,0.52391544556135972,success,64,90.812066296800467,89.468469874143054,false,false,33.006673070365665,76.312538977193043,,,
2007-10-24T00:00:00,EURGBP,63,0.80769281472296595,0.50816413900278934,success,64,90.812066229977148,89.376978440372881,false,false,32.014340757175731,37.073356525352082,,,
2007-10-25T00:00:00,EURGBP,63,0.79830336525905166,0.49230029323555424,success,64,90.812068294017408,89.436344372186497,false,false,31.014918473839916,34.760565107653051,,,
2007-10-26T00:00:00,EURGBP,63,0.80608567380462404,0.47643958294734978,success,64,90.812066773156516,89.387293185227819,false,false,30.015693725683036,34.821514716969148,,,
2007-10-29T00:00:00,EURGBP,63,0.82405236874062893,0.46048887870564659,success,64,90.812066207215452,89.268018526127392,false,false,29.010799358455735,52.258924808414072,,,
2007-10-30T00:00:00,EURGBP,63,0.76998908712473813,0.44863096873642483,success,64,90.812066208482605,89.603816621381938,false,false,28.263751030394765,15.243344189684782,,,
2007-10-31T00:00:00,EURGBP,63,0.76301164753704309,0.43540420049709849,success,64,90.810567638723853,89.641305336309145,false,false,27.430464631317204,28.285522608531767,,,
2007-11-01T00:00:00,EURGBP,63,0.77059180323638388,0.42830107233054149,success,64,90.81206623598456,89.600410376079893,false,false,26.982967556824114,901.23272253462653,,,
2007-11-02T00:00:00,EURGBP,63,0.8601541190492894,0.4029418392504977,success,64,90.812066413946212,88.995495798434106,false,false,25.385335872781354,350.43872048750836,,,
2007-11-05T00:00:00,EURGBP,63,0.8188536183631886,0.38126251121527038,success,64,90.812066354752389,89.303466461769219,false,false,24.019538206562036,631.90394878756365,,,
2007-11-06T00:00:00,EURGBP,63,0.79541607911951751,0.37034947698216342,success,64,90.812066221495712,89.454179136147403,false,false,23.332017049876296,25.369602401096866,,,
2007-11-07T00:00:00,EURGBP,63,0.7935056322052455,0.354522594364235,success,64,90.812066338323945,89.465878837882912,false,false,22.334923444946806,25.266776288442355,,,
2007-11-08T00:00:00,EURGBP,63,0.63704609032684456,0.59955020389246327,success,64,90.812066503687902,90.249500351038122,false,false,37.771662845225187,1.7341988962121417,,,
2007-11-09T00:00:00,EURGBP,63,0.62950937208354329,0.58637753986204999,success,64,90.812066598686954,90.281954005818463,false,false,36.94178501130915,1.572820424099969,,,
2007-11-12T00:00:00,EURGBP,63,0.79130371485572437,0.30891511534983612,success,64,90.427037841615174,89.094235998332579,false,false,19.461652267039675,30.549760636538331,,,
2007-11-13T00:00:00,EURGBP,63,0.86214331302065317,0.4017425052016616,success,64,90.68435031052843,88.851143442671969,false,false,25.309777827704682,92.071902143116162,,,
2007-11-14T00:00:00,EURGBP,63,0.85506838529489315,0.60325450128973945,success,64,90.812066362023899,89.037146921932745,false,false,38.005033581253585,121.10160681311277,,,
2007-11-15T00:00:00,EURGBP,63,0.99627408153765729,0.93206543465143921,success,64,90.812067910115402,85.223358896630529,false,false,58.720122383040668,10.323077449009906,,,
2007-11-16T00:00:00,EURGBP,63,0.99440897738431788,0.90802495838360786,success,64,90.812066408683563,85.631080047638918,false,false,57.205572378167297,29.770383041976924,,,
2007-11-19T00:00:00,EURGBP,63,0.91623364016475006,0.22231937288426615,success,64,90.812066241926985,88.419826337039495,false,false,14.006120491708767,154.91491392611081,,,
2007-11-20T00:00:00,EURGBP,63,0.8734101863944651,0.20649252843638771,success,64,90.812066290609337,88.880613031926927,false,false,13.009029291492427,94.561188466542916,,,
2007-11-21T00:00:00,EURGBP,63,0.96951812440079432,0.19129218238777773,success,64,90.809709226037498,87.350042321276106,false,false,12.051407490429996,13.77858260931505,,,
2007-11-22T00:00:00,EURGBP,63,0.92309127014638626,0.48664068893585655,success,64,90.363240820498561,87.878132098874232,false,false,30.658363402958962,228.45317665096795,,,
2007-11-23T00:00:00,EURGBP,63,0.90237535996765617,0.47429266232259987,success,64,90.426514664224555,88.202614009758264,false,false,29.880437726323791,110.69498945947366,,,
2007-11-26T00:00:00,EURGBP,63,0.91887410757491927,0.44800083938269303,success,64,90.337324644023326,87.910177695125512,false,false,28.22405288110966,65.091650377479198,,,
2007-11-27T00:00:00,EURGBP,63,0.89122391986227811,0.43692564219026331,success,64,90.427142442145595,88.323838191847429,false,false,27.526315457986588,29.673097020753822,,,
2007-11-28T00:00:00,EURGBP,63,0.94158284075228027,0.78063048006663027,success,64,90.305490287143726,87.525537624275501,false,false,49.179720244197711,16.942686411140187,,,
2007-11-29T00:00:00,EURGBP,63,0.95242884180791243,0.7645822355975519,success,64,90.809202143502461,87.812413403314807,false,false,48.16868084264577,18.496076263794301,,,
2007-11-30T00:00:00,EURGBP,63,0.83197279667950952,0.41276251946019726,success,64,90.812071096861473,89.212397243695094,false,false,26.004038725992427,84.130037758567894,,,
2007-12-03T00:00:00,EURGBP,63,0.88654860533597313,0.3733323692998366,success,64,90.811319258565447,88.755357810554614,false,false,23.519939265889704,29.089875627681003,,,
2007-12-04T00:00:00,EURGBP,63,0.94895384194170029,0.71440909873163871,success,64,90.812066221751294,87.889436346323777,false,false,45.007773220093242,110.62842453375119,,,
2007-12-05T00:00:00,EURGBP,63,0.94776561393588676,0.70156448913182667,success,64,90.547032426653473,87.648666212528738,false,false,44.198562815305081,15.995360945736373,,,
2007-12-06T00:00:00,EURGBP,63,0.92132922616706803,0.68535247319315895,success,64,90.569155209955653,88.108609496331923,false,false,43.177205811169017,17.404344958831121,,,
2007-12-07T00:00:00,EURGBP,63,0.89274489772729371,0.66933824272278264,success,64,90.649778578449911,88.530687837537769,false,false,42.168309291535309,17.709285008244912,,,
2007-12-10T00:00:00,EURGBP,63,0.89219903624701091,0.6534780557309926,success,64,90.655485366488506,88.542082722622936,false,false,41.169117511052534,16.055896743635145,,,
2007-12-11T00:00:00,EURGBP,63,0.8983962012602289,0.63525794459334661,success,64,90.795006833641708,88.615476582181827,false,false,40.021250509380835,33.476794750232052,,,
2007-12-12T00:00:00,EURGBP,63,0.87581712317611493,0.6194393043342219,success,64,90.808509394273983,88.855107380861455,false,false,39.02467617305598,26.473699577513862,,,
2007-12-13T00:00:00,EURGBP,63,0.90322024001362022,0.60336541288105472,success,64,90.812066507764584,88.578537967323598,false,false,38.012021011506448,58.422027696633577,,,
2007-12-14T00:00:00,EURGBP,63,0.91825497365593201,0.58752396859068756,success,64,90.809461312230752,88.390591179193493,false,false,37.014010021213316,55.059857291448935,,,
2007-12-17T00:00:00,EURGBP,63,0.90423142342081941,0.57164385397304041,success,64,90.794212793227828,88.5490620867524,false,false,36.013562800301543,55.410154416544081,,,
2007-12-18T00:00:00,EURGBP,63,0.91647672204382935,0.55558416851394266,success,64,90.812066317487819,88.41665502020625,false,false,35.001802616378384,403.02252464226331,,,
2007-12-19T00:00:00,EURGBP,63,0.92091354991594654,0.54053924312185431,success,64,90.781244499964657,88.326419892583331,false,false,34.05397231667682,14.967462720776421,,,
2007-12-20T00:00:00,EURGBP,63,0.90165051166022092,0.5326317783734037,success,64,90.758306053699883,88.542606410454795,false,false,33.55580203752443,34.678899740501159,,,
2007-12-21T00:00:00,EURGBP,63,0.86902608478673438,0.51998861980621525,success,64,90.667801787115309,88.775426828149222,false,false,32.759283047791563,71.300766142114369,,,
2007-12-24T00:00:00,EURGBP,63,0.90120120603027276,0.49822369501804464,success,64,90.414700173728306,88.20405702481699,false,false,31.388092786136813,27.072991430496835,,,
2007-12-26T00:00:00,EURGBP,63,0.68943732386887357,0.34706976697384961,success,64,90.352407794633052,89.554917738872476,false,false,21.865395319352526,11.770183779834401,,,
2007-12-27T00:00:00,EURGBP,63,0.86787801346734283,0.46779689260286805,success,64,90.415520142204997,88.533194611131435,false,false,29.471204233980686,26.777532805537891,,,
2007-12-28T00:00:00,EURGBP,63,0.84660948092286659,0.45137528358835505,success,64,90.304594536003009,88.596342090946024,false,false,28.436642866066368,33.125785093757806,,,
2007-12-31T00:00:00,EURGBP,63,0.81059608022874341,0.74577302070082818,success,64,90.541315871937499,89.087427869664594,false,false,46.983700304152173,4.0008637492294108,,,
2008-01-02T00:00:00,EURGBP,63,0.73714029350544708,0.74566377172121623,success,64,90.560187900552847,89.529030123409854,false,false,46.97681761843662,20.071973790281369,,,
2008-01-03T00:00:00,EURGBP,63,0.79129565563130488,0.98374312619963378,success,64,90.368250258291056,89.035497216056896,false,false,61.975816950576927,626.61406291203173,,,
2008-01-04T00:00:00,EURGBP,63,0.64441129843777978,0.55378842610537893,success,64,90.520908469186452,89.92634601501986,false,false,34.888670844638874,2.0694042345733168,,,
2008-01-07T00:00:00,EURGBP,63,0.6334462748803249,0.53826193137092404,success,64,90.59403461482988,90.047004525752556,false,false,33.910501676368213,2.1024694021028427,,,
2008-01-08T00:00:00,EURGBP,63,0.79472016841646431,0.35695280584676237,success,64,90.514815873975394,89.161199891140967,false,false,22.488026768346028,29.673577056429437,,,
2008-01-09T00:00:00,EURGBP,63,0.74622050832182152,0.33853522785151791,success,64,90.567682424691469,89.489127027567207,false,false,21.327719354645627,23.937070360851706,,,
2008-01-10T00:00:00,EURGBP,63,0.74014920921887495,0.32493993712999369,success,64,90.515096082753274,89.468351867472308,false,false,20.471216039189603,29.309018277115399,,,
2008-01-11T00:00:00,EURGBP,63,0.69449075951538186,0.17357959685312124,success,64,90.347525047042964,89.526326215410222,false,false,10.935514601746638,13.513629940290333,,,
2008-01-14T00:00:00,EURGBP,63,0.61026162114718219,0.45036037192772627,success,64,90.261820838083722,89.813408776302282,false,false,28.372703431446755,1.9341999512797756,,,
2008-01-15T00:00:00,EURGBP,63,0.54900042674664351,0.60272897052485064,success,64,90.689317251393661,90.492684425847216,false,false,37.97192514306559,16.071495530891866,,,
2008-01-16T00:00:00,EURGBP,63,0.80801369257566502,0.46035448392956435,success,64,90.368428740843541,88.931273790195476,false,false,29.002332487562555,56.714024582828209,,,
2008-01-17T00:00:00,EURGBP,63,0.95218654097782796,0.99999998412698421,success,64,89.729026276783756,86.737572484147762,false,false,62.999999000000003,0.12786940683528225,,,
2008-01-18T00:00:00,EURGBP,63,0.86147915874217973,0.38856956767353584,success,64,90.044255767028602,88.21662569588139,false,false,24.479882763432759,0.66954363933578542,,,
2008-01-21T00:00:00,EURGBP,63,0.98155589767925544,0.89183000632629572,success,64,90.340426719575092,86.366032418175337,false,false,56.185290398556631,0.94185037025173168,,,
2008-01-22T00:00:00,EURGBP,63,0.97464141510075086,0.87223069474282089,success,64,90.450915060162657,86.801962763705404,false,false,54.950533768797719,1.066956961696216,,,
2008-01-23T00:00:00,EURGBP,63,0.96412716103928153,0.85080243378031406,success,64,90.43746390111852,87.14622113965217,false,false,53.600553328159783,1.2981470437260019,,,
2008-01-24T00:00:00,EURGBP,63,0.64216441665121926,0.36606318659738896,success,64,90.434908165580083,89.850137410493105,false,false,23.061980755635503,14.588973511799736,,,
2008-01-25T00:00:00,EURGBP,63,0.97104749586175509,0.81179175846505602,success,64,90.382531658220472,86.869812975755281,false,false,51.14288078329853,12.491447344668162,,,
2008-01-28T00:00:00,EURGBP,63,0.74357112517945689,0.39908190089457096,success,64,90.590249035529183,89.525635946565998,false,false,25.14215975635797,15.749747382718974,,,
2008-01-29T00:00:00,EURGBP,63,0.68767630438282967,0.38320058825702974,success,64,90.647817372470982,89.858539269012766,false,false,24.141637060192874,17.637333403579131,,,
2008-01-30T00:00:00,EURGBP,63,0.96556589384976865,0.76418468034524689,success,64,90.740454597536896,87.406787780642077,false,false,48.143634861750556,12.932737932887074,,,
2008-01-31T00:00:00,EURGBP,63,0.95349771042645659,0.74826923734678019,success,64,90.772876204716127,87.752240730431183,false,false,47.14096195284715,14.092710631525613,,,
2008-02-01T00:00:00,EURGBP,63,0.91902318348751233,0.61140199700409181,success,64,90.81206632299974,88.382917871908433,false,false,38.518325811257782,8.3318261339259401,,,
2008-02-04T00:00:00,EURGBP,63,0.93821315344008105,0.71435138503426199,success,64,90.81206631318652,88.091779650496505,false,false,45.004137257158504,205.42067638111538,,,
2008-02-05T00:00:00,EURGBP,63,0.94739219009662357,0.69862953943585182,success,64,90.812046639023933,87.921198078052882,false,false,44.013660984458667,53.241432598365357,,,
2008-02-06T00:00:00,EURGBP,63,0.86339657169586737,0.56135812556404296,success,64,90.783635221659623,88.939843153464736,false,false,35.365561910534709,20.723010648570781,,,
2008-02-07T00:00:00,EURGBP,63,0.82584426593706051,0.54595331533544333,success,64,90.774089849730316,89.217633556283204,false,false,34.395058866132928,14.258853877837398,,,
2008-02-08T00:00:00,EURGBP,63,0.89428618723854814,0.65239959036234196,success,64,90.74511318752991,88.609822906884958,false,false,41.101174192827543,14.273393814210451,,,
2008-02-11T00:00:00,EURGBP,63,0.82380412419440174,0.5082675820452669,success,64,90.812066261023261,89.269729779631902,false,false,32.020857668851818,27.410399320415429,,,
2008-02-12T00:00:00,EURGBP,63,0.85382694272433413,0.6206025764419868,success,64,90.796669086248968,89.031731799747874,false,false,39.097962315845166,14.594819439876519,,,
2008-02-13T00:00:00,EURGBP,63,0.93021068465788748,0.4726983301727567,success,64,90.68585680460464,88.095926624194561,false,false,29.779994800883671,1.3877538446638225,,,
2008-02-14T00:00:00,EURGBP,63,0.98882896030233625,0.46252395494361392,success,64,90.671271418243919,86.188074731855764,false,false,29.139009161447678,14.919709777493249,,,
2008-02-15T00:00:00,EURGBP,63,0.96458592394752485,0.57133260677669373,success,64,90.669454690350349,87.364865145161005,false,false,35.993954226931706,12.593283966910418,,,
2008-02-18T00:00:00,EURGBP,63,0.9578920501125765,0.55542532812130341,success,64,90.602406172545074,87.477907639770123,false,false,34.991795671642116,14.222786011096145,,,
2008-02-19T00:00:00,EURGBP,63,0.94695580021040593,0.5396877141030515,success,64,90.538477261122353,87.656350366806123,false,false,34.000325988492243,13.382911723228045,,,
2008-02-20T00:00:00,EURGBP,63,0.96523525405231547,0.39889438325350646,success,64,90.523545135845794,87.199777103455901,false,false,25.130346144970908,14.188790957280078,,,
2008-02-21T00:00:00,EURGBP,63,0.95913082296218544,0.38301514074306042,success,64,90.575180672646013,87.419529352326308,false,false,24.129953866812805,14.561575923349569,,,
2008-02-22T00:00:00,EURGBP,63,0.93873558882843056,0.36749047482349206,success,64,90.556022527363709,87.826687782034526,false,false,23.151899913880001,11.809454764945453,,,
2008-02-25T00:00:00,EURGBP,63,0.85275789837036697,0.47109647682841099,success,64,90.567270082549243,88.810872580964514,false,false,29.679078040189893,2.9191403848045496,,,
2008-02-26T00:00:00,EURGBP,63,0.8861387759031728,0.33419668957820836,success,64,90.601865608647927,88.549972412722923,false,false,21.054391443427125,13.882847792485387,,,
2008-02-27T00:00:00,EURGBP,63,0.87571965423721965,0.31829495474917979,success,64,90.634968424754135,88.682462281095923,false,false,20.052582149198326,13.710858299002227,,,
2008-02-28T00:00:00,EURGBP,63,0.95831637815234849,0.30291812362785503,success,64,90.609438111699049,87.474368429861556,false,false,19.083841788554867,11.015608623232767,,,
2008-02-29T00:00:00,EURGBP,63,0.94220318502969247,0.72932820531937526,success,64,90.561650089910643,87.770362813072666,false,false,45.94767693512064,15.887947210119689,,,
2008-03-03T00:00:00,EURGBP,63,0.93575728395829516,0.71363815313230139,success,64,90.589996401155062,87.911308618662886,false,false,44.959203647334988,23.541289859465582,,,
2008-03-04T00:00:00,EURGBP,63,0.94567039115801865,0.69749139043985686,success,64,90.538572262574419,87.681747538827693,false,false,43.941957597710982,17.204243287902987,,,
2008-03-05T00:00:00,EURGBP,63,0.96156958351762245,0.68170078085276653,success,64,90.644371732750329,87.424654042533476,false,false,42.947149193724293,17.354452005629497,,,
2008-03-06T00:00:00,EURGBP,63,0.81443040241114739,0.45193503250454026,success,64,90.649106336355729,89.170047361041185,false,false,28.471907047786036,22.905184962122583,,,
2008-03-07T00:00:00,EURGBP,63,0.82416786608243231,0.43597661689429645,success,64,90.599878452338899,89.055033977540859,false,false,27.466526864340675,32.983432136883259,,,
2008-03-10T00:00:00,EURGBP,63,0.84880271763655557,0.41985600550648028,success,64,90.641041321230816,88.915800021993746,false,false,26.450928346908256,31.099672229018509,,,
2008-03-11T00:00:00,EURGBP,63,0.96449344916296975,0.87295130338612192,success,64,90.652032534889671,87.350146704596511,false,false,54.995932113325679,368.62762540198588,,,
2008-03-12T00:00:00,EURGBP,63,0.99142469393433763,0.6023078023371804,success,64,90.654059210293781,85.903802902076777,false,false,37.945391547242366,20.038923351546959,,,
2008-03-13T00:00:00,EURGBP,63,0.99502406000719013,0.58649349754750624,success,64,90.685515664632376,85.387363042895785,false,false,36.949090345492891,24.046520132536706,,,
2008-03-14T00:00:00,EURGBP,63,0.76540042626573779,0.38896197104030372,success,64,90.699347546251587,89.516828535569445,false,false,24.504604175539136,29.392890357527087,,,
2008-03-17T00:00:00,EURGBP,63,0.9813957185660015,0.56723662471129399,success,64,90.305089687986722,86.339505665772705,false,false,35.735907356811524,1.2752708946043618,,,
2008-03-18T00:00:00,EURGBP,63,0.62205125796591243,0.47608501565754513,success,64,90.808630308482904,90.310366394174011,false,false,29.993355986425343,14.864637163385519,,,
2008-03-19T00:00:00,EURGBP,63,0.99403133235991648,0.94693665209450861,success,64,90.812068098454432,85.696823097437473,false,false,59.657009081954044,2.6476505263758821,,,
2008-03-20T00:00:00,EURGBP,63,0.99913851784491947,0.93572639038185612,success,64,90.812066248025573,83.756071885481049,false,false,58.950762594056933,11.641432800547019,,,
2008-03-21T00:00:00,EURGBP,63,0.99782636363643518,0.91927636338044794,success,64,90.812066340530592,84.682888572327329,false,false,57.91441089296822,11.728774226556016,,,
2008-03-24T00:00:00,EURGBP,63,0.99666240405425333,0.89592004477708809,success,64,90.812066213670718,85.112904883934334,false,false,56.442962820956552,3.3853697223544561,,,
2008-03-25T00:00:00,EURGBP,63,0.99469665465418799,0.87881035205355129,success,64,90.812066867648511,85.577966865426276,false,false,55.365052179373734,3.7904389460448105,,,
2008-03-26T00:00:00,EURGBP,63,0.99633244848558933,0.8632918558803967,success,64,90.812066250732457,85.207509542349925,false,false,54.387386920464991,3.5291291594440244,,,
2008-03-27T00:00:00,EURGBP,63,0.99349549104049262,0.84197799467230272,success,64,90.812066426473805,85.783332525442418,false,false,53.044613664355069,29.339028231248957,,,
2008-03-28T00:00:00,EURGBP,63,0.99187931932694429,0.8256502193187093,success,64,90.812066358429462,86.006878889840635,false,false,52.015963817078685,78.183771324462953,,,
2008-03-31T00:00:00,EURGBP,63,0.98666259141071788,0.81264858775930626,success,64,90.812066294061708,86.508310928689525,false,false,51.196861028836295,5.8186944908010059,,,
2008-04-01T00:00:00,EURGBP,63,0.99231962940808272,0.79418672768821819,success,64,90.812066348684567,85.950688886383929,false,false,50.033763844357743,35.631796514695395,,,
2008-04-02T00:00:00,EURGBP,63,0.98975908090488252,0.77796933907895138,success,64,90.812066564844031,86.240996374917941,false,false,49.012068361973938,94.672134497441121,,,
2008-04-03T00:00:00,EURGBP,63,0.98579612190177868,0.76209727731583665,success,64,90.812066814145354,86.572132286671518,false,false,48.012128470897707,89.59264712135338,,,
2008-04-04T00:00:00,EURGBP,63,0.97872214972208482,0.74630467491428298,success,64,90.812066257535605,86.983485104176793,false,false,47.017194519599826,59.11036507917936,,,
2008-04-07T00:00:00,EURGBP,63,0.96618741663214891,0.73033569481685012,success,64,90.812066934871396,87.459542128596524,false,false,46.011148773461557,83.862267279318189,,,
2008-04-08T00:00:00,EURGBP,63,0.97059505340573438,0.71460269468867876,success,64,90.812069747698686,87.315323318867414,false,false,45.019969765386762,47.312422363382531,,,
2008-04-09T00:00:00,EURGBP,63,0.97095349390857022,0.70010552638395829,success,64,90.812066231159775,87.302685862887969,false,false,44.106648162189373,8.7877789561432156,,,
2008-04-10T00:00:00,EURGBP,63,0.9627582362418875,0.68274659941301696,success,64,90.81206698551739,87.5596954711596,false,false,43.013035763020071,68.457396867712689,,,
2008-04-11T00:00:00,EURGBP,63,0.96586123929918322,0.66674565115886131,success,64,90.81206649918947,87.469479736116753,false,false,42.004976023008261,180.60165459414264,,,
2008-04-14T00:00:00,EURGBP,63,0.96872564691610086,0.65501612920135921,success,64,90.812066228605218,87.378883158292524,false,false,41.266016139685632,18.264134616299618,,,
2008-04-15T00:00:00,EURGBP,63,0.9875438933453361,0.63495291046871782,success,64,90.812066240693937,86.439056292957389,false,false,40.002033359529221,505.0435125541361,,,
2008-04-16T00:00:00,EURGBP,63,0.98799645971564454,0.61919059876187055,success,64,90.812066279843535,86.401588795359203,false,false,39.009007721997847,114.1835946191147,,,
2008-04-17T00:00:00,EURGBP,63,0.99651583264309773,0.6033114727926211,success,64,90.812066274696434,85.156030340604659,false,false,38.008622785935131,136.22030830825523,,,
2008-04-18T00:00:00,EURGBP,63,0.99832566957055779,0.58739142353394302,success,64,90.812067808931431,84.421401605378151,false,false,37.005659682638409,221.80193334697697,,,
2008-04-21T00:00:00,EURGBP,63,0.99929705561010496,0.57170982650463531,success,64,90.812066614599857,83.552537032898655,false,false,36.017719069792022,75.935705125181627,,,
2008-04-22T00:00:00,EURGBP,63,0.99869082031148093,0.56138163024548393,success,64,90.812104967727052,84.175060475260722,false,false,35.367042705465487,35.164361817882757,,,
2008-04-23T00:00:00,EURGBP,63,0.99766538082948231,0.54543032072812558,success,64,90.812066240336378,84.754497091678374,false,false,34.362110205871915,22.826538628202243,,,
2008-04-24T00:00:00,EURGBP,63,0.99969816773044029,0.52870791239888015,success,64,90.812066402190567,82.706729186331671,false,false,33.308598481129451,20.336228887852144,,,
2008-04-25T00:00:00,EURGBP,63,0.99984911255682041,0.50810055669399667,success,64,90.812066368384066,82.013240858699888,false,false,32.010335071721791,147.27928443966013,,,
2008-04-28T00:00:00,EURGBP,63,0.99978865259047134,0.4922432521529565,success,64,90.812066360343607,82.350270442279083,false,false,31.01132488563626,132.52457521052509,,,
2008-04-29T00:00:00,EURGBP,63,0.99979783552919055,0.47642013003124134,success,64,90.812066389839671,82.3058395948228,false,false,30.014468191968206,104.96818052778023,,,
2008-04-30T00:00:00,EURGBP,63,0.99963915093469713,0.46574587072241147,success,64,90.81206649684907,82.885376622321658,false,false,29.341989855511923,22.516801318872233,,,
2008-05-01T00:00:00,EURGBP,63,0.69040158253865225,0.57165151451156671,success,64,90.812067068622895,90.010069666794394,false,false,36.014045414228704,37.100082068054618,,,
2008-05-02T00:00:00,EURGBP,63,0.87257902435381884,0.80961701971496169,success,64,90.812066302855754,88.888109454145592,false,false,51.005872242042585,136.02035908045224,,,
2008-05-05T00:00:00,EURGBP,63,0.87081414901482845,0.79846821241366706,success,64,90.812066308496554,88.903889803826587,false,false,50.303497382061025,20.497794109948909,,,
2008-05-06T00:00:00,EURGBP,63,0.82802136682358485,0.78201700032607002,success,64,90.812066847444555,89.240398131428037,false,false,49.26707102054241,17.021147430291769,,,
2008-05-07T00:00:00,EURGBP,63,0.77537312387184387,0.76705471125195157,success,64,90.812066321936911,89.573162655622937,false,false,48.324446808872949,22.363710921205701,,,
2008-05-08T00:00:00,EURGBP,63,0.99949018571379766,0.37073287274072153,success,64,90.812066330956768,83.231112231978528,false,false,23.356170982665457,22.792027780769477,,,
2008-05-09T00:00:00,EURGBP,63,0.72354065542589541,0.73028055706783634,success,64,90.812066306349507,89.849973343399625,false,false,46.00767509527369,64.444552457001166,,,
2008-05-12T00:00:00,EURGBP,63,0.68152063996512058,0.71436972292863765,success,64,90.812066289126378,90.051297421620276,false,false,45.005292544504172,80.028746227700239,,,
2008-05-13T00:00:00,EURGBP,63,0.61994361001715648,0.58750825946440921,success,64,90.812066294730883,90.322757408816045,false,false,37.013020346257782,15.119200344274818,,,
2008-05-14T00:00:00,EURGBP,63,0.59302945922887207,0.54857648536093762,success,64,90.812066313544591,90.435563038911113,false,false,34.560318577739068,0.76846580980112267,,,
2008-05-15T00:00:00,EURGBP,63,0.58947831401658923,0.52730591787014391,success,64,90.812066279303139,90.450257102796883,false,false,33.220272825819066,0.75614164828586627,,,
2008-05-16T00:00:00,EURGBP,63,0.59363489744665054,0.42841791856014094,success,64,90.812066477618174,90.433054020869818,false,false,26.990328869288881,17.451062563754334,,,
2008-05-19T00:00:00,EURGBP,63,0.60769862846987266,0.4125303865597918,success,64,90.812066446965318,90.374417714081432,false,false,25.989414353266884,19.472513076159565,,,
2008-05-20T00:00:00,EURGBP,63,0.63633617247807561,0.39669207103688947,success,64,90.812066346907869,90.252569240271583,false,false,24.991600475324038,32.369709525453729,,,
2008-05-21T00:00:00,EURGBP,63,0.63572395816847804,0.38069405781841453,success,64,90.812066248037908,90.255213743861816,false,false,23.983725642560117,17.030187689455278,,,
2008-05-22T00:00:00,EURGBP,63,0.58959939650142545,0.55941691711463404,success,64,90.81206626014,90.449756707206859,false,false,35.243265778221947,1.5303584121224263,,,
2008-05-23T00:00:00,EURGBP,63,0.9860650499543484,0.7637383742341034,success,64,90.812066245192952,86.552743995297917,false,false,48.115517576748516,0.60575515632013832,,,
2008-05-26T00:00:00,EURGBP,63,0.99183767289509295,0.7355657088021561,success,64,90.812066244524146,86.012036099567155,false,false,46.340639654535835,1.851002600965906,,,
2008-05-27T00:00:00,EURGBP,63,0.60209726766788418,0.50880168560414285,success,64,90.812066237395896,90.39785481523036,false,false,32.054506193061002,1.5505898182803206,,,
2008-05-28T00:00:00,EURGBP,63,0.69553611931724724,0.23351518592193668,success,64,90.812066243022443,89.985935761795332,false,false,14.711456713082011,18.320782449867213,,,
2008-05-29T00:00:00,EURGBP,63,0.7669624778499482,0.28544298795221762,success,64,90.812066323598359,89.620827923963631,false,false,17.982908240989708,29.848315160816977,,,
2008-05-30T00:00:00,EURGBP,63,0.8071343922692481,0.26970791604922345,success,64,90.812066331752419,89.380569757527439,false,false,16.991598711101076,69.019269232129545,,,
2008-06-02T00:00:00,EURGBP,63,0.82190930598977074,0.25373406644014557,success,64,90.812068022684372,89.282730904504959,false,false,15.985246185729169,41.523237959655312,,,
2008-06-03T00:00:00,EURGBP,63,0.98745450701679094,0.61866442396142096,success,64,90.812066285166907,86.446297334529703,false,false,38.975858709569522,1.0254613133818755,,,
2008-06-04T00:00:00,EURGBP,63,0.99374582130376077,0.63347097227448157,success,64,90.812066249320949,85.743834620077521,false,false,39.90867125329234,0.47595096377614871,,,
2008-06-05T00:00:00,EURGBP,63,0.99068193138224592,0.62338905498953157,success,64,90.812066266566177,86.145628118354537,false,false,39.27351046434049,0.42854496602193187,,,
2008-06-06T00:00:00,EURGBP,63,0.99123632564086184,0.53336877483214484,success,64,90.812066353854163,86.083728640461274,false,false,33.602232814425122,25.667715131767185,,,
2008-06-09T00:00:00,EURGBP,63,0.97802961850579884,0.51979203404907592,success,64,90.81206635507192,87.016221651294813,false,false,32.746898145091784,19.307952645705662,,,
2008-06-10T00:00:00,EURGBP,63,0.98775764927244636,0.50784749165732468,success,64,90.812066286375469,86.421530224524915,false,false,31.994391974411457,185.6294218622655,,,
2008-06-11T00:00:00,EURGBP,63,0.99169389830296328,0.48810398883949874,success,64,90.812066284097071,86.029642183626592,false,false,30.750551296888421,17.577363684485601,,,
2008-06-12T00:00:00,EURGBP,63,0.9935729176245347,0.47616993091173387,success,64,90.812066266818761,85.771279496231458,false,false,29.998705647439234,859.09637357845395,,,
2008-06-13T00:00:00,EURGBP,63,0.98577492319488647,0.46003775956052284,success,64,90.812066279624688,86.573644603004837,false,false,28.982378852312937,57.074456942481142,,,
2008-06-16T00:00:00,EURGBP,63,0.98254018559931222,0.44365214590254348,success,64,90.812067118800655,86.781827794903222,false,false,27.950085191860239,19.567276736870106,,,
2008-06-17T00:00:00,EURGBP,63,0.96842326737640561,0.42805375710442012,success,64,90.812066240463238,87.388817529074501,false,false,26.967386697578469,27.24790879461117,,,
2008-06-18T00:00:00,EURGBP,63,0.9560398314855586,0.50615452591001542,success,64,90.812066251350657,87.732550637319974,false,false,31.887735132330974,0.36264361515871241,,,
2008-06-19T00:00:00,EURGBP,63,0.93970036837042115,0.39664241021318947,success,64,90.812066272278059,88.065831199632854,false,false,24.988471843430936,68.386281522891181,,,
2008-06-20T00:00:00,EURGBP,63,0.94820345497654535,0.38055697949536288,success,64,90.812066437015673,87.904820791485079,false,false,23.975089708207861,32.835717151062767,,,
2008-06-23T00:00:00,EURGBP,63,0.96121205047763136,0.36446713765538602,success,64,90.812066571899052,87.601981150274682,false,false,22.96142967228932,22.50399388405021,,,
2008-06-24T00:00:00,EURGBP,63,0.94855492676992403,0.44271720493537958,success,64,90.812066396760187,87.897641399264018,false,false,27.891183910928913,0.35121551848990312,,,
2008-06-25T00:00:00,EURGBP,63,0.95706452428761668,0.33302914317492127,success,64,90.812066959186794,87.707894570398992,false,false,20.980836020020039,44.93769581190503,,,
2008-06-26T00:00:00,EURGBP,63,0.96528946459489684,0.31705221803156214,success,64,90.812066389249253,87.48668162443083,false,false,19.974289735988414,35.004507744839906,,,
2008-06-27T00:00:00,EURGBP,63,0.97465588498898348,0.30122527699888973,success,64,90.812066349694504,87.162528433086464,false,false,18.977192450930055,41.843652513235938,,,
2008-06-30T00:00:00,EURGBP,63,0.97857489309374479,0.28518252948666162,success,64,90.81207393466552,86.990540066344664,false,false,17.966499357659682,29.473929709925713,,,
2008-07-01T00:00:00,EURGBP,63,0.98645352653114549,0.2694758229426476,success,64,90.81206629375508,86.524076331699376,false,false,16.976976845386798,46.081411205127338,,,
2008-07-02T00:00:00,EURGBP,63,0.98453255216374291,0.24914814549278597,success,64,90.812066269070854,86.658636982815466,false,false,15.696333166045516,14.828011718683564,,,
2008-07-03T00:00:00,EURGBP,63,0.98297777060291602,0.23327098467038351,success,64,90.812066279826425,86.75599987523708,false,false,14.696072034234161,14.955799647827179,,,
2008-07-04T00:00:00,EURGBP,63,0.99135763599861426,0.22108220742459625,success,64,90.812066260335257,86.069667063816738,false,false,13.928179067749564,16.222407558323557,,,
2008-07-07T00:00:00,EURGBP,63,0.8180725172840676,0.83799243808199786,success,64,90.812066236119549,89.308723412569734,false,false,52.793523599165866,2.164284718433386,,,
2008-07-08T00:00:00,EURGBP,63,0.86198495260990504,0.82127359404725009,success,64,90.812066229074929,88.980191133204158,false,false,51.740236424976757,2.4557419791827853,,,
2008-07-09T00:00:00,EURGBP,63,0.74260326386680497,0.47572268220476738,success,64,90.812066239147754,89.752522917172584,false,false,29.970528978900344,15.565309889142606,,,
2008-07-10T00:00:00,EURGBP,63,0.99156625723096015,0.15863970858931481,success,64,90.812066337966115,86.045021222568806,false,false,9.9943016411268335,223.71416187708053,,,
2008-07-11T00:00:00,EURGBP,63,0.99510861537273798,0.14082792419705739,success,64,90.812066235734036,85.496689761619777,false,false,8.8721592244146148,10.837709458865904,,,
2008-07-14T00:00:00,EURGBP,63,0.99558827672302119,0.12212246801535011,success,64,90.812066231422818,85.392997814970613,false,false,7.6937154849670568,18.36197552089309,,,
2008-07-15T00:00:00,EURGBP,63,0.99654232527096365,0.11101914421031374,success,64,90.812066385401195,85.148371092236616,false,false,6.9942060852497656,264.76820545903234,,,
2008-07-16T00:00:00,EURGBP,63,0.69488757478212759,0.39658155286141011,success,64,90.812066306387777,89.988996552771582,false,false,24.984637830268838,25.763780944582837,,,
2008-07-17T00:00:00,EURGBP,63,0.97303732529240461,0.002340473535887361,success,64,90.812066267761594,87.226097316616332,false,false,0.14744983276090373,8.7110566371092268,,,
2008-07-18T00:00:00,EURGBP,63,0.81346693839370965,0.16753261000588038,success,64,90.812066295163035,89.33936950791869,false,false,10.554554430370464,0.30248668033250065,,,
2008-07-21T00:00:00,EURGBP,63,0.61171426474794943,0.36748542150616353,success,64,90.812066261217169,90.357542475050536,false,false,23.151581554888303,1.8120315200310613,,,
2008-07-22T00:00:00,EURGBP,63,0.78228807124960509,0.52374855101381024,success,64,90.812066496498744,89.533016207413795,false,false,32.996158713870045,131.35106155291427,,,
2008-07-23T00:00:00,EURGBP,63,0.67636530233516978,0.65726425604793859,success,64,90.812066333496162,90.074948418710079,false,false,41.407648131020132,1.5802780948642676,,,
2008-07-24T00:00:00,EURGBP,63,0.69508552572707194,0.69202405631136277,success,64,90.812066246024131,89.988062674494969,false,false,43.597515547615856,0.72437008742691711,,,
2008-07-25T00:00:00,EURGBP,63,0.60744786548711471,0.4760206442283873,success,64,90.812066225394645,90.375469227176922,false,false,29.989300586388399,19.163879634131675,,,
2008-07-28T00:00:00,EURGBP,63,0.61890107001499928,0.46019608376421645,success,64,90.812066350126059,90.327179912658679,false,false,28.992353277145636,30.130840210798645,,,
2008-07-29T00:00:00,EURGBP,63,0.61518388163776017,0.44438780253187127,success,64,90.812066231482277,90.34291061938282,false,false,27.99643155950789,63.113009589243816,,,
2008-07-30T00:00:00,EURGBP,63,0.62853661716572229,0.4285039880701641,success,64,90.812066223058537,90.286122229100826,false,false,26.995751248420337,60.935157486736095,,,
2008-07-31T00:00:00,EURGBP,63,0.66059827334011523,0.41263092116964767,success,64,90.812066226228168,90.146104767226433,false,false,25.995748033687804,75.64536698312024,,,
2008-08-01T00:00:00,EURGBP,63,0.67721759535540882,0.39680582845012885,success,64,90.812066240261302,90.071052034204584,false,false,24.998767192358116,286.40179675277642,,,
2008-08-04T00:00:00,EURGBP,63,0.6977063223365032,0.52322071683956561,success,64,90.812066361244405,89.975667076110113,false,false,32.962905160892632,9.5727042719567663,,,
2008-08-05T00:00:00,EURGBP,63,0.61781818888743789,0.68237506031197326,success,64,90.812066297471006,90.331768516736631,false,false,42.989628799654312,19.432469872790126,,,
2008-08-06T00:00:00,EURGBP,63,0.67176906253591029,0.63486302348943235,success,64,90.812066234945121,90.095869048698347,false,false,39.996370479834241,92.461008861694239,,,
2008-08-07T00:00:00,EURGBP,63,0.75047417257513194,0.4756078575661194,success,64,90.81206670290571,89.710923892615455,false,false,29.963295026665524,11.948343823722938,,,
2008-08-08T00:00:00,EURGBP,63,0.68850994477231764,0.45983647915344794,success,64,90.812066231295901,90.018903881402835,false,false,28.96969818666722,11.08784022613793,,,
2008-08-11T00:00:00,EURGBP,63,0.72051018077116058,0.44404640320742839,success,64,90.812066342129114,89.865072663632233,false,false,27.97492340206799,15.62934112421839,,,
2008-08-12T00:00:00,EURGBP,63,0.69831195786753308,0.43597517675500597,success,64,90.812066222499013,89.972793798957454,false,false,27.466436135565377,1.3175316655101577,,,
2008-08-13T00:00:00,EURGBP,63,0.98113704021580972,0.99479872183908891,success,64,90.812066295830974,86.860554350979328,false,false,62.672319475862601,0.48420296828647985,,,
2008-08-14T00:00:00,EURGBP,63,0.98455896076203664,0.92581469569839592,success,64,90.81206707822065,86.656902143382339,false,false,58.326325828998939,1.4108003630712556,,,
2008-08-15T00:00:00,EURGBP,63,0.9778351689896283,0.89462949330457586,success,64,90.812066275202639,87.02523200223996,false,false,56.361658078188277,0.35378800010207601,,,
2008-08-18T00:00:00,EURGBP,63,0.9641687705956794,0.893882216634723,success,64,90.812066307801928,87.519619798160704,false,false,56.31457964798755,15.534532586383838,,,
2008-08-19T00:00:00,EURGBP,63,0.9626585625695836,0.87332596818690555,success,64,90.812066213771061,87.562471053944122,false,false,55.019535995775051,60.03801012557966,,,
2008-08-20T00:00:00,EURGBP,63,0.97279314186074528,0.85723558224786356,success,64,90.812070230582421,87.235367848285051,false,false,54.005841681615401,37.875668562982639,,,
2008-08-21T00:00:00,EURGBP,63,0.66156308997313962,0.4968549677668887,success,64,90.812066214397632,90.141798555248911,false,false,31.301862969313987,1.2540508723437449,,,
2008-08-22T00:00:00,EURGBP,63,0.71779497699630834,0.48009772083422403,success,64,90.811430743500622,89.877880601294123,false,false,30.246156412556115,1.1303488670775657,,,
2008-08-25T00:00:00,EURGBP,63,0.84295988363953467,0.57912218517050484,success,64,90.81206632119391,89.131648242869204,false,false,36.484697665741805,0.11593411031907334,,,
2008-08-26T00:00:00,EURGBP,63,0.86397150388693333,0.79466537835521978,success,64,90.812066319286316,88.963390926669305,false,false,50.063918836378846,16.276265691267714,,,
2008-08-27T00:00:00,EURGBP,63,0.88182002235715728,0.77868938450974157,success,64,90.812066225116681,88.802286942955263,false,false,49.057431224113721,14.199563419785106,,,
2008-08-28T00:00:00,EURGBP,63,0.83691791591883591,0.76293842190370698,success,64,90.812066296925124,89.176593958008098,false,false,48.065120579933541,14.814127482021068,,,
2008-08-29T00:00:00,EURGBP,63,0.87053130531354328,0.66692357000704783,success,64,90.812066239514849,88.906401630545176,false,false,42.016184910444011,0.64215695770235781,,,
2008-09-01T00:00:00,EURGBP,63,0.7868948142127139,0.50998329448363067,success,64,90.79613428204361,89.489825570474949,false,false,32.12894755246873,1.0402792538149221,,,
2008-09-02T00:00:00,EURGBP,63,0.78879430411665286,0.49304444114358342,success,64,90.796850379843747,89.479177318141922,false,false,31.061799792045754,1.0397472608091169,,,
2008-09-03T00:00:00,EURGBP,63,0.86054117627339177,0.61852010056807827,success,64,90.812066228795473,88.992274149993221,false,false,38.966766335788932,0.68560386636907822,,,
2008-09-04T00:00:00,EURGBP,63,0.76547378290019497,0.21034122404302147,success,64,90.791028843974146,89.608101259433411,false,false,13.251497114710352,0.46422228906869828,,,
2008-09-05T00:00:00,EURGBP,63,0.96375536901329473,0.58978181352421588,success,64,90.791226601632331,87.510680365429323,false,false,37.156254252025597,0.79129287938540604,,,
2008-09-08T00:00:00,EURGBP,63,0.96935120108833317,0.64370513935828122,success,64,90.765948192031814,87.311914683574742,false,false,40.553423779571716,2.2626269756275454,,,
2008-09-09T00:00:00,EURGBP,63,0.95272512127068198,0.55461414309802615,success,64,90.750463310501914,87.747115932959261,false,false,34.940691015175645,0.77253836709053036,,,
2008-09-10T00:00:00,EURGBP,63,0.94805385125334607,0.53725628673856773,success,64,90.691950694028861,87.78774696921792,false,false,33.847146064529767,0.76477448736460174,,,
2008-09-11T00:00:00,EURGBP,63,0.94884568838243766,0.52120220418531904,success,64,90.722165783708078,87.801766385207515,false,false,32.835738863675097,0.79020397818552002,,,
2008-09-12T00:00:00,EURGBP,63,0.85951279556737159,0.37011047660936314,success,64,90.647450816020196,88.836201517058669,false,false,23.316960026389879,1.1699098799034382,,,
2008-09-15T00:00:00,EURGBP,63,0.94502085199803587,0.48860039645060421,success,64,90.668046577819183,87.82379357107105,false,false,30.781824976388066,0.81390946781885731,,,
2008-09-16T00:00:00,EURGBP,63,0.83841932808106723,0.3370119578694174,success,64,90.654136159678274,89.007622327317179,false,false,21.231753345773296,1.1592051952718858,,,
2008-09-17T00:00:00,EURGBP,63,0.95167474093961746,0.53136054820304257,success,64,90.404632666607071,87.424363734745484,false,false,33.475714536791685,2.3971333594760331,,,
2008-09-18T00:00:00,EURGBP,63,0.94621945748326797,0.51532908292097968,success,64,90.402312456924832,87.534749668616655,false,false,32.465732224021721,2.411146290203682,,,
2008-09-19T00:00:00,EURGBP,63,0.84346635085774579,0.29198963977634296,success,64,90.400377599364177,88.716128587821103,false,false,18.395347305909606,1.3258014253204911,,,
2008-09-22T00:00:00,EURGBP,63,0.83627260919834234,0.27619213822455013,success,64,90.341461130151828,88.710709276206657,false,false,17.400104708146657,1.2967235467135112,,,
2008-09-23T00:00:00,EURGBP,63,0.73944282764118219,0.13406332472179033,success,64,90.579727519229266,89.536652860989449,false,false,8.4459894574727912,1.9081395386577535,,,
2008-09-24T00:00:00,EURGBP,63,0.70173545744836807,0.11672861739607686,success,64,90.580699764064391,89.725124091695164,false,false,7.3539028959528423,1.8160654872750601,,,
2008-09-25T00:00:00,EURGBP,63,0.76623990366789219,0.22512507935517242,success,64,90.588156700758688,89.400956749985582,false,false,14.182879999375864,1.1596718290828334,,,
2008-09-26T00:00:00,EURGBP,63,0.7519743369765497,0.56887341850778417,success,64,90.653885442309274,89.544715466047293,false,false,35.839025365990402,1.4847087792672697,,,
2008-09-29T00:00:00,EURGBP,63,0.77826023890533358,0.85446457935166276,success,64,90.771893336210752,89.516336817588126,false,false,53.831268499154753,0.38919675712560065,,,
2008-09-30T00:00:00,EURGBP,63,0.88216890656721736,0.85719869731866449,success,64,90.807511012350091,88.79437965806423,false,false,54.003517931075862,0.34544478255486788,,,
2008-10-01T00:00:00,EURGBP,63,0.86443792946160547,0.83269865462117587,success,64,90.800225955279899,88.947576072669605,false,false,52.46001524113408,0.38344649534654479,,,
2008-10-02T00:00:00,EURGBP,63,0.69066442774829162,0.5095711699821085,success,64,90.803378124261627,90.000150733207377,false,false,32.102983708872834,1.2983984530142636,,,
2008-10-03T00:00:00,EURGBP,63,0.66146080903560245,0.49401412694161406,success,64,90.698141439402008,90.028330567181712,false,false,31.122889997321685,1.3395175520367022,,,
2008-10-06T00:00:00,EURGBP,63,0.65944967981797131,0.47746522684896325,success,64,90.618080650416118,89.957237879551073,false,false,30.080309291484685,1.3448243160927038,,,
2008-10-07T00:00:00,EURGBP,63,0.90769970431570346,0.76940681312048287,success,64,90.64866651882285,88.362800262058627,false,false,48.472629226590421,0.3184454185742765,,,
2008-10-08T00:00:00,EURGBP,63,0.97067728443064549,0.81235687006708068,success,64,90.480314895313725,86.980683327151482,false,false,51.178482814226086,0.25254688394561725,,,
2008-10-09T00:00:00,EURGBP,63,0.92170652284326893,0.21073903308309574,success,64,89.883233926807222,87.417471352600387,false,false,13.276559084235032,0.79904514836007234,,,
2008-10-10T00:00:00,EURGBP,63,0.97977849748969092,0.842341829426693,success,64,90.416457472719728,86.535877468529534,false,false,53.067535253881658,9.8617745744297132,,,
2008-10-13T00:00:00,EURGBP,63,0.98111631601218308,0.76590073182948037,success,64,90.173202580989212,86.222809827788836,false,false,48.251746105257261,0.2473066093250606,,,
2008-10-14T00:00:00,EURGBP,63,0.9718432706410397,0.73389473602551403,success,64,90.203208342418705,86.661800174777184,false,false,46.235368369607386,0.26511741220078539,,,
2008-10-15T00:00:00,EURGBP,63,0.96081748435276848,0.70681366955722791,success,64,90.161095602789899,86.961541752375339,false,false,44.529261182105358,0.27785077497740357,,,
2008-10-16T00:00:00,EURGBP,63,0.96827195007614641,0.69235334449195551,success,64,90.326108964820492,86.907797122110239,false,false,43.618260702993197,0.2592114760212762,,,
2008-10-17T00:00:00,EURGBP,63,0.95491987292441582,0.6634740747874327,success,64,90.218093813109249,87.164907886903606,false,false,41.798866711608262,0.26827348095092968,,,
2008-10-20T00:00:00,EURGBP,63,0.93921765118449452,0.63924027758260293,success,64,90.310922804267008,87.573174992807125,false,false,40.272137487703986,0.27246529460055402,,,
2008-10-21T00:00:00,EURGBP,63,0.9554890145468663,0.63214159041433948,success,64,89.985938198223806,86.919450954504072,false,false,39.824920196103385,0.31901542324837645,,,
2008-10-22T00:00:00,EURGBP,63,0.94641966238075725,0.69364571483061599,success,64,89.600863187746413,86.729359264639427,false,false,43.699680034328807,1.9682431774424176,,,
2008-10-23T00:00:00,EURGBP,63,0.94968908681317599,0.59845343858702793,success,64,89.322420927720344,86.384508289268879,false,false,37.702566630982759,0.34041404591756597,,,
2008-10-24T00:00:00,EURGBP,63,0.93818443576282795,0.5768936643755862,success,64,89.410292095293755,86.690500720256253,false,false,36.344300855661928,0.32772333377921337,,,
2008-10-27T00:00:00,EURGBP,63,0.95867437227563423,0.57058348378193557,success,64,89.772275360042016,86.628206725595845,false,false,35.946759478261939,0.2966091562962796,,,
2008-10-28T00:00:00,EURGBP,63,0.95563178638545931,0.55088297942043496,success,64,90.053828432336473,86.983979057633292,false,false,34.705627703487401,0.28143179159493859,,,
2008-10-29T00:00:00,EURGBP,63,0.95662062632464973,0.53021578132188285,success,64,89.86213972237077,86.768716896433801,false,false,33.403594223278617,0.25160251703852504,,,
2008-10-30T00:00:00,EURGBP,63,0.94478542848344949,0.50220131496704223,success,64,89.640720891354206,86.800989944644741,false,false,31.638682842923657,0.23742026034103689,,,
2008-10-31T00:00:00,EURGBP,63,0.96161200460482821,0.49597033425121023,success,64,89.718798886100089,86.497932629207511,false,false,31.246131057826243,0.25616739695277119,,,
2008-11-03T00:00:00,EURGBP,63,0.95477120598053866,0.47890679056979563,success,64,89.31979820933087,86.270060392288059,false,false,30.171127805897125,0.26139622221282649,,,
2008-11-04T00:00:00,EURGBP,63,0.96585559230002116,0.46735557909779607,success,64,88.633888500068892,85.291472983055755,false,false,29.443401483161153,0.22531646649925677,,,
2008-11-05T00:00:00,EURGBP,63,0.95877600130115004,0.44218946085805627,success,64,89.082699579836927,85.936062686984997,false,false,27.857936034057545,0.20272364899814771,,,
2008-11-06T00:00:00,EURGBP,63,0.927683679554833,0.65078315364440209,success,64,89.234917856557061,86.68327688041569,false,false,40.999338679597329,13.798344942264922,,,
2008-11-07T00:00:00,EURGBP,63,0.9466928480385931,0.41943578474927129,success,64,89.10183243731116,86.224928244138539,false,false,26.424454439204091,0.2795011926513159,,,
2008-11-10T00:00:00,EURGBP,63,0.94569496086900551,0.31712335569544614,success,64,89.668865378710237,86.811562337479558,false,false,19.978771408813106,0.14224816376490382,,,
2008-11-11T00:00:00,EURGBP,63,0.99295373217117411,0.41399836619576946,success,64,89.01063636230468,84.062450383999561,false,false,26.081897070333476,12.93657151664401,,,
2008-11-12T00:00:00,EURGBP,63,0.99983685188453841,0.45093722298028227,success,64,90.168486484273387,81.447797559751649,false,false,28.409045047757782,0.33131162684109494,,,
2008-11-13T00:00:00,EURGBP,63,0.9999738943290889,0.47399247955456447,success,64,86.988964752498703,76.435632867562063,false,false,29.861526211937562,19.219467317721513,,,
2008-11-14T00:00:00,EURGBP,63,0.99990014952385853,0.44404610436877323,success,64,88.668290908798653,79.456554034714046,false,false,27.974904575232713,13.459919086161591,,,
2008-11-17T00:00:00,EURGBP,63,0.99965878610856163,0.75823349005151752,success,64,88.018878881399843,80.036219123819777,false,false,47.768709873245605,18.393435835344036,,,
2008-11-18T00:00:00,EURGBP,63,0.99932948865319682,0.73834088899243555,success,64,87.991655222050383,80.684856025802731,false,false,46.515476006523443,23.343174906444617,,,
2008-11-19T00:00:00,EURGBP,63,0.99976013420766152,0.40543247835480684,success,64,88.035025538837502,79.699834443780816,false,false,25.54224613635283,27.569137860893395,,,
2008-11-20T00:00:00,EURGBP,63,0.99992634809948933,0.99746800325906482,success,64,88.597806717303683,79.081719761153863,false,false,62.840484205321083,0.031661993613965426,,,
2008-11-21T00:00:00,EURGBP,63,0.99957734051884106,0.36493987312228188,success,64,88.844230337929957,81.075709374564738,false,false,22.991212006703758,12.823470770421943,,,
2008-11-24T00:00:00,EURGBP,63,0.99739436420680827,0.46087377775459876,success,64,89.035390727740364,83.087921197039066,false,false,29.035047998539721,14.024981505190674,,,
2008-11-25T00:00:00,EURGBP,63,0.9987780146515145,0.73570484577308048,success,64,89.468210117367292,82.76215444186127,false,false,46.349405283704073,1.7433286288585459,,,
2008-11-26T00:00:00,EURGBP,63,0.99800315908063209,0.71310541180931486,success,64,89.271686324189943,83.057496273926958,false,false,44.925640943986835,3.8594561646848757,,,
2008-11-27T00:00:00,EURGBP,63,0.99669926699560485,0.61885972621527952,success,64,89.261563985436737,83.551259465245778,false,false,38.988162751562612,0.34519999059413331,,,
2008-11-28T00:00:00,EURGBP,63,0.99885162684862994,0.33509981740211497,success,64,89.30121838876461,82.532958432648797,false,false,21.111288496333245,12.43764004552362,,,
2008-12-01T00:00:00,EURGBP,63,0.99974701931021381,0.64635690247456024,success,64,90.409700603479095,82.127756219068374,false,false,40.720484855897297,0.23656306552548406,,,
2008-12-02T00:00:00,EURGBP,63,0.99950465423374413,0.61459287794147777,success,64,90.206746174494739,82.596987121428214,false,false,38.719351310313101,0.26341800425081358,,,
2008-12-03T00:00:00,EURGBP,63,0.99938789233306669,0.58825884447572063,success,64,90.203305961623201,82.80531589214084,false,false,37.060307201970403,0.29106358226692358,,,
2008-12-04T00:00:00,EURGBP,63,0.99888990475577699,0.56855983004555266,success,64,90.128238192478364,83.32603944260201,false,false,35.819269292869819,0.29669916476278307,,,
2008-12-05T00:00:00,EURGBP,63,0.99840247042471653,0.5463227503270035,success,64,90.241137261369957,83.80343920995179,false,false,34.418333270601224,0.31730972685908504,,,
2008-12-08T00:00:00,EURGBP,63,0.99694336461159083,0.52470970957084129,success,64,90.286972264006579,84.499593066212384,false,false,33.056711702963,0.33306810283461263,,,
2008-12-09T00:00:00,EURGBP,63,0.99530201551245412,0.50440684593891938,success,64,90.282383939166934,84.926471299190894,false,false,31.77763129415192,0.3482418376625056,,,
2008-12-10T00:00:00,EURGBP,63,0.9914889749876119,0.48410562760945625,success,64,90.281131058214442,85.523285613165996,false,false,30.498654539395744,0.35739769351795547,,,
2008-12-11T00:00:00,EURGBP,63,0.98838814376048167,0.46459907758133606,success,64,90.267393011700122,85.823344198791631,false,false,29.269741887624171,0.37489970357565855,,,
2008-12-12T00:00:00,EURGBP,63,0.99449630188307603,0.62672892868771379,success,64,90.2186423876622,85.02182625912836,false,false,39.483922507325971,2.8548561364893712,,,
2008-12-15T00:00:00,EURGBP,63,0.99081860839853475,0.60994880386022787,success,64,90.267652030663839,85.586299335756834,false,false,38.426774643194356,2.8330629474270421,,,
2008-12-16T00:00:00,EURGBP,63,0.96027080838285128,0.40689576458315102,success,64,90.302640773447791,87.117511659407484,false,false,25.634433168738514,0.39194253346741259,,,
2008-12-17T00:00:00,EURGBP,63,0.97575594804071109,0.40296954620439657,success,64,90.151640841457322,86.456599646817835,false,false,25.387081410876984,0.31476657960335391,,,
2008-12-18T00:00:00,EURGBP,63,0.99046832708125687,0.56222398270149088,success,64,89.335532358097296,84.691974713793172,false,false,35.420110910193927,2.8280069048769607,,,
2008-12-19T00:00:00,EURGBP,63,0.99663986285187112,0.54826632094870564,success,64,90.010272493113789,84.317864800256046,false,false,34.540778219768455,2.7677302888908031,,,
2008-12-22T00:00:00,EURGBP,63,0.99600995215995802,0.53187061745632003,success,64,90.322467101750462,84.802513072902684,false,false,33.507848899748161,2.7313089204479981,,,
2008-12-23T00:00:00,EURGBP,63,0.97566664377257573,0.3436362930812612,success,64,90.288952322799886,86.597679441574073,false,false,21.649086464119456,0.27480100742759678,,,
2008-12-24T00:00:00,EURGBP,63,0.96789856862416057,0.32177720920484404,success,64,90.261191717151007,86.854965040133337,false,false,20.271964179905176,0.27652579067954336,,,
2008-12-26T00:00:00,EURGBP,63,0.97033559310898754,0.30028175429879378,success,64,90.180099415452062,86.692405337461651,false,false,18.917750520824008,0.29703654164788013,,,
2008-12-29T00:00:00,EURGBP,63,0.99194014044139478,0.46604660651911833,success,64,90.02587897172144,85.213112340430285,false,false,29.360936210704455,2.7457375640008066,,,
2008-12-30T00:00:00,EURGBP,63,0.78581094625313708,0.79789772615633836,success,64,90.008502079869146,88.708644896518578,false,false,50.267556747849319,0.6482911576630257,,,
2008-12-31T00:00:00,EURGBP,63,0.8617031432965705,0.79518372929492809,success,64,90.280377930358853,88.450869610644475,false,false,50.096574945580471,0.64128234117893279,,,
2009-01-02T00:00:00,EURGBP,63,0.83546982471411924,0.77394838274956412,success,64,90.323915616397429,88.699015375225869,false,false,48.758748113222538,0.63630440516939479,,,
2009-01-05T00:00:00,EURGBP,63,0.87548532009542979,0.54300355482110962,success,64,90.354520085792174,88.404165321493139,false,false,34.209223953729904,1.6847696417348585,,,
2009-01-06T00:00:00,EURGBP,63,0.85709163117269149,0.52987020527124318,success,64,89.363726167768931,87.572384981474727,false,false,33.381822932088319,2.2818365948137509,,,
2009-01-07T00:00:00,EURGBP,63,0.81920811625670875,0.50782044325559794,success,64,89.289816024849429,87.778824419223412,false,false,31.992687925102668,11.682793129022382,,,
2009-01-08T00:00:00,EURGBP,63,0.7951645011031393,0.49569234662547995,success,64,89.390312297970254,88.033970497696245,false,false,31.228617837405238,2.7498828388107475,,,
2009-01-09T00:00:00,EURGBP,63,0.80542809051683839,0.47619034193824372,success,64,89.137227623603792,87.716655507370518,false,false,29.999991542109356,36.946112885979204,,,
2009-01-12T00:00:00,EURGBP,63,0.82028648269413063,0.46547737893290819,success,64,89.679919430627905,88.161629794719033,false,false,29.325074872773214,2.2807488515522074,,,
2009-01-13T00:00:00,EURGBP,63,0.97727150864470658,0.22346702272753793,success,64,89.627287798592349,85.866142548063195,false,false,14.078422431834889,11.058756061686415,,,
2009-01-14T00:00:00,EURGBP,63,0.99465146302166219,0.30898671960483892,success,64,89.663473461083782,84.437904135228393,false,false,19.466163335104852,32.132688392625404,,,
2009-01-15T00:00:00,EURGBP,63,0.99843479001508428,0.079354992746335909,success,64,89.536140213978214,83.077971361858218,false,false,4.999364543019162,47.332150025914231,,,
2009-01-16T00:00:00,EURGBP,63,0.82256046871396404,0.77794480685895406,success,64,89.627801195336858,88.094009079269995,false,false,49.010522832114106,1.0608731046077129,,,
2009-01-19T00:00:00,EURGBP,63,0.81351422624304448,0.75974480682352175,success,64,89.61760504313132,88.14459658497708,false,false,47.863922829881872,1.0721214054104937,,,
2009-01-20T00:00:00,EURGBP,63,0.848171516695017,0.74512372714146358,success,64,89.50811009633172,87.787778705153229,false,false,46.942794809912208,1.0599096360194442,,,
2009-01-21T00:00:00,EURGBP,63,0.82086227318086902,0.72652285147748874,success,64,89.526615971491779,88.00441556462485,false,false,45.770939643081789,1.0659151745310433,,,
2009-01-22T00:00:00,EURGBP,63,0.804338554383626,0.70805058592852699,success,64,89.556276710805932,88.142642290129984,false,false,44.607186913497202,1.0812113348170072,,,
2009-01-23T00:00:00,EURGBP,63,0.8624898234754661,0.5235081516297494,success,64,89.523116988426551,87.686991563915129,false,false,32.981013552674213,0.55936250572364643,,,
2009-01-26T00:00:00,EURGBP,63,0.84631033867152572,0.50467949703334303,success,64,89.423198709859903,87.717247969953789,false,false,31.794808313100614,0.55692917547794374,,,
2009-01-27T00:00:00,EURGBP,63,0.83799444623193831,0.48817900116060092,success,64,89.376201863820981,87.732821007932699,false,false,30.75527707311786,0.55816669570898081,,,
2009-01-28T00:00:00,EURGBP,63,0.8427794381727215,0.46870485406330603,success,64,89.260459930177717,87.581404317457086,false,false,29.528405805988282,0.55343326339487586,,,
2009-01-29T00:00:00,EURGBP,63,0.86464299817084622,0.4543702474123546,success,64,89.158280663030681,87.303879706173603,false,false,28.625325586978338,0.54894407040331494,,,
2009-01-30T00:00:00,EURGBP,63,0.97713794158216671,0.93200910378922863,success,64,88.255219303868486,84.500070171701964,false,false,58.716573538721406,0.33510036372716495,,,
2009-02-02T00:00:00,EURGBP,63,0.59960083181900037,0.22622705512345473,success,64,89.404318550703266,89.000516367154802,false,false,14.252304472777649,0.87679328784074451,,,
2009-02-03T00:00:00,EURGBP,63,0.76932785186325869,0.58076725616311475,success,64,89.588125171856731,88.383605388149135,false,false,36.588337138276231,1.0086669018654573,,,
2009-02-04T00:00:00,EURGBP,63,0.82653219095322028,0.89085345846135455,success,64,89.507962451263637,87.946715629776506,false,false,56.123767883065334,0.65127844637269627,,,
2009-02-05T00:00:00,EURGBP,63,0.81938132606403413,0.87166579680688883,success,64,89.222751384303422,87.710589844279909,false,false,54.914945198833998,0.64087758273242135,,,
2009-02-06T00:00:00,EURGBP,63,0.77748002460995524,0.84846467784434254,success,64,89.256837229238513,88.005796151945646,false,false,53.453274704193582,0.66251664752255357,,,
2009-02-09T00:00:00,EURGBP,63,0.73471767824062217,0.76394612817459939,success,64,89.252980390774724,88.234288700606015,false,false,48.128606074999759,0.37386433016031334,,,
2009-02-10T00:00:00,EURGBP,63,0.73088345973054014,0.49576896070194371,success,64,89.335143514876265,88.336034014634365,false,false,31.233444524222453,1.0230465947261977,,,
2009-02-11T00:00:00,EURGBP,63,0.83505088275409378,0.29566613057877394,success,64,88.927754275403046,87.305898660992497,false,false,18.626966226462759,0.45472459065926901,,,
2009-02-12T00:00:00,EURGBP,63,0.90920041283358144,0.29115491329237342,success,64,89.72852042476697,87.424609617697797,false,false,18.342759537419525,0.53289160224980003,,,
2009-02-13T00:00:00,EURGBP,63,0.87585625877242856,0.34971950111772482,success,64,89.330242865506136,87.376480973888661,false,false,22.032328570416663,24.746725753802767,,,
2009-02-16T00:00:00,EURGBP,63,0.86039228322385941,0.33384772394590895,success,64,89.444897434857708,87.626345472894883,false,false,21.032406608592265,14.477907088273392,,,
2009-02-17T00:00:00,EURGBP,63,0.8803273298943014,0.31803315102702928,success,64,89.459242067739211,87.463708530216095,false,false,20.036088514702843,13.336329511691984,,,
2009-02-18T00:00:00,EURGBP,63,0.57630848474702678,0.73107310139467407,success,64,89.44463665697711,89.136999207914698,false,false,46.05760538786447,1.6680944282730894,,,
2009-02-19T00:00:00,EURGBP,63,0.56876320090244148,0.70976578125806022,success,64,89.320390561603773,89.04358373831883,false,false,44.715244219257791,1.3511433374651411,,,
2009-02-20T00:00:00,EURGBP,63,0.73322929941839787,0.58376989843294336,success,64,89.278722083280229,88.267653097196103,false,false,36.777503601275434,0.7434499073948948,,,
2009-02-23T00:00:00,EURGBP,63,0.69815546969194386,0.47587616863447968,success,64,89.257759892622218,88.419230163228718,false,false,29.980198623972221,14.731852219806282,,,
2009-02-24T00:00:00,EURGBP,63,0.71825385639034767,0.55160203146217601,success,64,89.348811233963005,88.412994632519329,false,false,34.750927982117091,0.73159117844673804,,,
2009-02-25T00:00:00,EURGBP,63,0.74090363597218045,0.53512080682083418,success,64,89.310438623740467,88.259768107207719,false,false,33.712610829712553,0.71229177208067818,,,
2009-02-26T00:00:00,EURGBP,63,0.75354462737246097,0.51771176687886922,success,64,89.399774228754055,88.282166918654596,false,false,32.615841313368762,0.71529297837765726,,,
2009-02-27T00:00:00,EURGBP,63,0.78525871597219954,0.49921811053601234,success,64,89.363558379298325,88.066979114768188,false,false,31.450740963768776,0.7224265810711118,,,
2009-03-02T00:00:00,EURGBP,63,0.73854815235483173,0.48917880514355633,success,64,88.585955732614764,87.547519557376191,false,false,30.818264724044049,0.7280267875481824,,,
2009-03-03T00:00:00,EURGBP,63,0.70310861217753684,0.47403021118926281,success,64,88.725138327437278,87.862993323792963,false,false,29.863903304923557,0.83405923517551761,,,
2009-03-04T00:00:00,EURGBP,63,0.7301510482448299,0.45538727001314294,success,64,88.757484421500067,87.76209535786856,false,false,28.689398010828004,0.84350099012213864,,,
2009-03-05T00:00:00,EURGBP,63,0.95048749525885934,0.69713927453803815,success,64,88.861124258115254,85.906374510939003,false,false,43.919774295896403,13.163929302689848,,,
2009-03-06T00:00:00,EURGBP,63,0.95434580354636855,0.73791672111875661,success,64,88.839770394928195,85.799839841158175,false,false,46.488753430481665,1.6531366473690194,,,
2009-03-09T00:00:00,EURGBP,63,0.91091861696843912,0.66554743824230356,success,64,88.540211041515178,86.215307849972987,false,false,41.929488609265121,13.051503354678569,,,
2009-03-10T00:00:00,EURGBP,63,0.80037109069191392,0.38711546751915321,success,64,88.389878175172228,87.001262881293229,false,false,24.388274453706654,0.77026936261261658,,,
2009-03-11T00:00:00,EURGBP,63,0.83222036968974256,0.36859954509152204,success,64,88.393173348186579,86.791727469017104,false,false,23.221771340765887,0.77783777894977679,,,
2009-03-12T00:00:00,EURGBP,63,0.86829181955181334,0.34971154281060018,success,64,88.43133829992054,86.545399165202937,false,false,22.031827197067813,0.78217277522639084,,,
2009-03-13T00:00:00,EURGBP,63,0.90813966823315995,0.25312629851396984,success,64,88.515687610425758,86.22455871456188,false,false,15.946956806380101,12.802286244655615,,,
2009-03-16T00:00:00,EURGBP,63,0.93098629170344083,0.2371521232369376,success,64,88.478308922458794,85.876369525390828,false,false,14.940583763927069,12.62668571720287,,,
2009-03-17T00:00:00,EURGBP,63,0.98696391022845742,0.6238860178785357,success,64,88.502331769315404,84.175419943053271,false,false,39.304819126347752,1.1749170162497047,,,
2009-03-18T00:00:00,EURGBP,63,0.97784881299771464,0.60642939468413837,success,64,88.540058991155007,84.752595005330292,false,false,38.205051865100714,0.78690028307835647,,,
2009-03-19T00:00:00,EURGBP,63,0.96678768120410952,0.59724495426079793,success,64,89.69599715951189,86.324939107758325,false,false,37.626432118430273,0.83999751255849486,,,
2009-03-20T00:00:00,EURGBP,63,0.95269204445615696,0.58327322093973466,success,64,88.712762422043028,85.710149188559669,false,false,36.74621291920328,1.1223007092815036,,,
2009-03-23T00:00:00,EURGBP,63,0.93382598165934227,0.77495335838850687,success,64,88.183175834021853,85.536173642001813,false,false,48.822061578475932,1.1201158948697696,,,
2009-03-24T00:00:00,EURGBP,63,0.9002762141404157,0.55600751429641093,success,64,88.254458274782891,86.054160876775967,false,false,35.028473400673889,0.89116088577042474,,,
2009-03-25T00:00:00,EURGBP,63,0.75718403696248993,0.30879522486977223,success,64,89.260940000354069,88.123637465555348,false,false,19.45409916679565,0.93825533331585109,,,
2009-03-26T00:00:00,EURGBP,63,0.87979751254434146,0.73976348428776983,success,64,89.299343673856924,87.308829608436653,false,false,46.605099510129499,0.11618534682340596,,,
2009-03-27T00:00:00,EURGBP,63,0.88822739620795477,0.63771624295429896,success,64,89.424859282732328,87.352097979820869,false,false,40.176123306120836,0.13352401707219597,,,
2009-03-30T00:00:00,EURGBP,63,0.93138818765697551,0.49386138523223466,success,64,89.563020441728426,86.954809005110818,false,false,31.113267269630782,0.64659114907872528,,,
2009-03-31T00:00:00,EURGBP,63,0.9426379881935103,0.47647210375973975,success,64,89.130397846300227,86.331097800134302,false,false,30.017742536863604,0.7375055312797677,,,
2009-04-01T00:00:00,EURGBP,63,0.93705017823981795,0.45989232902484151,success,64,88.977735738808434,86.277336835022695,false,false,28.973216728565014,0.84398742465206178,,,
2009-04-02T00:00:00,EURGBP,63,0.9585573709548203,0.44140135599972147,success,64,88.851758243565854,85.710638866085574,false,false,27.808285427982451,0.93835467254243576,,,
2009-04-03T00:00:00,EURGBP,63,0.91723657897203559,0.42743818986171994,success,64,89.965865283753956,87.560486041191169,false,false,26.928605961288355,1.0730712967233778,,,
2009-04-06T00:00:00,EURGBP,63,0.88336940646800655,0.41046164388935924,success,64,90.008525404307449,87.983793557024669,false,false,25.859083565029632,1.4307925377276944,,,
2009-04-07T00:00:00,EURGBP,63,0.89887045456387649,0.39460245244539632,success,64,90.03904486622946,87.85430826468216,false,false,24.859954504059967,1.3361394812021123,,,
2009-04-08T00:00:00,EURGBP,63,0.81042024562729587,0.53188735282544208,success,64,90.144463575346634,88.691720443844304,false,false,33.50890322800285,2.835471100031,,,
2009-04-09T00:00:00,EURGBP,63,0.90567978323594867,0.6772307558391425,success,64,89.751395849316424,87.489405600288492,false,false,42.665537617865979,0.80140814422156725,,,
2009-04-10T00:00:00,EURGBP,63,0.80571769959668171,0.55772769412108802,success,64,89.950849746420261,88.528428571971261,false,false,35.136844729628542,1.0852817772038448,,,
2009-04-13T00:00:00,EURGBP,63,0.83277845018681451,0.54126000604230107,success,64,89.861616456026169,88.25616839418484,false,false,34.099380380664968,1.1160599396759814,,,
2009-04-14T00:00:00,EURGBP,63,0.85353060660014257,0.467857872132591,success,64,89.970692787334855,88.208127873495954,false,false,29.475045944353234,3.1535467127293795,,,
2009-04-15T00:00:00,EURGBP,63,0.83888416913526442,0.50844583773762242,success,64,89.762791974653013,88.112842888630169,false,false,32.03208777747021,1.0248519492632855,,,
2009-04-16T00:00:00,EURGBP,63,0.93576016322810496,0.59454881783047042,success,64,89.850734703517475,87.171999024465862,false,false,37.456575523319636,0.89239178147587628,,,
2009-04-17T00:00:00,EURGBP,63,0.97545903944215362,0.26384659118108927,success,64,90.121234547595108,86.438669958762347,false,false,16.622335244408625,1.1408073566942933,,,
2009-04-20T00:00:00,EURGBP,63,0.94619725608541538,0.25117684408778151,success,64,90.286646621827629,87.419520026562651,false,false,15.824141177530237,1.2827541243399498,,,
2009-04-21T00:00:00,EURGBP,63,0.95939724548616279,0.23527241515461722,success,64,90.435194482909964,87.272725174400506,false,false,14.822162154740885,1.1759162569704253,,,
2009-04-22T00:00:00,EURGBP,63,0.92847045279067375,0.72532406734622945,success,64,90.619711329161191,88.056283383413785,false,false,45.695416242812456,1.433687627374078,,,
2009-04-23T00:00:00,EURGBP,63,0.95108810290520396,0.70838240374267358,success,64,90.709210636873252,87.741624597498642,false,false,44.628091435788434,1.4476096907640688,,,
2009-04-24T00:00:00,EURGBP,63,0.93579515560190318,0.69397873316681336,success,64,90.731052746681925,88.051734810771734,false,false,43.720660189509239,1.3548635328042202,,,
2009-04-27T00:00:00,EURGBP,63,0.92692945153208062,0.48694665723324998,success,64,90.810920854790581,88.270468788021958,false,false,30.677639405694748,0.85011949112106344,,,
2009-04-28T00:00:00,EURGBP,63,0.98562915700276921,1.5873015873015872e-08,success,64,90.812066988318648,86.583988175039693,false,false,9.9999999999999995e-07,0.27112035408101937,,,
2009-04-29T00:00:00,EURGBP,63,0.9782335734474642,1.3543381952924537e-07,success,64,90.812066334731583,87.006686581832014,false,false,8.5323306303424579e-06,0.40300995793951905,,,
2009-04-30T00:00:00,EURGBP,63,0.90582735910442014,1.5873015879210108e-08,success,64,90.812066401998095,88.548347370022356,false,false,1.0000000003902369e-06,0.23114771210367657,,,
2009-05-01T00:00:00,EURGBP,63,0.53140927860112408,0.50335397712026997,success,64,90.812066247501917,90.686263478848971,false,false,31.711300558577008,18.225450474479878,,,
2009-05-04T00:00:00,EURGBP,63,0.81454485764226425,0.55617925923167344,success,64,90.812067134783632,89.332250667048896,false,false,35.039293331595424,577.0242941596573,,,
2009-05-05T00:00:00,EURGBP,63,0.60155043154144738,0.38066719973537771,success,64,90.812066312331481,90.400136874262429,false,false,23.982033583328796,11.308796610835268,,,
2009-05-06T00:00:00,EURGBP,63,0.62576887552308702,0.28195206651098276,success,64,90.812066365790372,90.297958857722449,false,false,17.762980190191914,1.4490681234840177,,,
2009-05-07T00:00:00,EURGBP,63,0.67381327180578177,0.51869004810812935,success,64,90.812067026090972,90.086584001620537,false,false,32.677473030812152,20.230999667107806,,,
2009-05-08T00:00:00,EURGBP,63,0.74528171062940152,0.50776293564863617,success,64,90.812066272875953,89.738462177807165,false,false,31.989064945864079,40.653447845831963,,,
2009-05-11T00:00:00,EURGBP,63,0.61449640975307784,0.74036379319757584,success,64,90.812066240191982,90.345813659934478,false,false,46.64291897144728,1.6055351975393575,,,
2009-05-12T00:00:00,EURGBP,63,0.7099668813626282,0.47083477877120566,success,64,90.812066250348238,89.916843046026742,false,false,29.662591062585957,24.416938341311649,,,
2009-05-13T00:00:00,EURGBP,63,0.77674879998546775,0.46020801058852451,success,64,90.812066360770487,89.565246952363083,false,false,28.993104667077045,71.878506237407137,,,
2009-05-14T00:00:00,EURGBP,63,0.8025460288678492,0.44373537622545256,success,64,90.81206626039868,89.409782549814992,false,false,27.955328702203513,11.747489101428275,,,
2009-05-15T00:00:00,EURGBP,63,0.83076200086705099,0.4284161535383823,success,64,90.81206627329253,89.221028923461205,false,false,26.990217672918085,59.177898907413343,,,
2009-05-18T00:00:00,EURGBP,63,0.80393929831619659,0.41259061649181189,success,64,90.812066297261069,89.400966844290053,false,false,25.993208838984149,79.249399334483911,,,
2009-05-19T00:00:00,EURGBP,63,0.84119472670613848,0.39678654892973647,success,64,90.812066409159215,89.144921989527589,false,false,24.997552582573398,243.67576816182421,,,
2009-05-20T00:00:00,EURGBP,63,0.86677189792565201,0.38086614616149306,success,64,90.812066373129653,88.939353236863653,false,false,23.994567208174061,118.89007418129346,,,
2009-05-21T00:00:00,EURGBP,63,0.89714180904375507,0.36487699893332232,success,64,90.812067342354936,88.64620465296727,false,false,22.987250932799306,55.225524900650164,,,
2009-05-22T00:00:00,EURGBP,63,0.87338735046882265,0.34902926950410457,success,64,90.812066232455692,88.880819496626088,false,false,21.988843978758588,59.351994715975067,,,
2009-05-25T00:00:00,EURGBP,63,0.88595224704623421,0.33291853689496531,success,64,90.812066523877647,88.762020718209868,false,false,20.973867824382815,26.47819615582176,,,
2009-05-26T00:00:00,EURGBP,63,0.90083970655859247,0.31741425222023778,success,64,90.812066227190144,88.605476557993839,false,false,19.997097889874979,250.87911523117717,,,
2009-05-27T00:00:00,EURGBP,63,0.87944234950192346,0.2964058162824264,success,64,90.812067092482209,88.824907145517273,false,false,18.673566425792863,21.840438044078926,,,
2009-05-28T00:00:00,EURGBP,63,0.88980477180444284,0.28539339372629535,success,64,90.812066246050648,88.723317759380492,false,false,17.979783804756607,35.644433554836908,,,
2009-05-29T00:00:00,EURGBP,63,0.92484335781647398,0.64819989952335677,success,64,90.812066345076971,88.302016462774645,false,false,40.836593669971478,4.8988915264497237,,,
2009-06-01T00:00:00,EURGBP,63,0.87959295798014281,0.24920892926628402,success,64,90.812066511968425,88.823485278955573,false,false,15.700162543775892,19.446378608162448,,,
2009-06-02T00:00:00,EURGBP,63,0.90974331864002345,0.23416673934887322,success,64,90.812067673663151,88.50156280753157,false,false,14.752504578979012,17.196090043229919,,,
2009-06-03T00:00:00,EURGBP,63,0.92498859827841307,0.2167976956176719,success,64,90.812066277371983,88.299924991057509,false,false,13.65825482391333,23.553986196517201,,,
2009-06-04T00:00:00,EURGBP,63,0.89687561686969997,0.20276809913043495,success,64,90.8120663037989,88.64908497992235,false,false,12.774390245217402,19.038915042967158,,,
2009-06-05T00:00:00,EURGBP,63,0.75180317099428684,0.56564304117688835,success,64,90.812066255138134,89.703813802872261,false,false,35.635511594143964,21.631715766561562,,,
2009-06-08T00:00:00,EURGBP,63,0.74155918736786319,0.55023565279453823,success,64,90.812066670450321,89.757978393987401,false,false,34.664846126055906,17.799575961198158,,,
2009-06-09T00:00:00,EURGBP,63,0.81404058635622589,0.53957419196471335,success,64,90.812066207412627,89.335584425951083,false,false,33.993174093776943,80.560798874102929,,,
2009-06-10T00:00:00,EURGBP,63,0.69468539542317154,0.635968285857479,success,64,90.812066217449029,89.989949878227947,false,false,40.066002009021176,8.0597120703077856,,,
2009-06-11T00:00:00,EURGBP,63,0.85850012271206855,0.50792984596988278,success,64,90.812066247853977,89.009178274438511,false,false,31.999580296102618,1476.132998681456,,,
2009-06-12T00:00:00,EURGBP,63,0.88846321731231415,0.49199663612461497,success,64,90.812066371430234,88.736927549402253,false,false,30.995788075850744,159.38021327574879,,,
2009-06-15T00:00:00,EURGBP,63,0.79409374457700166,0.58734906336189385,success,64,90.812069118645823,89.462288592601382,false,false,37.002990991799315,11.729008552368724,,,
2009-06-16T00:00:00,EURGBP,63,0.73731059119839726,0.57172712058633368,success,64,90.812066594354221,89.780029743793037,false,false,36.018808596939024,12.854386945612447,,,
2009-06-17T00:00:00,EURGBP,63,0.83808609887359098,0.44436903101455916,success,64,90.812067951596774,89.16801183252791,false,false,27.995248953917226,122.78099120694742,,,
2009-06-18T00:00:00,EURGBP,63,0.7718919732868802,0.53824673612433138,success,64,90.812066349887061,89.593041058748426,false,false,33.90954437583288,17.983531837979871,,,
2009-06-19T00:00:00,EURGBP,63,0.89679125238638269,0.4123273056915831,success,64,90.812067098123151,88.649997593818313,false,false,25.976620258569735,29.441725825512325,,,
2009-06-22T00:00:00,EURGBP,63,0.81849104601572154,0.39664672492781966,success,64,90.812066391699204,89.305908920186937,false,false,24.988743670452639,49.317777112965963,,,
2009-06-23T00:00:00,EURGBP,63,0.66830157016122416,0.38066619825244002,success,64,90.812066351265912,90.111553039529156,false,false,23.98197048990372,17.753054218685818,,,
2009-06-24T00:00:00,EURGBP,63,0.75873339325646172,0.56837587844409432,success,64,90.812066253490457,89.666318372425565,false,false,35.807680341977942,0.38442513623076602,,,
2009-06-25T00:00:00,EURGBP,63,0.75373840786984969,0.55212201711681352,success,64,90.812067043127655,89.693416028066096,false,false,34.78368707835925,0.37229478703491814,,,
2009-07-02T00:00:00,EURGBP,63,0.61044261565892288,0.44636384842419696,success,64,90.812066787000035,90.362893676189316,false,false,28.120922450724407,7.6348624669239973,,,
2009-07-03T00:00:00,EURGBP,63,0.64536961412241711,0.42950248925652179,success,64,90.812067058132712,90.213319940856579,false,false,27.058656823160874,10.812481448217437,,,
2009-07-06T00:00:00,EURGBP,63,0.6501533670397488,0.41285004951595355,success,64,90.812066931673371,90.192353514230774,false,false,26.009553119505075,12.650964199877247,,,
2009-07-07T00:00:00,EURGBP,63,0.68043590381505048,0.39757774333111628,success,64,90.812104768259928,90.056329008177514,false,false,25.047397829860326,12.827338759357936,,,
2009-07-08T00:00:00,EURGBP,63,0.71428865592360091,0.38029646919236754,success,64,90.812066253944835,89.895761108000514,false,false,23.958677559119156,13.951482689600173,,,
2009-07-09T00:00:00,EURGBP,63,0.74386643959747079,0.36514650170919433,success,64,90.812066253621126,89.745903780326358,false,false,23.004229607679243,11.676643283618111,,,
2009-07-10T00:00:00,EURGBP,63,0.75336231286821098,0.34877726374549178,success,64,90.812066307922024,89.695440442681956,false,false,21.972967615965981,12.637203873569916,,,
2009-07-13T00:00:00,EURGBP,63,0.88509463849052294,0.22200321814098037,success,64,90.812066353278425,88.770480624003866,false,false,13.986202742881764,53.970145571940918,,,
2009-07-14T00:00:00,EURGBP,63,0.9030674311369804,0.20340069681756659,success,64,90.812066840539728,88.580285185743037,false,false,12.814243899506694,4.0701352974241418,,,
2009-07-15T00:00:00,EURGBP,63,0.91780948502521276,0.18102180939690296,success,64,90.812066338467702,88.399116407840481,false,false,11.404373992004887,7.1622293561959189,,,
2009-07-16T00:00:00,EURGBP,63,0.94538248641758671,0.16135073423007512,success,64,90.812066223100743,87.960831222863874,false,false,10.165096256494733,12.074403163375438,,,
2009-07-17T00:00:00,EURGBP,63,0.93583311704468219,0.14502975083465239,success,64,90.812066253687519,88.132116322648102,false,false,9.1368743025831005,12.339728839189611,,,
2009-07-20T00:00:00,EURGBP,63,0.93209719898528132,0.12895628762908243,success,64,90.812066337675958,88.19270652344305,false,false,8.1242461206321934,12.154211335820037,,,
2009-07-21T00:00:00,EURGBP,63,0.9304329332363559,0.61466226373938648,success,64,90.812066557476768,88.218707836713861,false,false,38.723722615581352,17.033636134142036,,,
2009-07-22T00:00:00,EURGBP,63,0.95389187097516781,0.59836903086148407,success,64,90.812067963235336,87.782506910056696,false,false,37.697248944273497,19.156350475696158,,,
2009-07-23T00:00:00,EURGBP,63,0.94944422137005491,0.582529011885352,success,64,90.812066281474927,87.879266752279477,false,false,36.699327748777179,18.444957791539185,,,
2009-07-24T00:00:00,EURGBP,63,0.96929924819568436,0.74590834160161801,success,64,90.812066245653824,87.359780002804513,false,false,46.992225520901933,144.45071458660524,,,
2009-07-27T00:00:00,EURGBP,63,0.95792004236015071,0.73005114848729791,success,64,90.812068097746021,87.686875348119386,false,false,45.993222354699768,151.72174148271202,,,
2009-07-28T00:00:00,EURGBP,63,0.97451381702798545,0.7130205791098978,success,64,90.812066236898929,87.16826400054903,false,false,44.920296483923565,13.848010109390481,,,
2009-07-29T00:00:00,EURGBP,63,0.88357154846733843,0.52290928674447024,success,64,90.812068009746326,88.785372672684616,false,false,32.943285064901623,12.296635868109314,,,
2009-07-30T00:00:00,EURGBP,63,0.94253305530536136,0.68227173284982556,success,64,90.812066220537773,88.014705137512124,false,false,42.983119169539009,53.412409710585614,,,
2009-07-31T00:00:00,EURGBP,63,0.81668837285962959,0.56610697946323241,success,64,90.812066213576713,89.317996205180194,false,false,35.664739706183639,22.050695639749009,,,
2009-08-03T00:00:00,EURGBP,63,0.85629538498022639,0.55022190052138831,success,64,90.812066254350327,89.027210770047432,false,false,34.663979732847466,22.827683712046824,,,
2009-08-04T00:00:00,EURGBP,63,0.97884699480158399,0.63432923730118085,success,64,90.812066385587642,86.977473027659613,false,false,39.962741949974394,27.857070720355733,,,
2009-08-05T00:00:00,EURGBP,63,0.92202020751790292,0.44440459872077676,success,64,90.812066253606702,88.341948835625288,false,false,27.997489719408936,306.75796399618861,,,
2009-08-06T00:00:00,EURGBP,63,0.90145999575596181,0.42851225568514617,success,64,90.812066455617966,88.598513389345584,false,false,26.996272108164209,195.0538987031843,,,
2009-08-07T00:00:00,EURGBP,63,0.88241847705018905,0.41245183985088457,success,64,90.812066594249018,88.796532092335369,false,false,25.984465910605728,44.778405224108276,,,
2009-08-10T00:00:00,EURGBP,63,0.86273370035733443,0.39675672929292854,success,64,90.812066214558996,88.973882977538821,false,false,24.995673945454499,154.00402480050658,,,
2009-08-11T00:00:00,EURGBP,63,0.8167496050312979,0.38084579984178102,success,64,90.81206625092598,89.317587180149602,false,false,23.993285390032206,88.990006349212138,,,
2009-08-12T00:00:00,EURGBP,63,0.91209482568154854,0.53444424710941862,success,64,90.812066246136666,88.472580954864455,false,false,33.669987567893372,17.960601366695617,,,
2009-08-13T00:00:00,EURGBP,63,0.94216199518423538,0.5236282752974929,success,64,90.812066560091296,88.021535413259002,false,false,32.988581343742055,70.459672400931908,,,
2009-08-14T00:00:00,EURGBP,63,0.95406470638362861,0.50767827060915693,success,64,90.812066240144304,87.778568490297957,false,false,31.983731048376885,51.699922164348699,,,
2009-08-17T00:00:00,EURGBP,63,0.96091761089763239,0.49155127975513513,success,64,90.81206623903725,87.609849525357717,false,false,30.967730624573512,26.75479327657683,,,
2009-08-18T00:00:00,EURGBP,63,0.94312202129383227,0.47600592416263571,success,64,90.812066259740533,88.003778837315366,false,false,29.98837322224605,68.545309249436727,,,
2009-08-19T00:00:00,EURGBP,63,0.92276541760593467,0.46015214236674279,success,64,90.812069385089956,88.331541650195106,false,false,28.989584969104797,71.225715724980546,,,
2009-08-20T00:00:00,EURGBP,63,0.93682815617901183,0.44338477728606579,success,64,90.812066275784758,88.115425100976253,false,false,27.933240969022144,11.655564513467475,,,
2009-08-21T00:00:00,EURGBP,63,0.94631141165258292,0.42843874968166612,success,64,90.8120692408812,87.942698009641319,false,false,26.991641229944964,96.527136325874039,,,
2009-08-24T00:00:00,EURGBP,63,0.95453158699335927,0.41253813391138394,success,64,90.812066375467566,87.767863505378173,false,false,25.989902436417189,82.82946337481475,,,
2009-08-25T00:00:00,EURGBP,63,0.94655335183066203,0.22199365985073752,success,64,90.81206638756133,87.937922976866247,false,false,13.985600570596464,69.256204806495219,,,
2009-08-26T00:00:00,EURGBP,63,0.97483576285151186,0.37691947052871411,success,64,90.812066225752432,87.155221043081724,false,false,23.745926643308987,3.278616464566201,,,
2009-08-27T00:00:00,EURGBP,63,0.98083919904254935,0.36492386988276926,success,64,90.812066742251361,86.876524786764406,false,false,22.990203802614463,99.229864944804447,,,
2009-08-28T00:00:00,EURGBP,63,0.9884252000320598,1.5509387084908509e-05,success,64,90.812067259670954,86.364784608533895,false,false,0.00097709138634923605,0.10327170351364494,,,
2009-08-31T00:00:00,EURGBP,63,0.97651344838722609,0.32257719960407893,success,64,90.812066344302266,87.084505807593686,false,false,20.322363575056972,6.5929711771604556,,,
2009-09-01T00:00:00,EURGBP,63,0.96844924190910397,0.12285585495353697,success,64,90.812066302679369,87.387967847115419,false,false,7.7399188620728294,0.12136253037282958,,,
2009-09-02T00:00:00,EURGBP,63,0.98254800305109313,7.4871574664643508e-07,success,64,90.812066245059782,86.781371124876259,false,false,4.7169092038725411e-05,0.1137537834359167,,,
2009-09-03T00:00:00,EURGBP,63,0.92815609414446598,0.28565646605261907,success,64,90.812066324371187,88.253362192161916,false,false,17.996357361315003,219.80416586541114,,,
2009-09-04T00:00:00,EURGBP,63,0.88381763419707282,0.09026254553588188,success,64,90.81206626591532,88.782976596328538,false,false,5.686540368760558,20.730215560011381,,,
2009-09-07T00:00:00,EURGBP,63,0.94656459807297766,0.25383693607142926,success,64,90.812066335901832,87.937700601906386,false,false,15.991726972500043,105.84910365535949,,,
2009-09-08T00:00:00,EURGBP,63,0.88184687421994379,0.23800154553134523,success,64,90.812066249194416,88.802029279569368,false,false,14.994097368474749,123.56812224847442,,,
2009-09-09T00:00:00,EURGBP,63,0.8878789487644746,0.21690395000613308,success,64,90.812066970005716,88.742810657503156,false,false,13.664948850386384,17.816670470256614,,,
2009-09-10T00:00:00,EURGBP,63,0.85426955671094595,0.20590139173690594,success,64,90.812066233280177,89.043578085511456,false,false,12.971787679425073,25.148201054772571,,,
2009-09-11T00:00:00,EURGBP,63,0.87817200240792537,0.19039595435278214,success,64,90.812066258666889,88.83683397585223,false,false,11.994945124225275,153.28041357959358,,,
2009-09-14T00:00:00,EURGBP,63,0.63292781975082979,0.52370892050326789,success,64,90.812067089946382,90.267269208278194,false,false,32.993661991705878,1.2182900374913455,,,
2009-09-15T00:00:00,EURGBP,63,0.62274412070909568,0.50919321779049487,success,64,90.812066354903422,90.310854323786202,false,false,32.079172720801175,1.2387835938438991,,,
2009-09-16T00:00:00,EURGBP,63,0.81648925332562305,0.14828178868692651,success,64,90.812066493094676,89.319325973412731,false,false,9.3417526872763705,1.3357430753036836,,,
2009-09-17T00:00:00,EURGBP,63,0.59159602056559013,0.46126716722237365,success,64,90.812066562110672,90.441499388065054,false,false,29.05983153500954,3.0015142946734246,,,
2009-09-18T00:00:00,EURGBP,63,0.56691617076754264,0.38093082374440157,success,64,90.81206637429932,90.542786238735815,false,false,23.9986418958973,53.935162848013618,,,
2009-09-21T00:00:00,EURGBP,63,0.5868860134012277,0.42849032449828556,success,64,90.812066321442472,90.460959256965324,false,false,26.994890443391991,13.020483660885374,,,
2009-09-22T00:00:00,EURGBP,63,0.64818240455780696,0.52380327882240263,success,64,90.812066337780067,90.201007039045408,false,false,32.999606565811362,665.51500158865099,,,
2009-09-23T00:00:00,EURGBP,63,0.61972489033534939,0.50786154932219463,success,64,90.812066248392455,90.323685557674324,false,false,31.995277607298263,40.580048157538101,,,
2009-09-24T00:00:00,EURGBP,63,0.90878254435281591,0.99999995470742864,success,64,90.812066929092794,88.513207367074514,false,false,62.999997146568006,1.8126279177502267,,,
2009-09-25T00:00:00,EURGBP,63,0.62116079056299744,0.53980722322325181,success,64,90.812066850592899,90.317588745728884,false,false,34.007855063064866,32.521016057507602,,,
2009-09-28T00:00:00,EURGBP,63,0.70353848758261461,0.23818080199620303,success,64,90.812066221566894,89.947861041454374,false,false,15.005390525760792,92.296137911255784,,,
2009-09-29T00:00:00,EURGBP,63,0.76578394839308594,0.17006245865027267,success,64,90.812066473483,89.62741038207885,false,false,10.713934894967178,1.3828389570806698,,,
2009-09-30T00:00:00,EURGBP,63,0.69360453567250002,0.45719633667587217,success,64,90.812066235063412,89.995040904946435,false,false,28.803369210579948,1.4448983596256537,,,
2009-10-01T00:00:00,EURGBP,63,0.83606552695963299,0.90353575549498966,success,64,90.81206636892027,89.182826170725647,false,false,56.922752596184345,11.150648921168587,,,
2009-10-02T00:00:00,EURGBP,63,0.77291980119929948,0.88757782047154166,success,64,90.812066264979947,89.587194225608144,false,false,55.917402689707124,14.093179292308095,,,
2009-10-05T00:00:00,EURGBP,63,0.78505627683467905,0.7102291574306131,success,64,90.812066248394615,89.516687084091572,false,false,44.744436918128628,1.1630406343823843,,,
2009-10-06T00:00:00,EURGBP,63,0.76461028236986639,0.69322010039363602,success,64,90.812066365117417,89.633942609363928,false,false,43.672866324799067,1.1359370733927123,,,
2009-10-07T00:00:00,EURGBP,63,0.79186589643598537,0.82726371518230402,success,64,90.812066223345383,89.475856769175721,false,false,52.117614056485152,3.0729359824158493,,,
2009-10-08T00:00:00,EURGBP,63,0.74578062154568692,0.667073704363225,success,64,90.81206632016,89.73583242515015,false,false,42.025643374883174,17.765933225657939,,,
2009-10-09T00:00:00,EURGBP,63,0.76179234820042785,0.65135907836887486,success,64,90.81206626805367,89.649535038256801,false,false,41.035621937239114,13.303154040408542,,,
2009-10-12T00:00:00,EURGBP,63,0.77890646613057468,0.77776706199327017,success,64,90.81206651917384,89.552761391823509,false,false,48.999324905576017,1228.6843618755695,,,
2009-10-13T00:00:00,EURGBP,63,0.74290686408461615,0.61954745776256204,success,64,90.812066354558638,89.750934084666071,false,false,39.031489839041406,13.911972368453725,,,
2009-10-14T00:00:00,EURGBP,63,0.70562824953794911,0.60342312117215202,success,64,90.812066234122412,89.93782111997767,false,false,38.01565663384558,24.015674887196223,,,
2009-10-15T00:00:00,EURGBP,63,0.97159365602539605,0.55124430416904735,success,64,90.810970467019146,87.278645298931451,false,false,34.728391162649984,0.19709687430738784,,,
2009-10-16T00:00:00,EURGBP,63,0.98703513019093569,0.52666122119586323,success,64,90.520349546449609,86.187887291968366,false,false,33.179656935339381,0.20954193412288963,,,
2009-10-19T00:00:00,EURGBP,63,0.9841226603670663,0.49964136734086267,success,64,90.471233895479841,86.344376263723916,false,false,31.477406142474347,0.22471244052172429,,,
2009-10-20T00:00:00,EURGBP,63,0.98165895172667106,0.47102754012410597,success,64,90.50725173676436,86.527149411355182,false,false,29.674735027818677,0.23207561965650392,,,
2009-10-21T00:00:00,EURGBP,63,0.98243636351646157,0.46646975658945583,success,64,90.344151805207176,86.31994688932599,false,false,29.387594665135719,0.22462053749867716,,,
2009-10-22T00:00:00,EURGBP,63,0.97919026824605282,0.44655217402555247,success,64,90.262886088656188,86.411580865496575,false,false,28.132786963609806,0.24639412224278945,,,
2009-10-23T00:00:00,EURGBP,63,0.99215223629102445,0.48447138720888805,success,64,90.383069967359248,85.543422021217125,false,false,30.521697394159947,0.1643770711308562,,,
2009-10-26T00:00:00,EURGBP,63,0.98785678566371504,0.53987607360266521,success,64,90.808424181049418,86.409656970521738,false,false,34.01219263696791,0.1150463406793451,,,
2009-10-27T00:00:00,EURGBP,63,0.99250374032458444,0.5067033914239063,success,64,90.777007581187505,85.891180986244777,false,false,31.922313659706099,0.12716865916520156,,,
2009-10-28T00:00:00,EURGBP,63,0.98135940851892833,0.54021275622117682,success,64,90.702630364721571,86.739033143284104,false,false,34.033403641934136,1.8185617272022365,,,
2009-10-29T00:00:00,EURGBP,63,0.97282043055764922,0.76070647704446448,success,64,90.670005023514889,87.092271078341142,false,false,47.924508053801262,0.45875615148324067,,,
2009-10-30T00:00:00,EURGBP,63,0.96309001596631894,0.50714722384748112,success,64,90.668431146670414,87.406766349184537,false,false,31.950275102391309,1.8803448917394923,,,
2009-11-02T00:00:00,EURGBP,63,0.98642845586392003,0.39086041084074385,success,64,90.706962204845865,86.420846663011474,false,false,24.624205882966862,0.1536151705695708,,,
2009-11-03T00:00:00,EURGBP,63,0.94277360731799709,0.67871384205940721,success,64,90.719063006234819,87.917252031992945,false,false,42.758972049742653,0.57441567710817876,,,
2009-11-04T00:00:00,EURGBP,63,0.97693574439489106,0.34868330245528012,success,64,90.621478418929883,86.875341580027609,false,false,21.967048054682646,0.16974825973825106,,,
2009-11-05T00:00:00,EURGBP,63,0.97348215928809467,0.33182373674930377,success,64,90.451057401597296,86.847995644196502,false,false,20.904895415206138,0.17875374626913965,,,
2009-11-06T00:00:00,EURGBP,63,0.97873632482644823,0.31741987842449804,success,64,90.40137653404669,86.572114484887365,false,false,19.997452340743376,0.21170295429394798,,,
2009-11-09T00:00:00,EURGBP,63,0.89525885242974701,0.59862898410968712,success,64,90.407640041583988,88.262019189695337,false,false,37.713625998910288,0.79070099658142057,,,
2009-11-10T00:00:00,EURGBP,63,0.86247364807703952,0.57955034691521534,success,64,90.409716204124251,88.573727157732492,false,false,36.51167185565857,0.82716888992130388,,,
2009-11-11T00:00:00,EURGBP,63,0.8845602593689823,0.6198567152040072,success,64,90.417634912659409,88.381292940884265,false,false,39.050973057852453,13.476575633726082,,,
2009-11-12T00:00:00,EURGBP,63,0.8920380103897787,0.73069371243894143,success,64,90.635230030766522,88.523500503672267,false,false,46.03370388365331,2.4410466983405117,,,
2009-11-13T00:00:00,EURGBP,63,0.89242423793756442,0.53894587225396384,success,64,90.493945818229378,88.378199558353771,false,false,33.953589951999724,0.70738216616659066,,,
2009-11-16T00:00:00,EURGBP,63,0.96014069995942763,0.53183622493798277,success,64,90.157038474246519,86.975314392249331,false,false,33.505682171092914,0.75448019597660998,,,
2009-11-17T00:00:00,EURGBP,63,0.98908538250800571,0.3181252323902386,success,64,90.088713585407405,85.582035870485612,false,false,20.041889640585033,1.9968491599448714,,,
2009-11-18T00:00:00,EURGBP,63,0.98785383925355985,0.21221997657274924,success,64,90.39310210878466,85.994580489863111,false,false,13.369858524083202,4.2649119241552791,,,
2009-11-19T00:00:00,EURGBP,63,0.95190340550926766,0.48275588985852946,success,64,90.387536523616362,87.402284332770847,false,false,30.413621061087355,0.75515659844726324,,,
2009-11-20T00:00:00,EURGBP,63,0.93586243934434032,0.46300719161196308,success,64,90.405058852218161,87.724620515034175,false,false,29.169453071553672,0.75575050781644193,,,
2009-11-23T00:00:00,EURGBP,63,0.96734143102314352,0.16487400313168293,success,64,90.439207589868175,87.05076334478936,false,false,10.387062197296025,4.1607724985378693,,,
2009-11-24T00:00:00,EURGBP,63,0.91053203024150864,0.52607788413837564,success,64,90.4739930902022,88.153844694347839,false,false,33.142906700717667,2.5079309427308507,,,
2009-11-25T00:00:00,EURGBP,63,0.9153281253179828,0.50878413203686301,success,64,90.399399946285854,88.018900826840493,false,false,32.053400318322367,2.5245853111819665,,,
2009-11-26T00:00:00,EURGBP,63,0.8785875095638731,0.38802434375358463,success,64,90.354114849385297,88.374993094195631,false,false,24.445533656475831,0.82701735258945175,,,
2009-11-27T00:00:00,EURGBP,63,0.95990127659843416,0.24262446037306218,success,64,90.376052534132441,87.200566590268608,false,false,15.285341003502918,3.0925066624449324,,,
2009-11-30T00:00:00,EURGBP,63,0.8529166032281521,0.71803372143583533,success,64,90.415553622094848,88.657891599055105,false,false,45.236124450457623,0.81090640319107266,,,
2009-12-01T00:00:00,EURGBP,63,0.91718380581190218,0.6357111980510034,success,64,90.551979755925373,88.147295485461271,false,false,40.049805477213212,1.9977313857740817,,,
2009-12-02T00:00:00,EURGBP,63,0.86342964054246341,0.68488074936153276,success,64,90.505363347506872,88.661290870676709,false,false,43.147487209776564,0.78634583988293782,,,
2009-12-03T00:00:00,EURGBP,63,0.7950498870579128,0.30151330005399307,success,64,90.556748106843514,89.201109841163316,false,false,18.995337903401563,0.80183209190355775,,,
2009-12-04T00:00:00,EURGBP,63,0.82659699182069835,0.28303116134826783,success,64,90.705891233911785,89.144192383464997,false,false,17.830963164940872,0.79379899554626199,,,
2009-12-07T00:00:00,EURGBP,63,0.81019308229292408,0.26232049058770812,success,64,90.694409871549325,89.243144611949958,false,false,16.526190907025612,0.8061205657369237,,,
2009-12-08T00:00:00,EURGBP,63,0.81113765829332196,0.98212733019905096,success,64,90.676306679806814,89.218887300064466,false,false,61.874021802540213,15.942649195012295,,,
2009-12-09T00:00:00,EURGBP,63,0.84254573150967893,0.71383234904892512,success,64,90.688063349640984,89.010770465475758,false,false,44.971437990082279,15.71924816008806,,,
2009-12-10T00:00:00,EURGBP,63,0.8829512785496666,0.69789841513224016,success,64,90.667591557726027,88.646911806595156,false,false,43.967600153331126,15.567664365532622,,,
2009-12-11T00:00:00,EURGBP,63,0.84780222453863074,0.68202756099138973,success,64,90.75511590658293,89.037649353201942,false,false,42.967736342457556,15.687768917288553,,,
2009-12-14T00:00:00,EURGBP,63,0.91571610683908722,0.7564526433300427,success,64,90.77989355518821,88.394377946628538,false,false,47.65651652979269,0.94272935827438076,,,
2009-12-15T00:00:00,EURGBP,63,0.96364220363072994,0.47386200606664658,success,64,90.792366330250559,87.515054924162627,false,false,29.853306382198735,1.8945244065513944,,,
2009-12-16T00:00:00,EURGBP,63,0.94472090838851164,0.51578055268688228,success,64,90.801751960417832,87.96325715840868,false,false,32.494174819273582,0.66336452619663244,,,
2009-12-17T00:00:00,EURGBP,63,0.93211842089379482,0.7085346518685538,success,64,90.805365607434325,88.18567044307369,false,false,44.637683067718889,1.2828741792701657,,,
2009-12-18T00:00:00,EURGBP,63,0.9626352432651728,0.48201546188937144,success,64,90.804223128294709,87.555276486372378,false,false,30.366974099030401,0.66885259107995021,,,
2009-12-21T00:00:00,EURGBP,63,0.97323576477864437,0.4633858197482888,success,64,90.806833333760849,87.213273463460894,false,false,29.193306644142194,0.65622977407554506,,,
2009-12-22T00:00:00,EURGBP,63,0.97897030742097768,0.44554535483173646,success,64,90.721690309600476,86.881124368425148,false,false,28.069357354399397,0.65838080254213227,,,
2009-12-23T00:00:00,EURGBP,63,0.96553608279450676,0.37694276986346281,success,64,90.812066222320226,87.479295647640399,false,false,23.747394501398158,2.6152988923386413,,,
2009-12-24T00:00:00,EURGBP,63,0.96059175051738743,0.36165602793473567,success,64,90.810019093799184,87.616444764567703,false,false,22.784329759888347,2.0503846922418005,,,
2009-12-28T00:00:00,EURGBP,63,0.97301137669882554,0.34505079244705228,success,64,90.811655038083231,87.226674681563964,false,false,21.738199924164295,2.0239296841710788,,,
2009-12-29T00:00:00,EURGBP,63,0.96315324461908525,0.59722896899159428,success,64,90.81202409728526,87.548579131019139,false,false,37.62542504647044,1.4398762120367927,,,
2009-12-30T00:00:00,EURGBP,63,0.90969185516178575,0.55544405304496114,success,64,90.812066676238118,88.502188408672779,false,false,34.992975341832555,106.5672655458595,,,
2009-12-31T00:00:00,EURGBP,63,0.96990764526782702,0.29676294948453735,success,64,90.811982228072196,87.339052516055332,false,false,18.696065817525852,1.7983726598962639,,,
2010-01-04T00:00:00,EURGBP,63,0.95983950502797355,0.28118682042572374,success,64,90.812066214077447,87.638183926162782,false,false,17.714769686820595,1.9518912071865469,,,
2010-01-05T00:00:00,EURGBP,63,0.90386719883692757,0.50766174693214527,success,64,90.812066377339534,88.571114512655939,false,false,31.982690056725151,41.658026560049542,,,
2010-01-06T00:00:00,EURGBP,63,0.82473349659584361,0.68212223661016691,success,64,90.812067157605085,89.263314550004594,false,false,42.973700906440513,23.474856456464764,,,
2010-01-07T00:00:00,EURGBP,63,0.90044816224629143,0.40704854429714699,success,64,90.81206624371336,88.609852137227222,false,false,25.64405829072026,22.888354700021534,,,
2010-01-08T00:00:00,EURGBP,63,0.95626616204740789,0.45999671851184698,success,64,90.812066229736075,87.727152069576107,false,false,28.979793266246361,42.391322355984911,,,
2010-01-11T00:00:00,EURGBP,63,0.94742581750687205,0.44408918300331207,success,64,90.812066270100559,87.920542801199517,false,false,27.977618529208659,37.008753228342776,,,
2010-01-12T00:00:00,EURGBP,63,0.94218346705292055,0.45575334794772793,success,64,90.812066515305148,88.021141268291089,false,false,28.71246092070686,1.4880747700188097,,,
2010-01-13T00:00:00,EURGBP,63,0.98697841679267551,0.16514523479062806,success,64,90.812066241426166,86.484026297209169,false,false,10.404149791809568,1.678229264807038,,,
2010-01-14T00:00:00,EURGBP,63,0.99078828075185499,0.13707677535759122,success,64,90.812066358754095,86.134041994015519,false,false,8.6358368475282461,1.8726180938694823,,,
2010-01-15T00:00:00,EURGBP,63,0.91585253191199334,0.41164584373544372,success,64,90.812066459265637,88.42478193101789,false,false,25.933688155332955,10.930106700634948,,,
2010-01-18T00:00:00,EURGBP,63,0.91567356314082482,0.39325041788513593,success,64,90.812066373704937,88.427101865005568,false,false,24.774776326763565,1.5247676544675306,,,
2010-01-19T00:00:00,EURGBP,63,0.9686806260677534,0.090690758874516109,success,64,90.812066949960297,87.380368865188956,false,false,5.7135178090945145,1.8893833147440822,,,
2010-01-20T00:00:00,EURGBP,63,0.84951422839846569,0.52365346836239901,success,64,90.812066227419166,89.081270076168764,false,false,32.990168506831139,60.97954118733729,,,
2010-01-21T00:00:00,EURGBP,63,0.83098454129453059,0.50782647787039625,success,64,90.812066299218145,89.219445289439179,false,false,31.993068105834961,81.752532928510732,,,
2010-01-22T00:00:00,EURGBP,63,0.7899236670640799,0.49172441092898656,success,64,90.812066512053633,89.48760115007245,false,false,30.978637888526151,23.375416788887566,,,
2010-01-25T00:00:00,EURGBP,63,0.85044865235495626,0.58532826602239851,success,64,90.721680427499848,88.98355618733649,false,false,36.875680759411104,0.34420697785137727,,,
2010-01-26T00:00:00,EURGBP,63,0.82673235740020512,0.57922600854789763,success,64,90.810019314539844,89.247375768682261,false,false,36.49123853851755,0.37713654724999079,,,
2010-01-27T00:00:00,EURGBP,63,0.73781585334880162,0.57952053859167618,success,64,90.812066282488871,89.777419116923156,false,false,36.509793931275603,0.46735114105382847,,,
2010-01-28T00:00:00,EURGBP,63,0.80715480469442302,0.55568034743457506,success,64,90.81206672054185,89.380439013480739,false,false,35.00786188837823,0.43269421306133993,,,
2010-01-29T00:00:00,EURGBP,63,0.79835459125854669,0.53330364829395072,success,64,90.812066577673249,89.436024481576766,false,false,33.598129842518894,0.41066312647797981,,,
2010-02-01T00:00:00,EURGBP,63,0.72250452318818781,0.53632757147251375,success,64,90.812066250063737,89.855147202905059,false,false,33.788637002768368,0.50680463105519025,,,
2010-02-02T00:00:00,EURGBP,63,0.81440402851665628,0.74018944119548868,success,64,90.804157861783651,89.325273384139351,false,false,46.631934795315786,0.66072581240073314,,,
2010-02-03T00:00:00,EURGBP,63,0.81717379012971814,0.48277165627401164,success,64,90.79360566064301,89.296289899763593,false,false,30.414614345262734,0.41390399972052899,,,
2010-02-04T00:00:00,EURGBP,63,0.8212717352209965,0.45781579274991413,success,64,90.790565853305566,89.265578396373272,false,false,28.842394943244589,0.39326866762546847,,,
2010-02-05T00:00:00,EURGBP,63,0.80847985242358267,0.43625797197781807,success,64,90.805595104470598,89.365432357825583,false,false,27.48425223460254,0.36581971805560298,,,
2010-02-08T00:00:00,EURGBP,63,0.81896974051396276,0.41363548278446205,success,64,90.794040884699911,89.284657945172555,false,false,26.059035415421111,0.35521584511900434,,,
2010-02-09T00:00:00,EURGBP,63,0.63021749982473907,0.52386516458483356,success,64,90.789948393780264,90.256798391588489,false,false,33.003505368844515,136.29716130140449,,,
2010-02-10T00:00:00,EURGBP,63,0.86076772307002292,0.36077949002749676,success,64,90.790286501637993,88.968605404885551,false,false,22.729107871732296,0.31630982717786399,,,
2010-02-11T00:00:00,EURGBP,63,0.77898779220801995,0.37354505280427142,success,64,90.664655875995976,89.404878440224422,false,false,23.533338326669099,0.36991668227968066,,,
2010-02-12T00:00:00,EURGBP,63,0.73970713805099808,0.28451458170010818,success,64,90.569388203591316,89.524941244340511,false,false,17.924418647106815,1.1352911904583702,,,
2010-02-15T00:00:00,EURGBP,63,0.55197615136816358,0.72240436457466028,success,64,90.59122305649008,90.382564679740824,false,false,45.511474968203601,32.844685308705188,,,
2010-02-16T00:00:00,EURGBP,63,0.80473408630849685,0.33254174526188718,success,64,90.664364740780783,89.248215135079818,false,false,20.950129951498891,0.40574443457599252,,,
2010-02-17T00:00:00,EURGBP,63,0.7479672699395955,0.55350095027151658,success,64,90.514107503181791,89.426307243199588,false,false,34.870559867105541,0.8171209732968977,,,
2010-02-18T00:00:00,EURGBP,63,0.73014625974068637,0.54134894497581809,success,64,90.702196529655836,89.706831769253938,false,false,34.104983533476542,0.84768492976364007,,,
2010-02-19T00:00:00,EURGBP,63,0.80728507823882489,0.53157499302217226,success,64,90.578144027481073,89.145679172402794,false,false,33.489224560396849,0.74781583718984324,,,
2010-02-22T00:00:00,EURGBP,63,0.78015782521851262,0.51402695505728757,success,64,90.639310066662745,89.372723728973398,false,false,32.383698168609115,0.77934422033294137,,,
2010-02-23T00:00:00,EURGBP,63,0.80711655475885924,0.2890708024472346,success,64,90.62640669093193,89.195024699211871,false,false,18.21146055417578,0.70462105595710334,,,
2010-02-24T00:00:00,EURGBP,63,0.79286833925860423,0.27137664566678749,success,64,90.699883840622007,89.357581294754326,false,false,17.096728677007611,0.6767269942975418,,,
2010-02-25T00:00:00,EURGBP,63,0.84492686868238509,0.25917215167382635,success,64,90.63007696157031,88.934723704498381,false,false,16.327845555451059,0.65723412960464911,,,
2010-02-26T00:00:00,EURGBP,63,0.88256583777567188,0.45650534279456806,success,64,90.233009868604228,88.216054333918066,false,false,28.759836596057788,0.66542400806229118,,,
2010-03-01T00:00:00,EURGBP,63,0.91106426136034024,0.44352205288880925,success,64,89.682635898496414,87.355936535541233,false,false,27.941889331994982,0.62351705765514853,,,
2010-03-02T00:00:00,EURGBP,63,0.86919365496636114,0.16697359548241592,success,64,89.121732842068909,87.227884840845945,false,false,10.519336515392203,0.35559739584709921,,,
2010-03-03T00:00:00,EURGBP,63,0.88311024791489212,0.14821669501195187,success,64,89.411858810441856,87.389639962248708,false,false,9.3376517857529677,0.35130520113969699,,,
2010-03-04T00:00:00,EURGBP,63,0.88333002967561136,0.39085710075041041,success,64,88.952179408381809,86.927829700547136,false,false,24.623997347275857,0.65673702759252284,,,
2010-03-05T00:00:00,EURGBP,63,0.80390312749325143,0.37906862844230305,success,64,87.900180211517949,86.489310222404612,false,false,23.88132359186509,0.63605902662324831,,,
2010-03-08T00:00:00,EURGBP,63,0.73486982308025406,0.4301482291446152,success,64,88.22916073723043,87.209688304189001,false,false,27.099338436110759,1.3878487523316239,,,
2010-03-09T00:00:00,EURGBP,63,0.66189537335535342,0.99999998412698421,success,64,88.144079900255818,87.472327796969836,false,false,62.999999000000003,18.639792671629341,,,
2010-03-10T00:00:00,EURGBP,63,0.72013583051611174,0.73148527752462289,success,64,88.175125253642307,87.229989782410144,false,false,46.083572484051246,5.3574130036883707,,,
2010-03-11T00:00:00,EURGBP,63,0.69197904240279173,0.71583090216879075,success,64,88.50009223810288,87.690704393294382,false,false,45.097346836633818,3.6319365008292519,,,
2010-03-12T00:00:00,EURGBP,63,0.73150570148167526,0.58567500935869643,success,64,88.346616482233273,87.344341146724986,false,false,36.897525589597876,0.49335095924993355,,,
2010-03-15T00:00:00,EURGBP,63,0.65369629768560522,0.49924732641798009,success,64,88.301888888328293,87.666562163766969,false,false,31.452581564332746,1.2899345763313592,,,
2010-03-16T00:00:00,EURGBP,63,0.74505781255923476,0.25794415951376176,success,64,88.584451470200008,87.5120264576165,false,false,16.25048204936699,0.71335069387246264,,,
2010-03-17T00:00:00,EURGBP,63,0.74045176144513969,0.54040718358190964,success,64,88.354947804013719,87.30662989136367,false,false,34.045652565660305,0.48547651582309637,,,
2010-03-18T00:00:00,EURGBP,63,0.75063246360622249,0.52194178532073521,success,64,88.154278442033572,87.052290164008014,false,false,32.882332475206319,0.48956779794721278,,,
2010-03-19T00:00:00,EURGBP,63,0.76403079411109642,0.51299072872129714,success,64,88.785671202289933,87.610764420497858,false,false,32.318415909441718,0.43720851758206508,,,
2010-03-22T00:00:00,EURGBP,63,0.75241205161459823,0.49391980234278299,success,64,89.29213993292106,88.180621683958876,false,false,31.116947547595327,0.41801952055916414,,,
2010-03-23T00:00:00,EURGBP,63,0.74308034444467763,0.47272373090930525,success,64,89.33181225764028,88.269771495300418,false,false,29.781595047286231,0.41902781815173767,,,
2010-03-24T00:00:00,EURGBP,63,0.74313007391373487,0.45358049544717344,success,64,89.451540099634229,88.389238836999141,false,false,28.575571213171926,0.41668178145154944,,,
2010-03-25T00:00:00,EURGBP,63,0.74468629635657724,0.43538828169108418,success,64,89.57398192820709,88.503511876658123,false,false,27.429461746538305,0.42061429913099996,,,
2010-03-26T00:00:00,EURGBP,63,0.74466940888086042,0.4155989016149732,success,64,89.463005457122421,88.392624224968642,false,false,26.182730801743311,0.41754090269984773,,,
2010-03-29T00:00:00,EURGBP,63,0.78925792468883604,0.73272919112186574,success,64,89.333087214810931,88.01262904049463,false,false,46.161939040677545,1.3361439632729248,,,
2010-03-30T00:00:00,EURGBP,63,0.80844013878882326,0.71930469106212125,success,64,88.653960848010868,87.214054562530791,false,false,45.316195536913639,1.2423630237622354,,,
2010-03-31T00:00:00,EURGBP,63,0.72655257869914103,0.37923089211506539,success,64,89.245164020082626,88.267962526592115,false,false,23.891546203249121,0.46072286545302132,,,
2010-04-01T00:00:00,EURGBP,63,0.69057638836551127,0.40540023549469351,success,64,88.720512592987873,87.917697248141224,false,false,25.540214836165692,1.1989300356924282,,,
2010-04-02T00:00:00,EURGBP,63,0.62161990820330271,0.27802108108732226,success,64,88.885181990746659,88.388752389114757,false,false,17.515328108501304,1.3877465497330208,,,
2010-04-05T00:00:00,EURGBP,63,0.70815203157068873,0.37537081275226447,success,64,88.98904621529077,88.102620421408005,false,false,23.64836120339266,1.3414539371625396,,,
2010-04-06T00:00:00,EURGBP,63,0.72377487578465205,0.73137393813724583,success,64,88.72538100922911,87.762116810933804,false,false,46.076558102646487,2.3730892069483076,,,
2010-04-07T00:00:00,EURGBP,63,0.79557793603490257,0.62130908106545468,success,64,88.657800975447756,87.298918958876158,false,false,39.142472107123645,1.4320175290923101,,,
2010-04-08T00:00:00,EURGBP,63,0.68707531763811802,0.27471366714226469,success,64,88.67667596923333,87.890194580511263,false,false,17.306961029962675,0.51386067409823499,,,
2010-04-09T00:00:00,EURGBP,63,0.69441767589331682,0.25526199047357817,success,64,88.655094117324182,87.834239715041051,false,false,16.081505399835425,0.49804640162862174,,,
2010-04-12T00:00:00,EURGBP,63,0.71281392888703388,0.23467838899617213,success,64,88.52336042236216,87.61427034239685,false,false,14.784738506758844,0.4562175052271053,,,
2010-04-13T00:00:00,EURGBP,63,0.61324328829252472,0.45315598278986319,success,64,88.677879806310003,88.216913911146278,false,false,28.548826915761381,2.7323755493104258,,,
2010-04-14T00:00:00,EURGBP,63,0.9051377593618013,0.87354056775522126,success,64,88.782015105662765,86.526353693902735,false,false,55.03305576857894,14.545172057069374,,,
2010-04-15T00:00:00,EURGBP,63,0.94591023571818078,0.8577657097338468,success,64,88.752153645303025,85.890650936985978,false,false,54.039239713232348,14.994700587702088,,,
2010-04-16T00:00:00,EURGBP,63,0.74605969453970655,0.4846179566619469,success,64,89.10706528119097,88.029358886223022,false,false,30.530931269702656,3.0633076961861176,,,
2010-04-19T00:00:00,EURGBP,63,0.71316526665288105,0.46937079923424546,success,64,89.62205198210836,88.711245005919181,false,false,29.570360351757465,3.1659887509351385,,,
2010-04-20T00:00:00,EURGBP,63,0.66135253978365016,0.45385828944592871,success,64,89.372942004206848,88.70361458934282,false,false,28.593072235093508,3.1847402733366952,,,
2010-04-21T00:00:00,EURGBP,63,0.86674589892572274,0.66412385635400917,success,64,89.374632894357958,87.502144881223074,false,false,41.839802950302577,2.4943776346540023,,,
2010-04-22T00:00:00,EURGBP,63,0.66448097161014552,0.49190417818534365,success,64,88.182910522737643,87.499582951960647,false,false,30.98996322567665,14.032034473601069,,,
2010-04-23T00:00:00,EURGBP,63,0.64627381465146772,0.5263813564234433,success,64,88.620465881063978,88.017765731517585,false,false,33.162025454676929,3.1603910879054697,,,
2010-04-26T00:00:00,EURGBP,63,0.73442551618516727,0.51000256581488768,success,64,89.091553889340318,88.074360649389746,false,false,32.130161646337925,2.8804510276437298,,,
2010-04-27T00:00:00,EURGBP,63,0.78674112208537261,0.40084266366168408,success,64,89.004786451682548,87.699394017083364,false,false,25.253087810686097,1.3724964523744605,,,
2010-04-28T00:00:00,EURGBP,63,0.7485676180202383,0.42860270719158217,success,64,89.22380367428687,88.132816230934395,false,false,27.001970553069675,14.267794085260247,,,
2010-04-29T00:00:00,EURGBP,63,0.77659261216248532,0.46216255336147832,success,64,89.685620324975417,88.439701376862942,false,false,29.116240861773136,2.4713228308421473,,,
2010-04-30T00:00:00,EURGBP,63,0.86564703158108314,0.39689381046212502,success,64,90.172728537633319,88.309721726422922,false,false,25.004310059113877,14.632067079734284,,,
2010-05-03T00:00:00,EURGBP,63,0.89911705559581423,0.38099563435640932,success,64,90.445916059987226,88.258463705970044,false,false,24.002724964453787,14.690427427440028,,,
2010-05-04T00:00:00,EURGBP,63,0.9260335031242356,0.82462456475390433,success,64,90.203763639185482,87.676465470476202,false,false,51.951347579495973,0.26664648613644071,,,
2010-05-05T00:00:00,EURGBP,63,0.92903381702077392,0.82287344443920596,success,64,89.672350925027601,87.100409252855997,false,false,51.841026999669978,0.25309847172436328,,,
2010-05-06T00:00:00,EURGBP,63,0.95587364812214937,0.80641596433036022,success,64,90.161821495768137,87.086252910930355,false,false,50.804205752812692,0.25114086961268028,,,
2010-05-07T00:00:00,EURGBP,63,0.71519831621052732,0.50002031284565684,success,64,89.863373442614005,88.942606664751722,false,false,31.501279709276382,1.0073797832587865,,,
2010-05-10T00:00:00,EURGBP,63,0.87040428203325437,0.25537146786330961,success,64,89.961645408231632,88.057107355518923,false,false,16.088402475388506,0.98018165052880757,,,
2010-05-11T00:00:00,EURGBP,63,0.92662786725590174,0.24236363914322617,success,64,89.750971900645141,87.214964054016193,false,false,15.268909266023249,0.9464660961660144,,,
2010-05-12T00:00:00,EURGBP,63,0.92915852151934109,0.25187489064789409,success,64,90.529045717182058,87.955211039598723,false,false,15.868118110817326,0.41140638851815486,,,
2010-05-13T00:00:00,EURGBP,63,0.9900636134799714,0.75536450983227976,success,64,90.344775818064718,85.7432100463636,false,false,47.587964119433622,0.22464364073068019,,,
2010-05-14T00:00:00,EURGBP,63,0.99260472116852816,0.73640454914135089,success,64,90.562212583382305,85.662721864731822,false,false,46.393486595905109,0.22205040009302818,,,
2010-05-17T00:00:00,EURGBP,63,0.99503643220095783,0.71503507530178778,success,64,90.667469270442169,85.366814715153879,false,false,45.047209744012633,0.23607226757803532,,,
2010-05-18T00:00:00,EURGBP,63,0.99506553477345716,0.69018334612170895,success,64,90.684778637544525,85.378214342058797,false,false,43.481550805667666,0.25252161758838854,,,
2010-05-19T00:00:00,EURGBP,63,0.99417621201811768,0.6749388487181871,success,64,90.798064724135173,85.658101163539882,false,false,42.52114746924579,0.24242116172306141,,,
2010-05-20T00:00:00,EURGBP,63,0.9972089667484173,0.66860591518643819,success,64,90.650414078645611,84.771865603453818,false,false,42.122172656745605,0.25193480274565005,,,
2010-05-21T00:00:00,EURGBP,63,0.99476157382262098,0.67478026839209437,success,64,90.647473747711118,85.40099176895697,false,false,42.511156908701949,30.408534884792722,,,
2010-05-24T00:00:00,EURGBP,63,0.99788351331488967,0.64107048678140999,success,64,90.648419185999714,84.492540126590569,false,false,40.38744066722883,0.23337516076121562,,,
2010-05-25T00:00:00,EURGBP,63,0.99605785142840264,0.61485067016373052,success,64,90.734746823641402,85.202667381396012,false,false,38.73559222031502,0.23959510534760861,,,
2010-05-26T00:00:00,EURGBP,63,0.99748001437388112,0.61095368460364563,success,64,90.811902148388256,84.830923233126384,false,false,38.490082130029677,0.22916934169351061,,,
2010-05-27T00:00:00,EURGBP,63,0.98809083020839139,0.676380517546876,success,64,90.812066245408033,86.393600292580189,false,false,42.61197260545319,0.85179624725330505,,,
2010-05-28T00:00:00,EURGBP,63,0.9942674564368158,0.65465926447492595,success,64,90.812066267588605,85.65621936131852,false,false,41.243533661920338,0.951627034644421,,,
2010-05-31T00:00:00,EURGBP,63,0.99352666465851314,0.63021865306148117,success,64,90.81206804661339,85.778498630283366,false,false,39.703775142873312,5.7349339094587162,,,
2010-06-01T00:00:00,EURGBP,63,0.99680913321703268,0.54800310327195345,success,64,90.812066373105253,85.067799661263308,false,false,34.524195506133069,0.28733192114126888,,,
2010-06-02T00:00:00,EURGBP,63,0.99367347387407723,0.60493248892365048,success,64,90.812066262355799,85.755408897014789,false,false,38.110746802189979,1.1355344972940193,,,
2010-06-03T00:00:00,EURGBP,63,0.99059616794578786,0.58207026583713284,success,64,90.812066237484999,86.154876557300412,false,false,36.67042674773937,5.4225263870138081,,,
2010-06-04T00:00:00,EURGBP,63,0.99077169483850769,0.56550860119141055,success,64,90.812066388624999,86.135857668251973,false,false,35.627041875058865,6.3557832209653879,,,
2010-06-07T00:00:00,EURGBP,63,0.98865916312123636,0.47090686672061194,success,64,90.812066259994836,86.344126709963689,false,false,29.667132603398553,0.39776743703223205,,,
2010-06-08T00:00:00,EURGBP,63,0.9882885588158099,0.53252166080162122,success,64,90.812066259739964,86.376657784037732,false,false,33.548864630502138,7.3079039138871913,,,
2010-06-09T00:00:00,EURGBP,63,0.98522213547108639,0.43589275079232531,success,64,90.812066321630098,86.612329608884593,false,false,27.461243299916493,0.44193990694250718,,,
2010-06-10T00:00:00,EURGBP,63,0.97651162263872715,0.41687625461955463,success,64,90.812066242304255,87.084585308148078,false,false,26.263204041031941,0.43961866016552065,,,
2010-06-11T00:00:00,EURGBP,63,0.98183630272860722,0.4035094251517008,success,64,90.812066238737401,86.822066588801277,false,false,25.421093784557151,0.39924416502719356,,,
2010-06-14T00:00:00,EURGBP,63,0.97648083329864299,0.38514178747453115,success,64,90.812066305610813,87.085926876483811,false,false,24.263932610895463,0.41574302734431257,,,
2010-06-15T00:00:00,EURGBP,63,0.97215814910105947,0.45395922765454372,success,64,90.812066302657044,87.259088123290368,false,false,28.599431342236254,6.7978705626900595,,,
2010-06-16T00:00:00,EURGBP,63,0.97120280291087713,0.34850141513812116,success,64,90.812066223280894,87.293808976062664,false,false,21.955589153701634,0.45308181006884657,,,
2010-06-17T00:00:00,EURGBP,63,0.99186912766061608,0.33275105234434088,success,64,90.812066240650935,86.008143286451599,false,false,20.963316297693474,0.74341815087809549,,,
2010-06-18T00:00:00,EURGBP,63,0.98037665268513219,0.4056393968684805,success,64,90.812066240072255,86.900849449639708,false,false,25.555282002714272,9.9820966002651517,,,
2010-06-21T00:00:00,EURGBP,63,0.96781905606572227,0.3873986689306555,success,64,90.812066239840149,87.408395569670645,false,false,24.406116142631298,18.531556285661104,,,
2010-06-22T00:00:00,EURGBP,63,0.96671271184204044,0.28250388880207439,success,64,90.812066265385567,87.443340493381555,false,false,17.797744994530685,0.67833970828772416,,,
2010-06-23T00:00:00,EURGBP,63,0.95409371580924396,0.26697677481072501,success,64,90.812066251581285,87.777906368525919,false,false,16.819536813075675,0.63159671267131023,,,
2010-06-24T00:00:00,EURGBP,63,0.73902016839696394,0.48126947195204633,success,64,90.812066249678054,89.771184168416752,false,false,30.319976732978919,24.089212873451086,,,
2010-06-25T00:00:00,EURGBP,63,0.559641221561476,0.55555621672050803,success,64,90.812066230594397,90.572360128160625,false,false,35.000041653392003,797.34325516607612,,,
2010-06-28T00:00:00,EURGBP,63,0.51111338216001168,0.54491082456983142,success,64,90.812066222786029,90.767605371530436,false,false,34.329381947899378,20.327134027303391,,,
2010-06-29T00:00:00,EURGBP,63,0.56047423895160298,0.52381008572985521,success,64,90.812066261355113,90.568979310586869,false,false,33.000035400980877,817.67665541734982,,,
2010-06-30T00:00:00,EURGBP,63,0.51277263306808207,0.51312042610252651,success,64,90.812066295462444,90.760964645613683,false,false,32.326586844459172,21.065213090591186,,,
2010-07-01T00:00:00,EURGBP,63,0.51173251153834975,0.49817927335296508,success,64,90.812066249205927,90.765127586863741,false,false,31.385294221236801,21.881914671717141,,,
2010-07-02T00:00:00,EURGBP,63,0.55589718991677661,0.4761920509335274,success,64,90.812066274322888,90.587538997261106,false,false,30.000099208812227,514.61017245160042,,,
2010-07-05T00:00:00,EURGBP,63,0.71392612665406863,0.62967347903091353,success,64,90.812066245300514,89.897536828262545,false,false,39.669429178947553,23.640033676006702,,,
2010-07-06T00:00:00,EURGBP,63,0.7272244666490244,0.61370994693466296,success,64,90.812066291088854,89.831480338601978,false,false,38.663726656883767,21.972699182426645,,,
2010-07-07T00:00:00,EURGBP,63,0.6900486009478598,0.72971852098615164,success,64,90.812066309816288,90.011719786486367,false,false,45.972266822127551,16.04838991042951,,,
2010-07-08T00:00:00,EURGBP,63,0.78515903625738603,0.75975116661429942,success,64,90.812066195365603,89.516077955033424,false,false,47.864323496700862,0.46162164885536056,,,
2010-07-09T00:00:00,EURGBP,63,0.78920657527597005,0.74392900199314038,success,64,90.812066259667631,89.491916778152188,false,false,46.867527125567847,0.50409678562075788,,,
2010-07-12T00:00:00,EURGBP,63,0.85168118237104895,0.55544994578812812,success,64,90.812066229468329,89.064218101792406,false,false,34.993346584652073,95.24030528287858,,,
2010-07-13T00:00:00,EURGBP,63,0.56122494995903482,0.35903121882270389,success,64,90.812066341572432,90.565931403362455,false,false,22.618966785830345,18.537976836628907,,,
2010-07-14T00:00:00,EURGBP,63,0.90857397636539627,0.52347976034376842,success,64,90.812067853255769,88.515721702218698,false,false,32.97922490165741,35.249438323788603,,,
2010-07-15T00:00:00,EURGBP,63,0.88325521374255023,0.66952486877236717,success,64,90.81206628729332,88.78844233639262,false,false,42.180066732659128,0.543111130221549,,,
2010-07-16T00:00:00,EURGBP,63,0.87009223631072363,0.64865957782449468,success,64,90.812066447954734,88.910291911729431,false,false,40.865553402943164,0.42567523192856332,,,
2010-07-19T00:00:00,EURGBP,63,0.92771293928579091,0.47606888955350657,success,64,90.812066268475235,88.259989062748261,false,false,29.992340041870914,99.954763085267288,,,
2010-07-20T00:00:00,EURGBP,63,0.9276900418419588,0.46008824384718561,success,64,90.812067871017589,88.260332054199623,false,false,28.985559362372694,52.894739976723628,,,
2010-07-21T00:00:00,EURGBP,63,0.94246852781788426,0.44418340395424599,success,64,90.812066654737833,88.015896268572675,false,false,27.983554449117499,48.80698186555383,,,
2010-07-22T00:00:00,EURGBP,63,0.94209045273159386,0.42803884579761808,success,64,90.812066326386201,88.022847297770454,false,false,26.966447285249938,23.951749692167009,,,
2010-07-23T00:00:00,EURGBP,63,0.9114852684628918,0.34919756744207414,success,64,90.812066495767198,88.480160059848671,false,false,21.999446748850669,1342.627791385803,,,
2010-07-26T00:00:00,EURGBP,63,0.95513809845259834,0.39665266690348544,success,64,90.812066274147156,87.753799255089206,false,false,24.989118014919583,77.803072999623339,,,
2010-07-27T00:00:00,EURGBP,63,0.94846754689469037,0.37643092624172425,success,64,90.812066367774719,87.899430560761019,false,false,23.715148353228628,16.004063037352669,,,
2010-07-28T00:00:00,EURGBP,63,0.96752633548910172,0.36482159842057266,success,64,90.812066306972156,87.417753100400063,false,false,22.983760700496077,55.580973441533381,,,
2010-07-29T00:00:00,EURGBP,63,0.96324008939226535,0.34891165164436239,success,64,90.812066233119026,87.54617140408746,false,false,21.981434053594832,47.903736344781009,,,
2010-07-30T00:00:00,EURGBP,63,0.96555373156408375,0.33308117287431677,success,64,90.812066218481718,87.478765139951392,false,false,20.984113891081957,56.930085019855575,,,
2010-08-02T00:00:00,EURGBP,63,0.96810307646140537,0.31677159816690081,success,64,90.812066259069198,87.399237257857578,false,false,19.95661068451475,21.263158484355156,,,
2010-08-03T00:00:00,EURGBP,63,0.9702894650518431,0.30123442066805323,success,64,90.812066220673316,87.325973471086698,false,false,18.977768502087354,42.240996193160761,,,
2010-08-04T00:00:00,EURGBP,63,0.97368360907940144,0.28508434677287681,success,64,90.812066229565147,87.201171789344926,false,false,17.960313846691239,24.40795866628174,,,
2010-08-05T00:00:00,EURGBP,63,0.97442465867369221,0.26960003525341186,success,64,90.812066360416921,87.1718478151017,false,false,16.984802220964948,64.775645175554331,,,
2010-08-06T00:00:00,EURGBP,63,0.98353316121775314,0.25395129705668879,success,64,90.812066295051864,86.722263528068041,false,false,15.998931714571395,989.94738719301984,,,
2010-08-09T00:00:00,EURGBP,63,0.91669168974114845,0.17455838488067416,success,64,90.81206629579259,88.413843403481451,false,false,10.997178247482472,316.75710460943282,,,
2010-08-10T00:00:00,EURGBP,63,0.95980963199118841,0.22218170524566885,success,64,90.812066322016449,87.63895872237282,false,false,13.997447430477138,376.30368609914365,,,
2010-08-11T00:00:00,EURGBP,63,0.91877298222267778,0.20232156790439834,success,64,90.812066259752754,88.386275117947108,false,false,12.746258777977095,17.152669376357593,,,
2010-08-12T00:00:00,EURGBP,63,0.92806460690790149,0.19041218556697845,success,64,90.812066279365553,88.254733327509669,false,false,11.995967690719642,222.31204092279245,,,
2010-08-13T00:00:00,EURGBP,63,0.82696810739299964,0.52371461634989547,success,64,90.8120664462121,89.2477762439853,false,false,32.994020830043418,96.505077355454347,,,
2010-08-16T00:00:00,EURGBP,63,0.89525453779122743,0.00019951826855219365,success,64,90.810600066032848,88.665025226086456,false,false,0.0125696509187882,0.13105579200620018,,,
2010-08-17T00:00:00,EURGBP,63,0.64983615564116437,0.74567540013339262,success,64,90.812066274525819,90.193747183340889,false,false,46.977550208403734,16.328599457871903,,,
2010-08-18T00:00:00,EURGBP,63,0.74302082597795938,0.47555160178976563,success,64,90.81206660277654,89.750337575549594,false,false,29.959750912755236,11.165361073917282,,,
2010-08-19T00:00:00,EURGBP,63,0.77896918996817488,0.46025880556422982,success,64,90.812066695181542,89.552397304549359,false,false,28.996304750546479,136.27267608174802,,,
2010-08-20T00:00:00,EURGBP,63,0.71700297010033187,0.44426912968932852,success,64,90.81206621233369,89.88242263187729,false,false,27.988955170427698,37.198333268198738,,,
2010-08-23T00:00:00,EURGBP,63,0.69067853907423937,0.68241593046558779,success,64,90.812066422940518,90.008772981351299,false,false,42.992203619332031,54.976996825604097,,,
2010-08-24T00:00:00,EURGBP,63,0.636352372277873,0.66654682066243254,success,64,90.812066202321233,90.252499091004765,false,false,41.99244970173325,41.653252001686027,,,
2010-08-25T00:00:00,EURGBP,63,0.71474149328335679,0.39678124584094904,success,64,90.812066229309877,89.893541110111968,false,false,24.99721848797979,147.04371741625684,,,
2010-08-26T00:00:00,EURGBP,63,0.75529582686917984,0.3805093485894725,success,64,90.812066254459666,89.685006782658462,false,false,23.972088961136766,16.923303248084228,,,
2010-08-27T00:00:00,EURGBP,63,0.79331371221781488,0.36506620389138295,success,64,90.812068738303381,89.467052118856344,false,false,22.999170845157124,638.75061265379952,,,
2010-08-30T00:00:00,EURGBP,63,0.66739680127489109,0.34907144311120153,success,64,90.812066552573725,90.115631963129545,false,false,21.991500916005695,39.208184478653308,,,
2010-08-31T00:00:00,EURGBP,63,0.65400447731021527,0.33326168011542701,success,64,90.812066291219878,90.175377928517094,false,false,20.995485847271901,68.158353808984202,,,
2010-09-01T00:00:00,EURGBP,63,0.72890136500005076,0.67978341841745582,success,64,90.812066260775907,89.823010561153893,false,false,42.826355360299715,0.73084023773258799,,,
2010-09-02T00:00:00,EURGBP,63,0.63441890341413321,0.58729847865128959,success,64,90.812066913718397,90.260845579592981,false,false,36.999804155031242,1212.7258056273149,,,
2010-09-03T00:00:00,EURGBP,63,0.6650746547980293,0.57141225691932662,success,64,90.812072580598056,90.126080940235937,false,false,35.99897218591758,240.52314546826707,,,
2010-09-06T00:00:00,EURGBP,63,0.6962728562136643,0.55545490245017493,success,64,90.812067845539957,89.982455972270969,false,false,34.993658854361023,43.734864369879148,,,
2010-09-07T00:00:00,EURGBP,63,0.72454253636203181,0.62169599704414302,success,64,90.812066765542582,89.844959513884689,false,false,39.166847813781011,0.67176631925532793,,,
2010-09-08T00:00:00,EURGBP,63,0.73982432358123951,0.60398869835368407,success,64,90.802356929059755,89.757301252992661,false,false,38.051287996282099,0.67473363171456913,,,
2010-09-09T00:00:00,EURGBP,63,0.75073149445075149,0.58876977059491631,success,64,90.75980705027709,89.657289644151419,false,false,37.092495547479729,0.72140322469707097,,,
2010-09-10T00:00:00,EURGBP,63,0.88358018140686623,0.30384662391752232,success,64,90.721823009271318,88.695043750980815,false,false,19.142337306803906,1.0098408251575439,,,
2010-09-13T00:00:00,EURGBP,63,0.64740754276224721,0.47614584943528182,success,64,90.678549586539702,90.07088647215889,false,false,29.997188514422756,14.528832684549984,,,
2010-09-14T00:00:00,EURGBP,63,0.71578871305256542,0.78923163912713712,success,64,90.649734488156199,89.726067387925085,false,false,49.721593265009638,0.61586110476755818,,,
2010-09-15T00:00:00,EURGBP,63,0.74036534715873759,0.52545078395235889,success,64,90.662506483757625,89.61463816846117,false,false,33.103399388998611,0.68576706841463309,,,
2010-09-16T00:00:00,EURGBP,63,0.7541544524547481,0.50848806814395087,success,64,90.716348032461198,89.595454324567939,false,false,32.034748293068901,0.67900072401373557,,,
2010-09-17T00:00:00,EURGBP,63,0.76568801640986928,0.48998048234444075,success,64,90.753536143473482,89.569414836537064,false,false,30.868770387699769,0.67579794156560224,,,
2010-09-20T00:00:00,EURGBP,63,0.73420893210164251,0.47584660492383862,success,64,90.811444821185674,89.795361725554457,false,false,29.978336110201834,0.66823826462695568,,,
2010-09-21T00:00:00,EURGBP,63,0.73306017893334374,0.46583981610978514,success,64,90.720717093512363,89.710512539228716,false,false,29.347908414916464,0.6980081822791192,,,
2010-09-22T00:00:00,EURGBP,63,0.72699359802655039,0.45020426460917495,success,64,90.48576034826246,89.506337922145661,false,false,28.36286867037802,0.70118948292275818,,,
2010-09-23T00:00:00,EURGBP,63,0.73714728458940548,0.2705128522211106,success,64,90.775853571078926,89.744659713309943,false,false,17.042309689929969,12.688927467752672,,,
2010-09-24T00:00:00,EURGBP,63,0.76825640608336865,0.77803083925957339,success,64,90.812067100399702,89.613575122732584,false,false,49.015942873353126,34.10268771167506,,,
2010-09-27T00:00:00,EURGBP,63,0.63657489196134998,0.82572742666388288,success,64,90.809676264972737,90.249147437333832,false,false,52.020827879824623,17.39728885244887,,,
2010-09-28T00:00:00,EURGBP,63,0.75292620010897637,0.90498322131125952,success,64,90.812066349505187,89.697786211316313,false,false,57.013942942609347,14.509823806606555,,,
2010-09-29T00:00:00,EURGBP,63,0.71794534056825521,0.88866713233613825,success,64,90.812066247597173,89.877773688717127,false,false,55.98602933717671,13.112335394427802,,,
2010-09-30T00:00:00,EURGBP,63,0.81562697857259292,0.7143338933874579,success,64,90.81206639666047,89.325070276111546,false,false,45.003035283409851,192.07714444990592,,,
2010-10-01T00:00:00,EURGBP,63,0.78415066970721448,0.69851309298900599,success,64,90.812066833126892,89.522046269837531,false,false,44.00632485830738,82.902527263172345,,,
2010-10-04T00:00:00,EURGBP,63,0.72329668164252237,0.8405833505346364,success,64,90.812066539808114,89.851192933105054,false,false,52.956751083682093,13.057643641989941,,,
2010-10-05T00:00:00,EURGBP,63,0.70670010512491288,0.82495474123991575,success,64,90.8120662349002,89.932655456010977,false,false,51.972148698114694,12.615402532714725,,,
2010-10-06T00:00:00,EURGBP,63,0.70376115975952391,0.80911159905213426,success,64,90.812066255422721,89.946793240197636,false,false,50.974030740284455,13.271857959148283,,,
2010-10-07T00:00:00,EURGBP,63,0.78179357464656452,0.63505689941920196,success,64,90.812066276852136,89.53591706224158,false,false,40.008584663409721,58.915222164920522,,,
2010-10-08T00:00:00,EURGBP,63,0.72265358498694166,0.62419022198777585,success,64,90.812066940661126,89.854404289447771,false,false,39.32398398522988,24.377962760409144,,,
2010-10-11T00:00:00,EURGBP,63,0.72041723648701328,0.60323721259118435,success,64,90.812066222796474,89.865534045018123,false,false,38.003944393244616,103.06658812517666,,,
2010-10-12T00:00:00,EURGBP,63,0.71524307968252399,0.5875346176898435,success,64,90.812066247977313,89.891079696642819,false,false,37.014680914460143,26.874483090484436,,,
2010-10-13T00:00:00,EURGBP,63,0.69113587958973721,0.57157539900061527,success,64,90.812066212407018,90.006631206428779,false,false,36.009250137038762,38.363594160721107,,,
2010-10-14T00:00:00,EURGBP,63,0.70832366002068692,0.55588992323791264,success,64,90.812066272649631,89.924809899276752,false,false,35.021065163988496,18.262933442616959,,,
2010-10-15T00:00:00,EURGBP,63,0.62494745864824564,0.68359054918903783,success,64,90.812066228395281,90.301464774782673,false,false,43.066204598909387,3.8870081288384148,,,
2010-10-18T00:00:00,EURGBP,63,0.74362704622850828,0.41162984614277193,success,64,90.812066283270568,89.747159891044276,false,false,25.93268030699463,0.61111651683600521,,,
2010-10-19T00:00:00,EURGBP,63,0.73301273023969893,0.39432982217625889,success,64,90.812066294667616,89.80210420408298,false,false,24.842778797104309,0.6068292494057741,,,
2010-10-20T00:00:00,EURGBP,63,0.7306770628782342,0.37753733122853383,success,64,90.812066903176998,89.814006484799251,false,false,23.784851867397631,0.5837692904191184,,,
2010-10-21T00:00:00,EURGBP,63,0.73899880902515114,0.47643241426121674,success,64,90.812066368016104,89.771295029106824,false,false,30.015242098456653,28.088213930457826,,,
2010-10-22T00:00:00,EURGBP,63,0.56431769560640865,0.60325003185995874,success,64,90.812066273865966,90.553362208973766,false,false,38.004752007177402,34.43813753056331,,,
2010-10-25T00:00:00,EURGBP,63,0.53628789968572055,0.51302925761076468,success,64,90.812066322719005,90.666659065761891,false,false,32.320843229478172,22.738375212972237,,,
2010-10-26T00:00:00,EURGBP,63,0.79258786184794261,0.42866583773172873,success,64,90.812066797773795,89.471471250888726,false,false,27.00594777709891,88.164719779019094,,,
2010-10-27T00:00:00,EURGBP,63,0.65510541887755003,0.55573932579191399,success,64,90.809151938663575,90.167594579501213,false,false,35.011577524890583,26.585978465444651,,,
2010-10-28T00:00:00,EURGBP,63,0.64724423263959918,0.53977811247775609,success,64,90.812066231417958,90.205118463696522,false,false,34.006021086098634,54.512019231421633,,,
2010-10-29T00:00:00,EURGBP,63,0.64070820317061639,0.52393240822427745,success,64,90.81206633352069,90.233627064387591,false,false,33.007741718129481,40.7606130006195,,,
2010-11-01T00:00:00,EURGBP,63,0.764261819805656,0.36517535138098645,success,64,90.81136443162238,89.635175788305176,false,false,23.006047137002145,97.884201225749123,,,
2010-11-02T00:00:00,EURGBP,63,0.75012106471488982,0.23709582135521853,success,64,90.81206622757766,89.712808156165693,false,false,14.937036745378768,0.53191055428959522,,,
2010-11-03T00:00:00,EURGBP,63,0.6029242320262943,0.39683170293038905,success,64,90.812066349372643,90.394401926034533,false,false,25.000397284614511,536.10191319626779,,,
2010-11-04T00:00:00,EURGBP,63,0.58833757823995469,0.4599119442877857,success,64,90.812066316963211,90.454969069977963,false,false,28.974452490130499,2.6166842984578111,,,
2010-11-05T00:00:00,EURGBP,63,0.76893820717144212,0.81477329569410339,success,64,90.809288733308449,89.606963297986979,false,false,51.330717628728515,0.89881221028315161,,,
2010-11-08T00:00:00,EURGBP,63,0.81903133544237317,0.79687636985954002,success,64,90.785971311736603,89.276172860289179,false,false,50.203211301151022,0.94371061640419807,,,
2010-11-09T00:00:00,EURGBP,63,0.84012932645057992,0.78278611286974964,success,64,90.740219637496466,89.081028995524477,false,false,49.315525110794226,1.0549632646792437,,,
2010-11-10T00:00:00,EURGBP,63,0.63350940866141159,0.39920625922450409,success,64,90.69432384289631,90.147021840715198,false,false,25.149994331143759,3.4417144349274373,,,
2010-11-11T00:00:00,EURGBP,63,0.90376144295022132,0.75059090758830349,success,64,90.518031361867727,88.278296005148249,false,false,47.287227178063119,1.0391317229724779,,,
2010-11-12T00:00:00,EURGBP,63,0.74745108090694323,0.66708686880614976,success,64,90.590344818615122,89.505280928027403,false,false,42.026472734787433,13.666567942351779,,,
2010-11-15T00:00:00,EURGBP,63,0.56937428427914216,0.47618492850299166,success,64,90.525940145322281,90.246641438155677,false,false,29.999650495688474,113.79738176485345,,,
2010-11-16T00:00:00,EURGBP,63,0.56829589462001528,0.46031040239499155,success,64,90.595773937903303,90.320872125907158,false,false,28.999555350884467,446.52267845802436,,,
2010-11-17T00:00:00,EURGBP,63,0.76679284967291572,0.68105519907972001,success,64,90.621186074713862,89.430896504263941,false,false,42.906477542022358,1.017692281440616,,,
2010-11-18T00:00:00,EURGBP,63,0.80151496255916821,0.65302330727279878,success,64,90.662031929652201,89.266242008735091,false,false,41.140468358186325,13.766351126409624,,,
2010-11-19T00:00:00,EURGBP,63,0.78606329518605056,0.65155979546360576,success,64,90.640881584273814,89.339524466235588,false,false,41.048267114207164,1.0465048240225068,,,
2010-11-22T00:00:00,EURGBP,63,0.72848520687773355,0.63048434626733596,success,64,90.651063165082789,89.664112470457809,false,false,39.720513814842164,1.0471305118518957,,,
2010-11-23T00:00:00,EURGBP,63,0.68185219275927522,0.47555251179337699,success,64,90.60437764719569,89.842080816436834,false,false,29.959808242982749,4.9293659182202934,,,
2010-11-24T00:00:00,EURGBP,63,0.71481384133266979,0.46019133890388325,success,64,90.545896190252947,89.62701619857188,false,false,28.992054350944645,34.245030729457611,,,
2010-11-25T00:00:00,EURGBP,63,0.71668157357588658,0.51696794460386919,success,64,90.518603356012548,89.59054317024821,false,false,32.568980510043758,1.7708902470071066,,,
2010-11-26T00:00:00,EURGBP,63,0.77973765928181793,0.56539276685929785,success,64,90.383410542032394,89.119272306925055,false,false,35.619744312135765,1.0591267295993365,,,
2010-11-29T00:00:00,EURGBP,63,0.70105856709279935,0.41140972860658725,success,64,90.491032839899233,89.638689086073143,false,false,25.918812902214999,3.5759526955817513,,,
2010-11-30T00:00:00,EURGBP,63,0.7861752006996634,0.53009172970034624,success,64,90.272183253636143,88.970160569242253,false,false,33.395778971121814,1.0916913979609775,,,
2010-12-01T00:00:00,EURGBP,63,0.67507927502960041,0.45324138153502452,success,64,90.550228878242038,89.818979979184917,false,false,28.554207036706543,0.46411525336136605,,,
2010-12-02T00:00:00,EURGBP,63,0.72951240004757278,0.36410980867004128,success,64,90.381819037181714,89.389668927379134,false,false,22.938917946212602,2.2057996227887608,,,
2010-12-03T00:00:00,EURGBP,63,0.75184020128164974,0.58551049492321239,success,64,90.17948117160563,89.071030256864063,false,false,36.88716118016238,2.4222362858938071,,,
2010-12-06T00:00:00,EURGBP,63,0.72173751262463659,0.33244214877987094,success,64,90.433098747610657,89.480002098148788,false,false,20.943855373131868,3.5077846699874735,,,
2010-12-07T00:00:00,EURGBP,63,0.8292788290661478,0.45496885309892487,success,64,90.328078881538531,88.747554085413753,false,false,28.663037745232266,1.0240975685139528,,,
2010-12-08T00:00:00,EURGBP,63,0.77786965716624035,0.3001615887449321,success,64,90.257592852519252,89.004298217613353,false,false,18.910180090930723,3.0907331326525878,,,
2010-12-09T00:00:00,EURGBP,63,0.83755522269903115,0.74069058024347956,success,64,90.359651064148608,88.719501977091866,false,false,46.663506555339211,0.79846226045487134,,,
2010-12-10T00:00:00,EURGBP,63,0.8319934865297457,0.72383543044530907,success,64,90.414716037655154,88.814894174862772,false,false,45.601632118054468,0.85057029090200731,,,
2010-12-13T00:00:00,EURGBP,63,0.77539090278921019,0.49078593967935175,success,64,90.497774989112145,89.258769241764512,false,false,30.91951419979916,2.5049787527582734,,,
2010-12-14T00:00:00,EURGBP,63,0.82822444737935685,0.37151758485131336,success,64,90.27463210187301,88.701536610537971,false,false,23.405607845632741,1.0316820843809589,,,
2010-12-15T00:00:00,EURGBP,63,0.77319411545493388,0.29353699417477558,success,64,90.168670738503309,88.942235119318696,false,false,18.492830633010861,1.6593858293925443,,,
2010-12-16T00:00:00,EURGBP,63,0.8028314669756238,0.6609163861243279,success,64,90.133073925796751,88.72898797370523,false,false,41.637732325832658,0.77369099263465435,,,
2010-12-17T00:00:00,EURGBP,63,0.81021410596390731,0.64359292345637953,success,64,90.406922269547096,88.955520291725605,false,false,40.546354177751908,0.77199747566313748,,,
2010-12-20T00:00:00,EURGBP,63,0.83230048577842963,0.17252944111663274,success,64,90.688861742250353,89.08684197795462,false,false,10.869354790347863,3.4042378373042355,,,
2010-12-21T00:00:00,EURGBP,63,0.77598661457736751,0.61158237532682935,success,64,90.477449085837904,89.235019621480163,false,false,38.529689645590253,0.82032853481754298,,,
2010-12-22T00:00:00,EURGBP,63,0.756225708355038,0.59767169284457899,success,64,90.274516757669119,89.142419632966423,false,false,37.653316649208477,0.87873489711995068,,,
2010-12-23T00:00:00,EURGBP,63,0.75957304752024468,0.25514500534754003,success,64,90.245094549769647,89.094754365442199,false,false,16.074135336895022,15.308402219519829,,,
2010-12-24T00:00:00,EURGBP,63,0.71561813409688035,0.47570058553696393,success,64,90.036383169271573,89.113554410098999,false,false,29.969136888828729,11.99338835561519,,,
2010-12-27T00:00:00,EURGBP,63,0.73975870670615818,0.54990599164548548,success,64,90.188479568170322,89.143764758936342,false,false,34.644077473665583,0.95690870848392739,,,
2010-12-28T00:00:00,EURGBP,63,0.76658381788554264,0.53229332023120579,success,64,90.301156380994797,89.112035386771538,false,false,33.534479174565966,0.94710077627818656,,,
2010-12-29T00:00:00,EURGBP,63,0.79433362075169378,0.51489010647275568,success,64,90.449057319375612,89.097809106849311,false,false,32.438076707783608,0.94719526694061529,,,
2010-12-30T00:00:00,EURGBP,63,0.72330552843786089,0.50261073991423244,success,64,90.216679840784167,89.255762030299238,false,false,31.664476614596644,0.89289458780619424,,,
2010-12-31T00:00:00,EURGBP,63,0.69128627743294102,0.49009027762583457,success,64,90.143972770452081,89.337833121357235,false,false,30.875687490427577,0.9813754874957521,,,
2011-01-03T00:00:00,EURGBP,63,0.68756617452233637,0.47414098252083675,success,64,90.535484237096981,89.746718846618677,false,false,29.870881898812716,0.92886449278426397,,,
2011-01-04T00:00:00,EURGBP,63,0.68088782040711426,0.4614202188387389,success,64,90.735896040662425,89.978041176957561,false,false,29.06947378684055,0.8478529595125488,,,
2011-01-05T00:00:00,EURGBP,63,0.65758445070816895,0.44430194940765066,success,64,90.58950446687814,89.936956324820343,false,false,27.99102281268199,0.79059251768724093,,,
2011-01-06T00:00:00,EURGBP,63,0.62301787981216905,0.52008131878521791,success,64,90.454201525215893,89.951824067068131,false,false,32.76512308346873,1.4435545565238022,,,
2011-01-07T00:00:00,EURGBP,63,0.64077251111756672,0.50433339951180722,success,64,90.165901101791022,89.58718246628267,false,false,31.773004169243858,1.2967065145862435,,,
2011-01-10T00:00:00,EURGBP,63,0.64443110557620586,0.40114087403022125,success,64,90.246027520048898,89.651378625623465,false,false,25.271875063903938,0.55785176991770258,,,
2011-01-11T00:00:00,EURGBP,63,0.60182707148415671,0.28395687768368039,success,64,90.215752905497794,89.802669162803667,false,false,17.889283294071863,2.7759540097403583,,,
2011-01-12T00:00:00,EURGBP,63,0.62290011946169876,0.26630221802178672,success,64,90.139099878974818,89.637223782405385,false,false,16.777039735372565,2.3003098129553279,,,
2011-01-13T00:00:00,EURGBP,63,0.7512016700365336,0.5957549389803769,success,64,89.804475559397773,88.699444056824873,false,false,37.532561155763744,0.98807723698573124,,,
2011-01-14T00:00:00,EURGBP,63,0.87243296000817494,0.76333468239854807,success,64,89.709314810196176,87.786671026008051,false,false,48.090084991108526,0.4027316465443822,,,
2011-01-17T00:00:00,EURGBP,63,0.89918902772814369,0.79467269336443358,success,64,89.587564046579644,87.399317971390957,false,false,50.064379681959316,11.4879767527661,,,
2011-01-18T00:00:00,EURGBP,63,0.88932112331607993,0.73100084813965549,success,64,90.061271375131213,87.977445991906279,false,false,46.053053432798293,0.40194156754520693,,,
2011-01-19T00:00:00,EURGBP,63,0.87148971254072283,0.76257246598360429,success,64,90.085459091816318,88.171263990419135,false,false,48.042065356967072,15.706735743606174,,,
2011-01-20T00:00:00,EURGBP,63,0.84905133256760157,0.69497564554144187,success,64,89.943879297650696,88.216699479018644,false,false,43.783465669110839,0.42739547901474267,,,
2011-01-21T00:00:00,EURGBP,63,0.73094377802766064,0.49717781371816511,success,64,89.826911816271604,88.827495631900774,false,false,31.322202264244403,0.92761507376405317,,,
2011-01-24T00:00:00,EURGBP,63,0.73338146559861384,0.48737861056416393,success,64,89.794826575533307,88.782979518815338,false,false,30.704852465542327,1.1866808544625473,,,
2011-01-25T00:00:00,EURGBP,63,0.68495456792457265,0.23176571626083944,success,64,89.649322257288574,88.872686602660139,false,false,14.601240124432884,0.68225575065087563,,,
2011-01-26T00:00:00,EURGBP,63,0.92841108172745734,0.68341306714124817,success,64,90.040449964181548,87.477915642739049,false,false,43.055023229898637,14.300543085241593,,,
2011-01-27T00:00:00,EURGBP,63,0.90055695591417384,0.62304325335811483,success,64,90.178440510079852,87.975012157274335,false,false,39.251724961561237,0.46183118610835899,,,
2011-01-28T00:00:00,EURGBP,63,0.90902572209106491,0.60734526507246844,success,64,90.010991962998844,87.70919537831135,false,false,38.262751699565513,0.49432306329760811,,,
2011-01-31T00:00:00,EURGBP,63,0.92252283965159376,0.63572446453518394,success,64,90.06467740745029,87.587548461155521,false,false,40.050641265716585,14.825470273633837,,,
2011-02-01T00:00:00,EURGBP,63,0.90711117500063543,0.61979292586300905,success,64,90.043161922423678,87.764300253340664,false,false,39.046954329369569,14.923118034503492,,,
2011-02-02T00:00:00,EURGBP,63,0.88498623040603575,0.60386059078993659,success,64,90.202395668542238,88.161875439313789,false,false,38.043217219766007,15.12905050896296,,,
2011-02-03T00:00:00,EURGBP,63,0.90119760310502317,0.58801897460114105,success,64,90.211670020376431,88.001067336022459,false,false,37.045195399871886,15.923858730667575,,,
2011-02-04T00:00:00,EURGBP,63,0.86877497149994154,0.53117049262914473,success,64,90.180297765484923,88.290127249169444,false,false,33.463741035636119,0.61193236110508575,,,
2011-02-07T00:00:00,EURGBP,63,0.83868969502655577,0.51073304049597579,success,64,90.180865177489409,88.532354260508015,false,false,32.176181551246472,0.58286087315931401,,,
2011-02-08T00:00:00,EURGBP,63,0.85820710571580194,0.54048997319394276,success,64,90.421491401692037,88.621013451390539,false,false,34.050868311218395,13.206815704010536,,,
2011-02-09T00:00:00,EURGBP,63,0.87112098977003705,0.48604673566722401,success,64,90.173482863495778,88.26257604631391,false,false,30.620944347035113,0.66706498448754736,,,
2011-02-10T00:00:00,EURGBP,63,0.77977813428202891,0.28325147826751024,success,64,90.308542871070401,89.044168953790304,false,false,17.844843130853146,1.2383715583458792,,,
2011-02-11T00:00:00,EURGBP,63,0.80997068014302553,0.26716034907534336,success,64,90.325204539887082,88.87538486552188,false,false,16.831101991746632,1.2495229182397734,,,
2011-02-14T00:00:00,EURGBP,63,0.88659162474916353,0.47691783639537372,success,64,90.407367381088591,88.350978149698065,false,false,30.045823692908545,14.886852815372913,,,
2011-02-15T00:00:00,EURGBP,63,0.84594627826595925,0.41643274536959213,success,64,90.284444403894383,88.581289931183179,false,false,26.235262958284306,0.6045812138376232,,,
2011-02-16T00:00:00,EURGBP,63,0.85992141454651227,0.3926941985186872,success,64,90.449935091097629,88.635297674252939,false,false,24.739734506677294,0.49315805864811707,,,
2011-02-17T00:00:00,EURGBP,63,0.5539164443418344,0.66750877476225345,success,64,90.483330279437908,90.266822705551448,false,false,42.053052810021967,2.0985857341175431,,,
2011-02-18T00:00:00,EURGBP,63,0.83730537781477166,0.33174760905365658,success,64,90.52245172925393,88.884137837374269,false,false,20.900099370380364,0.37746137785491785,,,
2011-02-21T00:00:00,EURGBP,63,0.82467213721183785,0.33628415734295491,success,64,90.570157173289587,89.021828998138034,false,false,21.185901912606159,0.46629365189838184,,,
2011-02-22T00:00:00,EURGBP,63,0.67240496462874011,0.74312953576970664,success,64,90.55199069482164,89.832908107188658,false,false,46.817160753491521,1.1916662027672258,,,
2011-02-23T00:00:00,EURGBP,63,0.69289468605628501,0.72513869513074825,success,64,90.544771363583109,89.731084075037913,false,false,45.683737793237142,1.1943333108536311,,,
2011-02-24T00:00:00,EURGBP,63,0.61310541507987582,0.47594878942457503,success,64,90.411986672707229,89.951602051220405,false,false,29.984773733748227,33.908839129771771,,,
2011-02-25T00:00:00,EURGBP,63,0.57816025458742071,0.45351535677218857,success,64,90.654066484576191,90.338840888966274,false,false,28.571467476647879,24.059312217911078,,,
2011-02-28T00:00:00,EURGBP,63,0.73452964773539153,0.62659880290214831,success,64,90.353335445207421,89.33560825278775,false,false,39.47572458283534,33.397446925371646,,,
2011-03-01T00:00:00,EURGBP,63,0.58301374625638447,0.51669967950866691,success,64,90.508291153216504,90.173133645271463,false,false,32.552079809046013,25.385088419339588,,,
2011-03-02T00:00:00,EURGBP,63,0.58966749925481554,0.47566840785654413,success,64,90.573032643008275,90.210441634014643,false,false,29.967109694962279,17.248517029623304,,,
2011-03-03T00:00:00,EURGBP,63,0.69770965929659801,0.39343602032388431,success,64,90.469823078020653,89.633407971277308,false,false,24.78646928040471,20.498783035519025,,,
2011-03-04T00:00:00,EURGBP,63,0.59375521370218842,0.44377252662498529,success,64,90.514181406256114,90.134670169806839,false,false,27.957669177374072,13.750015025823462,,,
2011-03-07T00:00:00,EURGBP,63,0.58401434355942161,0.42767569012816381,success,64,90.546190022724616,90.206915259265259,false,false,26.943568478074319,13.36381508341211,,,
2011-03-08T00:00:00,EURGBP,63,0.5953614306656777,0.41168279969788962,success,64,90.575407427039551,90.189233006682684,false,false,25.936016380967047,15.813569196480957,,,
2011-03-09T00:00:00,EURGBP,63,0.72504244192231759,0.51563251289099765,success,64,90.564280296471225,89.594666854240316,false,false,32.484848312132854,33.056598093914459,,,
2011-03-10T00:00:00,EURGBP,63,0.89315242741041523,0.76125429954067159,success,64,90.452847184609567,88.329493190491036,false,false,47.959020871062307,28.797062611946707,,,
2011-03-11T00:00:00,EURGBP,63,0.87553416092669867,0.74570356182738229,success,64,90.568810228326853,88.618007351900431,false,false,46.979324395125083,31.071941803980121,,,
2011-03-14T00:00:00,EURGBP,63,0.71672245084862485,0.5863900035502535,success,64,90.581437290073836,89.653175778339758,false,false,36.942570223665967,26.219880030233899,,,
2011-03-15T00:00:00,EURGBP,63,0.7788127126461144,0.4524429912592966,success,64,90.533318939136336,89.274558139115641,false,false,28.503908449335686,29.006134762559377,,,
2011-03-16T00:00:00,EURGBP,63,0.69848522552669101,0.3425940625553216,success,64,90.526378472864423,89.686283464301496,false,false,21.583425940985261,29.749661213293152,,,
2011-03-17T00:00:00,EURGBP,63,0.74175482058877629,0.33309735203978202,success,64,90.495310538693062,89.440201222063678,false,false,20.985133178506267,70.034396799331674,,,
2011-03-18T00:00:00,EURGBP,63,0.76020365698669334,0.31072436234859824,success,64,90.488077647148586,89.334281272370461,false,false,19.575634827961689,28.780020443425684,,,
2011-03-21T00:00:00,EURGBP,63,0.9590225569414893,0.65019472213938867,success,64,90.527604521512686,87.37471167159147,false,false,40.962267494781486,34.831250240039076,,,
2011-03-22T00:00:00,EURGBP,63,0.95234526968369237,0.63409676628354539,success,64,90.474574699735683,87.479628949745646,false,false,39.948096275863357,21.574836107708155,,,
2011-03-23T00:00:00,EURGBP,63,0.91542176052215019,0.35710321504202691,success,64,90.503148806039889,88.121440923455864,false,false,22.497502547647695,33.417873233734127,,,
2011-03-24T00:00:00,EURGBP,63,0.81599473957479707,0.4591752673147651,success,64,90.515683594620043,89.026240032743956,false,false,28.9280418408302,16.889473238537942,,,
2011-03-25T00:00:00,EURGBP,63,0.84913355202478469,0.44299479410880799,success,64,90.588575507944384,88.860754023872758,false,false,27.908672028854902,15.632421301568714,,,
2011-03-28T00:00:00,EURGBP,63,0.88395785447841502,0.42711703973749821,success,64,90.587198476389531,88.556742539400133,false,false,26.908373503462386,17.01241944307132,,,
2011-03-29T00:00:00,EURGBP,63,0.91800608725073718,0.41119206140504677,success,64,90.554553399111171,88.138994387264205,false,false,25.905099868517947,16.315987243358901,,,
2011-03-30T00:00:00,EURGBP,63,0.9201265250392654,0.29777487725654328,success,64,90.414011031191734,87.96994366308013,false,false,18.759817267162227,3.5114529658707081,,,
2011-03-31T00:00:00,EURGBP,63,0.81988310219378568,0.64765343093183891,success,64,90.373364016571216,88.857808317132665,false,false,40.802166148705851,2.0117028897175193,,,
2011-04-01T00:00:00,EURGBP,63,0.93745309135346133,2.6907590199343085e-06,success,64,90.109553497334417,87.40230359020525,false,false,0.00016951781825586145,0.049295385290876591,,,
2011-04-04T00:00:00,EURGBP,63,0.912624785239046,0.69060546155532665,success,64,90.367054867147459,88.020941698566645,false,false,43.508144077985577,0.2329664999258507,,,
2011-04-05T00:00:00,EURGBP,63,0.87723768174463201,0.49185605644142616,success,64,90.463924867922273,88.497397009481489,false,false,30.986931555809846,1.0092133264498628,,,
2011-04-06T00:00:00,EURGBP,63,0.85095451192892313,0.45991721165497357,success,64,90.81206486994212,89.069957743711697,false,false,28.974784334263333,27.819850213576416,,,
2011-04-07T00:00:00,EURGBP,63,0.77202198539918032,0.44397974539725971,success,64,90.812066928201986,89.59230309720202,false,false,27.97072396002736,25.917039368502149,,,
2011-04-08T00:00:00,EURGBP,63,0.66125804148783129,0.28112159729862635,success,64,90.812066266273575,90.14316075533749,false,false,17.710660629813461,17.547800026558324,,,
2011-04-11T00:00:00,EURGBP,63,0.80229973755147499,0.412482061279075,success,64,90.812066237665348,89.411336019710646,false,false,25.986369860581725,40.819701149184425,,,
2011-04-12T00:00:00,EURGBP,63,0.79719843894216036,0.39669509554435378,success,64,90.812068678300378,89.443193017350836,false,false,24.99179101929429,67.218726863608936,,,
2011-04-13T00:00:00,EURGBP,63,0.72940399788532684,0.38053125968045504,success,64,90.812067508501812,89.820466690558334,false,false,23.973469359868666,17.136999467844781,,,
2011-04-14T00:00:00,EURGBP,63,0.76669209703108976,0.36494221972954266,success,64,90.812067108418603,89.622340878838685,false,false,22.991359842961188,59.077949945284971,,,
2011-04-15T00:00:00,EURGBP,63,0.71507961081471128,0.34904711578919773,success,64,90.812066269013243,89.891882193775757,false,false,21.989968294719457,44.488802028044688,,,
2011-04-18T00:00:00,EURGBP,63,0.83226287686865319,0.59237389257482409,success,64,90.812066489106812,89.210316151063097,false,false,37.319555232213915,0.22561024315709372,,,
2011-04-19T00:00:00,EURGBP,63,0.80618182165294339,0.57103225778421218,success,64,90.812066384197522,89.386677576532236,false,false,35.975032240405369,0.22052356051872443,,,
2011-04-20T00:00:00,EURGBP,63,0.82906622057379908,0.55595719237213626,success,64,90.81206709027002,89.233043284942681,false,false,35.025303119444587,0.20207441353773303,,,
2011-04-21T00:00:00,EURGBP,63,0.81376620008589207,0.53907952625629751,success,64,90.812066303719931,89.337396075605383,false,false,33.962010154146746,0.1978816425939611,,,
2011-04-22T00:00:00,EURGBP,63,0.72019070307191213,0.26940274460438851,success,64,90.812066234090622,89.866658480501087,false,false,16.972372910076476,16.789406882734795,,,
2011-04-25T00:00:00,EURGBP,63,0.6896529970850751,0.60360137038644979,success,64,90.812066341765728,90.013568809147543,false,false,38.026886334346337,14.011142968924489,,,
2011-04-26T00:00:00,EURGBP,63,0.68291749694066517,0.58763827296688742,success,64,90.81206626503733,90.044854209903519,false,false,37.02121119691391,17.424690544096897,,,
2011-04-27T00:00:00,EURGBP,63,0.64632313610019876,0.57179914712663427,success,64,90.812066239873502,90.209150332896286,false,false,36.02334626897796,13.051071731857407,,,
2011-04-28T00:00:00,EURGBP,63,0.75127998452272338,0.46035756556746404,success,64,90.812066613533958,89.706616043617018,false,false,29.002526630750236,0.31741263875988995,,,
2011-04-29T00:00:00,EURGBP,63,0.75547402925531437,0.44417448656390246,success,64,90.812066527130028,89.684042644668807,false,false,27.982992653525855,0.30990554224044925,,,
2011-05-02T00:00:00,EURGBP,63,0.76261685169537841,0.42058280127660952,success,64,90.812066371082949,89.644986121478624,false,false,26.4967164804264,0.29407095016263485,,,
2011-05-03T00:00:00,EURGBP,63,0.64091346971174001,0.50828185717379548,success,64,90.812066210565959,90.232735146295497,false,false,32.021757001949112,14.102404016888853,,,
2011-05-04T00:00:00,EURGBP,63,0.70583531341604133,0.49240861524995944,success,64,90.812066244313286,89.936824070104478,false,false,31.021742760747443,19.342241266397863,,,
2011-05-05T00:00:00,EURGBP,63,0.80244259061699108,0.47652388023613224,success,64,90.812067579921347,89.410436488170234,false,false,30.02100445487633,26.328253682618733,,,
2011-05-06T00:00:00,EURGBP,63,0.93437946820641604,0.99999678368651168,success,64,90.778559406762838,88.122565399807144,false,false,62.999797372250235,0.073592440808119539,,,
2011-05-09T00:00:00,EURGBP,63,0.9372759935558016,0.74624388563170441,success,64,90.807762090392018,88.103528553563095,false,false,47.013364794797376,19.921136874926123,,,
2011-05-10T00:00:00,EURGBP,63,0.93539715323825467,0.73046669972843725,success,64,90.763936637514675,88.091223912927404,false,false,46.019402082891546,12.871622549423078,,,
2011-05-11T00:00:00,EURGBP,63,0.96240030273693256,0.5716725402751125,success,64,90.810954478586808,87.568519998211102,false,false,36.01537003733209,49.140775825163232,,,
2011-05-12T00:00:00,EURGBP,63,0.95622643944881514,0.55651116349182583,success,64,90.812071724627856,87.72810697300983,false,false,35.060203299985027,14.197410333243436,,,
2011-05-13T00:00:00,EURGBP,63,0.9598435336297515,0.54015856088548164,success,64,90.812066345932806,87.638079543280497,false,false,34.029989335785345,29.016680262073002,,,
2011-05-16T00:00:00,EURGBP,63,0.96638092575657841,0.39702522213670999,success,64,90.812066242665765,87.453601744813398,false,false,25.012588994612731,74.223762212176581,,,
2011-05-17T00:00:00,EURGBP,63,0.97170286036518461,0.34974485360295954,success,64,90.812066554519376,87.275777222573495,false,false,22.03392577698645,30.023488274454259,,,
2011-05-18T00:00:00,EURGBP,63,0.96657215447098155,0.33363834900498673,success,64,90.812067781996689,87.447701081829791,false,false,21.019215987314166,52.405658814761914,,,
2011-05-19T00:00:00,EURGBP,63,0.94510488093336353,0.47637043536725626,success,64,90.81206624185765,87.966194774080705,false,false,30.011337428137143,73.617367588020898,,,
2011-05-20T00:00:00,EURGBP,63,0.92400397137809631,0.60325181116399451,success,64,90.812066239856819,88.314030954142169,false,false,38.004864103331656,158.13285666686019,,,
2011-05-23T00:00:00,EURGBP,63,0.95382706297009812,0.76193749305957748,success,64,90.81206627760514,87.78397774618081,false,false,48.002062062753382,457.72240267856751,,,
2011-05-24T00:00:00,EURGBP,63,0.8616086570772068,0.57151091925931352,success,64,90.812066231236358,88.983350547860439,false,false,36.005187913336755,123.95308782635593,,,
2011-05-25T00:00:00,EURGBP,63,0.93451116326045869,0.73508235793092092,success,64,90.812066303569566,88.153922427699953,false,false,46.310188549648018,21.03238991026873,,,
2011-05-26T00:00:00,EURGBP,63,0.91300616182026184,0.71449404892794466,success,64,90.812066387021218,88.461161048093444,false,false,45.013125082460512,77.596880922327372,,,
2011-05-27T00:00:00,EURGBP,63,0.84377897646706501,0.52779674052426473,success,64,90.81206626893767,89.125447506890566,false,false,33.251194653028676,13.820492964468254,,,
2011-05-30T00:00:00,EURGBP,63,0.87613380152256137,0.21339302787963035,success,64,90.812066277510596,88.855749395254449,false,false,13.443760756416712,10.378266414260311,,,
2011-05-31T00:00:00,EURGBP,63,0.8710580357240616,0.19086298164208365,success,64,90.812066582301966,88.901720390325224,false,false,12.02436784345127,36.696602713254386,,,
2011-06-01T00:00:00,EURGBP,63,0.90851622408113086,0.65133205642340941,success,64,90.812066237626567,88.516415136050483,false,false,41.033919554674796,27.095932649310082,,,
2011-06-02T00:00:00,EURGBP,63,0.91095944728390177,0.63536173100551208,success,64,90.812066247303093,88.48665977999255,false,false,40.027789053347263,29.372120911371738,,,
2011-06-03T00:00:00,EURGBP,63,0.9246907534549077,0.58433399463879576,success,64,90.812066259738046,88.304209822063086,false,false,36.813041662244132,0.91796712366779121,,,
2011-06-06T00:00:00,EURGBP,63,0.90343967238832257,0.56648624648904533,success,64,90.81206623198446,88.576024864809696,false,false,35.688633528809859,0.90359159136474876,,,
2011-06-07T00:00:00,EURGBP,63,0.88327944114920276,0.54856945083531461,success,64,90.8120666881223,88.788207761855077,false,false,34.559875402624819,0.88428673984932582,,,
2011-06-08T00:00:00,EURGBP,63,0.84165352981818642,0.53206393838182264,success,64,90.812066270326227,89.141483307037589,false,false,33.520028118054825,0.88504503951950997,,,
2011-06-09T00:00:00,EURGBP,63,0.84878878534568047,0.51505715812519448,success,64,90.812066284480593,89.086933541620894,false,false,32.448600961887252,0.88440965988799536,,,
2011-06-10T00:00:00,EURGBP,63,0.72358658628659778,0.36517001386624282,success,64,90.812028810910803,89.849706215825037,false,false,23.005710873573296,17.336494765382728,,,
2011-06-13T00:00:00,EURGBP,63,0.71698342497922729,0.3492677070524885,success,64,90.809901047564594,89.880353789322101,false,false,22.003865544306777,28.409715552278968,,,
2011-06-14T00:00:00,EURGBP,63,0.67856795399483094,0.33340190197436503,success,64,90.811511877540511,90.064313405887503,false,false,21.004319824384996,12.540567126947433,,,
2011-06-15T00:00:00,EURGBP,63,0.65072164298119728,0.31747408424753665,success,64,90.812066277114468,90.189853498974102,false,false,20.00086730759481,73.930233214833166,,,
2011-06-16T00:00:00,EURGBP,63,0.61087048712756853,0.30159499731974893,success,64,90.812066713950458,90.361093972124351,false,false,19.000484831144181,494.69422622173715,,,
2011-06-17T00:00:00,EURGBP,63,0.5884979994809344,0.28579592169805895,success,64,90.812066228290774,90.454306582582944,false,false,18.005143066977713,38.664117340806172,,,
2011-06-20T00:00:00,EURGBP,63,0.7371466096844056,0.38519123969260333,success,64,90.812066254314729,89.780875879722785,false,false,24.26704810063401,0.71522959972352651,,,
2011-06-21T00:00:00,EURGBP,63,0.8272128086092756,0.57142244597464442,success,64,90.812066336953507,89.24606507875005,false,false,35.999614096402595,1585.796955766355,,,
2011-06-22T00:00:00,EURGBP,63,0.883849442944319,0.55706917287396918,success,64,90.811030945796418,88.781631466282491,false,false,35.095357891060061,4.6615156690045119,,,
2011-06-23T00:00:00,EURGBP,63,0.88598555371298693,0.54024811353313817,success,64,90.812042200954536,88.761666717728602,false,false,34.035631152587705,4.501981922946249,,,
2011-06-24T00:00:00,EURGBP,63,0.92952899209506656,0.61743907448198609,success,64,90.811784626261314,88.232308018367831,false,false,38.898661692365124,16.114417152206165,,,
2011-06-27T00:00:00,EURGBP,63,0.86671545664156791,0.76184301151275124,success,64,90.812066288461551,88.939841825241061,false,false,47.996109725303327,200.66436106536125,,,
2011-06-28T00:00:00,EURGBP,63,0.8772271874426536,0.74248919542388792,success,64,90.79943700625293,88.833006591841297,false,false,46.776819311704941,2.5214686888736448,,,
2011-06-29T00:00:00,EURGBP,63,0.9366450788236409,0.5714090424944962,success,64,90.797437784715882,88.103885944932969,false,false,35.998769677153263,599.35956096196946,,,
2011-06-30T00:00:00,EURGBP,63,0.94647668563384846,0.47115336121340312,success,64,90.798275559223185,87.925646562586621,false,false,29.682661756444396,1.6344190657178537,,,
2011-07-01T00:00:00,EURGBP,63,0.96566482403098708,0.44400635223765078,success,64,90.810063979895403,87.473417546066543,false,false,27.972400190971999,6.1578883247721725,,,
2011-07-04T00:00:00,EURGBP,63,0.95759836144504473,0.43922826481503902,success,64,90.768744535587842,87.651503099106634,false,false,27.671380683347458,1.6776538359549833,,,
2011-07-05T00:00:00,EURGBP,63,0.93336634730711576,0.6625303291079081,success,64,90.748379351549133,88.108791318181176,false,false,41.739410733798209,2.5411573163099348,,,
2011-07-06T00:00:00,EURGBP,63,0.94852630142991012,0.64635005818059921,success,64,90.677214762773687,87.763376214121323,false,false,40.720053665377748,2.5747299666262609,,,
2011-07-07T00:00:00,EURGBP,63,0.95705596996643516,0.39062969341272241,success,64,90.680253073149899,87.576288839308475,false,false,24.609670685001511,1.6832646577105237,,,
2011-07-08T00:00:00,EURGBP,63,0.84969697128268129,0.61937463522474923,success,64,90.766008870071232,89.033782536225374,false,false,39.020602019159199,1.4276788697707159,,,
2011-07-11T00:00:00,EURGBP,63,0.89171870537612663,0.35980643869376433,success,64,90.565599425607175,88.457181116413636,false,false,22.667805637707154,1.5945745463515257,,,
2011-07-12T00:00:00,EURGBP,63,0.89034013421988034,0.42793575777930309,success,64,90.482967642185528,88.388747525199449,false,false,26.959952740096096,15.125545875540981,,,
2011-07-13T00:00:00,EURGBP,63,0.89833885735622221,0.41194221419651744,success,64,90.578471431917961,88.399569239883036,false,false,25.952359494380598,13.484337034523875,,,
2011-07-14T00:00:00,EURGBP,63,0.879429603984204,0.59808042073232148,success,64,90.678748315695969,88.691708577326054,false,false,37.679066506136252,0.15073888573673105,,,
2011-07-15T00:00:00,EURGBP,63,0.90656522716253496,0.29457362139873383,success,64,90.588777529222867,88.316378122801467,false,false,18.558138148120232,1.5956936173662897,,,
2011-07-18T00:00:00,EURGBP,63,0.70125979805739969,0.67984410658869299,success,64,90.660633354383663,89.807329231233041,false,false,42.830178715087655,1.5469087648130522,,,
2011-07-19T00:00:00,EURGBP,63,0.65944092991743375,0.71564316122686022,success,64,90.562672541046823,89.901868731842811,false,false,45.085519157292197,0.99666194134813357,,,
2011-07-20T00:00:00,EURGBP,63,0.89461824489593278,0.49050495984941495,success,64,90.563621007065592,88.424813441445409,false,false,30.901812470513143,1.6397812491081429,,,
2011-07-21T00:00:00,EURGBP,63,0.91453922777664609,0.4739195412434738,success,64,90.538719029155942,88.168356133172438,false,false,29.856931098338848,1.630874956146015,,,
2011-07-22T00:00:00,EURGBP,63,0.93350029318134087,0.45733805284252338,success,64,90.603561372954601,87.961817634816214,false,false,28.812297329078973,1.7771054129945922,,,
2011-07-25T00:00:00,EURGBP,63,0.94475321544569479,0.44110394291388993,success,64,90.631332931113135,87.792219325993059,false,false,27.789548403575065,1.8538255891494106,,,
2011-07-26T00:00:00,EURGBP,63,0.98465872204718907,0.1709813978347324,success,64,90.624982631043807,86.463234625983659,false,false,10.771828063588142,2.6212021751433343,,,
2011-07-27T00:00:00,EURGBP,63,0.97966067343954721,0.25286604821962744,success,64,90.589730544511923,86.715080565348543,false,false,15.930561037836529,14.508279479866244,,,
2011-07-28T00:00:00,EURGBP,63,0.99063858665745641,0.13752941710093194,success,64,90.449670242033093,85.78791674704911,false,false,8.6643532773587122,2.5402761082531033,,,
2011-07-29T00:00:00,EURGBP,63,0.8591043967716413,0.58578385929352783,success,64,90.610299386722374,88.802428152719386,false,false,36.904383135492253,8.3049994133076392,,,
2011-08-01T00:00:00,EURGBP,63,0.96085943038617883,0.35730527264907164,success,64,90.256339835840279,87.055671226983335,false,false,22.510232176891513,4.926450115089823,,,
2011-08-02T00:00:00,EURGBP,63,0.97188351728140787,0.3408346802291326,success,64,90.110466205705052,86.567586224601655,false,false,21.472584854435354,4.560568340332293,,,
2011-08-03T00:00:00,EURGBP,63,0.94985951541362168,0.32377524642337563,success,64,90.812066307102938,87.870580969305379,false,false,20.397840524672663,8.065505991412401,,,
2011-08-04T00:00:00,EURGBP,63,0.84840481781443899,0.31736579817988381,success,64,90.81206626445595,89.089922055999892,false,false,19.994045285332678,103.80764952749038,,,
2011-08-05T00:00:00,EURGBP,63,0.8673354498982464,0.30152270092981814,success,64,90.812073241495511,88.934471193263207,false,false,18.995930158578542,161.33862460682113,,,
2011-08-08T00:00:00,EURGBP,63,0.8840339614541004,0.28549723769713059,success,64,90.812066233546844,88.780868130797131,false,false,17.986325974919229,50.933713984789989,,,
2011-08-09T00:00:00,EURGBP,63,0.62024557843106165,0.26781646218472166,success,64,90.399592472019691,89.909001762937464,false,false,16.872437117637464,11.828403570455611,,,
2011-08-10T00:00:00,EURGBP,63,0.77733668239463671,0.57143380502736452,success,64,90.812066341372557,89.561853618242608,false,false,36.000329716723968,887.45564834793515,,,
2011-08-11T00:00:00,EURGBP,63,0.77569417202474222,0.65858648482389748,success,64,90.543430159594493,89.302682249444572,false,false,41.490948543905539,28.502388738995215,,,
2011-08-12T00:00:00,EURGBP,63,0.78501451363999719,0.64386701897914278,success,64,90.58247454726235,89.287342861484248,false,false,40.563622195685994,34.913003244456164,,,
2011-08-15T00:00:00,EURGBP,63,0.62486966270256761,0.52388313948578535,success,64,90.812066383614976,90.301796827011671,false,false,33.00463778760448,44.289808151570575,,,
2011-08-16T00:00:00,EURGBP,63,0.63123207251139013,0.50798630346845808,success,64,90.812066331226831,90.274560274413034,false,false,32.003137118512861,70.239623523440898,,,
2011-08-17T00:00:00,EURGBP,63,0.61058008904870864,0.49227336790793108,success,64,90.812066334046605,90.362315087124358,false,false,31.013222178199658,12.357058588575889,,,
2011-08-18T00:00:00,EURGBP,63,0.61025077294485197,0.48093944798013855,success,64,90.812066306626207,90.363699855505104,false,false,30.299185222748729,11.827185287972984,,,
2011-08-19T00:00:00,EURGBP,63,0.67799623467172254,0.46031978994398859,success,64,90.81206630421805,90.067487808916724,false,false,29.000146766471282,2179.562008272072,,,
2011-08-22T00:00:00,EURGBP,63,0.6449346655138668,0.44452100190878641,success,64,90.812066228173165,90.215219023632898,false,false,28.004823120253544,52.983777727254832,,,
2011-08-23T00:00:00,EURGBP,63,0.79056453366994395,0.77791835052210034,success,64,90.812066268969758,89.483734634429652,false,false,49.008856082892322,68.297532999888773,,,
2011-08-24T00:00:00,EURGBP,63,0.7888597301938477,0.76210047651864177,success,64,90.812066229703547,89.49400040483458,false,false,48.012330020674433,47.58390244304487,,,
2011-08-25T00:00:00,EURGBP,63,0.7584532922467544,0.74618096625821884,success,64,90.812066216532273,89.667847859985201,false,false,47.00940087426779,56.519865361707559,,,
2011-08-26T00:00:00,EURGBP,63,0.83600268753565343,0.60357689213802479,success,64,90.81206631553421,89.183284527976511,false,false,38.025344204695564,0.37689687554094237,,,
2011-08-29T00:00:00,EURGBP,63,0.72979350192818615,0.71441229938035322,success,64,90.812066222169122,89.818491076469485,false,false,45.00797486096225,59.742598290343629,,,
2011-08-30T00:00:00,EURGBP,63,0.79018002140460353,0.56797144572145308,success,64,90.812069488408042,89.486058612000093,false,false,35.782201080451543,0.39331363868115987,,,
2011-08-31T00:00:00,EURGBP,63,0.75514724606633488,0.56194085167803576,success,64,90.812066289597723,89.685810556978566,false,false,35.40227365571625,0.39569486592102437,,,
2011-09-01T00:00:00,EURGBP,63,0.85486493154729559,0.015888455927585258,success,64,90.812066326712937,89.038787660461935,false,false,1.0009727234378711,1.7854337857885252,,,
2011-09-02T00:00:00,EURGBP,63,0.70213306269169407,0.65090399309624958,success,64,90.812066307692731,89.954590241321426,false,false,41.006951565063723,62.444496463378869,,,
2011-09-05T00:00:00,EURGBP,63,0.6711181416330857,0.63511508846435538,success,64,90.812066270016871,90.098819673702081,false,false,40.012250573254391,31.693320039890374,,,
2011-09-06T00:00:00,EURGBP,63,0.67232388116022346,0.61924606656799464,success,64,90.812067627244858,90.093353114797694,false,false,39.012502193783661,30.516977633012814,,,
2011-09-07T00:00:00,EURGBP,63,0.65130164492236464,0.60340513994623468,success,64,90.812066277186048,90.187300622409182,false,false,38.014523816612787,23.404829226669051,,,
2011-09-08T00:00:00,EURGBP,63,0.75009134727276816,0.58751438411987222,success,64,90.812066517680449,89.712966984203291,false,false,37.013406199551952,36.35103699807491,,,
2011-09-09T00:00:00,EURGBP,63,0.82495092000183556,0.57159022923153924,success,64,90.812066444468144,89.261808942545116,false,false,36.010184441586972,58.198210615596722,,,
2011-09-12T00:00:00,EURGBP,63,0.78834950558312011,0.55570843344980903,success,64,90.812066311274805,89.497061087721463,false,false,35.009631307337969,55.895064275982278,,,
2011-09-13T00:00:00,EURGBP,63,0.82995306967978055,0.53980637973944789,success,64,90.812066399636834,89.226771702658951,false,false,34.00780192358522,76.007994504705636,,,
2011-09-14T00:00:00,EURGBP,63,0.83607521247373173,0.52402327943233074,success,64,90.811880826138562,89.182569960011364,false,false,33.013466604236839,36.177642878185893,,,
2011-09-15T00:00:00,EURGBP,63,0.86018040328104062,0.50827749430046931,success,64,90.779872611789074,88.963083470075858,false,false,32.021482140929564,23.870649096264628,,,
2011-09-16T00:00:00,EURGBP,63,0.85755220505285445,0.49280012352695401,success,64,90.809548222649383,89.014441746271913,false,false,31.046407782198102,19.239149289773657,,,
2011-09-19T00:00:00,EURGBP,63,0.81305033968990559,0.47656957160439334,success,64,90.812051486613043,89.342097844956413,false,false,30.02388301107678,21.932528750385973,,,
2011-09-20T00:00:00,EURGBP,63,0.82551779784941637,0.4607495396869784,success,64,90.809872884723632,89.255684804546178,false,false,29.027221000279638,17.300312729182199,,,
2011-09-21T00:00:00,EURGBP,63,0.80525018030834095,0.44479969558612403,success,64,90.811585694152384,89.392148440930413,false,false,28.022380821925815,21.627868117880592,,,
2011-09-22T00:00:00,EURGBP,63,0.96072899578286486,0.73226168885132537,success,64,90.800672432780502,87.603466506269967,false,false,46.1324863976335,0.50180494908353168,,,
2011-09-23T00:00:00,EURGBP,63,0.93859867188717772,0.80980016513579678,success,64,90.812066302606709,88.085109779661963,false,false,51.017410403555196,686.557743755557,,,
2011-09-26T00:00:00,EURGBP,63,0.90236054495265339,0.76343039668476642,success,64,90.812066231116404,88.588333737942321,false,false,48.096114991140283,14.1187404501035,,,
2011-09-27T00:00:00,EURGBP,63,0.58406761400756746,0.49207069908668638,success,64,90.812066288975487,90.472572248817926,false,false,31.000454042461243,193.32749012684926,,,
2011-09-28T00:00:00,EURGBP,63,0.87101066773271707,0.52379814850521833,success,64,90.812066292326151,88.902141773204448,false,false,32.999283355828751,706.06257616507139,,,
2011-09-29T00:00:00,EURGBP,63,0.96189494129187092,0.64261985642354802,success,64,90.81206629185337,87.583508103598149,false,false,40.485050954683523,0.53699566487591488,,,
2011-09-30T00:00:00,EURGBP,63,0.73582825870084911,0.69864692884526003,success,64,90.812066265303997,89.787668944824617,false,false,44.014756517251385,31.533248928269675,,,
2011-10-03T00:00:00,EURGBP,63,0.83218439529349075,0.44720692485071528,success,64,90.812066296398285,89.210878036751041,false,false,28.174036265595063,101.67247658745092,,,
2011-10-04T00:00:00,EURGBP,63,0.76271326022195784,0.66698766603058568,success,64,90.812066205301576,89.644453332698134,false,false,42.020222959926897,24.642805676052149,,,
2011-10-05T00:00:00,EURGBP,63,0.93985622875830011,0.59524673469071365,success,64,90.77950086556389,88.030511833431746,false,false,37.500544285514962,0.50744594935111365,,,
2011-10-06T00:00:00,EURGBP,63,0.96405732217954432,0.58647726038434567,success,64,90.811731554656077,87.522506185633034,false,false,36.948067404213774,0.54254767443446061,,,
2011-10-07T00:00:00,EURGBP,63,0.93501202854349719,0.905078757532218,success,64,90.812066313267692,88.145709117564948,false,false,57.019961724529736,57.200954801323142,,,
2011-10-10T00:00:00,EURGBP,63,0.9629666897378143,0.9998675535136814,success,64,90.812066319467419,87.553865283357268,false,false,62.991655871361928,0.26933764666550081,,,
2011-10-11T00:00:00,EURGBP,63,0.97786844956932151,0.87318962906893993,success,64,90.812066284231577,87.02369534462575,false,false,55.010946631343216,112.01370400669403,,,
2011-10-12T00:00:00,EURGBP,63,0.9517786353440979,0.60343041553981702,success,64,90.812066285364239,87.829535976482958,false,false,38.016116179008471,53.457052989567266,,,
2011-10-13T00:00:00,EURGBP,63,0.92946928441289944,0.58756914651081227,success,64,90.812066309373918,88.23350084506059,false,false,37.016856230181176,47.002582799860861,,,
2011-10-14T00:00:00,EURGBP,63,0.91010487524468398,0.57163290688150992,success,64,90.812066314151394,88.497150184125914,false,false,36.012873133535123,57.867026082892849,,,
2011-10-17T00:00:00,EURGBP,63,0.88922758918649647,0.55635417162710743,success,64,90.812066246383054,88.729190781228411,false,false,35.050312812507769,14.047020021015614,,,
2011-10-18T00:00:00,EURGBP,63,0.86237001997483509,0.53984020765727225,success,64,90.812066243720892,88.976950587507559,false,false,34.009933082408153,66.26245898397859,,,
2011-10-19T00:00:00,EURGBP,63,0.83306396578073472,0.5239058059124474,success,64,90.812066764201134,89.204567045745122,false,false,33.006065772484185,101.2377735719096,,,
2011-10-20T00:00:00,EURGBP,63,0.80034465765878182,0.50812864455020734,success,64,90.8120663867997,89.423616521520231,false,false,32.012104606663065,46.993826795940933,,,
2011-10-21T00:00:00,EURGBP,63,0.76348828513819322,0.49249120954763631,success,64,90.812066256427514,89.640166216521536,false,false,31.026946201501087,19.323036868405765,,,
2011-10-24T00:00:00,EURGBP,63,0.71955310775590109,0.73065058545822514,success,64,90.812066319542495,89.869820358482599,false,false,46.030986883868181,14.504612664579653,,,
2011-10-25T00:00:00,EURGBP,63,0.687815293919252,0.71446180124102099,success,64,90.812066311613791,90.02214099717682,false,false,45.011093478184321,35.057361632497255,,,
2011-10-26T00:00:00,EURGBP,63,0.66210591813708786,0.69871811089890801,success,64,90.812066220606781,90.139373159385769,false,false,44.019240986631203,17.486698845128291,,,
2011-10-27T00:00:00,EURGBP,63,0.72544737469330034,0.68269138861977563,success,64,90.812066314678077,89.840420737485672,false,false,43.009557483045867,45.419892000317127,,,
2011-10-28T00:00:00,EURGBP,63,0.69734939404529306,0.66685266404948307,success,64,90.812066252674839,89.977358709308589,false,false,42.01171783511743,32.852791115005182,,,
2011-10-31T00:00:00,EURGBP,63,0.85177305103152834,0.6510568381148597,success,64,90.812066285186162,89.063490704092175,false,false,41.016580801236159,37.573127019187801,,,
2011-11-01T00:00:00,EURGBP,63,0.8191928306902837,0.63515390154433926,success,64,90.812066260746121,89.30117785853156,false,false,40.014695797293371,38.652205288926368,,,
2011-11-02T00:00:00,EURGBP,63,0.8214021400000846,0.61936923421359957,success,64,90.812066292403401,89.286190171863495,false,false,39.020261755456772,27.920821174226933,,,
2011-11-03T00:00:00,EURGBP,63,0.79068246193153213,0.60370297565746844,success,64,90.812066267808731,89.483022239277233,false,false,38.033287466420511,15.569190545998044,,,
2011-11-04T00:00:00,EURGBP,63,0.75505643116603094,0.58732138890805174,success,64,90.81206685254341,89.686302215545737,false,false,37.00124750120726,379.9158452997051,,,
2011-11-07T00:00:00,EURGBP,63,0.93165197273028122,0.55402781169098581,success,64,90.79544807887234,88.183101454311952,false,false,34.903752136532106,1.3623422008853825,,,
2011-11-08T00:00:00,EURGBP,63,0.91626423032246962,0.53656913252627003,success,64,90.802069542655929,88.409431000497918,false,false,33.803855349155015,1.3246446674716128,,,
2011-11-09T00:00:00,EURGBP,63,0.91877706070675258,0.54034060381667648,success,64,90.811751558013398,88.385905764972051,false,false,34.041458040450621,15.127017568466353,,,
2011-11-10T00:00:00,EURGBP,63,0.80731583710468557,0.52425504942900913,success,64,90.812066274479278,89.379403697654936,false,false,33.028068114027576,19.352987407657597,,,
2011-11-11T00:00:00,EURGBP,63,0.96451276888133874,0.48997530693964975,success,64,90.796967486868681,87.494517360729915,false,false,30.868444337197936,1.3583551345376168,,,
2011-11-14T00:00:00,EURGBP,63,0.95670493074042273,0.4742560094787624,success,64,90.808783096534299,87.713326834570523,false,false,29.878128597162032,1.4100174057271182,,,
2011-11-15T00:00:00,EURGBP,63,0.93631486380608997,0.47673686184715247,success,64,90.812022378166958,88.12402175989655,false,false,30.034422296370607,16.792245640146749,,,
2011-11-16T00:00:00,EURGBP,63,0.76766090869024606,0.6964499028325839,success,64,90.798659626850878,89.603509421388111,false,false,43.876343878452786,0.60965106706863226,,,
2011-11-17T00:00:00,EURGBP,63,0.70240438220035106,0.59504090511394958,success,64,90.788508928368401,89.929735224886173,false,false,37.487577022178826,1.6624966988840961,,,
2011-11-18T00:00:00,EURGBP,63,0.97717667685996668,0.40911265898995003,success,64,90.783882580964999,87.026998067028316,false,false,25.774097516366851,1.4359614852307505,,,
2011-11-21T00:00:00,EURGBP,63,0.96804536662384799,0.39225808938042939,success,64,90.793682562431357,87.382720799813114,false,false,24.712259630967051,1.3810357677870864,,,
2011-11-22T00:00:00,EURGBP,63,0.72010361736179695,0.54591108300573021,success,64,90.792495524175109,89.847519882189985,false,false,34.392398229361007,1.689241750503556,,,
2011-11-23T00:00:00,EURGBP,63,0.78669158785193771,0.6095204345462153,success,64,90.806633570135602,89.501536344618927,false,false,38.399787376411567,0.61070241094887689,,,
2011-11-24T00:00:00,EURGBP,63,0.79410499316562233,0.58995746352961864,success,64,90.810949521698475,89.461100199286875,false,false,37.167320202365971,0.60620511668442589,,,
2011-11-25T00:00:00,EURGBP,63,0.7853643472914873,0.4913705933164792,success,64,90.812017003734269,89.514811208991304,false,false,30.95634737893819,11.154410084689301,,,
2011-11-28T00:00:00,EURGBP,63,0.81843814290770533,0.47572913057213789,success,64,90.812066222740441,89.306264808576202,false,false,29.970935226044688,18.708515835821974,,,
2011-11-29T00:00:00,EURGBP,63,0.84046906503421415,0.46003921137588205,success,64,90.812066242617036,89.15034394892578,false,false,28.982470316680569,32.990885548256394,,,
2011-11-30T00:00:00,EURGBP,63,0.87018724131170855,0.44211369179651933,success,64,90.812066230854299,88.909450916882122,false,false,27.853162583180719,2.4447982272534694,,,
2011-12-01T00:00:00,EURGBP,63,0.86455049795240346,0.41386442593520367,success,64,90.812066240466294,88.958455416390805,false,false,26.073458833917833,10.179088603016599,,,
2011-12-02T00:00:00,EURGBP,63,0.89756840028342844,0.39777974135407546,success,64,90.812066233424517,88.641572159934256,false,false,25.060123705306754,10.770242709561861,,,
2011-12-05T00:00:00,EURGBP,63,0.91507369339458922,0.38201326342165481,success,64,90.812066273718131,88.434845571788671,false,false,24.066835595564253,10.696330047301721,,,
2011-12-06T00:00:00,EURGBP,63,0.93013130406557576,0.36552145253699886,success,64,90.81206625376997,88.223358198641279,false,false,23.027851509830928,13.435866985633659,,,
2011-12-07T00:00:00,EURGBP,63,0.87797303160787055,0.34966494695972994,success,64,90.812066236601481,88.838692431845956,false,false,22.028891658462985,13.47555972800807,,,
2011-12-08T00:00:00,EURGBP,63,0.82770030265021399,0.33398586929334978,success,64,90.812066586507811,89.242650837966252,false,false,21.041109765481036,12.509766033790049,,,
2011-12-09T00:00:00,EURGBP,63,0.87038328872221815,0.3176222791291527,success,64,90.812066522959398,88.907714567230016,false,false,20.010203585136619,14.675480213267404,,,
2011-12-12T00:00:00,EURGBP,63,0.829472350099555,0.30170715890360672,success,64,90.812066270845122,89.230173948063097,false,false,19.007551010927223,15.276885372300882,,,
2011-12-13T00:00:00,EURGBP,63,0.84558557939526224,0.28618346706176162,success,64,90.812066296302021,89.111676946515161,false,false,18.029558424890983,15.121142597849254,,,
2011-12-14T00:00:00,EURGBP,63,0.97434286629785738,0.50764778279794687,success,64,90.812066246211216,87.175124635718461,false,false,31.981810316270654,52.211932550569024,,,
2011-12-15T00:00:00,EURGBP,63,0.96570766833512667,0.60401237712732514,success,64,90.812066257138184,87.474126852051043,false,false,38.052779759021483,13.897390720019104,,,
2011-12-16T00:00:00,EURGBP,63,0.97856597043352866,0.58870958139451723,success,64,90.812066233641175,86.990957854824003,false,false,37.088703627854585,12.161689387734802,,,
2011-12-19T00:00:00,EURGBP,63,0.98740748536977463,0.57266604923998843,success,64,90.812066273665025,86.450086027437564,false,false,36.077961102119268,11.659992841863136,,,
2011-12-20T00:00:00,EURGBP,63,0.99371908506250084,0.44058182860391454,success,64,90.812066312966763,85.74812741740601,false,false,27.756655202046616,18.56975763891597,,,
2011-12-21T00:00:00,EURGBP,63,0.95513922989817224,0.19098523456340766,success,64,90.812066244229953,87.753772819632758,false,false,12.032069777494682,15.172323344606339,,,
2011-12-22T00:00:00,EURGBP,63,0.9960750589921531,0.54744904356757906,success,64,90.812066302594147,85.275595008688612,false,false,34.489289744757478,0.99782882161387954,,,
2011-12-23T00:00:00,EURGBP,63,0.9943100444025369,0.50853060453534582,success,64,90.812066303538344,85.64871967411797,false,false,32.037428085726788,13.942067871089984,,,
2011-12-26T00:00:00,EURGBP,63,0.99857536294210425,0.38075603707400502,success,64,90.812066233570107,84.259653692472625,false,false,23.987630335662317,103.84663295104296,,,
2011-12-27T00:00:00,EURGBP,63,0.99731646079118541,5.2730379282826859e-06,success,64,90.81206623359509,84.894134624568864,false,false,0.00033220138948180923,0.028969406391860041,,,
2011-12-28T00:00:00,EURGBP,63,0.99782000644953905,1.918734236930604e-05,success,64,90.812066300833195,84.685815313338964,false,false,0.0012088025692662805,0.039230721927093662,,,
2011-12-29T00:00:00,EURGBP,63,0.99618128792503668,0.44475555735697497,success,64,90.812066263086109,85.248050218694061,false,false,28.019600113489425,14.148825597773119,,,
2011-12-30T00:00:00,EURGBP,63,0.99602085792018291,0.31356179387793931,success,64,90.812066337622767,85.289364376796001,false,false,19.754393014310178,19.794652833870312,,,
2012-01-02T00:00:00,EURGBP,63,0.97213281198945056,0.062930010435256825,success,64,90.812066232498623,87.260023739283142,false,false,3.96459065742118,14.823147931195408,,,
2012-01-03T00:00:00,EURGBP,63,0.9975057456984453,0.2848303870418617,success,64,90.812066344059673,84.820798242611929,false,false,17.944314383637288,22.691076661756956,,,
2012-01-04T00:00:00,EURGBP,63,0.98922616414124953,0.38212965492660128,success,64,90.81206629505877,86.292263899163956,false,false,24.074168260375881,11.743543343282463,,,
2012-01-05T00:00:00,EURGBP,63,0.97833438384934535,0.36549226120962852,success,64,90.812014335671961,87.001889312994848,false,false,23.026012456206598,23.727488912038659,,,
2012-01-06T00:00:00,EURGBP,63,0.95127484046975264,0.38280487202037922,success,64,90.812066786663138,87.840459283807789,false,false,24.11670693728389,0.99625308318398986,,,
2012-01-09T00:00:00,EURGBP,63,0.95152820848849029,0.36690145620737824,success,64,90.812066253602922,87.834978931388889,false,false,23.114791741064828,1.0167034106983792,,,
2012-01-10T00:00:00,EURGBP,63,0.96702724943775542,0.34915841428150185,success,64,90.812066270719967,87.433521076124109,false,false,21.996980099734618,1.0339292418645005,,,
2012-01-11T00:00:00,EURGBP,63,0.97562612652225211,0.19023650858331273,success,64,90.812066321992901,87.122498675574988,false,false,11.984900040748702,72.322923651268795,,,
2012-01-12T00:00:00,EURGBP,63,0.95084847709000586,0.31807104447483869,success,64,90.812066360541792,87.849619471831986,false,false,20.038475801914839,0.87961175376420098,,,
2012-01-13T00:00:00,EURGBP,63,0.92817701556993781,0.30393982659022251,success,64,90.812066316877221,88.253048394982699,false,false,19.148209075184017,0.8188659157779774,,,
2012-01-16T00:00:00,EURGBP,63,0.90230538504717683,0.42426519183025696,success,64,90.812066297273958,88.58895970949699,false,false,26.728707085306187,0.11323106018123559,,,
2012-01-17T00:00:00,EURGBP,63,0.9496492213435539,0.26874439951627715,success,64,90.812066239619725,87.874987647822053,false,false,16.930897169525462,0.7615812941041965,,,
2012-01-18T00:00:00,EURGBP,63,0.94996325669011039,0.22393093381820936,success,64,90.812066281824016,87.868400576889698,false,false,14.107648830547189,10.078553975258973,,,
2012-01-19T00:00:00,EURGBP,63,0.99113899274721895,0.090118884784249328,success,64,90.812066283232681,86.094871947265673,false,false,5.6774897414077081,18.468622251751171,,,
2012-01-20T00:00:00,EURGBP,63,0.99361764127986951,0.071769503474306315,success,64,90.812066201722601,85.764251470171828,false,false,4.5214787188812977,26.132862710231144,,,
2012-01-23T00:00:00,EURGBP,63,0.99606963414506011,0.058265563192539879,success,64,90.812066252160008,85.276981597627341,false,false,3.6707304811300125,24.454664849854204,,,
2012-01-24T00:00:00,EURGBP,63,0.9983707914739639,0.041479574777202884,success,64,90.812066244996785,84.394035833188113,false,false,2.6132132109637816,22.214013080473112,,,
2012-01-25T00:00:00,EURGBP,63,0.97339753001668039,8.2223892864696071e-07,success,64,90.812066317291681,87.212277825368375,false,false,5.1801052504758524e-05,0.82414925500229352,,,
2012-01-26T00:00:00,EURGBP,63,0.99562807616701987,1.5873016256450783e-08,success,64,90.812066973278078,85.383896351545914,false,false,1.0000000241563994e-06,4.1426158988922825,,,
2012-01-27T00:00:00,EURGBP,63,0.89587762154291339,0.79693679613875534,success,64,90.81206641874391,88.65982952148407,false,false,50.20701815674159,3.2767981816286271,,,
2012-01-30T00:00:00,EURGBP,63,0.84036940458419063,0.62043195365478754,success,64,90.81206631568952,89.151087120403162,false,false,39.087213080251615,1.5734125258400196,,,
2012-01-31T00:00:00,EURGBP,63,0.87187342690061465,0.60528275765774397,success,64,90.812066309209058,88.894440676138814,false,false,38.132813732437867,1.6560594081912745,,,
2012-02-01T00:00:00,EURGBP,63,0.69156927475309249,0.3219586771858069,success,64,90.812067587618913,90.004601525757337,false,false,20.283396662705833,0.8463336929554196,,,
2012-02-02T00:00:00,EURGBP,63,0.79748868499821579,0.5715711588994099,success,64,90.812066247898784,89.441394362968026,false,false,36.008983010662824,1.6041563654409614,,,
2012-02-03T00:00:00,EURGBP,63,0.76228219193590185,0.5547371160242569,success,64,90.812066322043933,89.646833794081601,false,false,34.948438309528186,1.5830094033398505,,,
2012-02-06T00:00:00,EURGBP,63,0.71591496686119849,0.54026126411585551,success,64,90.812066269784026,89.88777847704992,false,false,34.036459639298897,11.160034159297259,,,
2012-02-07T00:00:00,EURGBP,63,0.83851998098200464,0.52472796760733265,success,64,90.812066256862025,89.164809260204578,false,false,33.057861959261956,1.6877108582026259,,,
2012-02-08T00:00:00,EURGBP,63,0.85139005838580661,0.50915975301940231,success,64,90.812066478046418,89.066521133395895,false,false,32.077064440222344,1.7097827850463565,,,
2012-02-09T00:00:00,EURGBP,63,0.83924960345079858,0.49295511186362867,success,64,90.812066238235673,89.159410904863648,false,false,31.056172047408605,1.7358992627996579,,,
2012-02-10T00:00:00,EURGBP,63,0.80672211267432492,0.47630330683176525,success,64,90.812066245699867,89.383215966904672,false,false,30.007108330401209,1.7330162849961677,,,
2012-02-13T00:00:00,EURGBP,63,0.7689509493158464,0.45951083490449868,success,64,90.812066247689629,89.609669093847998,false,false,28.949182598983416,1.7129208187716731,,,
2012-02-14T00:00:00,EURGBP,63,0.73178838960263193,0.60326895328033647,success,64,90.812066254737118,89.808351127794111,false,false,38.0059440566612,71.302238749381374,,,
2012-02-15T00:00:00,EURGBP,63,0.72157412579958424,0.58802379141860972,success,64,90.812066245008651,89.859782996690981,false,false,37.045498859372415,8.8861392789063416,,,
2012-02-16T00:00:00,EURGBP,63,0.69188255093044937,0.57154727369856984,success,64,90.812066407740446,90.003131229050851,false,false,36.007478243009899,47.494724829636596,,,
2012-02-17T00:00:00,EURGBP,63,0.75180104294673122,0.55561398380384897,success,64,90.812066222392275,89.703825174717011,false,false,35.003680979642482,121.47021815482987,,,
2012-02-20T00:00:00,EURGBP,63,0.76089264300239257,0.53976347506673117,success,64,90.812066248430057,89.654486617637815,false,false,34.005098929204067,90.491646743870433,,,
2012-02-21T00:00:00,EURGBP,63,0.74945278804377713,0.52385790897255724,success,64,90.812067671833177,89.71637172119334,false,false,33.003048265271104,146.20744312066444,,,
2012-02-22T00:00:00,EURGBP,63,0.76683081199571468,0.50807818859345777,success,64,90.812066298873376,89.621564424773339,false,false,32.008925881387839,53.129051367687886,,,
2012-02-23T00:00:00,EURGBP,63,0.75937077093558514,0.33261311627388324,success,64,90.812066231438848,89.662833354284004,false,false,20.954626325254644,1.6313413107333028,,,
2012-02-24T00:00:00,EURGBP,63,0.72894111426743591,0.47694745983400189,success,64,90.812066250198583,89.822809385293269,false,false,30.04768996954212,8.7995054366261485,,,
2012-02-27T00:00:00,EURGBP,63,0.71767350729821222,0.46051753451702754,success,64,90.81206623757474,89.879115673927913,false,false,29.012604674572735,32.232201992667747,,,
2012-02-28T00:00:00,EURGBP,63,0.69241070140893279,0.82214916009721395,success,64,90.81206620366396,90.000652371961664,false,false,51.795397086124481,0.64301082532471288,,,
2012-02-29T00:00:00,EURGBP,63,0.53338069642322039,0.4979579603672688,success,64,90.812066267875977,90.67834457591475,false,false,31.371351503137934,21.457435522131718,,,
2012-03-01T00:00:00,EURGBP,63,0.54142621295921922,0.50786071764426755,success,64,90.810685828784216,90.644600245919648,false,false,31.995225211588856,85.004945060370019,,,
2012-03-02T00:00:00,EURGBP,63,0.77831752228651907,0.15877047972281541,success,64,90.803301140433845,89.547412650658828,false,false,10.002540222537371,0.40448937323883077,,,
2012-03-05T00:00:00,EURGBP,63,0.72934775887641456,0.36362206258341379,success,64,90.771979763055157,89.780663863027826,false,false,22.908189942755069,1.3243180860026786,,,
2012-03-06T00:00:00,EURGBP,63,0.92375405113121511,0.63645279961548828,success,64,90.767203003614867,88.272721430320757,false,false,40.09652637577576,1.234263671347974,,,
2012-03-07T00:00:00,EURGBP,63,0.93857615892812285,0.61846734771377643,success,64,90.76233451395197,88.035768562448013,false,false,38.963442905967916,1.2926855240515678,,,
2012-03-08T00:00:00,EURGBP,63,0.94503662758282447,0.60188469295961944,success,64,90.740239240638715,87.895682561883078,false,false,37.918735656456022,1.300603993639331,,,
2012-03-09T00:00:00,EURGBP,63,0.92855125023001039,0.58801515555895467,success,64,90.809423650192556,88.24477848037381,false,false,37.044954800214143,1.3371299138898516,,,
2012-03-12T00:00:00,EURGBP,63,0.60905599094259688,0.4603070527999209,success,64,90.812066246485145,90.368720394240668,false,false,28.999344326395018,374.32479165075347,,,
2012-03-13T00:00:00,EURGBP,63,0.57491495046801799,0.44441922932777739,success,64,90.812066268497929,90.510133416319817,false,false,27.998411447649975,87.822377448738735,,,
2012-03-14T00:00:00,EURGBP,63,0.69335768708361745,0.54717395344446118,success,64,90.812066240465867,89.996202195272517,false,false,34.471959067001052,1.0676367864388867,,,
2012-03-15T00:00:00,EURGBP,63,0.71257230581327247,0.52957896519133052,success,64,90.812066235111473,89.904156176399823,false,false,33.363474807053819,1.0848030817380148,,,
2012-03-16T00:00:00,EURGBP,63,0.70087950984116354,0.49205852165955055,success,64,90.812066278480572,89.960576758807505,false,false,30.999686864551684,1186.0403248684779,,,
2012-03-19T00:00:00,EURGBP,63,0.72578530691629162,0.47568593647429797,success,64,90.812066248734851,89.838723349117288,false,false,29.96821399788077,12.856086492107572,,,
2012-03-20T00:00:00,EURGBP,63,0.75544402780413533,0.45998954612551396,success,64,90.812066232710976,89.684204747889723,false,false,28.97934140590738,21.94696676519537,,,
2012-03-21T00:00:00,EURGBP,63,0.79287587396815529,0.44432280402697683,success,64,90.812066237280888,89.469717811267543,false,false,27.992336653699539,66.619875632770061,,,
2012-03-22T00:00:00,EURGBP,63,0.8033204686953509,0.42823679004980025,success,64,90.812066223158922,89.404888159048497,false,false,26.978917773137415,25.054555226630729,,,
2012-03-23T00:00:00,EURGBP,63,0.83915615506050867,0.41232092352218025,success,64,90.812066240543871,89.160103418053382,false,false,25.976218181897355,24.577909594249245,,,
2012-03-26T00:00:00,EURGBP,63,0.9969617201205494,0.87185529845465248,success,64,90.812066290175821,85.018645442164015,false,false,54.926883802643104,32.304732829847623,,,
2012-03-27T00:00:00,EURGBP,63,0.8916547862327624,0.38057686770878452,success,64,90.812066445548027,88.704309952018434,false,false,23.976342665653423,28.833775422799512,,,
2012-03-28T00:00:00,EURGBP,63,0.89966243076264207,0.36482589849626834,success,64,90.812066309905887,88.618586887373056,false,false,22.984031605264907,43.980128643940922,,,
2012-03-29T00:00:00,EURGBP,63,0.8318270896889336,0.34902255657605935,success,64,90.812066250980436,89.213434334804205,false,false,21.988421064291739,50.436181071400519,,,
2012-03-30T00:00:00,EURGBP,63,0.86837100879130213,0.33306930214706504,success,64,90.812066313211702,88.925434552957867,false,false,20.983366035265096,39.182065375028394,,,
2012-04-02T00:00:00,EURGBP,63,0.86016423117840324,0.22220937176068287,success,64,90.812066453809564,88.995411770474107,false,false,13.999190420923021,893.86150238554217,,,
2012-04-03T00:00:00,EURGBP,63,0.89301306597545449,0.30128526955121188,success,64,90.812066218600549,88.690171721365132,false,false,18.980971981726348,37.301372719805393,,,
2012-04-04T00:00:00,EURGBP,63,0.81893651953476732,0.18621389770467844,success,64,90.812067445683795,89.30290856514037,false,false,11.731475555394741,14.851110131162221,,,
2012-04-05T00:00:00,EURGBP,63,0.94211256039483426,0.2698121812653812,success,64,90.812067516742289,88.022443186931795,false,false,16.998167419719017,422.56196283354393,,,
2012-04-06T00:00:00,EURGBP,63,0.95926004015430355,0.58692792062320087,success,64,90.812066230178345,87.653113459609528,false,false,36.976458999261652,38.845413507097504,,,
2012-04-09T00:00:00,EURGBP,63,0.99342189549819315,0.71006327312289463,success,64,90.812066245057906,85.794657435861936,false,false,44.733986206742365,18.475496815063174,,,
2012-04-10T00:00:00,EURGBP,63,0.86874561358397739,0.4794787457361287,success,64,90.81206626773303,88.922153241204583,false,false,30.207160981376109,11.627308902816555,,,
2012-04-11T00:00:00,EURGBP,63,0.93127126640324087,0.20143376640122149,success,64,90.812066277611279,88.205683030964849,false,false,12.690327283276954,18.571181608201808,,,
2012-04-12T00:00:00,EURGBP,63,0.85867653259558441,0.19022875538575729,success,64,90.81206626282713,89.007725332539408,false,false,11.984411589302709,46.888472245966994,,,
2012-04-13T00:00:00,EURGBP,63,0.99700401629018864,0.65039153481270084,success,64,90.812066484424648,85.00458431442317,false,false,40.974666693200156,53.420223152150875,,,
2012-04-16T00:00:00,EURGBP,63,0.997789036569664,0.63057498454118588,success,64,90.812066678242019,84.69995317234185,false,false,39.726224026094712,19.50035743414114,,,
2012-04-17T00:00:00,EURGBP,63,0.98906861934857104,0.87123905259766221,success,64,90.812066254866664,86.306940154910734,false,false,54.888060313652723,16.139335829834174,,,
2012-04-18T00:00:00,EURGBP,63,0.99314077453044691,0.59787592105215026,success,64,90.812066242291905,85.836788351446515,false,false,37.666183026285466,25.152550531878177,,,
2012-04-19T00:00:00,EURGBP,63,0.96373026301461695,0.44402808824627626,success,64,90.5414800018969,87.261652258285082,false,false,27.973769559515404,16.312906058671469,,,
2012-04-20T00:00:00,EURGBP,63,0.96225186219858694,0.42813191573019033,success,64,90.510172821449018,87.27183273874698,false,false,26.97231069100199,15.136836634890514,,,
2012-04-23T00:00:00,EURGBP,63,0.96608138635625829,0.41211020571725032,success,64,90.520365876860097,87.171081734046581,false,false,25.962942960186769,12.965623387384568,,,
2012-04-24T00:00:00,EURGBP,63,0.97492346826538634,0.39615293221207121,success,64,90.577700916193123,86.917274360471367,false,false,24.957634729360485,12.582694872562119,,,
2012-04-25T00:00:00,EURGBP,63,0.98529782940163746,0.38023765273832622,success,64,90.502195069625913,86.297246251918722,false,false,23.954972122514551,13.229976028983566,,,
2012-04-26T00:00:00,EURGBP,63,0.99357789341965497,0.50629150265491163,success,64,90.123002008462848,85.081435738164259,false,false,31.896364667259434,17.682914633951739,,,
2012-04-27T00:00:00,EURGBP,63,0.98625319325137473,0.34852992238713715,success,64,90.37559831528165,86.102491766033978,false,false,21.957385110389641,15.693122050114098,,,
2012-04-30T00:00:00,EURGBP,63,0.99181590288256616,0.47475513819152382,success,64,90.22970709173552,85.432362478767715,false,false,29.909573706066002,17.24008346823052,,,
2012-05-01T00:00:00,EURGBP,63,0.99481804020485343,0.45909238778494288,success,64,90.232210870440596,84.974834347722179,false,false,28.922820430451402,20.935453125480439,,,
2012-05-02T00:00:00,EURGBP,63,0.99409214371237109,0.44259827765428927,success,64,90.315192011772396,85.189645148827751,false,false,27.883691492220223,14.937629699816148,,,
2012-05-03T00:00:00,EURGBP,63,0.99650917433829378,0.42708417551364225,success,64,90.378533483211513,84.724413424559074,false,false,26.906303057359462,18.813673850041493,,,
2012-05-04T00:00:00,EURGBP,63,0.99711757089220487,0.41131261589914353,success,64,90.201744910885807,84.355509602069034,false,false,25.912694801646044,19.984876645725464,,,
2012-05-07T00:00:00,EURGBP,63,0.99505707979534652,0.39582507979249504,success,64,90.407192700742328,85.102348889694497,false,false,24.936980026927188,32.117900334592505,,,
2012-05-08T00:00:00,EURGBP,63,0.98781636460386146,0.23754044428356691,success,64,90.442814677024927,86.047411552674859,false,false,14.965047989864715,25.713117838177443,,,
2012-05-09T00:00:00,EURGBP,63,0.99530038045185365,0.36313654034870863,success,64,90.268544781660864,84.912981758397194,false,false,22.877602041968643,19.5994908547856,,,
2012-05-10T00:00:00,EURGBP,63,0.99270933880768897,0.20585916973364507,success,64,90.326306005831626,85.41246233523934,false,false,12.96912769321964,33.306110954208776,,,
2012-05-11T00:00:00,EURGBP,63,0.99753837266085654,0.33286448393072793,success,64,90.372563887094529,84.368095921450887,false,false,20.97046248763586,79.376198693299685,,,
2012-05-14T00:00:00,EURGBP,63,0.99370248148261142,0.17424310732255693,success,64,90.553919601266969,85.492637423492894,false,false,10.977315761321087,52.036412987760407,,,
2012-05-15T00:00:00,EURGBP,63,0.99294002279782434,0.15839705388095279,success,64,90.542320930924546,85.596092491052076,false,false,9.9790143945000267,54.304826094208721,,,
2012-05-16T00:00:00,EURGBP,63,0.99298451316598746,0.28427192793005002,success,64,90.615376318236628,85.662781360469481,false,false,17.909131459593151,25.869366022454535,,,
2012-05-17T00:00:00,EURGBP,63,0.99396305815249431,0.12618216385216818,success,64,90.409369842395535,85.305567368353152,false,false,7.9494763226865954,21.890803987170557,,,
2012-05-18T00:00:00,EURGBP,63,0.96328376814657823,0.2530063377194583,success,64,90.503513193709196,87.236384096461265,false,false,15.939399276325872,33.325913737387495,,,
2012-05-21T00:00:00,EURGBP,63,0.9681680468641215,0.23585087634219454,success,64,90.65678679753789,87.241851724086587,false,false,14.858605209558256,20.35387530607818,,,
2012-05-22T00:00:00,EURGBP,63,0.9284909232689682,0.5810891922300857,success,64,90.812066302553561,88.248330086431665,false,false,36.608619110495397,0.10935895655317206,,,
2012-05-23T00:00:00,EURGBP,63,0.92740252988553462,0.81715037679924474,success,64,90.810878747551698,88.263421121979945,false,false,51.480473738352416,0.51055975641420914,,,
2012-05-24T00:00:00,EURGBP,63,0.92293305882256227,0.50589712131963249,success,64,90.808368870438031,88.325486574332729,false,false,31.871518643136849,0.11509039194357669,,,
2012-05-25T00:00:00,EURGBP,63,0.93854419522810129,0.17415293848521202,success,64,90.80750361140673,88.081491960028117,false,false,10.971635124568357,31.960488489852725,,,
2012-05-28T00:00:00,EURGBP,63,0.95890219187676118,0.15766071840272941,success,64,90.80116808376242,87.651333793526518,false,false,9.9326252593719531,15.03776239108306,,,
2012-05-29T00:00:00,EURGBP,63,0.68472152765395777,0.52416936469866338,success,64,90.812066228377873,90.036510289230193,false,false,33.022669976015791,16.556201132041686,,,
2012-05-30T00:00:00,EURGBP,63,0.80682529141066106,0.45284430850915719,success,64,90.812066237601954,89.382554089492814,false,false,28.529191436076903,0.15067299540529205,,,
2012-05-31T00:00:00,EURGBP,63,0.85022849991561056,0.77767727645053586,success,64,90.812066319985647,89.075671983072183,false,false,48.993668416383763,15.584114481383063,,,
2012-06-01T00:00:00,EURGBP,63,0.95971430169453442,0.98361349459208336,success,64,90.702656144789344,87.532017032231252,false,false,61.96765015930125,2.8429391689197958,,,
2012-06-04T00:00:00,EURGBP,63,0.98810623095572425,0.6634578034224351,success,64,90.468589829400997,86.048814269484183,false,false,41.797841615613414,2.5192014109276792,,,
2012-06-05T00:00:00,EURGBP,63,0.9851953474600601,0.64778562001127338,success,64,90.61877197487982,86.42087352325234,false,false,40.810494060710219,2.4543160722557174,,,
2012-06-06T00:00:00,EURGBP,63,0.98130224509854391,0.63203723180317695,success,64,90.634800531120305,86.674323477935786,false,false,39.81834560360015,2.4496408030908459,,,
2012-06-07T00:00:00,EURGBP,63,0.96832372357962859,0.61617072628043779,success,64,90.670519477599115,87.250521043847044,false,false,38.818755755667581,2.3043733169202061,,,
2012-06-08T00:00:00,EURGBP,63,0.95337732916758677,0.60046253956523665,success,64,90.229065102718309,87.211141260540074,false,false,37.82913999260991,2.4107068845598811,,,
2012-06-11T00:00:00,EURGBP,63,0.99072238523393341,0.59640704777502118,success,64,90.326989196183504,85.656159321330591,false,false,37.573644009826332,0.68441150169394116,,,
2012-06-12T00:00:00,EURGBP,63,0.98796297282485723,0.57942034555159261,success,64,90.205066252756907,85.797408529638474,false,false,36.503481769750337,0.76573872168011115,,,
2012-06-13T00:00:00,EURGBP,63,0.97436334093300903,0.32386655835503314,success,64,90.506140012443268,86.868379060353618,false,false,20.403593176367089,0.41507840828734044,,,
2012-06-14T00:00:00,EURGBP,63,0.97274191440346647,0.33366729033025061,success,64,90.294770950871978,86.720002347378838,false,false,21.021039290805788,13.107422429800991,,,
2012-06-15T00:00:00,EURGBP,63,0.99685627293875645,0.57216947653951622,success,64,90.547936116007449,84.788738574194468,false,false,36.046677021989524,1.3400638973857129,,,
2012-06-18T00:00:00,EURGBP,63,0.9954897202024785,0.55703653295593003,success,64,90.475026509977738,85.078150903744501,false,false,35.093301576223595,1.3408033691824661,,,
2012-06-19T00:00:00,EURGBP,63,0.99403156422785621,0.50771549143904926,success,64,90.477516254455821,85.362232171903386,false,false,31.986075960660106,0.62654566429161851,,,
2012-06-20T00:00:00,EURGBP,63,0.9843429647125882,0.58837391469014289,success,64,90.429375717409968,86.288321694815025,false,false,37.067556625479,14.594900726823642,,,
2012-06-21T00:00:00,EURGBP,63,0.99424439797672903,0.47750214199329055,success,64,90.533749109396965,85.381939705184166,false,false,30.082634945577304,0.64693679209746313,,,
2012-06-22T00:00:00,EURGBP,63,0.99362459972647121,0.51213790941281057,success,64,90.626647018567269,85.577734426593636,false,false,32.264688293007069,4.0108663078059275,,,
2012-06-25T00:00:00,EURGBP,63,0.9855170277093539,0.41726908232718768,success,64,90.675054762306573,86.454861992203035,false,false,26.287952186612824,0.35151224428826133,,,
2012-06-26T00:00:00,EURGBP,63,0.99465509844555056,0.47982425450045191,success,64,90.39380079672047,85.167547880438264,false,false,30.228928033528469,4.5832485253688438,,,
2012-06-27T00:00:00,EURGBP,63,0.96332972051899679,0.68596567614715831,success,64,90.528580069426297,87.260150930891768,false,false,43.215837597270976,3.1494301819947554,,,
2012-06-28T00:00:00,EURGBP,63,0.94486751813804015,0.66972009975152713,success,64,90.490009094964535,87.648703419689369,false,false,42.192366284346207,3.0252073296343069,,,
2012-06-29T00:00:00,EURGBP,63,0.98236001075730983,0.36318397194533991,success,64,90.408735218713005,86.388945808564614,false,false,22.880590232556415,2.5072577350608825,,,
2012-07-02T00:00:00,EURGBP,63,0.95248544342648955,0.63788528276950995,success,64,90.592907035174164,87.594868329054236,false,false,40.186772814479127,3.6300062672228797,,,
2012-07-03T00:00:00,EURGBP,63,0.921048180483101,0.73463113862479668,success,64,90.709685794064569,88.253011232831355,false,false,46.281761733362188,2.4918775664339461,,,
2012-07-04T00:00:00,EURGBP,63,0.93744618390602463,0.60551104755471397,success,64,90.716647530121833,88.009515421507118,false,false,38.14719599594698,4.7878119619435937,,,
2012-07-05T00:00:00,EURGBP,63,0.9012113905665684,0.70252916813427924,success,64,90.713406699058368,88.502649160219732,false,false,44.259337592459595,2.4205183630811469,,,
2012-07-06T00:00:00,EURGBP,63,0.93143238924825744,0.56693337025198809,success,64,90.539445755474063,87.930542427490451,false,false,35.71680232587525,1.5273220348411098,,,
2012-07-09T00:00:00,EURGBP,63,0.85956238545200847,0.67052550622865936,success,64,90.564070173571466,88.752410133555927,false,false,42.243106892405542,2.2594740944931515,,,
2012-07-10T00:00:00,EURGBP,63,0.89558255726520597,0.5236876698072721,success,64,90.579935429093609,88.430857758087939,false,false,32.992323197858141,1.0205110192422735,,,
2012-07-11T00:00:00,EURGBP,63,0.88556469401434756,0.5053488374579127,success,64,90.580996180493372,88.534780316722873,false,false,31.836976759848497,0.99254021373630841,,,
2012-07-12T00:00:00,EURGBP,63,0.91564249018090815,0.19200134278651385,success,64,90.557196453674678,88.172634296419574,false,false,12.096084595550373,0.3582186442599879,,,
2012-07-13T00:00:00,EURGBP,63,0.90699491416358247,0.17965705479259184,success,64,90.604441032300343,88.326958367588915,false,false,11.318394451933285,0.34154991137986673,,,
2012-07-16T00:00:00,EURGBP,63,0.88418087813468849,0.15811760158417423,success,64,90.617298873173411,88.584666898068946,false,false,9.9614088998029775,0.33712582764898918,,,
2012-07-17T00:00:00,EURGBP,63,0.67762606825395111,0.69880756149338608,success,64,90.639160263878878,89.896276800328167,false,false,44.02487637408332,15.577055912565131,,,
2012-07-18T00:00:00,EURGBP,63,0.70672759836560162,0.6829118675411795,success,64,90.635650278586539,89.756106854729495,false,false,43.023447655094309,14.509463451686207,,,
2012-07-19T00:00:00,EURGBP,63,0.78275155343776526,0.53979674230335006,success,64,90.548724510662382,89.266950779526326,false,false,34.007194765111052,3.1617631008915614,,,
2012-07-20T00:00:00,EURGBP,63,0.78840623174737767,0.5236756052332503,success,64,90.383548392936987,89.068203162341632,false,false,32.991563129694768,11.712374536766832,,,
2012-07-23T00:00:00,EURGBP,63,0.79562340919481023,0.50782959555889928,success,64,90.532499970823196,89.173338326331958,false,false,31.993264520210651,4.3434319717625618,,,
2012-07-24T00:00:00,EURGBP,63,0.81764617284672747,0.49173028248555811,success,64,90.652244924383638,89.151764137878089,false,false,30.97900779659016,3.3883652126580324,,,
2012-07-25T00:00:00,EURGBP,63,0.86209478615041368,0.33553761599736637,success,64,90.787053460872301,88.954254828523531,false,false,21.13886980783408,0.86377015006131408,,,
2012-07-26T00:00:00,EURGBP,63,0.84202373086978488,0.31645719356062885,success,64,90.80126111158647,89.127897740178568,false,false,19.936803194319616,0.84045268857561406,,,
2012-07-27T00:00:00,EURGBP,63,0.77044809777927303,0.57146456593976014,success,64,90.803610235821921,89.592767102469708,false,false,36.002267654204886,129.97290487008249,,,
2012-07-30T00:00:00,EURGBP,63,0.81040037589517622,0.55583779227277608,success,64,90.795354525931657,89.34274071640769,false,false,35.017780913184893,15.37154203956146,,,
2012-07-31T00:00:00,EURGBP,63,0.77181617513503864,0.83971664159520287,success,64,90.802568149756823,89.583973296713708,false,false,52.902148420497781,0.51929565725915949,,,
2012-08-01T00:00:00,EURGBP,63,0.76327823893118618,0.82058944808123835,success,64,90.754719938690442,89.583982757011384,false,false,51.697135229118018,0.52742503630243542,,,
2012-08-02T00:00:00,EURGBP,63,0.75058431364370271,0.8012216280075718,success,64,90.793022450140086,89.691291389725066,false,false,50.47696256447702,0.55975913155827006,,,
2012-08-03T00:00:00,EURGBP,63,0.74714814447670297,0.49226561993113527,success,64,90.812062147463635,89.728602428681654,false,false,31.012734055661522,14.17148991575538,,,
2012-08-06T00:00:00,EURGBP,63,0.66409102697737454,0.57143666144631067,success,64,90.785047959183842,90.103468939918216,false,false,36.00050967111757,14.504454239942417,,,
2012-08-07T00:00:00,EURGBP,63,0.73724418709622674,0.46040880277267615,success,64,90.793645019561964,89.761950989311657,false,false,29.005754574678598,13.720669465915893,,,
2012-08-08T00:00:00,EURGBP,63,0.74815733711518084,0.4444461635149044,success,64,90.783260165502881,89.694451404800532,false,false,28.000108301438978,713.88969154185827,,,
2012-08-09T00:00:00,EURGBP,63,0.63694876613729312,0.58706701865472921,success,64,90.65817342912456,90.096028171135984,false,false,36.985222175247941,10.582326534162142,,,
2012-08-10T00:00:00,EURGBP,63,0.68776424578115891,0.50798577926726618,success,64,90.629654176559185,89.839966588331833,false,false,32.00310409383777,15.067984661198285,,,
2012-08-13T00:00:00,EURGBP,63,0.93514387409156696,0.13336829377669529,success,64,90.695713420342699,88.027184395895134,false,false,8.4022025079318041,0.94519433364947836,,,
2012-08-14T00:00:00,EURGBP,63,0.73253172497119445,0.68022275324694526,success,64,90.773327609489982,89.765821920275357,false,false,42.854033454557552,0.63939616048680237,,,
2012-08-15T00:00:00,EURGBP,63,0.70282544774127842,0.66185482639951454,success,64,90.811918766836584,89.951129886306305,false,false,41.696854063169418,0.60151892578458122,,,
2012-08-16T00:00:00,EURGBP,63,0.5744340799693386,0.49196346638684074,success,64,90.812066264609427,90.512100776917833,false,false,30.993698382370965,29.103424686456499,,,
2012-08-17T00:00:00,EURGBP,63,0.73150182935452512,0.33334658517179,success,64,90.812066395157728,89.809810774561512,false,false,21.000834865822771,160.03566767281563,,,
2012-08-20T00:00:00,EURGBP,63,0.68091844304711591,0.6160038378316649,success,64,90.812066768985673,90.054070965122321,false,false,38.808241783394891,0.78944381176283451,,,
2012-08-21T00:00:00,EURGBP,63,0.66643284732601205,0.60087695555076204,success,64,90.812066486689616,90.119971308775732,false,false,37.855248199698011,0.80502145662147617,,,
2012-08-22T00:00:00,EURGBP,63,0.6605294629444014,0.5257515450578536,success,64,90.812066256658085,90.146411686550394,false,false,33.122347338644779,1.3217954460228651,,,
2012-08-23T00:00:00,EURGBP,63,0.67012902846881239,0.50966786656175933,success,64,90.812066310037409,90.103297619031181,false,false,32.109075593390841,1.3749810952979769,,,
2012-08-24T00:00:00,EURGBP,63,0.70512783040473348,0.49268420601012564,success,64,90.812070711018748,89.940233543942114,false,false,31.039104978637916,1.3170224615759829,,,
2012-08-27T00:00:00,EURGBP,63,0.74760862930020522,0.44403441182624426,success,64,90.812066241437634,89.726167564348742,false,false,27.974167945053388,16.772053330596609,,,
2012-08-28T00:00:00,EURGBP,63,0.75469542910417742,0.45965407867390856,success,64,90.812066223245225,89.688252545537438,false,false,28.958206956456241,1.3951577908777391,,,
2012-08-29T00:00:00,EURGBP,63,0.75602315587444302,0.44316784316128272,success,64,90.81206621187961,89.68106752637064,false,false,27.91957411916081,1.1983953905168223,,,
2012-08-30T00:00:00,EURGBP,63,0.69146475804035212,0.19007179083890946,success,64,90.812066256462202,90.005090144486545,false,false,11.974522822851297,18.913742612680331,,,
2012-08-31T00:00:00,EURGBP,63,0.70452572310156558,0.17454117820545811,success,64,90.812066250652322,89.943123191059883,false,false,10.99609422694386,133.55430444246781,,,
2012-09-03T00:00:00,EURGBP,63,0.74460169138366872,0.15809664692765363,success,64,90.812066246837375,89.74204113495567,false,false,9.9600887564421789,15.190748146736571,,,
2012-09-04T00:00:00,EURGBP,63,0.77735451665963717,0.14279447177656018,success,64,90.812066253226106,89.56175048916171,false,false,8.9960517219232923,174.7387662441173,,,
2012-09-05T00:00:00,EURGBP,63,0.80493061453682857,0.12690756709105588,success,64,90.81206641337765,89.394665650957734,false,false,7.9951767267365215,158.37819413855652,,,
2012-09-06T00:00:00,EURGBP,63,0.85126228636278267,0.09585724135718704,success,64,90.812066550227883,89.067530703166867,false,false,6.0390062055027833,1.6389896388524003,,,
2012-09-07T00:00:00,EURGBP,63,0.78698537070037233,0.71399235922901794,success,64,90.812066265671646,89.505217451626564,false,false,44.981518631428131,31.051917388910699,,,
2012-09-10T00:00:00,EURGBP,63,0.79979127175710496,0.69747069691209773,success,64,90.8120662469141,89.427075927140436,false,false,43.940653905462156,9.8877402490211779,,,
2012-09-11T00:00:00,EURGBP,63,0.66191883928748829,0.47613275767793023,success,64,90.812066346819705,90.140209384772149,false,false,29.996363733709604,86.014689415925389,,,
2012-09-12T00:00:00,EURGBP,63,0.66285655448612002,0.19039694621491526,success,64,90.812066271668158,90.13601615726337,false,false,11.995007611539661,86.162693112272549,,,
2012-09-13T00:00:00,EURGBP,63,0.57027469557489319,0.44037770308666213,success,64,90.812066326294101,90.529094337123823,false,false,27.743795294459716,14.211624241016244,,,
2012-09-14T00:00:00,EURGBP,63,0.61427068788423644,0.42837987077015571,success,64,90.81206630152775,90.346766470299855,false,false,26.987931858519811,19.441034714595858,,,
2012-09-17T00:00:00,EURGBP,63,0.60063855355896456,0.41269668672183324,success,64,90.812066301470651,90.403939843873829,false,false,25.999891263475494,1783.445820056611,,,
2012-09-18T00:00:00,EURGBP,63,0.65978303488143231,0.60265875100248167,success,64,90.812066299508373,90.14973880035302,false,false,37.967501313156347,9.2770892265484619,,,
2012-09-19T00:00:00,EURGBP,63,0.68269537682567405,0.58712102765787488,success,64,90.812066354476713,90.045879870812925,false,false,36.98862474244612,30.324035356822705,,,
2012-09-20T00:00:00,EURGBP,63,0.64672944768544538,0.57122297523821475,success,64,90.812066311653993,90.207372469449467,false,false,35.98704744000753,20.772073154041959,,,
2012-09-21T00:00:00,EURGBP,63,0.66968868098838064,0.55535173085420175,success,64,90.812066829768668,90.105289481301838,false,false,34.987159043814714,24.526417050406089,,,
2012-09-24T00:00:00,EURGBP,63,0.66625772804521532,0.53949973689059671,success,64,90.812066314656121,90.120758794180659,false,false,33.988483424107592,26.861847972618854,,,
2012-09-25T00:00:00,EURGBP,63,0.69158821559413841,0.52358317044795077,success,64,90.812067747115108,90.004512885180603,false,false,32.9857397382209,24.673767935578446,,,
2012-09-26T00:00:00,EURGBP,63,0.72626924168878448,0.50776845152652161,success,64,90.812066282900986,89.836290469891964,false,false,31.98941244617086,38.476821946122747,,,
2012-09-27T00:00:00,EURGBP,63,0.71780135299497594,0.49189636664362457,success,64,90.81206623166706,89.878484612989183,false,false,30.989471098548346,37.153921655661627,,,
2012-09-28T00:00:00,EURGBP,63,0.73228726566355118,0.47605216997145983,success,64,90.812066265314883,89.805807907731761,false,false,29.991286708201969,47.730217636664285,,,
2012-10-01T00:00:00,EURGBP,63,0.7371968160450767,0.46021936105664951,success,64,90.812066320800781,89.780616816041189,false,false,28.993819746568921,68.516203784790818,,,
2012-10-02T00:00:00,EURGBP,63,0.77416953806489819,0.4422482530261127,success,64,90.812066280269406,89.580059938564631,false,false,27.861639940645102,3.0250604792477596,,,
2012-10-03T00:00:00,EURGBP,63,0.76322766096749683,0.42825191347675584,success,64,90.81206625887755,89.641608980662909,false,false,26.979870549035617,23.279423917878791,,,
2012-10-04T00:00:00,EURGBP,63,0.75053022847632878,0.41231525238591815,success,64,90.812066314155558,89.710624137743736,false,false,25.975860900312842,18.816952801845176,,,
2012-10-05T00:00:00,EURGBP,63,0.76323416563257462,0.39430423737177733,success,64,90.81206624710093,89.641572973736217,false,false,24.841166954421972,3.0218961107208675,,,
2012-10-08T00:00:00,EURGBP,63,0.76863672947714878,0.3782480311984277,success,64,90.812066286648744,89.611436897101555,false,false,23.829625965500945,3.0723114665477906,,,
2012-10-09T00:00:00,EURGBP,63,0.75430384020852526,0.36241152092877149,success,64,90.812067631551258,89.690368023356172,false,false,22.831925818512605,2.7720639366584159,,,
2012-10-10T00:00:00,EURGBP,63,0.78075864232735837,0.34625038665574798,success,64,90.812066319641332,89.541973467066811,false,false,21.813774359312124,2.6438066313043436,,,
2012-10-11T00:00:00,EURGBP,63,0.76151836670088024,0.33034596991443177,success,64,90.812066289333188,89.651044296315675,false,false,20.811796104609201,2.7265388243702073,,,
2012-10-12T00:00:00,EURGBP,63,0.79613698175028014,0.31388011935834836,success,64,90.812067043719253,89.449744074187336,false,false,19.774447519575947,2.6314663270343619,,,
2012-10-15T00:00:00,EURGBP,63,0.82919700996415113,0.77749877123309497,success,64,90.812066266010532,89.232119278649762,false,false,48.982422587684979,41.118556142756944,,,
2012-10-16T00:00:00,EURGBP,63,0.84432773156637508,0.35969800282658376,success,64,90.812066230133368,89.121278457374473,false,false,22.660974178074778,0.21998967293408084,,,
2012-10-17T00:00:00,EURGBP,63,0.83157013457595552,0.34461740278589736,success,64,90.812066275285957,89.215270067363008,false,false,21.710896375511535,0.23080855390580315,,,
2012-10-18T00:00:00,EURGBP,63,0.77366839177551783,0.23730760373920601,success,64,90.812066292319884,89.582924161811349,false,false,14.950379035569979,11.99535644881546,,,
2012-10-19T00:00:00,EURGBP,63,0.7864016261252188,0.22134174077148699,success,64,90.812067490540102,89.508697348011282,false,false,13.94452966860368,15.393804405968014,,,
2012-10-22T00:00:00,EURGBP,63,0.78455816574193071,0.21649572038473697,success,64,90.81206627560212,89.519636524941674,false,false,13.639230384238429,2.2780749731043728,,,
2012-10-23T00:00:00,EURGBP,63,0.59202422439563185,0.53647670487061938,success,64,90.812066223340281,90.439726468829022,false,false,33.798032406849018,2.3206539127783543,,,
2012-10-24T00:00:00,EURGBP,63,0.74271920375792544,0.71446178139605576,success,64,90.812066270036212,89.751916299845149,false,false,45.011092227951515,0.44088986344566555,,,
2012-10-25T00:00:00,EURGBP,63,0.70562720551207814,0.45146640633346541,success,64,90.762057251804634,89.887817163847814,false,false,28.44238359900832,29.287529106071837,,,
2012-10-26T00:00:00,EURGBP,63,0.66536840607770642,0.43596103592391511,success,64,90.724542599297763,90.037231924992966,false,false,27.465545263206653,30.168596316802919,,,
2012-10-29T00:00:00,EURGBP,63,0.6021175499352982,0.47928441612972678,success,64,90.772297710702176,90.358001628845301,false,false,30.194918216172788,8.100250557709689,,,
2012-10-30T00:00:00,EURGBP,63,0.74301334670151209,0.82553450313735255,success,64,90.760796282652308,89.699106425692747,false,false,52.008673697653208,117.47607195330006,,,
2012-10-31T00:00:00,EURGBP,63,0.84448441990739553,0.90434372418796505,success,64,90.691203427423844,88.999223060363917,false,false,56.973654623841796,15.32502491085806,,,
2012-11-01T00:00:00,EURGBP,63,0.62773513923807178,0.43061822544752587,success,64,90.763757593494418,90.241244861017663,false,false,27.128948203194131,11.210831527054729,,,
2012-11-02T00:00:00,EURGBP,63,0.60644487948235748,0.41351324416135088,success,64,90.663377443757184,90.230984738069026,false,false,26.051334382165106,23.325148878374382,,,
2012-11-05T00:00:00,EURGBP,63,0.58101676296576399,0.58984973717370925,success,64,90.71153806709394,90.384589370781455,false,false,37.160533441943684,12.144183409985024,,,
2012-11-06T00:00:00,EURGBP,63,0.85221230610414045,0.55101530012547117,success,64,90.810505384381116,89.058446446204428,false,false,34.713963907904684,0.59197605892601601,,,
2012-11-07T00:00:00,EURGBP,63,0.72178894148434036,0.53493948619795628,success,64,90.812066234265089,89.858713491856761,false,false,33.701187630471246,0.64257920524300127,,,
2012-11-08T00:00:00,EURGBP,63,0.67882625050625123,0.7219359990265195,success,64,90.771057315757574,90.02267436358963,false,false,45.481967938670728,33.497488716759882,,,
2012-11-09T00:00:00,EURGBP,63,0.64017987649514085,0.70575028394331563,success,64,90.769496694657263,90.193351750418103,false,false,44.462267888428883,38.614471301999167,,,
2012-11-12T00:00:00,EURGBP,63,0.91333498823806825,0.26290743206301498,success,64,90.775020203882065,88.41996772834068,false,false,16.563168219969942,61.92478671966937,,,
2012-11-13T00:00:00,EURGBP,63,0.90391236753914728,0.24770129540712435,success,64,90.750748840602355,88.509277036690278,false,false,15.605181610648835,48.762064897602066,,,
2012-11-14T00:00:00,EURGBP,63,0.56285079387041392,0.48338190174555251,success,64,90.75599322812586,90.503253224489967,false,false,30.453059809969808,27.30623135989762,,,
2012-11-15T00:00:00,EURGBP,63,0.55675283026191891,0.4676821406668496,success,64,90.727015323832703,90.499021493850563,false,false,29.463974862011526,23.764419922478758,,,
2012-11-16T00:00:00,EURGBP,63,0.56903613642384121,0.63329525944807963,success,64,90.787498709172453,90.509579011787153,false,false,39.897601345229013,173.3879990016529,,,
2012-11-19T00:00:00,EURGBP,63,0.83911678879738838,0.4013128269178205,success,64,90.797039495316241,89.145368304039792,false,false,25.282708095822692,0.65103702511364892,,,
2012-11-20T00:00:00,EURGBP,63,0.85088349792304196,0.38344979390451989,success,64,90.774264743192603,89.032717417759073,false,false,24.157337015984751,0.65827889754765145,,,
2012-11-21T00:00:00,EURGBP,63,0.85163366433872789,0.36573036605856746,success,64,90.758158400444941,89.010686393868781,false,false,23.04101306168975,0.67921669070460733,,,
2012-11-22T00:00:00,EURGBP,63,0.63158240577469216,0.55577019826925322,success,64,90.772500862945847,90.233489499271428,false,false,35.013522490962956,26.588156646030118,,,
2012-11-23T00:00:00,EURGBP,63,0.65293974879535521,0.52336080526433326,success,64,90.762487081011102,90.130500623768555,false,false,32.971730731652997,2.6606306153297354,,,
2012-11-26T00:00:00,EURGBP,63,0.64771903878719461,0.50730587154368589,success,64,90.699463687894152,90.090435710165607,false,false,31.960269907252208,2.691261488075134,,,
2012-11-27T00:00:00,EURGBP,63,0.84711568427965434,0.29956081509695015,success,64,90.725658827138489,89.013503089605805,false,false,18.87233135110786,0.64329439356333074,,,
2012-11-28T00:00:00,EURGBP,63,0.8497822958966107,0.23768074470897457,success,64,90.741364692335551,89.008470100710284,false,false,14.973886916665398,21.167448540567939,,,
2012-11-29T00:00:00,EURGBP,63,0.96654901446366481,0.61367814264823761,success,64,90.737611908885057,87.37396114727116,false,false,38.661722986838967,23.89790970326958,,,
2012-11-30T00:00:00,EURGBP,63,0.97431386817093424,0.5982109788792056,success,64,90.743201015440377,87.107418745835204,false,false,37.68729166938995,23.552094659751567,,,
2012-12-03T00:00:00,EURGBP,63,0.98426893582348074,0.57907717679669124,success,64,90.735284102233152,86.599022301212358,false,false,36.481862138191545,38.77724108483131,,,
2012-12-04T00:00:00,EURGBP,63,0.95357507396547347,0.17378152988227105,success,64,90.735856214199046,87.713474571120514,false,false,10.948236382583076,17.497049757695073,,,
2012-12-05T00:00:00,EURGBP,63,0.96834060444620496,0.15793317160331372,success,64,90.743022390770562,87.322473463762719,false,false,9.9497898110087633,20.175983231327351,,,
2012-12-06T00:00:00,EURGBP,63,0.80001946797509027,0.18450925401016433,success,64,90.359025936506811,88.972609896100863,false,false,11.624083002640353,0.67044340159215365,,,
2012-12-07T00:00:00,EURGBP,63,0.72609315346155223,0.43531873379673852,success,64,90.088800572343899,89.113910327643126,false,false,27.425080229194528,2.1211166674790483,,,
2012-12-10T00:00:00,EURGBP,63,0.95855366249401031,0.50654773160601085,success,64,90.074803851368443,86.933777822893305,false,false,31.912507091178686,15.647312446305126,,,
2012-12-11T00:00:00,EURGBP,63,0.9653161237102047,0.49076936624908124,success,64,90.167017959790144,86.840837241488174,false,false,30.918470073692117,16.692965763798885,,,
2012-12-12T00:00:00,EURGBP,63,0.94151492694908567,0.55275312529437015,success,64,90.387622998340234,87.608904356091003,false,false,34.823446893545317,0.52845139038527134,,,
2012-12-13T00:00:00,EURGBP,63,0.93489577282200687,0.4596334179634376,success,64,89.959935415944614,87.295489846503287,false,false,28.956905331696568,29.827476541250629,,,
2012-12-14T00:00:00,EURGBP,63,0.94382138882017019,0.44345856888460528,success,64,90.084707535576825,87.263306694561862,false,false,27.937889839730133,18.904629652135466,,,
2012-12-17T00:00:00,EURGBP,63,0.91293664580220379,0.51053159269639614,success,64,90.059251430357989,87.709221006214975,false,false,32.163490339872958,0.57989122444707553,,,
2012-12-18T00:00:00,EURGBP,63,0.92937389440915219,0.49335864540677926,success,64,89.939039685817107,87.361928401937988,false,false,31.081594660627093,0.57464019998261984,,,
2012-12-19T00:00:00,EURGBP,63,0.90444098240127146,0.48210286377277689,success,64,89.933416499319023,87.68584348741723,false,false,30.372480417684944,0.60837604580561788,,,
2012-12-20T00:00:00,EURGBP,63,0.92802414851016768,0.46437702443946971,success,64,90.007954254243387,87.451227166477977,false,false,29.255752539686593,0.60518981299667474,,,
2012-12-21T00:00:00,EURGBP,63,0.92827179352844136,0.44895880705669838,success,64,89.981466968004398,87.421026463086022,false,false,28.284404844571998,0.63178792847624066,,,
2012-12-24T00:00:00,EURGBP,63,0.80393703882945644,0.61392038639234126,success,64,89.943552023803065,88.532466905713108,false,false,38.676984342717496,2.1401793146994446,,,
2012-12-26T00:00:00,EURGBP,63,0.83155477240997411,0.59702503257987494,success,64,89.891180166012248,88.294493635875213,false,false,37.612577052532124,2.1320519817571539,,,
2012-12-27T00:00:00,EURGBP,63,0.95723727830614069,0.39706171640910204,success,64,89.836588676511212,86.728204110672067,false,false,25.014888133773429,0.61935004873234423,,,
2012-12-28T00:00:00,EURGBP,63,0.94553888052345825,0.38265868568582939,success,64,90.098479426978642,87.244211461047271,false,false,24.107497198207252,0.51590838648128101,,,
2012-12-31T00:00:00,EURGBP,63,0.90142323801569424,0.36765404532960927,success,64,89.557559667869199,87.344420332189017,false,false,23.162204855765385,0.47650268574164428,,,
2013-01-01T00:00:00,EURGBP,63,0.92330022988829663,0.34751129725733731,success,64,89.642023931241667,87.153968184606498,false,false,21.89321172721225,0.47436263106755289,,,
2013-01-02T00:00:00,EURGBP,63,0.77193360399211775,0.88603443001741855,success,64,89.668574520704482,88.449312776691684,false,false,55.82016909109737,0.71010959929227901,,,
2013-01-03T00:00:00,EURGBP,63,0.86346784625302808,0.62005953124329738,success,64,89.708430830798562,87.864034315910288,false,false,39.063750468327733,0.564492090232808,,,
2013-01-04T00:00:00,EURGBP,63,0.94502936885680411,0.29243049474029176,success,64,89.997639382503039,87.153222440737039,false,false,18.423121168638382,0.46312772977562328,,,
2013-01-07T00:00:00,EURGBP,63,0.95543789746490437,0.27275784469205666,success,64,89.712065579512952,86.646779591614944,false,false,17.183744215599571,0.45025924288118135,,,
2013-01-08T00:00:00,EURGBP,63,0.86557860137708398,0.5720555159111379,success,64,89.973215065835475,88.110796510553456,false,false,36.039497502401687,0.64457794709154792,,,
2013-01-09T00:00:00,EURGBP,63,0.8650166141055412,0.55521663055899717,success,64,89.755059865629079,87.89746285523978,false,false,34.978647725216824,0.68818541366984198,,,
2013-01-10T00:00:00,EURGBP,63,0.85139464906845885,0.5341892228916808,success,64,89.736057978583744,87.990476350667407,false,false,33.653921042175888,0.095166302848828613,,,
2013-01-11T00:00:00,EURGBP,63,0.93845452675255836,0.59775263718433191,success,64,88.756263206559495,86.03180510880739,false,false,37.658416142612907,0.093373789779474151,,,
2013-01-14T00:00:00,EURGBP,63,0.93000255409988009,0.58973441471752575,success,64,87.176073781561954,84.589345203317009,false,false,37.153268127204122,0.09020764578037864,,,
2013-01-15T00:00:00,EURGBP,63,0.9525017268646625,0.89224815572617755,success,64,88.057898420931224,85.059499856284944,false,false,56.211633810749184,0.13540258305985092,,,
2013-01-16T00:00:00,EURGBP,63,0.9417247407010314,0.83601212696767002,success,64,88.778721599789137,85.996186209724073,false,false,52.668763998963215,0.1360127346419284,,,
2013-01-17T00:00:00,EURGBP,63,0.95860558717753341,0.82508138744063808,success,64,88.146702360416185,85.004368560976005,false,false,51.980127408760197,0.13703408351882154,,,
2013-01-18T00:00:00,EURGBP,63,0.93356130420722427,0.75797026532408096,success,64,87.500834624306123,84.858107646831044,false,false,47.752126715417099,0.14172050177306933,,,
2013-01-21T00:00:00,EURGBP,63,0.90835032887104927,0.70910470196393294,success,64,87.176758043628283,84.883101300633044,false,false,44.673596223727777,0.15803336205180105,,,
2013-01-22T00:00:00,EURGBP,63,0.89564777970071363,0.68010498561433441,success,64,87.549676432949553,85.399901110994193,false,false,42.846614093703067,0.74582162951107822,,,
2013-01-23T00:00:00,EURGBP,63,0.94908948163879603,0.66175976643685752,success,64,88.860619209872056,85.935185675031022,false,false,41.690865285522023,0.76468186921589787,,,
2013-01-24T00:00:00,EURGBP,63,0.98974074372165655,0.65951580674840182,success,64,89.012659081629877,84.443396397449504,false,false,41.549495825149314,0.93871481660356448,,,
2013-01-25T00:00:00,EURGBP,63,0.98634945102081684,0.64254517192684846,success,64,88.310220331662862,84.029989366127012,false,false,40.480345831391453,0.94844212817534834,,,
2013-01-28T00:00:00,EURGBP,63,0.98408017283729299,0.62674720556785446,success,64,87.927260392702394,83.803118346251935,false,false,39.485073950774833,0.95211208426733263,,,
2013-01-29T00:00:00,EURGBP,63,0.97823299526809737,0.61049263749918781,success,64,88.16604941328923,84.360696813979274,false,false,38.461036162448835,0.9393934917732335,,,
2013-01-30T00:00:00,EURGBP,63,0.98081785927468379,0.59830762901435774,success,64,88.58008318264433,84.64567608434308,false,false,37.693380627904538,1.0737046474158032,,,
2013-01-31T00:00:00,EURGBP,63,0.98613507482447293,0.61062620138486956,success,64,89.053841000806784,84.789409945273107,false,false,38.469450687246784,30.936292026565706,,,
2013-02-01T00:00:00,EURGBP,63,0.99916472169972936,0.59369997976603694,success,64,90.276777424738341,83.189867457171786,false,false,37.403098725260328,33.625766873424759,,,
2013-02-04T00:00:00,EURGBP,63,0.99998044776256723,0.7259575344150434,success,64,90.812066383448155,79.969665104477926,false,false,45.735324668147733,9.0586332373896212,,,
2013-02-05T00:00:00,EURGBP,63,0.99999633222683171,0.99999983532775749,success,64,90.81206624843071,78.296144070022052,false,false,62.999989625648723,0.092916254327366582,,,
2013-02-06T00:00:00,EURGBP,63,0.99998327594889169,0.53974133949702452,success,64,90.812066980311656,79.813421016012626,false,false,34.003704388312542,460.38285196024736,,,
2013-02-07T00:00:00,EURGBP,63,0.99999776818212649,0.52952463531636773,success,64,90.81206634305795,77.799374460166831,false,false,33.360052024931164,19.862739585503832,,,
2013-02-08T00:00:00,EURGBP,63,0.99999803275594878,0.5183804301619509,success,64,90.812066225654391,77.67319123948262,false,false,32.65796710020291,10.643128899064049,,,
2013-02-11T00:00:00,EURGBP,63,0.99999854341001804,0.50239945533692043,success,64,90.812066247289366,77.372655221007165,false,false,31.65116568622599,9.2574548479082939,,,
2013-02-12T00:00:00,EURGBP,63,0.99999989512026144,0.99999972579793861,success,64,90.812066358960692,74.741614974432082,false,false,62.999982725270129,0.085773945012020514,,,
2013-02-13T00:00:00,EURGBP,63,0.99999993821298516,0.8587257284654638,success,64,90.812066274910265,74.212493724536984,false,false,54.099720893324218,13.807962130108512,,,
2013-02-14T00:00:00,EURGBP,63,0.99999987267304147,0.84275525631119919,success,64,90.81206640055504,74.935558944956782,false,false,53.093581147605548,15.884600375628722,,,
2013-02-15T00:00:00,EURGBP,63,0.9999998478871357,0.82680948985564273,success,64,90.812066388110537,75.11342347686076,false,false,52.088997860905494,14.592100461534034,,,
2013-02-18T00:00:00,EURGBP,63,0.99999893176806198,0.76338807048559121,success,64,90.812069439388253,77.062564836912884,false,false,48.093448440592248,0.54880175910829287,,,
2013-02-19T00:00:00,EURGBP,63,0.99999911618782367,0.79486949566597809,success,64,90.812066294035802,76.87304591084974,false,false,50.07677822695662,14.902113154693076,,,
2013-02-20T00:00:00,EURGBP,63,0.99997369521021728,0.38109775974064658,success,64,90.812066422831919,80.266333213618083,false,false,24.009158863660733,203.11383519154828,,,
2013-02-21T00:00:00,EURGBP,63,0.99998970799356146,0.36928948305193876,success,64,90.812066279875523,79.327933533983597,false,false,23.265237432272141,7.5729962123843286,,,
2013-02-22T00:00:00,EURGBP,63,0.99999242124402443,0.50478483935785823,success,64,90.812066304314442,79.021912392010364,false,false,31.801444879545066,7.1088890814338139,,,
2013-02-25T00:00:00,EURGBP,63,0.99997203763597509,0.34401602453679581,success,64,90.812066338141236,80.327443206969832,false,false,21.673009545818136,10.045674751309251,,,
2013-02-26T00:00:00,EURGBP,63,0.99999486841789265,0.65865228789988206,success,64,90.812066241741178,78.631974830011444,false,false,41.495094137692568,0.60084904158765184,,,
2013-02-27T00:00:00,EURGBP,63,0.99999501479657682,0.69967677352890367,success,64,90.812066292944522,78.60303492981285,false,false,44.079636732320928,16.077098888151873,,,
2013-02-28T00:00:00,EURGBP,63,0.99999180077971217,0.68425738846321082,success,64,90.812066227849513,79.10060293205035,false,false,43.108215473182284,14.257297958926797,,,
2013-03-01T00:00:00,EURGBP,63,0.99998469948085711,0.66782792529894297,success,64,90.812102536459975,79.724494037865298,false,false,42.073159293833406,20.244619757990087,,,
2013-03-04T00:00:00,EURGBP,63,0.99997159580103723,0.65253057972209461,success,64,90.812066362118088,80.343121193795724,false,false,41.109426522491958,17.195688174549549,,,
2013-03-05T00:00:00,EURGBP,63,0.99993793979679269,0.63691216370850801,success,64,90.812066245389403,81.124722682938682,false,false,40.125466313636004,17.930548139184413,,,
2013-03-06T00:00:00,EURGBP,63,0.99989862586090972,0.62065297178050371,success,64,90.812066228591235,81.615475069975787,false,false,39.101137222171737,17.508790210006158,,,
2013-03-07T00:00:00,EURGBP,63,0.99988512425331588,0.36119419794523072,success,64,90.812066295986014,81.740521700993099,false,false,22.755234470549535,6.4601458067110986,,,
2013-03-08T00:00:00,EURGBP,63,0.99986349278640341,0.34583201072872988,success,64,90.81206677054827,81.913070189205939,false,false,21.787416675909981,7.7293519068740908,,,
2013-03-11T00:00:00,EURGBP,63,0.999889515697307,0.57235890879068063,success,64,90.812066325696435,81.701539711929541,false,false,36.058611253812877,14.006988078084381,,,
2013-03-12T00:00:00,EURGBP,63,0.99976960216226241,0.55643418929750277,success,64,90.812066246377839,82.436593656755235,false,false,35.055353925742672,16.132601571092422,,,
2013-03-13T00:00:00,EURGBP,63,0.99968015088414641,0.54095999471490186,success,64,90.812066324300361,82.764725038253715,false,false,34.080479667038816,16.449743728506313,,,
2013-03-14T00:00:00,EURGBP,63,0.99914188720052055,0.28114984858359038,success,64,90.812066260548832,83.752149742545072,false,false,17.712440460766192,7.4786774003659122,,,
2013-03-15T00:00:00,EURGBP,63,0.99904822652271164,0.51160144851630485,success,64,90.812066265201778,83.855834996392275,false,false,32.230891256527208,20.300014011761164,,,
2013-03-18T00:00:00,EURGBP,63,0.99890126626052056,0.49333980907856689,success,64,90.81206627291651,83.999568702523334,false,false,31.080407971949715,21.765509082361156,,,
2013-03-19T00:00:00,EURGBP,63,0.99692879772834564,0.23272684606015479,success,64,90.812066279204245,85.029456032681523,false,false,14.661791301789751,7.8250110816683343,,,
2013-03-20T00:00:00,EURGBP,63,0.99199438499697401,0.25652809235107787,success,64,90.812066276974846,85.992492000850064,false,false,16.161269818117905,0.22789778544335512,,,
2013-03-21T00:00:00,EURGBP,63,0.53917642533507582,0.60388826600931045,success,64,90.812066356148847,90.655038787436325,false,false,38.044960758586555,10.052712914027616,,,
2013-03-22T00:00:00,EURGBP,63,0.98372902355806335,0.18536182061112108,success,64,90.812067513166284,86.71009997090195,false,false,11.677794698500628,8.4769532911056054,,,
2013-03-25T00:00:00,EURGBP,63,0.57532556284386882,0.57132185950246006,success,64,90.812066395977183,90.508453164310723,false,false,35.993277148654983,43.532544230708659,,,
2013-03-26T00:00:00,EURGBP,63,0.61020467852825133,0.55551043148720869,success,64,90.812066420372744,90.363893765535039,false,false,34.997157183694149,156.55125250308205,,,
2013-03-27T00:00:00,EURGBP,63,0.64315154359922289,0.53958754022414734,success,64,90.812066220013719,90.222997041213773,false,false,33.994015034121283,79.636481860438792,,,
2013-03-28T00:00:00,EURGBP,63,0.6612814003730052,0.52375465127954857,success,64,90.812066361393065,90.143056566031021,false,false,32.996543030611562,146.54146352816284,,,
2013-03-29T00:00:00,EURGBP,63,0.73555744135830414,0.63486514761207913,success,64,90.812066251170876,89.789061673916166,false,false,39.996504299560982,132.23776343573047,,,
2013-04-01T00:00:00,EURGBP,63,0.77895310358199821,0.61900289982479628,success,64,90.812066254629173,89.552490291356634,false,false,38.997182688962162,186.62246559904139,,,
2013-04-02T00:00:00,EURGBP,63,0.77821286693144909,0.60315044946913521,success,64,90.812066360253183,89.556784327437896,false,false,37.99847831655552,339.57799829211365,,,
2013-04-03T00:00:00,EURGBP,63,0.76244180801828043,0.46023382432021648,success,64,90.812066235987814,89.645952660104513,false,false,28.994730932173638,165.48879437001628,,,
2013-04-04T00:00:00,EURGBP,63,0.81063369775376903,0.44024947736470965,success,64,90.812066432727264,89.357933394501686,false,false,27.735717073976708,17.76539827590679,,,
2013-04-05T00:00:00,EURGBP,63,0.85378161392545304,0.4250123046454759,success,64,90.812066238532879,89.047492097997775,false,false,26.77577519266498,19.846441776324948,,,
2013-04-08T00:00:00,EURGBP,63,0.86140490273220505,0.40797054449785031,success,64,90.812066284106706,88.985058332798786,false,false,25.70214430336457,14.162026245017477,,,
2013-04-09T00:00:00,EURGBP,63,0.92351253165211811,0.52371491289907335,success,64,90.812066396285076,88.321008941968628,false,false,32.994039512641621,127.50121790167714,,,
2013-04-10T00:00:00,EURGBP,63,0.97994953415533581,0.82532307053331266,success,64,90.812066422169693,86.9228177352214,false,false,51.995353443598695,309.8267799748279,,,
2013-04-11T00:00:00,EURGBP,63,0.98751415397337694,0.80421885454513187,success,64,90.81206624870174,86.441471103773466,false,false,50.665787836343306,16.96823168701652,,,
2013-04-12T00:00:00,EURGBP,63,0.96569627591493701,0.476127078587752,success,64,90.812069092967022,87.47447364454645,false,false,29.996005951028376,223.10434319885218,,,
2013-04-15T00:00:00,EURGBP,63,0.97264795761776235,0.46021897350112362,success,64,90.812066307886823,87.240835304304568,false,false,28.993795330570787,148.58123414880509,,,
2013-04-16T00:00:00,EURGBP,63,0.97689650625515323,0.44433383958733319,success,64,90.812066288743537,87.067669422906903,false,false,27.993031894001991,135.38587015437119,,,
2013-04-17T00:00:00,EURGBP,63,0.98223650859174227,0.4284717206022452,success,64,90.812066240980471,86.79937942439031,false,false,26.993718397941446,156.05627238532645,,,
2013-04-18T00:00:00,EURGBP,63,0.9847611146768509,0.28558753091245509,success,64,90.812066328311914,86.643517645781913,false,false,17.992014447484671,155.00568199916512,,,
2013-04-19T00:00:00,EURGBP,63,0.9924772161690405,0.39667600378663564,success,64,90.81206623712896,85.929798440577471,false,false,24.990588238558047,116.00185829278878,,,
2013-04-22T00:00:00,EURGBP,63,0.99886348806522773,0.68746362214614187,success,64,90.812066237710084,84.03341198257678,false,false,43.31020819520694,8.5669755288177516,,,
2013-04-23T00:00:00,EURGBP,63,0.99944335589421163,0.67136669307338803,success,64,90.812066254429254,83.319038582952373,false,false,42.296101663623446,8.2035984766397387,,,
2013-04-24T00:00:00,EURGBP,63,0.99787650621663793,0.345376678232172,success,64,90.812066734582984,84.659499950417754,false,false,21.758730728626837,23.900798046732756,,,
2013-04-25T00:00:00,EURGBP,63,0.9961785633207747,0.19613898753334272,success,64,90.812066242432323,85.2487661664249,false,false,12.35675621460059,9.7562799450026567,,,
2013-04-26T00:00:00,EURGBP,63,0.99743429408989548,0.17988341317187764,success,64,90.81206623155154,84.849113604921172,false,false,11.332655029828292,9.1419873930967466,,,
2013-04-29T00:00:00,EURGBP,63,0.99849975489556753,0.16377122546104433,success,64,90.812066326285802,84.311440916616903,false,false,10.317587204045793,6.4192774065082361,,,
2013-04-30T00:00:00,EURGBP,63,0.99913250493982242,0.1477556825297795,success,64,90.812066405816154,83.7630335368885,false,false,9.3086079993761075,5.1598044684389119,,,
2013-05-01T00:00:00,EURGBP,63,0.99960301620252578,0.12161641431275229,success,64,90.812066280820062,82.980848252919259,false,false,7.661834101703394,0.9985775761711162,,,
2013-05-02T00:00:00,EURGBP,63,0.99735540069119799,0.11595272986201632,success,64,90.812066274570597,84.879478661806147,false,false,7.3050219813070285,6.7722069502470603,,,
2013-05-03T00:00:00,EURGBP,63,0.99040395149435234,0.54981513714628349,success,64,90.812066248892449,86.175304756916134,false,false,34.638353640215861,3.0028316424740531,,,
2013-05-06T00:00:00,EURGBP,63,0.98565999757680778,0.52904206443655133,success,64,90.812066379554295,86.581807918615809,false,false,33.329650059502733,5.4639939260757755,,,
2013-05-07T00:00:00,EURGBP,63,0.98819617061071674,0.51875034934423137,success,64,90.812066289711595,86.384609061763555,false,false,32.681272008686577,3.305455578522253,,,
2013-05-08T00:00:00,EURGBP,63,0.98148210925996449,0.50620441885126133,success,64,90.812066242282015,86.841739788494039,false,false,31.890878387629467,9.0049206931765973,,,
2013-05-09T00:00:00,EURGBP,63,0.98022591868899522,0.49193252802775517,success,64,90.812066304871593,86.908655285982789,false,false,30.991749265748574,117.27278829234876,,,
2013-05-10T00:00:00,EURGBP,63,0.95749725873904379,0.47599033729507395,success,64,90.812066893068646,87.697312609061782,false,false,29.98739124958966,67.480112460630096,,,
2013-05-13T00:00:00,EURGBP,63,0.96483199522606766,0.46025300534928743,success,64,90.812066253276441,87.500248979273323,false,false,28.995939337005108,216.33529249398495,,,
2013-05-14T00:00:00,EURGBP,63,0.95274638774705778,0.44435256686582303,success,64,90.812066324207251,87.808246676672226,false,false,27.99421171254685,143.76868686277956,,,
2013-05-15T00:00:00,EURGBP,63,0.95498683659107886,0.42838767642800485,success,64,90.812066244468355,87.757323654949758,false,false,26.988423614964304,72.447539047274034,,,
2013-05-16T00:00:00,EURGBP,63,0.96663972577487756,0.41252405689091359,success,64,90.812066267109131,87.445606207713396,false,false,25.989015584127557,80.770606723571163,,,
2013-05-17T00:00:00,EURGBP,63,0.97247397227918031,0.39676480547563686,success,64,90.812066315779518,87.247355024002772,false,false,24.996182744965122,240.06141162437385,,,
2013-05-20T00:00:00,EURGBP,63,0.8424858973172713,0.058134240428519411,success,64,90.812066405191061,89.135224477293804,false,false,3.6624571469967231,18.386376945652511,,,
2013-05-21T00:00:00,EURGBP,63,0.9401412535737067,0.36498012834553578,success,64,90.812066216689161,88.05802364340127,false,false,22.993748085768754,128.18129974173607,,,
2013-05-22T00:00:00,EURGBP,63,0.93218499294364365,0.34863080253223344,success,64,90.812066245097981,88.191318473293805,false,false,21.963740559530706,21.582254448198963,,,
2013-05-23T00:00:00,EURGBP,63,0.93119616850494102,0.3331028156633119,success,64,90.8120674984918,88.206856969824926,false,false,20.985477386788649,54.050214494934892,,,
2013-05-24T00:00:00,EURGBP,63,0.89381682809234075,0.31731190680049776,success,64,90.812066339059172,88.681731114794445,false,false,19.990650128431358,75.468250806464638,,,
2013-05-27T00:00:00,EURGBP,63,0.91517366582864923,0.30153294632202149,success,64,90.812066294387876,88.433558487464396,false,false,18.996575618287356,221.38630613910499,,,
2013-05-28T00:00:00,EURGBP,63,0.92894371170881129,0.28494053427351218,success,64,90.812066835996319,88.241491044993893,false,false,17.951253659231266,16.417785650695649,,,
2013-05-29T00:00:00,EURGBP,63,0.93607224242212239,0.26932538208291917,success,64,90.812067027334152,88.12812802971321,false,false,16.967499071223909,25.533218917872855,,,
2013-05-30T00:00:00,EURGBP,63,0.93764466281865422,0.25350624744220784,success,64,90.812066300462945,88.101544516320814,false,false,15.970893588859093,29.105868333653643,,,
2013-05-31T00:00:00,EURGBP,63,0.87307186776448531,0.68237267757319309,success,64,90.812066309504729,88.883669472673446,false,false,42.989478687111166,68.863712638726113,,,
2013-06-03T00:00:00,EURGBP,63,0.96397880556796856,0.22214212435322458,success,64,90.812066296197543,87.52510448719724,false,false,13.994953834253149,192.04824939348225,,,
2013-06-04T00:00:00,EURGBP,63,0.9642457989746569,0.20134856453385555,success,64,90.812066262851332,87.517387795987247,false,false,12.6849595656329,16.532931301585212,,,
2013-06-05T00:00:00,EURGBP,63,0.90415859123103592,0.18517069591965346,success,64,90.812069479077863,88.567759534728964,false,false,11.665753842938168,13.835804990563096,,,
2013-06-06T00:00:00,EURGBP,63,0.94294504008702851,0.17409222250400389,success,64,90.812066342445405,88.007073355779738,false,false,10.967810017752244,29.761322749854578,,,
2013-06-07T00:00:00,EURGBP,63,0.94363463355759403,0.1503937072614788,success,64,90.812066338873095,87.994182188085674,false,false,9.4748035574731642,8.2105017455678873,,,
2013-06-10T00:00:00,EURGBP,63,0.91173307883803267,0.58716443617230096,success,64,90.812066245145104,88.477084393267148,false,false,36.99135947885496,87.833350307108006,,,
2013-06-11T00:00:00,EURGBP,63,0.92100177010738993,0.57142253427454492,success,64,90.812066352318467,88.356029839917639,false,false,35.999619659296329,2743.9127575779157,,,
2013-06-12T00:00:00,EURGBP,63,0.99668737006368102,0.76308089004329849,success,64,90.812066331590032,85.105371598051562,false,false,48.074096072727805,14.48244159362711,,,
2013-06-13T00:00:00,EURGBP,63,0.94643937096817832,0.53428910529930773,success,64,90.812066278624044,87.940173631242558,false,false,33.660213633856387,23.732495447093079,,,
2013-06-14T00:00:00,EURGBP,63,0.93458496911872269,0.51878753799421595,success,64,90.812066252496223,88.152715767093611,false,false,32.683614893635607,23.832087789568686,,,
2013-06-17T00:00:00,EURGBP,63,0.99883865072826061,0.71552051902219316,success,64,90.812066416663669,84.05505565630007,false,false,45.07779269839817,13.057893824979597,,,
2013-06-18T00:00:00,EURGBP,63,0.9433124667022782,0.69912708953472247,success,64,90.812067872738893,88.000224606384052,false,false,44.045006640687518,14.950408948924194,,,
2013-06-19T00:00:00,EURGBP,63,0.92986365756433476,0.68311926113585697,success,64,90.812066237845485,88.227469363941779,false,false,43.036513451558989,14.41404037614994,,,
2013-06-20T00:00:00,EURGBP,63,0.73469689563133589,0.46013517496930512,success,64,90.812066342457769,89.793481277623087,false,false,28.988516023066222,37.352648092649247,,,
2013-06-21T00:00:00,EURGBP,63,0.88115301786371325,0.71824302508604687,success,64,90.809077389902328,88.805682893760533,false,false,45.249310580420953,0.55493329097323274,,,
2013-06-24T00:00:00,EURGBP,63,0.71180817044064271,0.49909616451791577,success,64,90.799669708095649,89.895487589788559,false,false,31.443058364628694,1.1467131815694027,,,
2013-06-25T00:00:00,EURGBP,63,0.71640411744744348,0.48378649270765173,success,64,90.806726708867714,89.880032567333203,false,false,30.47854904058206,1.1840016556170481,,,
2013-06-26T00:00:00,EURGBP,63,0.80027542388054318,0.39661348657315032,success,64,90.811332104258213,89.423315454035261,false,false,24.986649654108469,36.44412645658624,,,
2013-06-27T00:00:00,EURGBP,63,0.74525361926304845,0.44967718497058318,success,64,90.80200985226665,89.728553728163675,false,false,28.329662653146741,0.9374311179420125,,,
2013-06-28T00:00:00,EURGBP,63,0.83834554812777973,0.36460216082124541,success,64,90.80307223293994,89.157102912834361,false,false,22.969936131738461,17.782321576117933,,,
2013-07-01T00:00:00,EURGBP,63,0.90770694833907939,0.62090097547502587,success,64,90.793577770161107,88.507625046501303,false,false,39.116761454926632,0.55064420602298547,,,
2013-07-02T00:00:00,EURGBP,63,0.80566038728371037,0.33332291874287467,success,64,90.80735674856362,89.385301660173752,false,false,20.999343880801103,771.0970972488343,,,
2013-07-03T00:00:00,EURGBP,63,0.68295944306609258,0.2854090634155439,success,64,90.774202707105161,90.006796935422472,false,false,17.980770995179267,14.146419571976821,,,
2013-07-04T00:00:00,EURGBP,63,0.74583946950352287,0.79383876972344258,success,64,90.812066308385866,89.7355219968846,false,false,50.011842492576882,43.198237524887844,,,
2013-07-05T00:00:00,EURGBP,63,0.91172198644528979,0.68883150168922669,success,64,90.765678549598661,88.430834524910921,false,false,43.396384606421279,0.19696100705834979,,,
2013-07-08T00:00:00,EURGBP,63,0.89817118267634233,0.65228628024753488,success,64,90.775065310810859,88.597997775980232,false,false,41.094035655594695,0.19628698490737023,,,
2013-07-09T00:00:00,EURGBP,63,0.89516039649520551,0.61518446816104988,success,64,90.777419621538414,88.632848301899671,false,false,38.756621494146145,0.19838075715533254,,,
2013-07-10T00:00:00,EURGBP,63,0.89753521631049338,0.59633355670611665,success,64,90.784037760034934,88.613904567995903,false,false,37.569014072485352,0.1866349032175994,,,
2013-07-11T00:00:00,EURGBP,63,0.88872117018880825,0.57001525005319986,success,64,90.80329006574037,88.725545555599695,false,false,35.910960753351588,0.1900483036429777,,,
2013-07-12T00:00:00,EURGBP,63,0.8877186616044398,0.53441927126584099,success,64,90.799559168189703,88.731911969496508,false,false,33.668414089747984,0.19239491225868563,,,
2013-07-15T00:00:00,EURGBP,63,0.87552374154043222,0.51659371959406464,success,64,90.745764576629185,88.795057310193982,false,false,32.545404334426074,0.20877024000153413,,,
2013-07-16T00:00:00,EURGBP,63,0.87783131837544803,0.49140257034824553,success,64,90.760567398868588,88.788515670030947,false,false,30.958361931939468,0.20810884136622668,,,
2013-07-17T00:00:00,EURGBP,63,0.89805912063870574,0.49673732812403421,success,64,90.807164375901181,88.631321505003626,false,false,31.294451671814155,0.1814668468275856,,,
2013-07-18T00:00:00,EURGBP,63,0.89705493510381706,0.47316011313392387,success,64,90.751622334044583,88.586700726138162,false,false,29.809087127437202,0.18765426118170872,,,
2013-07-19T00:00:00,EURGBP,63,0.89887107530500665,0.442704065058587,success,64,90.76029729943356,88.575553869209671,false,false,27.89035609869098,0.19179149260625747,,,
2013-07-22T00:00:00,EURGBP,63,0.90917789915806224,0.41316241718273594,success,64,90.75718381578794,88.45354568944704,false,false,26.029232282512364,0.19135345470959286,,,
2013-07-23T00:00:00,EURGBP,63,0.92358868488471146,0.37951448278939282,success,64,90.796994392721601,88.304858355225051,false,false,23.909412415731747,0.1857707830045788,,,
2013-07-24T00:00:00,EURGBP,63,0.78415200607748936,0.57189118092510605,success,64,90.812066465144326,89.522038006392776,false,false,36.02914439828168,16.916484338331834,,,
2013-07-25T00:00:00,EURGBP,63,0.80471723690932684,0.50350602209948769,success,64,90.810440852456381,89.394398470604571,false,false,31.720879392267722,0.57904909590756859,,,
2013-07-26T00:00:00,EURGBP,63,0.79605284160828149,0.48643955926958277,success,64,90.812066239657014,89.450261604885171,false,false,30.645692233983713,0.58915715358087495,,,
2013-07-29T00:00:00,EURGBP,63,0.78592582978257297,0.46817354471483019,success,64,90.812066278518373,89.511526399460593,false,false,29.494933317034302,0.5805891343860754,,,
2013-07-30T00:00:00,EURGBP,63,0.80367600530200478,0.45286444814009341,success,64,90.812017584631704,89.402587703797238,false,false,28.530460232825885,0.53808681221079802,,,
2013-07-31T00:00:00,EURGBP,63,0.8098997075933928,0.2980178020582635,success,64,90.696709423170816,89.2473507886221,false,false,18.775121529670599,0.4907474667579258,,,
2013-08-01T00:00:00,EURGBP,63,0.85334880447159478,0.43453089825381136,success,64,90.738344495456033,88.977233064221394,false,false,27.375446589990116,0.6987489205545161,,,
2013-08-02T00:00:00,EURGBP,63,0.87936807849806398,0.42061054247982543,success,64,90.620825629179336,88.634366010614812,false,false,26.498464176229003,0.66445574327004764,,,
2013-08-05T00:00:00,EURGBP,63,0.83511096425466969,0.76235997296405178,success,64,90.347060178497955,88.724768308182917,false,false,48.028678296735265,13.958266287529341,,,
2013-08-06T00:00:00,EURGBP,63,0.74323220501303089,0.74639244193240695,success,64,90.484080191309189,89.421243826868249,false,false,47.022723841741637,12.814719364358041,,,
2013-08-07T00:00:00,EURGBP,63,0.80391688860266375,0.52430354268169643,success,64,90.69385690923994,89.282899624882447,false,false,33.031123188946879,12.579122690281633,,,
2013-08-08T00:00:00,EURGBP,63,0.89287112450304928,0.35888252776113444,success,64,90.712995740005667,88.592586040607713,false,false,22.609599248951469,0.63684931495637276,,,
2013-08-09T00:00:00,EURGBP,63,0.88900995424126161,0.34287180729915767,success,64,90.737196646676253,88.656528733545088,false,false,21.600923859846933,0.65437076674178063,,,
2013-08-12T00:00:00,EURGBP,63,0.62639693073370717,0.68260507753310939,success,64,90.699490978157982,90.182700655045608,false,false,43.00411988458589,2.8292394494315989,,,
2013-08-13T00:00:00,EURGBP,63,0.88683709730449922,0.31224080995991599,success,64,90.758122517928655,88.699289605641709,false,false,19.671171027474706,0.702622519178697,,,
2013-08-14T00:00:00,EURGBP,63,0.88616100329237835,0.29730178436432442,success,64,90.669510244019037,88.617396731194333,false,false,18.730012414952437,0.7142571950962624,,,
2013-08-15T00:00:00,EURGBP,63,0.87225354195709504,0.28071851696999195,success,64,90.548007840822933,88.62697520305899,false,false,17.685266569109494,0.71576066789678983,,,
2013-08-16T00:00:00,EURGBP,63,0.87535971637312848,0.26671368809425033,success,64,90.278245330823296,88.329042282207979,false,false,16.802962349937772,0.76799935636190519,,,
2013-08-19T00:00:00,EURGBP,63,0.79058672327351298,0.71857538784363417,success,64,90.512048294855987,89.183582637449859,false,false,45.270249434148951,0.69819416256245648,,,
2013-08-20T00:00:00,EURGBP,63,0.81906853584887473,0.70662923213993267,success,64,90.589383274460516,89.079333820214103,false,false,44.517641624815759,0.6891906406871432,,,
2013-08-21T00:00:00,EURGBP,63,0.77897521882589149,0.69001103351922954,success,64,90.727263107899859,89.467558701296113,false,false,43.470695111711464,0.70178553902183727,,,
2013-08-22T00:00:00,EURGBP,63,0.66448269094399925,0.49233407699722642,success,64,90.791481792196123,90.108146509524957,false,false,31.017046850825263,13.689428366674274,,,
2013-08-23T00:00:00,EURGBP,63,0.61727842419118872,0.54023618347296021,success,64,90.745491887915975,90.267479479735641,false,false,34.03487955879649,3.4929942089313633,,,
2013-08-26T00:00:00,EURGBP,63,0.60124586185252327,0.52409009133740969,success,64,90.75823200861231,90.34757310163431,false,false,33.017675754256814,3.3826411116309925,,,
2013-08-27T00:00:00,EURGBP,63,0.7765330357467598,0.28164962166637775,success,64,90.779006462678169,89.533430868749491,false,false,17.743926164981797,1.560852580492291,,,
2013-08-28T00:00:00,EURGBP,63,0.76131332062133461,0.26481172448015272,success,64,90.799458343554406,89.639565075113794,false,false,16.68313864224962,1.5556549776008937,,,
2013-08-29T00:00:00,EURGBP,63,0.96005223777402982,0.15991506955654902,success,64,90.764234600371793,87.584819559317083,false,false,10.074649382062589,16.217336863779515,,,
2013-08-30T00:00:00,EURGBP,63,0.740003823630072,0.56941859791570137,success,64,90.703577252847765,89.657588824233116,false,false,35.873371668689188,0.64794749261881468,,,
2013-09-02T00:00:00,EURGBP,63,0.73226229376602625,0.55070297566463355,success,64,90.623741257391586,89.617610275977498,false,false,34.694287466871913,0.6323424951192026,,,
2013-09-03T00:00:00,EURGBP,63,0.74272886935139371,0.53634939173066631,success,64,90.580619889285813,89.520419336415102,false,false,33.790011679031977,0.64495911320117583,,,
2013-09-04T00:00:00,EURGBP,63,0.73687918016968845,0.51689852658092394,success,64,90.557712890256099,89.527902263826178,false,false,32.564607174598208,0.64008158418763383,,,
2013-09-05T00:00:00,EURGBP,63,0.73686967123915081,0.49750155194660961,success,64,90.535663395483354,89.505901811839038,false,false,31.342597772636406,0.62337709030077226,,,
2013-09-06T00:00:00,EURGBP,63,0.72965508120035272,0.47899216706635245,success,64,90.590123969508227,89.597250659286019,false,false,30.176506525180205,0.62650053808201722,,,
2013-09-09T00:00:00,EURGBP,63,0.74222631126024974,0.46103089168228334,success,64,90.562829421426386,89.505257247614921,false,false,29.044946175983849,0.619074317547332,,,
2013-09-10T00:00:00,EURGBP,63,0.75200349185904314,0.44117093775479815,success,64,90.583999002719153,89.474672701339586,false,false,27.793769078552284,0.61548562282425956,,,
2013-09-11T00:00:00,EURGBP,63,0.74873259555589056,0.25321150447785468,success,64,90.556202231889372,89.464338055789938,false,false,15.952324782104844,12.252698837719162,,,
2013-09-12T00:00:00,EURGBP,63,0.84883335951674754,0.61810781203405307,success,64,90.556508661456988,88.831028580632236,false,false,38.940792158145342,1.4130626495724445,,,
2013-09-13T00:00:00,EURGBP,63,0.84668263468689708,0.60379712553202014,success,64,90.610542388342466,88.901726513439215,false,false,38.03921890851727,1.2849645156847578,,,
2013-09-16T00:00:00,EURGBP,63,0.64764251051225596,0.27894978142893323,success,64,90.766223905545033,90.15753129809903,false,false,17.573836230022792,2.0783095291492693,,,
2013-09-17T00:00:00,EURGBP,63,0.66016473294006006,0.26443448187852836,success,64,90.677652819589866,90.013624411900139,false,false,16.659372358347287,2.3002231318835857,,,
2013-09-18T00:00:00,EURGBP,63,0.83254125100085752,0.5565095508670691,success,64,90.75430400277655,89.150558277700327,false,false,35.060101704625353,1.3323330065095269,,,
2013-09-19T00:00:00,EURGBP,63,0.70322051700655164,0.52339120490663704,success,64,90.809609094178526,89.946927953125964,false,false,32.973645909118133,14.609215509705146,,,
2013-09-20T00:00:00,EURGBP,63,0.58693289470046661,0.69828486430643233,success,64,90.80472545889711,90.453425027010837,false,false,43.991946451305239,18.340185050642713,,,
2013-09-23T00:00:00,EURGBP,63,0.75862194966181051,0.51468281169724195,success,64,90.804083031473539,89.658943846212949,false,false,32.425017136926243,1.1000704543089803,,,
2013-09-24T00:00:00,EURGBP,63,0.77260739752542373,0.47536634969317987,success,64,90.812066235427281,89.588973260288441,false,false,29.948080030670333,9.1029878774220201,,,
2013-09-25T00:00:00,EURGBP,63,0.77413976879820723,0.46000588495476413,success,64,90.812066243896197,89.580230168712305,false,false,28.98037075215014,24.334695952315862,,,
2013-09-26T00:00:00,EURGBP,63,0.81561330823997791,0.44416406949148529,success,64,90.812066243185441,89.325161025521339,false,false,27.982336377963573,30.656253319067037,,,
2013-09-27T00:00:00,EURGBP,63,0.81963728319842422,0.42782695591468178,success,64,90.812066350567775,89.298174362387584,false,false,26.953098222624952,11.7297861132849,,,
2013-09-30T00:00:00,EURGBP,63,0.84649152537079175,0.41250329364024441,success,64,90.812066332260457,89.104721916926778,false,false,25.987707499335396,48.363771945079776,,,
2013-10-01T00:00:00,EURGBP,63,0.8065249043644207,0.38954033075334282,success,64,90.668467906501803,89.240881929315179,false,false,24.541040837460599,28.655362709547973,,,
2013-10-02T00:00:00,EURGBP,63,0.78652156205941171,0.38034931714439357,success,64,90.812066267847953,89.507981964835551,false,false,23.962006980096795,13.298071682053415,,,
2013-10-03T00:00:00,EURGBP,63,0.60804769450130258,0.36196442795853406,success,64,90.789617101791976,90.350503940740921,false,false,22.803758961387647,17.700482142537201,,,
2013-10-04T00:00:00,EURGBP,63,0.66557848786442375,0.34894888616970338,success,64,90.62988009158147,89.941625732202397,false,false,21.983779828691311,19.857461497868726,,,
2013-10-07T00:00:00,EURGBP,63,0.70008561520515245,0.69831655895560829,success,64,90.732341978703417,89.884636393612283,false,false,43.99394321420332,0.49799686727975584,,,
2013-10-08T00:00:00,EURGBP,63,0.59139461164937912,0.61404731871613971,success,64,90.673580903435052,90.303847276881228,false,false,38.684981079116803,1.5181231724850135,,,
2013-10-09T00:00:00,EURGBP,63,0.59172756454768038,0.49218812111604204,success,64,90.619016645947326,90.247904997527158,false,false,31.00785163031065,14.1600412433414,,,
2013-10-10T00:00:00,EURGBP,63,0.73134619573119986,0.31218603653153831,success,64,90.661186075146816,89.659722713297228,false,false,19.667720301486913,1.0168275876791928,,,
2013-10-11T00:00:00,EURGBP,63,0.75674979899984407,0.29360585024860525,success,64,90.691788297440624,89.556846162525346,false,false,18.497168565662129,1.041271846074854,,,
2013-10-14T00:00:00,EURGBP,63,0.69723095496963572,0.61319741461763155,success,64,90.485241217398951,89.651094793001207,false,false,38.631437120910789,0.55298098756779701,,,
2013-10-15T00:00:00,EURGBP,63,0.60584039922916599,0.53580669752418286,success,64,90.575053793622615,90.14519311522379,false,false,33.755821944023523,1.8909919193786329,,,
2013-10-16T00:00:00,EURGBP,63,0.63120033639657114,0.5201753266508643,success,64,90.670989471350879,90.133619748415498,false,false,32.771045579004451,2.0531572522302897,,,
2013-10-17T00:00:00,EURGBP,63,0.65378315961664168,0.50313422744691183,success,64,90.726376048082216,90.09066559689208,false,false,31.697456329155447,1.8202959589145218,,,
2013-10-18T00:00:00,EURGBP,63,0.68030264847987065,0.48677024020020915,success,64,90.718482415867527,89.963319417183683,false,false,30.666525132613177,1.8597107488251983,,,
2013-10-21T00:00:00,EURGBP,63,0.72413706588425408,0.71429229573355157,success,64,90.732242847988246,89.767166282841302,false,false,45.000414631213751,1.0810419185158735,,,
2013-10-22T00:00:00,EURGBP,63,0.74623787903737915,0.69721034856766007,success,64,90.736999597806332,89.658352472282957,false,false,43.924251959762586,1.0982924998622283,,,
2013-10-23T00:00:00,EURGBP,63,0.7472166310184114,0.49109196675012656,success,64,90.695478599149851,89.611656327548218,false,false,30.938793905257974,0.53704510357680546,,,
2013-10-24T00:00:00,EURGBP,63,0.77491520121700452,0.46897803566433754,success,64,90.704569550720052,89.468293159819439,false,false,29.545616246853264,0.50394736866250067,,,
2013-10-25T00:00:00,EURGBP,63,0.79112688720771418,0.44812862170610229,success,64,90.760977698730926,89.4292462819338,false,false,28.232103167484443,0.47918700721996771,,,
2013-10-28T00:00:00,EURGBP,63,0.87666263639633346,0.094297855439987699,success,64,90.812066275219323,88.850867430296546,false,false,5.9407648927192254,16.181541406373249,,,
2013-10-29T00:00:00,EURGBP,63,0.64242928676091593,0.37642507956423238,success,64,90.812066236964498,90.226142627612731,false,false,23.71478001254664,2.3609503686332256,,,
2013-10-30T00:00:00,EURGBP,63,0.64383370813578189,0.34874182087559563,success,64,90.812066273078898,90.220023531266136,false,false,21.970734715162525,19.990220954319458,,,
2013-10-31T00:00:00,EURGBP,63,0.6992668442690918,0.41655320213668207,success,64,90.812066252472249,89.968257177370589,false,false,26.242851734610969,0.60053392063936772,,,
2013-11-01T00:00:00,EURGBP,63,0.68823413869489936,0.40138782865901734,success,64,90.812066728573441,90.02019009221469,false,false,25.287433205518091,0.66093697231047255,,,
2013-11-04T00:00:00,EURGBP,63,0.88488570166736458,0.9542934137668424,success,64,90.805197303516891,88.765664350825745,false,false,60.120485067311073,31.143296641242376,,,
2013-11-05T00:00:00,EURGBP,63,0.97107315427902274,0.93757017973851131,success,64,90.798734143834778,87.285102420890226,false,false,59.066921323526209,58.809669904766665,,,
2013-11-06T00:00:00,EURGBP,63,0.94839834893104114,0.92088247382823507,success,64,90.811089887432573,87.899868943578255,false,false,58.015595851178809,79.769961087275874,,,
2013-11-07T00:00:00,EURGBP,63,0.97921733154244384,0.90488367033706285,success,64,90.812066632474171,86.959432413307582,false,false,57.007671231234958,175.18771831153691,,,
2013-11-08T00:00:00,EURGBP,63,0.75611317671109268,0.57151176520210578,success,64,90.812066296719124,89.680579505806648,false,false,36.005241207732666,96.556599041205487,,,
2013-11-11T00:00:00,EURGBP,63,0.71394939063783247,0.39717380395082774,success,64,90.812066818501009,89.897423491110047,false,false,25.021949648902147,29.041916144970113,,,
2013-11-12T00:00:00,EURGBP,63,0.99213615627315377,0.86225124584442869,success,64,90.757904851055585,85.920320009561337,false,false,54.32182848819901,22.823191792737482,,,
2013-11-13T00:00:00,EURGBP,63,0.75218586123475972,0.36579877720378401,success,64,90.81206612721698,89.701761702639189,false,false,23.045322963838391,18.300862832013944,,,
2013-11-14T00:00:00,EURGBP,63,0.71390603823358101,0.34983669981293841,success,64,90.812066710711633,89.897635650652603,false,false,22.039712088215119,17.810609396371543,,,
2013-11-15T00:00:00,EURGBP,63,0.6654040840755634,0.33322859559678958,success,64,90.812066291199216,90.124595372492308,false,false,20.993401522597743,13.383247874854645,,,
2013-11-18T00:00:00,EURGBP,63,0.96714697929968607,0.77472576125369441,success,64,90.797840209633151,87.4155334256412,false,false,48.807722958982751,1.4633849250846038,,,
2013-11-19T00:00:00,EURGBP,63,0.96490649282421204,0.75830066833155274,success,64,90.739780136238565,87.425765070836306,false,false,47.772942104887825,1.4927304574661107,,,
2013-11-20T00:00:00,EURGBP,63,0.97267314003247385,0.74238113649201654,success,64,90.806837042714264,87.234659047136105,false,false,46.770011598997044,1.5082052261717853,,,
2013-11-21T00:00:00,EURGBP,63,0.96271430838922878,0.72523348313063329,success,64,90.775878349292995,87.524731299975912,false,false,45.689709437229901,1.5420312512232928,,,
2013-11-22T00:00:00,EURGBP,63,0.9619705776325953,0.70927287038998521,success,64,90.789601860371903,87.558978127713672,false,false,44.684190834569065,1.5217931043792585,,,
2013-11-25T00:00:00,EURGBP,63,0.95708790828870782,0.69269364794399602,success,64,90.741207195099364,87.636465593965724,false,false,43.639699820471748,1.5678787640607685,,,
2013-11-26T00:00:00,EURGBP,63,0.91606911706922578,0.62292945377023579,success,64,90.775172045681757,88.385073866425074,false,false,39.244555587524857,0.43147980486409671,,,
2013-11-27T00:00:00,EURGBP,63,0.82318076413818297,0.30932750278221594,success,64,90.800926994137043,89.262879121477937,false,false,19.487632675279603,0.80102945596159747,,,
2013-11-28T00:00:00,EURGBP,63,0.91148168589881928,0.57703712865074563,success,64,90.805794876561109,88.47393284451239,false,false,36.353339104996977,0.43725363005044954,,,
2013-11-29T00:00:00,EURGBP,63,0.92769138963613074,0.62666717903316194,success,64,90.811465151549186,88.259709242586339,false,false,39.480032279089201,1.6296914994323479,,,
2013-12-02T00:00:00,EURGBP,63,0.8945645837107955,0.54103662192626112,success,64,90.809311257551613,88.671072753892801,false,false,34.085307181354452,0.4535007218271408,,,
2013-12-03T00:00:00,EURGBP,63,0.92182502867209293,0.61933974434903916,success,64,90.812066841657753,88.344660946360761,false,false,39.018403893989465,40.298205855947934,,,
2013-12-04T00:00:00,EURGBP,63,0.87589156786139111,0.50762175044028768,success,64,90.808669860238055,88.854583194168015,false,false,31.980170277738125,0.46601958865111737,,,
2013-12-05T00:00:00,EURGBP,63,0.94475522684333424,0.56386724306815939,success,64,90.807560556702839,87.968408414397175,false,false,35.523636313294041,1.5602392711062869,,,
2013-12-06T00:00:00,EURGBP,63,0.9298383024564606,0.54705562457319667,success,64,90.773468178762158,88.189260019147724,false,false,34.46450434811139,1.5477974606895644,,,
2013-12-09T00:00:00,EURGBP,63,0.90909518337321915,0.53030636972668499,success,64,90.789602473677377,88.486965660773095,false,false,33.409301292781151,1.5330031301808387,,,
2013-12-10T00:00:00,EURGBP,63,0.87892422407515081,0.44463289826501712,success,64,90.789874820856824,88.80759273075418,false,false,28.011872590696079,0.43891558208249071,,,
2013-12-11T00:00:00,EURGBP,63,0.89269712646888466,0.43184335988770711,success,64,90.783745898291116,88.665153968656327,false,false,27.206131672925547,0.42531471391026471,,,
2013-12-12T00:00:00,EURGBP,63,0.89604836619821815,0.4189914570963153,success,64,90.77238028055325,88.618311620272621,false,false,26.396461797067865,0.44780948975639467,,,
2013-12-13T00:00:00,EURGBP,63,0.87705549827587237,0.39910028039517725,success,64,90.781521164714704,88.816683940441905,false,false,25.143317664896166,0.44219609957463613,,,
2013-12-16T00:00:00,EURGBP,63,0.73029253803974803,0.76547267133300323,success,64,90.764734650006943,89.768627356491976,false,false,48.224778293979206,1.1683871868776348,,,
2013-12-17T00:00:00,EURGBP,63,0.7488513999781834,0.74795892720469626,success,64,90.621251215290243,89.528755445258867,false,false,47.121412413895861,1.2893412002341293,,,
2013-12-18T00:00:00,EURGBP,63,0.98319113444714035,0.4246736307746713,success,64,90.791808739908106,86.722911657434267,false,false,26.754438738804293,1.687986513976256,,,
2013-12-19T00:00:00,EURGBP,63,0.66797893433283129,0.63239902447769414,success,64,90.784963567941006,90.085905348039802,false,false,39.841138542094733,1.291048285938464,,,
2013-12-20T00:00:00,EURGBP,63,0.97925026427569684,0.39269112377237048,success,64,90.774930674311349,86.920676942307267,false,false,24.739540797659341,1.7169852674503561,,,
2013-12-23T00:00:00,EURGBP,63,0.81409288590832329,0.75552424296817144,success,64,90.762822728770686,89.285995421200056,false,false,47.598027306994801,0.37668576090997186,,,
2013-12-24T00:00:00,EURGBP,63,0.95406180258639461,0.35938273488706779,success,64,90.774327908052896,87.740896414768173,false,false,22.641112297885272,1.6720345366608302,,,
2013-12-26T00:00:00,EURGBP,63,0.93129371445396913,0.34249179088473564,success,64,90.76348201784495,88.156747995264681,false,false,21.576982825738344,1.6400493050487535,,,
2013-12-27T00:00:00,EURGBP,63,0.73696451412258701,0.68526512937828743,success,64,90.785665583604796,89.755414792028503,false,false,43.171703150832109,0.42116358119587377,,,
2013-12-30T00:00:00,EURGBP,63,0.72275745189095708,0.66580677983037129,success,64,90.788142023520294,89.829961080202551,false,false,41.945827129313393,0.42120974596182192,,,
2013-12-31T00:00:00,EURGBP,63,0.65442040652732947,0.5150741738030602,success,64,90.808472457777711,90.169945477928565,false,false,32.449672949592795,1.3566029508183741,,,
2014-01-01T00:00:00,EURGBP,63,0.66177336016609623,0.49768375772972706,success,64,90.81012269795589,90.138915759710542,false,false,31.354076736972804,1.3631909014153569,,,
2014-01-02T00:00:00,EURGBP,63,0.64618841186123765,0.48221292209031719,success,64,90.812066233335528,90.209739647398578,false,false,30.379414091689984,1.4007202558691767,,,
2014-01-03T00:00:00,EURGBP,63,0.64352429176860892,0.46569890401084241,success,64,90.812066306125431,90.221372628284925,false,false,29.339030952683071,1.4028689798605825,,,
2014-01-06T00:00:00,EURGBP,63,0.71460999922599977,0.5815457976839381,success,64,90.812066249454986,89.894185979802543,false,false,36.637385254088102,0.47282327031113375,,,
2014-01-07T00:00:00,EURGBP,63,0.70890878976367699,0.56029924002169063,success,64,90.812066643657914,89.921976427013533,false,false,35.298852121366508,0.47390495097928975,,,
2014-01-08T00:00:00,EURGBP,63,0.71971920076173246,0.54893364042451931,success,64,90.812066403172025,89.86899722124241,false,false,34.582819346744714,0.48643818606283046,,,
2014-01-09T00:00:00,EURGBP,63,0.7157709602626573,0.52783367782003809,success,64,90.812066278820353,89.888486442017069,false,false,33.253521702662397,0.48147068966826279,,,
2014-01-10T00:00:00,EURGBP,63,0.71994546930045111,0.50952571944488978,success,64,90.812066266083974,89.86787513073061,false,false,32.100120325028058,0.46672707969332744,,,
2014-01-13T00:00:00,EURGBP,63,0.73112613532995363,0.49412412699562153,success,64,90.812066729500245,89.811723097944238,false,false,31.129820000724155,0.42903630153486766,,,
2014-01-14T00:00:00,EURGBP,63,0.73075086538706191,0.47545863612572786,success,64,90.812066455901672,89.813630969632086,false,false,29.953894075920854,0.42967154730108342,,,
2014-01-15T00:00:00,EURGBP,63,0.73725363301364621,0.45816902627161454,success,64,90.812066292894556,89.78032350019862,false,false,28.864648655111715,0.43702463954652959,,,
2014-01-16T00:00:00,EURGBP,63,0.74503483256866887,0.43767895730058809,success,64,90.812066264576785,89.739762229684004,false,false,27.57377430993705,0.4298625227853996,,,
2014-01-17T00:00:00,EURGBP,63,0.76141392175114164,0.42818227362448169,success,64,90.812066569835181,89.65161960194591,false,false,26.975483238342346,0.38409611279324274,,,
2014-01-20T00:00:00,EURGBP,63,0.76786090910639049,0.4063046404970892,success,64,90.812066213397841,89.615794326320582,false,false,25.597192351316618,0.3751942181113429,,,
2014-01-21T00:00:00,EURGBP,63,0.59535575641253735,0.52819555217022618,success,64,90.812066290172538,90.425915423549256,false,false,33.276319786724251,1.9276878480260744,,,
2014-01-22T00:00:00,EURGBP,63,0.71769242139428102,0.69772349099256614,success,64,90.812066237042501,89.879022323063438,false,false,43.956579932531668,0.78246867317392255,,,
2014-01-23T00:00:00,EURGBP,63,0.60384689127173985,0.4975318359833017,success,64,90.812068138003227,90.390548238206577,false,false,31.344505666948006,1.860950212759199,,,
2014-01-24T00:00:00,EURGBP,63,0.61920348466952846,0.48319963430776347,success,64,90.812066298587013,90.325897500588525,false,false,30.441576961389099,1.7659266423215907,,,
2014-01-27T00:00:00,EURGBP,63,0.6073977638490059,0.53997962580976444,success,64,90.812066246637997,90.3756793531211,false,false,34.01871642601516,12.668198475855764,,,
2014-01-28T00:00:00,EURGBP,63,0.58639120133487299,0.52407147647024699,success,64,90.812066394742999,90.462999845164262,false,false,33.01650301762556,11.453006543464021,,,
2014-01-29T00:00:00,EURGBP,63,0.84145649240284903,0.16655113996849413,success,64,90.812066323862865,89.142961065532674,false,false,10.492721818015131,1.0583126760444392,,,
2014-01-30T00:00:00,EURGBP,63,0.78120623473900586,0.28090525813921163,success,64,90.812066286881034,89.53935668192463,false,false,17.697031262770334,0.33553758698268948,,,
2014-01-31T00:00:00,EURGBP,63,0.79314076707207437,0.25132796303988647,success,64,90.812066226863791,89.468104036684281,false,false,15.833661671512848,0.30540074287416852,,,
2014-02-03T00:00:00,EURGBP,63,0.86817696486422291,0.81064629246734698,success,64,90.812066231540314,88.927131041298168,false,false,51.07071642544286,10.847178082933533,,,
2014-02-04T00:00:00,EURGBP,63,0.86638352588996337,0.79417035707633665,success,64,90.812066246894048,88.942712128534595,false,false,50.032732495809206,22.700136444025031,,,
2014-02-05T00:00:00,EURGBP,63,0.83104498370055924,0.77782735333008413,success,64,90.812066290453586,89.219014868801992,false,false,49.003123259795302,212.76333717285371,,,
2014-02-06T00:00:00,EURGBP,63,0.8574150704160749,0.76193054409427297,success,64,90.812066313511494,89.018082001876223,false,false,48.0016242779392,427.52665255317567,,,
2014-02-07T00:00:00,EURGBP,63,0.82083832004365442,0.74616905580747672,success,64,90.812066548253739,89.290029026858548,false,false,47.008650515871032,72.023888213495269,,,
2014-02-10T00:00:00,EURGBP,63,0.77053712537863583,0.58531690898153288,success,64,90.812066280213401,89.600719693183848,false,false,36.874965265836572,0.35625585652217406,,,
2014-02-11T00:00:00,EURGBP,63,0.77781529257899251,0.3066028290861631,success,64,90.812066252484613,89.559086220979992,false,false,19.315978232428275,19.436964037317697,,,
2014-02-12T00:00:00,EURGBP,63,0.94978371270429029,0.69852114830388812,success,64,90.812066377285703,87.872171511647124,false,false,44.00683234314495,126.75708526648161,,,
2014-02-13T00:00:00,EURGBP,63,0.9169829671314722,0.56748686618156596,success,64,90.812066259811132,88.410023164310203,false,false,35.751672569438654,0.32885938335317955,,,
2014-02-14T00:00:00,EURGBP,63,0.90158218284775182,0.54598573261470251,success,64,90.812066385454273,88.597137040915555,false,false,34.397101154726258,0.32664854703829643,,,
2014-02-17T00:00:00,EURGBP,63,0.90577991036337535,0.6507974116580667,success,64,90.812066376888041,88.548903449525724,false,false,41.000236934458201,3098.1653032359077,,,
2014-02-18T00:00:00,EURGBP,63,0.88360333857508,0.51057774080859308,success,64,90.812066239653745,88.785061842706114,false,false,32.166397670941365,0.31673855609800095,,,
2014-02-19T00:00:00,EURGBP,63,0.87910998447678113,0.49301334672061953,success,64,90.812066211978461,88.828037367195435,false,false,31.05984084339903,0.34060816968749913,,,
2014-02-20T00:00:00,EURGBP,63,0.85133212609209941,0.4710615113722123,success,64,90.812066242363954,89.066978696275697,false,false,29.676875216449375,0.3467653652964594,,,
2014-02-21T00:00:00,EURGBP,63,0.8424224047906671,0.45266203108568381,success,64,90.812066258685206,89.135702706779355,false,false,28.517707958398081,0.35178450115326482,,,
2014-02-24T00:00:00,EURGBP,63,0.84638827099166547,0.57162147406402863,success,64,90.81206637858277,89.10551635362836,false,false,36.012152866033802,50.319729122397206,,,
2014-02-25T00:00:00,EURGBP,63,0.76667718297920862,0.47723626870369523,success,64,90.812066322517822,89.622423467882086,false,false,30.0658849283328,7.1559301777187114,,,
2014-02-26T00:00:00,EURGBP,63,0.75282098347402893,0.46103152703215611,success,64,90.812066301877707,89.698351677469162,false,false,29.044986203025836,9.9811512016530095,,,
2014-02-27T00:00:00,EURGBP,63,0.74904486837459872,0.523844194296336,success,64,90.812066344974113,89.718541623567177,false,false,33.002184240669166,212.61464384347985,,,
2014-02-28T00:00:00,EURGBP,63,0.88402404286547143,0.88792298448198392,success,64,90.812066240792831,88.780964884255553,false,false,55.939148022364989,19.846739944870663,,,
2014-03-03T00:00:00,EURGBP,63,0.66149691241550668,0.49705188598726341,success,64,90.812066385816024,90.142094283505102,false,false,31.314268817197593,21.346053375686186,,,
2014-03-04T00:00:00,EURGBP,63,0.53955475773324169,0.52909966788170737,success,64,90.812066267561377,90.653515930148899,false,false,33.333279076547562,15.534592949652232,,,
2014-03-05T00:00:00,EURGBP,63,0.52573218811197553,0.51325448071268098,success,64,90.812066384914857,90.70904661603673,false,false,32.335032284898901,18.853987475030223,,,
2014-03-06T00:00:00,EURGBP,63,0.70798696474095446,0.36633552978468087,success,64,90.812066301633692,89.926439062062286,false,false,23.079138376434894,5.2578716526670926,,,
2014-03-07T00:00:00,EURGBP,63,0.67817130676745951,0.3496231244426678,success,64,90.812066319716422,90.066685794224682,false,false,22.02625683988807,12.98513029041033,,,
2014-03-10T00:00:00,EURGBP,63,0.61299634463790098,0.5519349762428174,success,64,90.812066418457633,90.352141583974785,false,false,34.771903503297494,1.7293429412481882,,,
2014-03-11T00:00:00,EURGBP,63,0.61794983416765459,0.53488099694512958,success,64,90.812066319105824,90.331210963581711,false,false,33.697502807543167,1.7357006386485352,,,
2014-03-12T00:00:00,EURGBP,63,0.84741185962822474,0.76167495002024843,success,64,90.812066222535776,89.097621787866586,false,false,47.985521851275649,52.495958518035451,,,
2014-03-13T00:00:00,EURGBP,63,0.87569366254050418,0.74568658402074295,success,64,90.812066220808759,88.859798873738015,false,false,46.978254793306803,36.859647289141364,,,
2014-03-14T00:00:00,EURGBP,63,0.62324400816275771,0.47614615681982492,success,64,90.812066278259067,90.308725911154056,false,false,29.997207879648968,73.405343587282601,,,
2014-03-17T00:00:00,EURGBP,63,0.91601210778665509,0.026076063610365095,success,64,90.812066269915761,88.422709335358064,false,false,1.6427920074530009,24.746566436167143,,,
2014-03-18T00:00:00,EURGBP,63,0.60316711481445995,0.43903318989810397,success,64,90.812066466330208,90.39338741695147,false,false,27.65909096358055,19.914109388991712,,,
2014-03-19T00:00:00,EURGBP,63,0.89008157651865916,0.68237511674768891,success,64,90.81206623418548,88.720491602602522,false,false,42.989632355104405,74.743359178392993,,,
2014-03-20T00:00:00,EURGBP,63,0.9189119654194694,0.6662681075172594,success,64,90.81206629384198,88.384411381115456,false,false,41.97489077358734,33.166228001021217,,,
2014-03-21T00:00:00,EURGBP,63,0.93800505390620004,0.65063038058424494,success,64,90.812066735122755,88.095364265277809,false,false,40.98971397680743,85.125712293281651,,,
2014-03-24T00:00:00,EURGBP,63,0.71545267815055347,0.46031030675039974,success,64,90.812066317389906,89.890050431859478,false,false,28.999549325275183,906.66166291672494,,,
2014-03-25T00:00:00,EURGBP,63,0.73643902684020601,0.44443137119157611,success,64,90.812066213931715,89.784524507585658,false,false,27.999176385069294,536.68800546125897,,,
2014-03-26T00:00:00,EURGBP,63,0.73341310983695229,0.42808271489760324,success,64,90.812066437143059,89.800057538593649,false,false,26.969211038549005,14.162552532198621,,,
2014-03-27T00:00:00,EURGBP,63,0.71289864332283115,0.40759549057636885,success,64,90.812066207588728,89.902562265074394,false,false,25.678515906311237,24.737757121700124,,,
2014-03-28T00:00:00,EURGBP,63,0.95123998797974019,0.57115733821904413,success,64,90.812066693558606,87.841210860689856,false,false,35.982912307799779,50.590640483385314,,,
2014-03-31T00:00:00,EURGBP,63,0.96297311739007796,0.5553095565133318,success,64,90.812066295289412,87.553685005218085,false,false,34.984502060339906,58.261005677529162,,,
2014-04-01T00:00:00,EURGBP,63,0.9685203509518221,0.53918738901017926,success,64,90.812066221085402,87.385638000683329,false,false,33.968805507641292,29.660787588213335,,,
2014-04-02T00:00:00,EURGBP,63,0.97660082741275978,0.51849603964071034,success,64,90.812066233282877,87.080688896636389,false,false,32.665250497364752,19.285246529539616,,,
2014-04-03T00:00:00,EURGBP,63,0.98374282926109302,0.50768588162374395,success,64,90.812066247336119,86.709235824501732,false,false,31.98421054229587,64.02047550095034,,,
2014-04-04T00:00:00,EURGBP,63,0.98785515724595607,0.48724785148384986,success,64,90.812066238421536,86.413434768386736,false,false,30.69661464348254,15.19817575765574,,,
2014-04-07T00:00:00,EURGBP,63,0.99325542972516967,0.47588839330108285,success,64,90.812066312787167,85.819816228931813,false,false,29.980968777968219,58.597400159954489,,,
2014-04-08T00:00:00,EURGBP,63,0.99104237868880385,0.4601078366575716,success,64,90.81206631055251,86.10581372665601,false,false,28.986793709427012,81.473691012447532,,,
2014-04-09T00:00:00,EURGBP,63,0.99439987289527909,0.4442781063949392,success,64,90.812066242579419,85.632716124958577,false,false,27.989520702881169,107.92892414447306,,,
2014-04-10T00:00:00,EURGBP,63,0.99534191278221107,0.42831706795816921,success,64,90.812066508939679,85.447585095458535,false,false,26.983975281364661,71.81181183082316,,,
2014-04-11T00:00:00,EURGBP,63,0.99441157982985462,0.41261655263159019,success,64,90.812066285600054,85.630611730505024,false,false,25.994842815790182,218.87641697729819,,,
2014-04-14T00:00:00,EURGBP,63,0.99447628107798702,0.39660742290309581,success,64,90.812067654611738,85.618902757898738,false,false,24.986267642895037,82.399015060012999,,,
2014-04-15T00:00:00,EURGBP,63,0.9968660598344119,0.38043706777955338,success,64,90.812067114980394,85.049741748963385,false,false,23.967535270111863,36.767450345983207,,,
2014-04-16T00:00:00,EURGBP,63,0.91776939548013958,0.097014459855350982,success,64,90.812066349183979,88.399647743829902,false,false,6.111910970887112,11.626793261854246,,,
2014-04-17T00:00:00,EURGBP,63,0.99438741134978725,0.34915139878631923,success,64,90.812066264152946,85.634951431661989,false,false,21.996538123538112,329.00851844369566,,,
2014-04-18T00:00:00,EURGBP,63,0.94581360602743847,0.15465409098277608,success,64,90.812066230575653,87.952450557949902,false,false,9.7432077319148931,19.177952656239128,,,
2014-04-21T00:00:00,EURGBP,63,0.9911422100156223,0.52858707748180045,success,64,90.812066265408291,86.094505535917406,false,false,33.300985881353427,7.4153867668546614,,,
2014-04-22T00:00:00,EURGBP,63,0.98131742493815388,0.72495090630010262,success,64,90.812066218312125,86.850761512840037,false,false,45.671907096906466,15.952542708289268,,,
2014-04-23T00:00:00,EURGBP,63,0.97651268797806035,0.71402087576245044,success,64,90.812066909299759,87.084539527130403,false,false,44.983315173034377,67.699451579141936,,,
2014-04-24T00:00:00,EURGBP,63,0.97991862509103889,0.69830807971760545,success,64,90.812066550750416,86.924389782196101,false,false,43.993409022209143,171.44720026217217,,,
2014-04-25T00:00:00,EURGBP,63,0.98781396170284363,0.47595906505124391,success,64,90.81206631783995,86.416862830232901,false,false,29.985421098228368,70.441332043312215,,,
2014-04-28T00:00:00,EURGBP,63,0.99111942386443297,0.45202584158253722,success,64,90.812066311528227,86.097097711049273,false,false,28.477628019699846,8.5384420540233688,,,
2014-04-29T00:00:00,EURGBP,63,0.99211909487117889,0.43554393378224315,success,64,90.812066330715169,85.976665936659685,false,false,27.43926782828132,8.9471537145366469,,,
2014-04-30T00:00:00,EURGBP,63,0.99789938345968221,0.20267247786127301,success,64,90.812066352980779,84.64864479219608,false,false,12.768366105260199,25.334346732360018,,,
2014-05-01T00:00:00,EURGBP,63,0.99883041943723838,0.19034207032522629,success,64,90.812066260317096,84.062126437560181,false,false,11.991550430489257,171.95578841309504,,,
2014-05-02T00:00:00,EURGBP,63,0.98389294996353882,0.39646050772094016,success,64,90.812066232836301,86.699806198997436,false,false,24.977011986419232,42.853237033439179,,,
2014-05-05T00:00:00,EURGBP,63,0.98920640418849226,0.38082779291494057,success,64,90.812066239754529,86.294116207851161,false,false,23.992150953641257,132.31096226235999,,,
2014-05-06T00:00:00,EURGBP,63,0.99259382952391595,0.1372501812828725,success,64,90.81206630332521,85.914058257540603,false,false,8.6467614208209671,22.527398146259745,,,
2014-05-07T00:00:00,EURGBP,63,0.99408380005202757,0.12357489496934794,success,64,90.81206623883331,85.687939071952073,false,false,7.7852183830689201,28.406521740121544,,,
2014-05-08T00:00:00,EURGBP,63,0.99573590500562081,0.10574950595112181,success,64,90.812066212799351,85.358814110838438,false,false,6.6622188749206739,22.588134853318625,,,
2014-05-09T00:00:00,EURGBP,63,0.99371156561957175,0.7363330274220361,success,64,90.812066276890675,85.749331421374023,false,false,46.388980727588276,7.9876009838009994,,,
2014-05-12T00:00:00,EURGBP,63,0.99684050133318114,0.72445073210896549,success,64,90.812066366464492,85.057888953174938,false,false,45.640396122864828,3.9682334950644149,,,
2014-05-13T00:00:00,EURGBP,63,0.98432341277766089,0.71389732501010839,success,64,90.812066217338497,86.672280042361052,false,false,44.975531475636828,48.631502571087488,,,
2014-05-14T00:00:00,EURGBP,63,0.9426734597049139,0.4719957300281537,success,64,90.812067243630764,88.012110997015455,false,false,29.735730991773682,113.05427300988859,,,
2014-05-15T00:00:00,EURGBP,63,0.9493744690612177,0.68188198959432111,success,64,90.81157688187335,87.880229580825684,false,false,42.958565344442228,22.212740190223048,,,
2014-05-16T00:00:00,EURGBP,63,0.94668049206220273,0.66500759072724824,success,64,90.812066329101242,87.935406949224188,false,false,41.895478215816638,8.6252747740379796,,,
2014-05-19T00:00:00,EURGBP,63,0.92458300554522921,0.42847644107200422,success,64,90.812066439025045,88.30575624823571,false,false,26.994015787536267,126.86207516390265,,,
2014-05-20T00:00:00,EURGBP,63,0.7782019339024292,0.22605942810859744,success,64,90.812066415919418,89.556847726026106,false,false,14.24174397084164,1.3989094635587034,,,
2014-05-21T00:00:00,EURGBP,63,0.86091534909713663,0.19045955706097725,success,64,90.812066274495592,88.989152838928689,false,false,11.998952094841567,694.50393456246479,,,
2014-05-22T00:00:00,EURGBP,63,0.94023793202274819,0.37784043653969596,success,64,90.799258910267582,88.043497092791839,false,false,23.803947502000845,9.7889827353850691,,,
2014-05-23T00:00:00,EURGBP,63,0.95061844725696487,0.36190460799845109,success,64,90.800846243701301,87.843310401999403,false,false,22.799990303902419,9.495853701481936,,,
2014-05-26T00:00:00,EURGBP,63,0.96994501037705183,0.34919647983742774,success,64,90.801991074130868,87.327780385795663,false,false,21.999378229757948,1107.4128066231301,,,
2014-05-27T00:00:00,EURGBP,63,0.96207766409248063,0.54297387563473409,success,64,90.787897120469708,87.554342217584036,false,false,34.207354164988246,65.271616409776058,,,
2014-05-28T00:00:00,EURGBP,63,0.95664188531243333,0.53028221419580179,success,64,90.780746542601435,87.686811302439281,false,false,33.407779494335514,45.64127438781167,,,
2014-05-29T00:00:00,EURGBP,63,0.96449647039687625,0.51500972151126101,success,64,90.777765901702168,87.475791845858112,false,false,32.445612455209442,78.385163696060374,,,
2014-05-30T00:00:00,EURGBP,63,0.97742997090346517,0.49919303936693249,success,64,90.777106121657596,87.008802353381085,false,false,31.449161480116747,47.374560196991062,,,
2014-06-02T00:00:00,EURGBP,63,0.98528462172403197,0.49202792319520011,success,64,90.768647428739186,86.564609961424466,false,false,30.997759161297608,483.02558046821144,,,
2014-06-03T00:00:00,EURGBP,63,0.98351552258720931,0.4688341331105238,success,64,90.436354547254851,86.347640301793717,false,false,29.536550385963,28.082542217707623,,,
2014-06-04T00:00:00,EURGBP,63,0.92907988642601558,0.30033128286175287,success,64,90.722965354021866,88.150324709700698,false,false,18.920870820290432,1.3046913383012697,,,
2014-06-05T00:00:00,EURGBP,63,0.92455353654558547,0.2817700931768688,success,64,90.802428762643899,88.296541116255199,false,false,17.751515870142732,1.2505212802377885,,,
2014-06-06T00:00:00,EURGBP,63,0.94780094742001875,0.43412877195618349,success,64,90.808022275439683,87.9089421112227,false,false,27.350112633239561,1.229482255671398,,,
2014-06-09T00:00:00,EURGBP,63,0.94545162603193145,0.4180049534354936,success,64,90.808207523374264,87.955632702632187,false,false,26.334312066436098,1.1589177390975762,,,
2014-06-10T00:00:00,EURGBP,63,0.94795235558405622,0.40268070407762413,success,64,90.767025953669247,87.864881248358969,false,false,25.36888435689032,1.2008139880324635,,,
2014-06-11T00:00:00,EURGBP,63,0.9510189256106929,0.38688190761045549,success,64,90.725054526893686,87.758954550348008,false,false,24.373560179458696,1.1966824136526,,,
2014-06-12T00:00:00,EURGBP,63,0.79459364116360964,0.47229102622829833,success,64,90.607637081128999,89.254796495666213,false,false,29.754334652382795,0.14007072231437051,,,
2014-06-13T00:00:00,EURGBP,63,0.8547081615620391,0.84651466099035433,success,64,90.52776363104833,88.755747950463345,false,false,53.330423642392326,0.1078548964413545,,,
2014-06-16T00:00:00,EURGBP,63,0.79188873488660427,0.8511200233014119,success,64,90.378367383451561,89.042019352868436,false,false,53.620561467988949,0.13751603567458842,,,
2014-06-17T00:00:00,EURGBP,63,0.73859355526675707,0.42248790247028056,success,64,90.449924336154567,89.411253014946837,false,false,26.616737855627676,0.18438281131898682,,,
2014-06-18T00:00:00,EURGBP,63,0.85508225461492815,0.31065729756189625,success,64,90.419777161565648,88.644745801282085,false,false,19.571409746399464,1.0318041779019975,,,
2014-06-19T00:00:00,EURGBP,63,0.86171182707729621,0.29304092256181613,success,64,90.616004658903222,88.786423468930536,false,false,18.461578121394417,0.99951670182150765,,,
2014-06-20T00:00:00,EURGBP,63,0.94867368751225878,0.047562671356973105,success,64,90.495048233938093,87.578186877905353,false,false,2.9964482954893055,208.52966762127082,,,
2014-06-23T00:00:00,EURGBP,63,0.65928838568914427,0.51628581358917258,success,64,90.659493367712614,89.999368731512305,false,false,32.526006256117874,1.7368827229466088,,,
2014-06-24T00:00:00,EURGBP,63,0.78249447461461319,0.63408330764767584,success,64,90.810360605622137,89.530097998704946,false,false,39.947248381803576,12.103956747567148,,,
2014-06-25T00:00:00,EURGBP,63,0.79865588296863732,0.69060781185353837,success,64,90.796463755741314,89.418549056637715,false,false,43.508292146772916,0.26277271854694739,,,
2014-06-26T00:00:00,EURGBP,63,0.69216939361499774,0.38082568943477918,success,64,90.812066489451709,90.001785427738895,false,false,23.992018434391088,0.51391615572996119,,,
2014-06-27T00:00:00,EURGBP,63,0.5371299931269844,0.5440677950062065,success,64,90.812066265550285,90.6632723794459,false,false,34.276271085391009,2.5735064445313438,,,
2014-06-30T00:00:00,EURGBP,63,0.62577811422884444,0.59136803673164817,success,64,90.812066290165561,90.297919330969435,false,false,37.256186314093831,1.3918739298028016,,,
2014-07-01T00:00:00,EURGBP,63,0.53959516293142584,0.52383532037010827,success,64,90.812067278222599,90.653354301126853,false,false,33.001625183316818,41.926220522124844,,,
2014-07-02T00:00:00,EURGBP,63,0.68410993943666154,0.50741441185505254,success,64,90.812068699510348,90.039344308075584,false,false,31.967107946868307,14.192611454282927,,,
2014-07-03T00:00:00,EURGBP,63,0.70702314578444314,0.49022040002476691,success,64,90.811999094388071,89.931029301046678,false,false,30.883885201560314,12.0895567696372,,,
2014-07-04T00:00:00,EURGBP,63,0.76344446662296594,0.6687336677706508,success,64,90.785676266556322,89.614018873612039,false,false,42.130221069550998,0.95713249827214264,,,
2014-07-07T00:00:00,EURGBP,63,0.67815454319562418,0.66965267829132957,success,64,90.711845327386982,89.966541608124459,false,false,42.188118732353765,11.308183941113118,,,
2014-07-08T00:00:00,EURGBP,63,0.75595254033465142,0.4960351726935387,success,64,90.770711749615771,89.640095865946336,false,false,31.250215879692938,1.2711987764150667,,,
2014-07-09T00:00:00,EURGBP,63,0.76974447961202164,0.47979916811562218,success,64,90.812066315014562,89.605197350373572,false,false,30.227347591284197,1.3373959183984472,,,
2014-07-10T00:00:00,EURGBP,63,0.6830873709157852,0.45968748079142724,success,64,90.681899562079138,89.913902906268618,false,false,28.960311289859916,7.2212868563284536,,,
2014-07-11T00:00:00,EURGBP,63,0.72333073435956452,0.60529887277120187,success,64,90.725304001889427,89.764260243040283,false,false,38.133828984585719,15.642892486148872,,,
2014-07-14T00:00:00,EURGBP,63,0.77280441011524792,0.5894484447715771,success,64,90.685869829992782,89.461655116379973,false,false,37.135252020609357,14.748852013025829,,,
2014-07-15T00:00:00,EURGBP,63,0.87706670768567518,0.57689600779043637,success,64,90.812068435645457,88.847127252015866,false,false,36.34444849079749,17.214700251743395,,,
2014-07-16T00:00:00,EURGBP,63,0.88561207461683411,0.55606524238835375,success,64,90.80378204612542,88.75709855645799,false,false,35.032110270466283,18.734277548776621,,,
2014-07-17T00:00:00,EURGBP,63,0.86544009066228178,0.53995604970331801,success,64,90.812066326255334,88.950837695829591,false,false,34.017231131309032,36.193589740728953,,,
2014-07-18T00:00:00,EURGBP,63,0.8537990624918288,0.52465120926258335,success,64,90.809570497545309,89.044856581063655,false,false,33.053026183542748,10.09528184176118,,,
2014-07-21T00:00:00,EURGBP,63,0.84634372640722721,0.50109127155973321,success,64,90.798374957310315,89.092167502385081,false,false,31.568750108263195,1.0346096612746993,,,
2014-07-22T00:00:00,EURGBP,63,0.88446303667395865,0.48837658822032887,success,64,90.811009669517929,88.775619454432089,false,false,30.767725057880718,1.0921845006198321,,,
2014-07-23T00:00:00,EURGBP,63,0.7006702192953409,0.32615424888602773,success,64,90.812066253554846,89.961574831537703,false,false,20.547717679819748,1.3536767969143899,,,
2014-07-24T00:00:00,EURGBP,63,0.74526991162300793,0.31284554249065877,success,64,90.810706373625692,89.737164431002583,false,false,19.709269176911501,1.1419094868584041,,,
2014-07-25T00:00:00,EURGBP,63,0.70964707989543774,0.29494428761368463,success,64,90.811189459339573,89.917518832410124,false,false,18.581490119662131,1.1955715209342785,,,
2014-07-28T00:00:00,EURGBP,63,0.87301755159695993,0.81738066592804248,success,64,90.803554861048653,88.875648075846101,false,false,51.494981953466677,1.8647579877953189,,,
2014-07-29T00:00:00,EURGBP,63,0.84049046036017339,0.79925991807549279,success,64,90.799908804936365,89.138026932200717,false,false,50.353374838756046,1.81767665773091,,,
2014-07-30T00:00:00,EURGBP,63,0.80895107511049857,0.78144634063832941,success,64,90.794776454067403,89.351567561096658,false,false,49.231119460214749,1.7514860352214581,,,
2014-07-31T00:00:00,EURGBP,63,0.78063664914543596,0.76436647313384565,success,64,90.794327407959059,89.524947095638666,false,false,48.155087807432274,1.7234757998073091,,,
2014-08-01T00:00:00,EURGBP,63,0.93012380100500736,0.76284339390876088,success,64,90.68164657543052,88.093053969251855,false,false,48.059133816251936,13.549419155113334,,,
2014-08-04T00:00:00,EURGBP,63,0.81854286894891692,0.50948931030162414,success,64,90.800782860961874,89.294276523759294,false,false,32.09782654900232,0.84062201052292174,,,
2014-08-05T00:00:00,EURGBP,63,0.85199424427518822,0.32819465954332477,success,64,90.717146173545814,88.9668175653253,false,false,20.676263551229461,0.93102847514672415,,,
2014-08-06T00:00:00,EURGBP,63,0.86751015382677521,0.31828831422784326,success,64,90.811609464312355,88.932488257695326,false,false,20.052163796354126,13.533207613149406,,,
2014-08-07T00:00:00,EURGBP,63,0.83083577029052269,0.30345239887111847,success,64,90.811879362505053,89.220317232679207,false,false,19.117501128880463,5.097291688478391,,,
2014-08-08T00:00:00,EURGBP,63,0.98621493598228993,0.90482275326396688,success,64,90.812066387618202,86.541777757437117,false,false,57.003833455629916,378.49824309120072,,,
2014-08-11T00:00:00,EURGBP,63,0.9794544918465814,0.88898803351183509,success,64,90.812066296111297,86.947712856109362,false,false,56.006246111245609,208.39880795384755,,,
2014-08-12T00:00:00,EURGBP,63,0.98522499286610687,0.87308799588003738,success,64,90.812066436700704,86.612133448586334,false,false,55.004543740442358,303.74266561462849,,,
2014-08-13T00:00:00,EURGBP,63,0.99070030109595586,0.63526401907962726,success,64,90.812066288726356,86.143636244550848,false,false,40.021633202016517,49.154580345127833,,,
2014-08-14T00:00:00,EURGBP,63,0.98671295691644889,0.619272611285,success,64,90.812066263830658,86.504476446625532,false,false,39.014174510955002,71.55181014709845,,,
2014-08-15T00:00:00,EURGBP,63,0.98769391033278331,0.82999976304110445,success,64,90.812066294114103,86.426787686476928,false,false,52.289985071589584,20.706296733935382,,,
2014-08-18T00:00:00,EURGBP,63,0.99009807854210108,0.80972851966387238,success,64,90.812066233453805,86.206991050962387,false,false,51.012896738823962,93.440780775615693,,,
2014-08-19T00:00:00,EURGBP,63,0.99185657067986577,0.79381110543311706,success,64,90.812066576347618,86.009699449220008,false,false,50.010099642286377,119.10092124972267,,,
2014-08-20T00:00:00,EURGBP,63,0.98575502424633599,0.5557949132272757,success,64,90.812066282738272,86.575062678970625,false,false,35.015079533318371,66.472332393254604,,,
2014-08-21T00:00:00,EURGBP,63,0.97926626094693492,0.53987454380982314,success,64,90.812066880282131,86.957025581724139,false,false,34.012096260018858,78.933881075090781,,,
2014-08-22T00:00:00,EURGBP,63,0.97789369669110748,0.75043730359168703,success,64,90.812066723637656,87.022528539554244,false,false,47.277550126276282,18.416686371482161,,,
2014-08-25T00:00:00,EURGBP,63,0.97319624660404458,0.50825444008803333,success,64,90.812066266318041,87.22002244197148,false,false,32.020029725546102,46.078392545453966,,,
2014-08-26T00:00:00,EURGBP,63,0.97441991032480968,0.49208207028548723,success,64,90.812066617361822,87.17203858901506,false,false,31.001170427985695,798.57626319215524,,,
2014-08-27T00:00:00,EURGBP,63,0.96160597960961702,0.47628631343815558,success,64,90.812066253959287,87.591363200269427,false,false,30.006037746603802,145.02687031723485,,,
2014-08-28T00:00:00,EURGBP,63,0.94946671696014862,0.68260872602984779,success,64,90.812066574181131,87.878798287057094,false,false,43.004349739880411,197.16717899666475,,,
2014-08-29T00:00:00,EURGBP,63,0.94818271172165414,0.6717352666749733,success,64,90.812066957486095,87.905243584048591,false,false,42.319321800523319,23.499650045434148,,,
2014-09-01T00:00:00,EURGBP,63,0.93502708450261462,0.65521482168814749,success,64,90.812066261944494,88.145461264095729,false,false,41.278533766353291,18.493724038989033,,,
2014-09-02T00:00:00,EURGBP,63,0.98184997328171908,0.63524456541555252,success,64,90.812066254206144,86.821299767013457,false,false,40.020407621179807,48.369357235789536,,,
2014-09-03T00:00:00,EURGBP,63,0.9724837409664876,0.61950208811465046,success,64,90.812066321948805,87.246990032939209,false,false,39.028631551222979,32.310293248732997,,,
2014-09-04T00:00:00,EURGBP,63,0.98453595580546294,0.60347136865985207,success,64,90.812066249602253,86.658413430095251,false,false,38.018696225570679,53.642058378694927,,,
2014-09-05T00:00:00,EURGBP,63,0.98084367985591103,0.58736902213183417,success,64,90.812066260255108,86.876285855949732,false,false,37.004248394305556,228.84296311267656,,,
2014-09-08T00:00:00,EURGBP,63,0.99418260875497233,0.57171349252468273,success,64,90.812066289920097,85.670997310683177,false,false,36.017950029055015,62.305805997230884,,,
2014-09-09T00:00:00,EURGBP,63,0.99221712286762942,0.55601684845189503,success,64,90.812066305897716,85.964050429889355,false,false,35.029061452469385,37.303614494306444,,,
2014-09-10T00:00:00,EURGBP,63,0.99926911207351743,0.53979556762348535,success,64,90.81206624159627,83.591546971437694,false,false,34.007120760279577,189.92403091628395,,,
2014-09-11T00:00:00,EURGBP,63,0.99929327813668445,0.52384989925096581,success,64,90.812066375907335,83.557899974064966,false,false,33.002543652810843,535.74875626913024,,,
2014-09-12T00:00:00,EURGBP,63,0.99895788953613596,0.50839514421004428,success,64,90.812066270284177,83.946601594238686,false,false,32.028894085232793,45.938577268199047,,,
2014-09-15T00:00:00,EURGBP,63,0.99807284012914788,0.49258020841145345,success,64,90.81206627304239,84.562287362881278,false,false,31.032553129921567,38.953090228384134,,,
2014-09-16T00:00:00,EURGBP,63,0.9969285415021758,0.47661868010012004,success,64,90.812066207304269,85.029539642937976,false,false,30.026976846307562,45.343499157913023,,,
2014-09-17T00:00:00,EURGBP,63,0.99774127963674852,0.46066666912319548,success,64,90.812066284308543,84.721370722421824,false,false,29.022000154761315,57.776638755561407,,,
2014-09-18T00:00:00,EURGBP,63,0.99708460218956785,0.44551342618907691,success,64,90.812066352157274,84.977237009658097,false,false,28.067345849911845,18.603438943749858,,,
2014-09-19T00:00:00,EURGBP,63,0.99497393705772796,0.42933789545327578,success,64,90.812066208687099,85.523986628159449,false,false,27.048287413556373,24.783984536497222,,,
2014-09-22T00:00:00,EURGBP,63,0.99413230466125324,0.41336001103881481,success,64,90.812066758435364,85.679658397192554,false,false,26.041680695445333,28.576716795911675,,,
2014-09-23T00:00:00,EURGBP,63,0.98176209332343001,0.71791242328608862,success,64,90.81206630581444,86.826219506824089,false,false,45.228482667023584,1.1073443904694067,,,
2014-09-24T00:00:00,EURGBP,63,0.992644348125303,0.3814976354304021,success,64,90.812069472031737,85.907166011396768,false,false,24.034351032115332,34.644794359994648,,,
2014-09-25T00:00:00,EURGBP,63,0.98912565217875725,0.36540620115815869,success,64,90.812066210609501,86.301651442047188,false,false,23.020590672963998,55.932829313919235,,,
2014-09-26T00:00:00,EURGBP,63,0.9501092486673347,0.66583998416450985,success,64,90.812066242382201,87.865324907346633,false,false,41.947919002364124,1.114813720659269,,,
2014-09-29T00:00:00,EURGBP,63,0.93933075082177597,0.64861386915735497,success,64,90.81206620962034,88.072335521510666,false,false,40.862673756913367,1.129255603647648,,,
2014-09-30T00:00:00,EURGBP,63,0.92475181475899593,0.63161168441631199,success,64,90.812066430783247,88.303332824580167,false,false,39.791536118227654,1.1234296517689331,,,
2014-10-01T00:00:00,EURGBP,63,0.89130499894238424,0.62041935122822411,success,64,90.812066274087684,88.707925399009142,false,false,39.086419127378122,7.9487738487751871,,,
2014-10-02T00:00:00,EURGBP,63,0.90731696349087643,0.60334330588864549,success,64,90.812066211154161,88.53075982087833,false,false,38.010628270984668,67.536170509838598,,,
2014-10-03T00:00:00,EURGBP,63,0.90148702695414107,0.58202632665924714,success,64,90.812066299170439,88.598208892696718,false,false,36.667658579532571,1.1193862142936384,,,
2014-10-06T00:00:00,EURGBP,63,0.87074395242706037,0.57213911405032059,success,64,90.812066703247382,88.904514041297915,false,false,36.044764185170195,14.414952342448633,,,
2014-10-07T00:00:00,EURGBP,63,0.83274660927297239,0.55602929994737249,success,64,90.812066267337016,89.206846834202238,false,false,35.029845896684463,19.481882948420594,,,
2014-10-08T00:00:00,EURGBP,63,0.79563986433416822,0.54089256510905559,success,64,90.812066266401118,89.452803422995302,false,false,34.076231601870504,6.8602219175528649,,,
2014-10-09T00:00:00,EURGBP,63,0.79559439092273199,0.51305666799012606,success,64,90.812066277536857,89.453083080326792,false,false,32.32257008337794,1.0710572725041185,,,
2014-10-10T00:00:00,EURGBP,63,0.78449417899827945,0.49661672302580462,success,64,90.812066232677125,89.520015001334414,false,false,31.28685355062569,1.057938212185465,,,
2014-10-13T00:00:00,EURGBP,63,0.98653552157880731,0.1751139011038107,success,64,90.812066288087294,86.517921945210077,false,false,11.032175769540075,47.926750044817645,,,
2014-10-14T00:00:00,EURGBP,63,0.99026415854462047,0.15948732684081385,success,64,90.812066249778923,86.189908586612717,false,false,10.047701590971272,35.605146154694708,,,
2014-10-15T00:00:00,EURGBP,63,0.98909318982874672,0.14449695101838139,success,64,90.798268941483798,86.290867768472737,false,false,9.1033079141580284,15.804487808257452,,,
2014-10-16T00:00:00,EURGBP,63,0.87047449597144633,0.44501667674485335,success,64,90.812066252748465,88.906905596161195,false,false,28.036050634925761,18.381205788758891,,,
2014-10-17T00:00:00,EURGBP,63,0.92797448273719729,0.42211824244644552,success,64,90.807553318806683,88.251569546105713,false,false,26.593449274126069,1.0876826827807002,,,
2014-10-20T00:00:00,EURGBP,63,0.92422419580669535,0.40568509885545539,success,64,90.793779018982093,88.29260337641557,false,false,25.558161227893692,1.1063496019533463,,,
2014-10-21T00:00:00,EURGBP,63,0.68354684808266164,0.25276326447060099,success,64,90.790432066024593,90.02031208216691,false,false,15.924085661647862,2.3092828874917379,,,
2014-10-22T00:00:00,EURGBP,63,0.80871514936045419,0.70215361855727854,success,64,90.770029496945,89.328346425711104,false,false,44.235677969108551,0.45934155893242012,,,
2014-10-23T00:00:00,EURGBP,63,0.81513930032008675,0.68100860771052174,success,64,90.768065708581361,89.284309256054939,false,false,42.903542285762867,0.48068010552580681,,,
2014-10-24T00:00:00,EURGBP,63,0.83060918232269221,0.66046862961819952,success,64,90.773499179726002,89.18354836931691,false,false,41.609523665946568,0.49187429114530412,,,
2014-10-27T00:00:00,EURGBP,63,0.84965180903960869,0.64008041687097328,success,64,90.777831129653251,89.045958377689999,false,false,40.325066262871317,0.50716211634776809,,,
2014-10-28T00:00:00,EURGBP,63,0.87032511602884433,0.62032063035052454,success,64,90.776006993000493,88.872170580044738,false,false,39.080199712083044,0.52028334240405727,,,
2014-10-29T00:00:00,EURGBP,63,0.8300671753623603,0.28089539496624855,success,64,90.792935048984191,89.206831627064915,false,false,17.69640988287366,0.85168250548885538,,,
2014-10-30T00:00:00,EURGBP,63,0.83989786376877684,0.27031248211798781,success,64,90.745617116627272,89.088148785953479,false,false,17.029686373433233,0.97149652606472636,,,
2014-10-31T00:00:00,EURGBP,63,0.86440013411414185,0.89630728161841466,success,64,90.76034222346459,88.908014830142463,false,false,56.467358741960126,0.63332738677038269,,,
2014-11-03T00:00:00,EURGBP,63,0.72694346564273238,0.70622758617588155,success,64,90.6835644425677,89.704394591264119,false,false,44.492337929080534,1.2154366342811114,,,
2014-11-04T00:00:00,EURGBP,63,0.88910971046202392,0.53686527578031651,success,64,90.685162592326904,88.603483285583039,false,false,33.822512374159942,0.51954197667302948,,,
2014-11-05T00:00:00,EURGBP,63,0.89929240034454427,0.51932049800110491,success,64,90.718204113567509,88.528817146470629,false,false,32.717191374069607,0.50540926918766427,,,
2014-11-06T00:00:00,EURGBP,63,0.88431464720898223,0.50469017976918673,success,64,90.629027746291314,88.595088840965076,false,false,31.795481325458763,0.52331439793919432,,,
2014-11-07T00:00:00,EURGBP,63,0.88987084111413384,0.48860254767179562,success,64,90.654764131570644,88.565341650401052,false,false,30.781960503323123,0.51791626543943015,,,
2014-11-10T00:00:00,EURGBP,63,0.90772451815401123,0.47059843377511157,success,64,90.546284120206423,88.260121652491989,false,false,29.647701327832028,0.51671761749935474,,,
2014-11-11T00:00:00,EURGBP,63,0.89222116041200539,0.45582412941602063,success,64,90.555904584371362,88.442271890801251,false,false,28.716920153209301,0.54112201421360295,,,
2014-11-12T00:00:00,EURGBP,63,0.88717851686312243,0.44144993527277437,success,64,90.577699271074707,88.515459824139469,false,false,27.811345922184785,0.50904638769299981,,,
2014-11-13T00:00:00,EURGBP,63,0.86973575909909073,0.42693148199451963,success,64,90.07348920613947,88.174864775586698,false,false,26.896683365654738,0.48118105102595488,,,
2014-11-14T00:00:00,EURGBP,63,0.85948077125517519,0.41200502260801758,success,64,89.312987081720976,87.502002967964103,false,false,25.956316424305108,0.48900954405996916,,,
2014-11-17T00:00:00,EURGBP,63,0.85087780973744964,0.74457185915417068,success,64,89.412974592968609,87.671472097780651,false,false,46.908027126712753,0.47143033644671417,,,
2014-11-18T00:00:00,EURGBP,63,0.82610779984482618,0.75621525406200785,success,64,89.787215529764097,88.228925824354519,false,false,47.641561005906496,0.33714914127420914,,,
2014-11-19T00:00:00,EURGBP,63,0.84581128247800319,0.73735721241785768,success,64,90.059679147181399,88.357560173447339,false,false,46.453504382325036,0.34111249779368519,,,
2014-11-20T00:00:00,EURGBP,63,0.83966139295022613,0.70899807397348935,success,64,90.111128986606914,88.455418152767393,false,false,44.666878660329829,0.38370243643836005,,,
2014-11-21T00:00:00,EURGBP,63,0.67565986472586925,0.49056058382224704,success,64,90.088324201209574,89.354427175849182,false,false,30.905316780801563,1.1390058318679013,,,
2014-11-24T00:00:00,EURGBP,63,0.91170260108699952,0.31725398783229691,success,64,90.244526785682069,87.909923593879839,false,false,19.987001233434704,0.35127758188215064,,,
2014-11-25T00:00:00,EURGBP,63,0.92527481211484064,0.29405016240153131,success,64,90.21027922334622,87.694005658300924,false,false,18.525160231296471,0.33565959246046384,,,
2014-11-26T00:00:00,EURGBP,63,0.77643571599527017,0.82066594715315622,success,64,90.308831750936349,89.063816895524809,false,false,51.701954670648838,1.4686289062271476,,,
2014-11-27T00:00:00,EURGBP,63,0.85817858359297861,0.6338055284407893,success,64,90.376366822230068,88.576123240197688,false,false,39.929748291769727,0.32661387370786293,,,
2014-11-28T00:00:00,EURGBP,63,0.73952861032121098,0.78442633772579562,success,64,90.239712437820586,89.196192494354349,false,false,49.418859276725122,1.2978611970649576,,,
2014-12-01T00:00:00,EURGBP,63,0.76066830398709651,0.77227502910009371,success,64,90.503932458458067,89.347585503410627,false,false,48.653326833305904,1.6900849362710093,,,
2014-12-02T00:00:00,EURGBP,63,0.74313824432649134,0.75470885508014085,success,64,90.350212392932391,89.287868327670893,false,false,47.546657870048875,1.6648208046458413,,,
2014-12-03T00:00:00,EURGBP,63,0.87513195458955884,0.592615225933112,success,64,90.313476771734742,88.366359634510843,false,false,37.334759233786059,0.30107319086668466,,,
2014-12-04T00:00:00,EURGBP,63,0.91779628023205251,0.5896626728311829,success,64,90.666678015323754,88.253903119978716,false,false,37.148748388364524,0.26246764384445342,,,
2014-12-05T00:00:00,EURGBP,63,0.9159529512942336,0.71533392743374102,success,64,90.78126329219586,88.392675037740659,false,false,45.066037428325686,10.860174790619961,,,
2014-12-08T00:00:00,EURGBP,63,0.91636718660171423,0.69890827296556979,success,64,90.71820644053129,88.324225245289057,false,false,44.031221196830899,21.74025508055178,,,
2014-12-09T00:00:00,EURGBP,63,0.92203449515119629,0.68320181408878167,success,64,90.790426781123344,88.320110628212561,false,false,43.041714287593244,17.346626816265392,,,
2014-12-10T00:00:00,EURGBP,63,0.91929569333305416,0.66726527551118164,success,64,90.740543296823645,88.307727410922055,false,false,42.037712357204441,18.537972857517698,,,
2014-12-11T00:00:00,EURGBP,63,0.92101578780616733,0.65110779357036852,success,64,90.789020003798527,88.332790812511433,false,false,41.019790994933217,35.278508001652327,,,
2014-12-12T00:00:00,EURGBP,63,0.85736899429619717,0.63983901914475527,success,64,90.812066416263278,89.018458940874041,false,false,40.309858206119586,19.417830311886821,,,
2014-12-15T00:00:00,EURGBP,63,0.89439636634011432,0.61946200335948254,success,64,90.810833097998639,88.67437683862299,false,false,39.026106211647402,24.286924917626518,,,
2014-12-16T00:00:00,EURGBP,63,0.89122294086338216,0.6033712434505456,success,64,90.812066375009294,88.708772223289671,false,false,38.012388337384373,54.62083295844684,,,
2014-12-17T00:00:00,EURGBP,63,0.89583031082729891,0.58753788503851512,success,64,90.812066228516784,88.660336414860211,false,false,37.014886757426453,45.866297872973725,,,
2014-12-18T00:00:00,EURGBP,63,0.95133831149157533,0.57145936524762753,success,64,90.812066348833483,87.839088643541615,false,false,36.001940010600535,423.18759342109399,,,
2014-12-19T00:00:00,EURGBP,63,0.94961659466258519,0.55561643280635398,success,64,90.774426862464352,87.838030405578976,false,false,35.003835266800301,211.19800420784202,,,
2014-12-22T00:00:00,EURGBP,63,0.93956066839746522,0.54007083651218313,success,64,90.807677971901896,88.063905658420325,false,false,34.024462700267534,31.727516019836493,,,
2014-12-23T00:00:00,EURGBP,63,0.88090128876438412,0.37050681122284485,success,64,90.809161244934046,88.808168325253703,false,false,23.341929107039224,0.41539848940489271,,,
2014-12-24T00:00:00,EURGBP,63,0.87190950392680877,0.35154514057363484,success,64,90.809906396554453,88.891957772615683,false,false,22.147343856138995,0.3984855943130034,,,
2014-12-26T00:00:00,EURGBP,63,0.85806271073679463,0.33164176807110418,success,64,90.808538610236766,89.009246759132139,false,false,20.893431388479563,0.39453548855450965,,,
2014-12-29T00:00:00,EURGBP,63,0.8472956901513089,0.31081774563119241,success,64,90.807609754299293,89.09406345378909,false,false,19.581517974765124,0.39029136955492327,,,
2014-12-30T00:00:00,EURGBP,63,0.81602407062095983,0.4608407732726067,success,64,90.807847383159228,89.318208460779502,false,false,29.032968716174221,16.187868695164408,,,
2014-12-31T00:00:00,EURGBP,63,0.64102416782918681,0.62828169893112029,success,64,90.797734804626742,90.217922711458897,false,false,39.58174703266058,1.2384473253940667,,,
2015-01-02T00:00:00,EURGBP,63,0.82909103323162558,0.43359570247271489,success,64,90.812066285320526,89.232867381989507,false,false,27.316529255781038,16.103255123581512,,,
2015-01-05T00:00:00,EURGBP,63,0.78481047869653675,0.41858003905767932,success,64,90.812066245786895,89.518143119839394,false,false,26.370542460633796,23.699589466653141,,,
2015-01-06T00:00:00,EURGBP,63,0.78188416020242013,0.40250678886241992,success,64,90.812066271387366,89.535385971425796,false,false,25.357927698332453,23.027773197148765,,,
2015-01-07T00:00:00,EURGBP,63,0.73242684772779798,0.38664821706070307,success,64,90.812066658310798,89.805096184378854,false,false,24.358837674824294,18.016112598858275,,,
2015-01-08T00:00:00,EURGBP,63,0.66120823285078623,0.54675981270133789,success,64,90.812066346447054,90.14338319165104,false,false,34.445868200184286,1.2238806454687676,,,
2015-01-09T00:00:00,EURGBP,63,0.66243464191850687,0.52911786392484861,success,64,90.812066303324528,90.137903549177608,false,false,33.334425427265465,1.220775271214859,,,
2015-01-12T00:00:00,EURGBP,63,0.72416049047106468,0.47035984837122735,success,64,90.811321085951874,89.846127255584278,false,false,29.632670447387323,24.751049473494778,,,
2015-01-13T00:00:00,EURGBP,63,0.61179172767926837,0.49827741305125656,success,64,90.812066291391986,90.357216360987138,false,false,31.391477022229164,1.2955074669550848,,,
2015-01-14T00:00:00,EURGBP,63,0.61125914194199737,0.48145462710485387,success,64,90.8120663831115,90.359458333259354,false,false,30.331641507605795,1.3202635845691251,,,
2015-01-15T00:00:00,EURGBP,63,0.9692616791492854,0.28606890635493493,success,64,90.806097341943072,87.355072828161468,false,false,18.022341100360901,46.486969111622756,,,
2015-01-16T00:00:00,EURGBP,63,0.9799803120683046,0.14496721099962404,success,64,90.800121682773877,86.909305386975461,false,false,9.132934292976314,16.381846585083959,,,
2015-01-19T00:00:00,EURGBP,63,0.98130040581138789,0.25519214651059191,success,64,90.812066234863053,86.851689420587348,false,false,16.077105230167291,15.808153073221177,,,
2015-01-20T00:00:00,EURGBP,63,0.58658486141022892,0.5399819558250748,success,64,90.812066920245343,90.462201837673234,false,false,34.01886321697971,6.406762852099134,,,
2015-01-21T00:00:00,EURGBP,63,0.63573725409648896,0.76231969944173728,success,64,90.812066894658116,90.255156975814842,false,false,48.026141064829446,13.64857060777271,,,
2015-01-22T00:00:00,EURGBP,63,0.96366395613205114,0.90668275657930297,success,64,90.812066275065121,87.534133827099936,false,false,57.12101366449609,10.557689403422083,,,
2015-01-23T00:00:00,EURGBP,63,0.80603362950586244,0.60327756331453275,success,64,90.81206636395757,89.387625694437148,false,false,38.006486488815561,82.0527836595829,,,
2015-01-26T00:00:00,EURGBP,63,0.72302496563377161,0.41486898564546426,success,64,90.809212095244519,89.849695716551864,false,false,26.136746095664247,13.50006944191267,,,
2015-01-27T00:00:00,EURGBP,63,0.71835367538559158,0.39694354297267798,success,64,90.812066388914943,89.875756472821124,false,false,25.007443207278712,54.343886838064073,,,
2015-01-28T00:00:00,EURGBP,63,0.96765498462328203,0.84609703012586079,success,64,90.812066336456596,87.41365065844964,false,false,53.30411289792923,19.074892986661315,,,
2015-01-29T00:00:00,EURGBP,63,0.98034665942733246,0.82557899922510014,success,64,90.812066219198897,86.902407303538283,false,false,52.011476951181308,99.555730933967041,,,
2015-01-30T00:00:00,EURGBP,63,0.71930919148783579,0.52390976577650283,success,64,90.812066247740717,89.871028690521939,false,false,33.00631524391968,62.384514090148414,,,
2015-02-02T00:00:00,EURGBP,63,0.91996768017624542,0.10103911673359804,success,64,90.812066244209177,88.37015825591206,false,false,6.3654643542166767,20.075316665413748,,,
2015-02-03T00:00:00,EURGBP,63,0.74832522199693075,0.49220151660736255,success,64,90.812066223375965,89.72236624166608,false,false,31.008695546263841,51.306404395128894,,,
2015-02-04T00:00:00,EURGBP,63,0.80330217958938033,0.99999898096715023,success,64,90.81206648076396,89.405004168847341,false,false,62.999935800930466,8.5632505126896206,,,
2015-02-05T00:00:00,EURGBP,63,0.98216810003994437,0.74616206371409866,success,64,90.812066489289379,86.80329300021323,false,false,47.008210013988219,128.1488848089634,,,
2015-02-06T00:00:00,EURGBP,63,0.98014406993437042,0.73048073611735076,success,64,90.812066274104382,86.912869409486149,false,false,46.020286375393098,50.411353358138982,,,
2015-02-09T00:00:00,EURGBP,63,0.97465586947785687,0.71462443556865651,success,64,90.812066927222546,87.162529638549628,false,false,45.021339440825358,45.800969723492699,,,
2015-02-10T00:00:00,EURGBP,63,0.95624770133079695,0.7036977331807116,success,64,90.81206628379536,87.727593454928325,false,false,44.332957190384832,22.443334627328856,,,
2015-02-11T00:00:00,EURGBP,63,0.6604697489871495,0.39716655348843988,success,64,90.81206621002552,90.146677934915417,false,false,25.021492869771713,14.017867008393935,,,
2015-02-12T00:00:00,EURGBP,63,0.65753605760370071,0.38118090223460599,success,64,90.812066443135052,90.159733214610071,false,false,24.014396840780176,20.522585437379142,,,
2015-02-13T00:00:00,EURGBP,63,0.76794271547051496,0.50653375591938954,success,64,90.812066220827759,89.615335336956022,false,false,31.911626622921538,7.068648006489834,,,
2015-02-16T00:00:00,EURGBP,63,0.94320253334164461,0.63522551048404419,success,64,90.812066257107148,88.002276945633938,false,false,40.019207160494787,42.502399404831422,,,
2015-02-17T00:00:00,EURGBP,63,0.94371983207457943,0.61915589478313082,success,64,90.81206642880025,87.992579310752845,false,false,39.006821371337239,119.73562643535323,,,
2015-02-18T00:00:00,EURGBP,63,0.96205189969156801,0.60322667517677098,success,64,90.812066214902416,87.579217260748493,false,false,38.003280536136572,266.57204614463348,,,
2015-02-19T00:00:00,EURGBP,63,0.94497276268040586,0.58755161671291223,success,64,90.812066236956142,87.968738419080353,false,false,37.015751852913468,51.551053143253647,,,
2015-02-20T00:00:00,EURGBP,63,0.92610866608417475,0.57152862625139511,success,64,90.812066526719676,88.283670502337827,false,false,36.006303453837894,120.86142970218933,,,
2015-02-23T00:00:00,EURGBP,63,0.95625850002083512,0.5608557658810166,success,64,90.812066226091801,87.727335259816982,false,false,35.333913250504047,22.161685699143515,,,
2015-02-24T00:00:00,EURGBP,63,0.94488424848914954,0.53985959332586664,success,64,90.812066311020871,87.970439426046454,false,false,34.0111543795296,73.058346427280384,,,
2015-02-25T00:00:00,EURGBP,63,0.76813916880990041,0.37987535557987362,success,64,90.812066295939104,89.614232695935044,false,false,23.932147401532038,9.4430602981803506,,,
2015-02-26T00:00:00,EURGBP,63,0.73272219755323531,0.36502709141523493,success,64,90.812066282262847,89.803588222101183,false,false,22.9967067591598,12.653113840307801,,,
2015-02-27T00:00:00,EURGBP,63,0.6854161119075034,0.34911194222644831,success,64,90.812066265879849,90.033290924776082,false,false,21.994052360266245,12.445122566682903,,,
2015-03-02T00:00:00,EURGBP,63,0.8751408653272561,0.48082516055908353,success,64,90.812066245020361,88.864867561904148,false,false,30.291985115222264,17.570700637671695,,,
2015-03-03T00:00:00,EURGBP,63,0.86172501294039217,0.46042170230725205,success,64,90.812066322258573,88.982374475295813,false,false,29.00656724535688,97.679706729690125,,,
2015-03-04T00:00:00,EURGBP,63,0.82102618374728975,0.4445308463832025,success,64,90.812066240234657,89.288750756008227,false,false,28.005443322141758,106.04987860761798,,,
2015-03-05T00:00:00,EURGBP,63,0.6659728668115158,0.28445986028333015,success,64,90.812066396343297,90.122039693924492,false,false,17.920971197849799,9.6182144751371421,,,
2015-03-06T00:00:00,EURGBP,63,0.88627810194378109,0.41271675778079703,success,64,90.812066258894191,88.758791449982198,false,false,26.001155740190214,608.09526639567821,,,
2015-03-09T00:00:00,EURGBP,63,0.93876134036588255,0.68238500238936173,success,64,90.812066260139474,88.082283660302807,false,false,42.990255150529791,15.296034013787605,,,
2015-03-10T00:00:00,EURGBP,63,0.8412856648755358,0.66583473729449183,success,64,90.812066287700731,89.144240964442744,false,false,41.947588449552988,14.534853098826774,,,
2015-03-11T00:00:00,EURGBP,63,0.86584503163065851,0.65048786880414933,success,64,90.812066252508686,88.947355919378779,false,false,40.980735734661408,12.75397665542561,,,
2015-03-12T00:00:00,EURGBP,63,0.5776306555685865,0.47619090983628548,success,64,90.812066402433956,90.499011897240521,false,false,30.000027319685984,381.22207145305578,,,
2015-03-13T00:00:00,EURGBP,63,0.50220407261343369,0.48617129669028541,success,64,90.81206627867104,90.803249931111338,false,false,30.628791691487979,15.482288063247028,,,
2015-03-16T00:00:00,EURGBP,63,0.5443822771302792,0.47618968456225508,success,64,90.812066349389497,90.634068764891012,false,false,29.999950127422071,228.73943468693747,,,
2015-03-17T00:00:00,EURGBP,63,0.50524355398807719,0.43402795988752646,success,64,90.812066321993427,90.791091337079578,false,false,27.343761472914167,20.068859180653984,,,
2015-03-18T00:00:00,EURGBP,63,0.50452791333702784,0.41815012377488547,success,64,90.812066233032297,90.793954084559687,false,false,26.343457797817784,18.519127708765591,,,
2015-03-19T00:00:00,EURGBP,63,0.61944243601745441,0.55026403674154767,success,64,90.812066265803509,90.324883940084874,false,false,34.666634314717506,21.861938210781965,,,
2015-03-20T00:00:00,EURGBP,63,0.62459349718993551,0.53941992052971655,success,64,90.812066272497844,90.302974685214352,false,false,33.983454993372142,16.883046654899559,,,
2015-03-23T00:00:00,EURGBP,63,0.90228490827775354,0.80451873626111681,success,64,90.812066283877641,88.589191968006233,false,false,50.68468038445036,0.32577153742921788,,,
2015-03-24T00:00:00,EURGBP,63,0.95839783136541334,0.78975667192284427,success,64,90.812066281466244,87.674955613420821,false,false,49.754670331139188,0.53116458590250304,,,
2015-03-25T00:00:00,EURGBP,63,0.73205618779982662,0.54658527813192959,success,64,90.812066396312758,89.806986428568379,false,false,34.434872522311565,0.5114236843547374,,,
2015-03-26T00:00:00,EURGBP,63,0.71755129859863631,0.47620804481457657,success,64,90.812066511236424,89.879719015991299,false,false,30.001106823318324,400.70841924812697,,,
2015-03-27T00:00:00,EURGBP,63,0.62993076880917587,0.45986287503334095,success,64,90.812066227459567,90.280146404353189,false,false,28.971361127100479,10.957518918115085,,,
2015-03-30T00:00:00,EURGBP,63,0.66430070401299002,0.44419348860958346,success,64,90.812066209553194,90.12954710193543,false,false,27.984189782403757,23.67835857909585,,,
2015-03-31T00:00:00,EURGBP,63,0.64579263827190447,0.42841191584542959,success,64,90.812066409839957,90.2114704602063,false,false,26.989950698262064,34.2143843599805,,,
2015-04-01T00:00:00,EURGBP,63,0.67452014585816544,0.41264894129116242,success,64,90.812066271197381,90.083365295851337,false,false,25.996883301343232,123.80340198774067,,,
2015-04-02T00:00:00,EURGBP,63,0.95038600501218007,0.63448442437622665,success,64,90.812066798459739,87.859471526270326,false,false,39.97251873570228,0.26236036596883444,,,
2015-04-03T00:00:00,EURGBP,63,0.95006213096433512,0.60497458745383248,success,64,90.807065359956738,87.861317589935538,false,false,38.113399009591447,0.25568765518222314,,,
2015-04-06T00:00:00,EURGBP,63,0.94870879010423115,0.58212440787728015,success,64,90.808071809083174,87.890489307741078,false,false,36.673837696268649,0.25730268630324815,,,
2015-04-07T00:00:00,EURGBP,63,0.88486123839711062,0.38920163319133871,success,64,90.806672017097725,88.767379200767735,false,false,24.51970289105434,0.59267240243907549,,,
2015-04-08T00:00:00,EURGBP,63,0.96188736975641598,0.53799532849490983,success,64,90.792659784563924,87.56430814966194,false,false,33.893705695179321,0.24946687091128875,,,
2015-04-09T00:00:00,EURGBP,63,0.96037710601955528,0.51089042942766127,success,64,90.794608129760491,87.606689185687841,false,false,32.18609705394266,0.24056661276606306,,,
2015-04-10T00:00:00,EURGBP,63,0.96352731143195391,0.4823890074456661,success,64,90.795023141191777,87.520986029769531,false,false,30.390507469076965,0.23173651864450739,,,
2015-04-13T00:00:00,EURGBP,63,0.96419146575376169,0.45904503846969924,success,64,90.803857290586834,87.510753651534159,false,false,28.919837423591051,0.22065389831636137,,,
2015-04-14T00:00:00,EURGBP,63,0.96300244874821939,0.42089861287282071,success,64,90.812023917572347,87.552819691014179,false,false,26.516612610987703,0.20187560660350093,,,
2015-04-15T00:00:00,EURGBP,63,0.95632069138726306,0.41119719704289442,success,64,90.81206633719323,87.725847531999506,false,false,25.905423413702348,0.21533128445929367,,,
2015-04-16T00:00:00,EURGBP,63,0.96282872143917542,0.36982011096886724,success,64,90.812066304927839,87.557727149677859,false,false,23.298666991038637,0.199274278584573,,,
2015-04-17T00:00:00,EURGBP,63,0.95883943761318102,0.2439938686335025,success,64,90.795159990174071,87.646916930500836,false,false,15.371613723910658,0.55703446205255969,,,
2015-04-20T00:00:00,EURGBP,63,0.95934544265094701,0.22599185388715573,success,64,90.756258308524636,87.595118028804436,false,false,14.237486794890811,0.55424803330239913,,,
2015-04-21T00:00:00,EURGBP,63,0.95613649396789924,0.20853620749640972,success,64,90.583882231205692,87.50206422891614,false,false,13.137781072273812,0.55345033529914089,,,
2015-04-22T00:00:00,EURGBP,63,0.92668596093038613,0.20108610131230037,success,64,90.806704778377508,88.269842158900047,false,false,12.668424382674923,0.60478530941626463,,,
2015-04-23T00:00:00,EURGBP,63,0.6757379178499705,0.47588234486592984,success,64,90.812066266389806,90.07781304534582,false,false,29.98058772655358,12.490354858594653,,,
2015-04-24T00:00:00,EURGBP,63,0.5139918652417278,0.5447756887861166,success,64,90.812066371867374,90.756084294861566,false,false,34.320868393525345,18.473697215264874,,,
2015-04-27T00:00:00,EURGBP,63,0.51064230506549113,0.56659116610501992,success,64,90.812066559106569,90.769490908653026,false,false,35.695243464616254,21.248970120036685,,,
2015-04-28T00:00:00,EURGBP,63,0.63328733950471239,0.50793006386933404,success,64,90.812066337125032,90.265720685076488,false,false,31.999594023768047,3792.1771213163179,,,
2015-04-29T00:00:00,EURGBP,63,0.68905231906881648,0.49201915892037645,success,64,90.812049654275356,90.0163571208669,false,false,30.997207011983715,73.868362084475166,,,
2015-04-30T00:00:00,EURGBP,63,0.97795669957244835,0.98323046782321533,success,64,90.645621162955024,86.853164488606467,false,false,61.943519472862569,2.2897926917003111,,,
2015-05-01T00:00:00,EURGBP,63,0.75131042299170081,0.65051195085841762,success,64,90.145038430546876,89.039424958025577,false,false,40.982252904080312,17.656530832994786,,,
2015-05-04T00:00:00,EURGBP,63,0.94119946887373107,0.32307332351873935,success,64,90.09044177243814,87.317437567516109,false,false,20.353619381680581,0.70327740654508164,,,
2015-05-05T00:00:00,EURGBP,63,0.96872407903217539,0.31626467873730546,success,64,89.786413520283247,86.353282200433611,false,false,19.924674760450245,0.90153522952188636,,,
2015-05-06T00:00:00,EURGBP,63,0.8831641174928212,0.79634746274520773,success,64,89.665471725759261,87.642730915360701,false,false,50.169890152948085,0.45252999530444454,,,
2015-05-07T00:00:00,EURGBP,63,0.92378583393702474,0.78728830034902431,success,64,89.972578974925142,87.477646063354783,false,false,49.59916292198853,0.43061769185902066,,,
2015-05-08T00:00:00,EURGBP,63,0.98389898088633898,0.80482174458640454,success,64,89.170752424931578,85.058111763822552,false,false,50.703769908943485,0.2991369437181749,,,
2015-05-11T00:00:00,EURGBP,63,0.99772635328984305,0.87010247021434983,success,64,87.662459021150255,81.57836500026707,false,false,54.816455623504041,1.3692149127422695,,,
2015-05-12T00:00:00,EURGBP,63,0.83630471777990323,0.50907676188850248,success,64,87.783719724110199,86.152733346777865,false,false,32.071835998975658,15.274781134255969,,,
2015-05-13T00:00:00,EURGBP,63,0.98093499258929839,0.23257479259213604,success,64,87.754100473073251,83.813448864193901,false,false,14.652211933304571,0.90950201643294881,,,
2015-05-14T00:00:00,EURGBP,63,0.81462933691431294,0.47728754067686346,success,64,87.625797283784564,86.145421480156699,false,false,30.0691150626424,14.62188297651061,,,
2015-05-15T00:00:00,EURGBP,63,0.78786037564198963,0.46128474181466989,success,64,87.49543132448035,86.183355101942681,false,false,29.060938734324203,15.561781545056057,,,
2015-05-18T00:00:00,EURGBP,63,0.96226442467275064,0.67381220905327066,success,64,87.564335773206167,84.325649782723787,false,false,42.450169170356048,0.43762887952064794,,,
2015-05-19T00:00:00,EURGBP,63,0.95593495700206577,0.6546378874065234,success,64,87.313117525287794,84.236094443495134,false,false,41.242186906610975,0.49557807273361232,,,
2015-05-20T00:00:00,EURGBP,63,0.9429058232402221,0.63511544421344168,success,64,87.103051532212987,84.298787252147321,false,false,40.012272985446828,0.50099750727084746,,,
2015-05-21T00:00:00,EURGBP,63,0.92674274365888798,0.61618740689966189,success,64,86.589200591583619,84.05150188513133,false,false,38.819806634678699,0.52498148305325743,,,
2015-05-22T00:00:00,EURGBP,63,0.92412783136578747,0.60091703239226324,success,64,86.567764941343754,84.067964466132068,false,false,37.857773040712587,0.56499115590821591,,,
2015-05-25T00:00:00,EURGBP,63,0.90312196255693833,0.5817090956205998,success,64,86.610852380325454,84.378447613722003,false,false,36.647673024097784,0.54869450643822149,,,
2015-05-26T00:00:00,EURGBP,63,0.88110353782833739,0.56227627440685723,success,64,86.64558885611261,84.642666762607817,false,false,35.423405287632008,0.53959289514576902,,,
2015-05-27T00:00:00,EURGBP,63,0.88340602074753116,0.5468273775397875,success,64,86.991842884994412,84.966755607098548,false,false,34.450124785006615,0.54022990655800485,,,
2015-05-28T00:00:00,EURGBP,63,0.86770628617964518,0.52947710839573492,success,64,86.567617832687944,84.686789110675065,false,false,33.357057828931303,0.56855072597330569,,,
2015-05-29T00:00:00,EURGBP,63,0.85429413889486083,0.51168584362063374,success,64,86.282204209673921,84.513518589857043,false,false,32.236208148099927,0.58045994876302864,,,
2015-06-01T00:00:00,EURGBP,63,0.83083572974786157,0.49210568302746704,success,64,86.3334721112751,84.741910269911173,false,false,31.002658030730423,0.55395450916080669,,,
2015-06-02T00:00:00,EURGBP,63,0.84571189933408353,0.47700323399113292,success,64,86.69821314977014,84.996856030907153,false,false,30.051203741441373,0.49747194542643797,,,
2015-06-03T00:00:00,EURGBP,63,0.84098568601760026,0.46013161397981006,success,64,85.92755479955369,84.261974383133449,false,false,28.988291680728032,0.53660246705347359,,,
2015-06-04T00:00:00,EURGBP,63,0.84107292267687261,0.44101265526580541,success,64,86.702889411165188,85.036656509294289,false,false,27.783797281745741,0.44072573709389812,,,
2015-06-05T00:00:00,EURGBP,63,0.83396061371281138,0.41960933512201165,success,64,86.760138871510179,85.146177723034143,false,false,26.435388112686734,0.41412066456290958,,,
2015-06-08T00:00:00,EURGBP,63,0.9725446578278818,0.54406036844942063,success,64,87.807504094642326,84.240148863228086,false,false,34.275803212313498,1.542467644122028,,,
2015-06-09T00:00:00,EURGBP,63,0.92945400005714607,0.52759978421729703,success,64,87.6953766724383,85.117044333916169,false,false,33.238786405689716,1.5987207726798276,,,
2015-06-10T00:00:00,EURGBP,63,0.94012424799701666,0.51220171266292602,success,64,86.922879862558133,84.169139432509681,false,false,32.268707897764337,1.6630281558760276,,,
2015-06-11T00:00:00,EURGBP,63,0.88929875852157125,0.3774415958729429,success,64,86.700161923104034,84.616563737169315,false,false,23.778820539995404,0.6486242807561694,,,
2015-06-12T00:00:00,EURGBP,63,0.86049334378369635,0.35778374222492476,success,64,86.663864693526037,84.844471128128816,false,false,22.54037576017026,0.61002487693716312,,,
2015-06-15T00:00:00,EURGBP,63,0.70358407744379747,0.75981560713766194,success,64,87.074307898128055,86.209884127450394,false,false,47.868383249672704,0.59711113564819662,,,
2015-06-16T00:00:00,EURGBP,63,0.70140810098419992,0.74314805213944013,success,64,86.822319593140293,85.968307460616074,false,false,46.818327284784729,0.60514820375578204,,,
2015-06-17T00:00:00,EURGBP,63,0.93332151957476117,0.43003741245977173,success,64,86.689388422463537,84.050520941206244,false,false,27.092356984965619,1.6764336861865485,,,
2015-06-18T00:00:00,EURGBP,63,0.81647508428594651,0.28803458286007827,success,64,86.622425407445263,85.129779449500916,false,false,18.146178720184931,0.57630849743680435,,,
2015-06-19T00:00:00,EURGBP,63,0.88237459069537205,0.28152865301336261,success,64,86.935586015116058,84.920474420908789,false,false,17.736305139841843,0.70878973736916218,,,
2015-06-22T00:00:00,EURGBP,63,0.88246123733588933,0.26473020893546001,success,64,87.097976475489972,85.082029785540428,false,false,16.67800316293398,0.6963084853238628,,,
2015-06-23T00:00:00,EURGBP,63,0.71922056820282743,0.65393494417082831,success,64,87.314737886174555,86.374139225584628,false,false,41.197901482762184,0.6415698823143704,,,
2015-06-24T00:00:00,EURGBP,63,0.773043197006822,0.63662626929753352,success,64,87.966658193597397,86.741082968474402,false,false,40.107454965744608,0.66307197773551652,,,
2015-06-25T00:00:00,EURGBP,63,0.80762933723484265,0.61713676410783014,success,64,88.120410074602603,86.685730908556067,false,false,38.879616138793295,0.67090955829718479,,,
2015-06-26T00:00:00,EURGBP,63,0.83115299169161017,0.59758440330197182,success,64,87.89572060194574,86.301899747141547,false,false,37.647817408024224,0.67021323461996762,,,
2015-06-29T00:00:00,EURGBP,63,0.76416428574495154,0.4919469216329434,success,64,87.878907668835865,86.703260305667641,false,false,30.992656062875433,14.59044582532259,,,
2015-06-30T00:00:00,EURGBP,63,0.87992004970821758,0.56652213141295249,success,64,88.487799233458674,86.496125956084015,false,false,35.690894279016007,0.69396613666778595,,,
2015-07-01T00:00:00,EURGBP,63,0.96620485543320012,0.78683457667274326,success,64,88.58650900294171,85.233450265846329,false,false,49.570578330382823,0.99810339618725996,,,
2015-07-02T00:00:00,EURGBP,63,0.86985020188581597,0.53358462740931656,success,64,88.580560926883223,86.68092599206139,false,false,33.615831526786941,0.7174042254165458,,,
2015-07-03T00:00:00,EURGBP,63,0.87004706497506901,0.517035071582162,success,64,88.503469372688286,86.602094411464535,false,false,32.573209509676204,0.70289711419993472,,,
2015-07-06T00:00:00,EURGBP,63,0.88682372494528938,0.49961239745136371,success,64,88.905185756320094,86.846486084982658,false,false,31.475581039435912,0.69767660284104371,,,
2015-07-07T00:00:00,EURGBP,63,0.91331266244154952,0.48540300685403032,success,64,89.225880460591512,86.871110006695062,false,false,30.580389431803908,0.71412429230568375,,,
2015-07-08T00:00:00,EURGBP,63,0.85130774358786965,0.47404819507501555,success,64,88.815556324308986,87.070661412141078,false,false,29.865036289725978,0.62815940698496042,,,
2015-07-09T00:00:00,EURGBP,63,0.91135679769149736,0.45424381062731867,success,64,89.277898172039031,86.947583045943702,false,false,28.617360069521077,0.6388126877847734,,,
2015-07-10T00:00:00,EURGBP,63,0.92819403782924081,0.43839635443229108,success,64,89.316070492273354,86.756797200052162,false,false,27.618970329234337,0.65181558160523523,,,
2015-07-13T00:00:00,EURGBP,63,0.93087656793266971,0.42172336148480188,success,64,89.555807519397376,86.955574608018608,false,false,26.568571773542519,0.6012704794211563,,,
2015-07-14T00:00:00,EURGBP,63,0.89949064044959015,0.40399191799618911,success,64,89.129759447974891,86.938181652937246,false,false,25.451490833759912,0.55599925967061281,,,
2015-07-15T00:00:00,EURGBP,63,0.8995098195246819,0.38437969670313965,success,64,88.972942854782588,86.781152900816068,false,false,24.215920892297799,0.53166285936891111,,,
2015-07-16T00:00:00,EURGBP,63,0.90914252420436137,0.36458261503615325,success,64,88.826563050730613,86.523353255235236,false,false,22.968704747277656,0.52139395414574419,,,
2015-07-17T00:00:00,EURGBP,63,0.95057940416056452,0.63735367946404109,success,64,88.764262003503532,85.807557562839023,false,false,40.153281806234588,0.38729555782181102,,,
2015-07-20T00:00:00,EURGBP,63,0.95970131750891963,0.61788117040882207,success,64,88.813600940869549,85.643297608301978,false,false,38.92651373575579,0.39657908349773535,,,
2015-07-21T00:00:00,EURGBP,63,0.94768811203082504,0.31781637254578066,success,64,88.057999056356934,85.161197252648236,false,false,20.022431470384181,0.52966638301534463,,,
2015-07-22T00:00:00,EURGBP,63,0.97594055040315797,0.60025308266340494,success,64,88.195392990327434,84.492519151252338,false,false,37.815944207794509,0.42586163555817313,,,
2015-07-23T00:00:00,EURGBP,63,0.96798375624703625,0.39666048365314155,success,64,88.794101518787627,85.385129603674159,false,false,24.989610470147916,13.083129013507994,,,
2015-07-24T00:00:00,EURGBP,63,0.98419224160707308,0.571483850469374,success,64,88.934719638334201,84.803399249917291,false,false,36.003482579570559,0.39406501471160793,,,
2015-07-27T00:00:00,EURGBP,63,0.86129665867531624,0.66286895440601834,success,64,89.07807326821856,87.251971689159163,false,false,41.760744127579159,1.6577403390701693,,,
2015-07-28T00:00:00,EURGBP,63,0.98645306020228118,0.53431384497889889,success,64,89.660687534351624,85.3727324688099,false,false,33.661772233670632,0.37008983218918434,,,
2015-07-29T00:00:00,EURGBP,63,0.96693510540669192,0.5174913847013034,success,64,90.104231252915099,86.728572002169017,false,false,32.601957236182116,0.35348533128108028,,,
2015-07-30T00:00:00,EURGBP,63,0.96801556493017837,0.50445624528169963,success,64,89.932464312671357,86.522465526449551,false,false,31.780743452747075,0.3871108914911407,,,
2015-07-31T00:00:00,EURGBP,63,0.96963176873240631,0.4850253095479547,success,64,89.994783946024071,86.531264604365475,false,false,30.556594501521147,0.38345697833017045,,,
2015-08-03T00:00:00,EURGBP,63,0.97519052194602651,0.088726996423729679,success,64,89.968543365674051,86.29713626639618,false,false,5.5898007746949698,1.4062793701525995,,,
2015-08-04T00:00:00,EURGBP,63,0.97973564444132799,0.45333261150308157,success,64,89.686452573425655,85.808033247587929,false,false,28.559954524694138,0.42762327658460736,,,
2015-08-05T00:00:00,EURGBP,63,0.97962744788658662,0.4330849772729396,success,64,90.028092295218613,86.155108461285451,false,false,27.284353568195193,0.42891218732994774,,,
2015-08-06T00:00:00,EURGBP,63,0.673776423192748,0.53318268869179364,success,64,90.654051332013267,89.928735957190099,false,false,33.590509387582998,1.6472485816447808,,,
2015-08-07T00:00:00,EURGBP,63,0.86762861650422007,0.42493284300611089,success,64,90.461124188780076,88.580971910251861,false,false,26.770769109384986,0.48929536403690332,,,
2015-08-10T00:00:00,EURGBP,63,0.87637190025767842,0.40554357548533432,success,64,90.484514788621723,88.526002107483706,false,false,25.549245255576061,0.48372289524558559,,,
2015-08-11T00:00:00,EURGBP,63,0.87057876878240958,0.38947503515623721,success,64,90.557254348947751,88.651168549939342,false,false,24.536927214842944,0.49524138565658282,,,
2015-08-12T00:00:00,EURGBP,63,0.63478700715641345,0.57979082167193219,success,64,90.510686249753576,89.95787745435355,false,false,36.526821765331725,28.38367316677893,,,
2015-08-13T00:00:00,EURGBP,63,0.72946759050090149,0.37574096691333869,success,64,90.261578939663821,89.269655904106301,false,false,23.671680915540339,0.40609702338682929,,,
2015-08-14T00:00:00,EURGBP,63,0.68975690220408792,0.36314143126943371,success,64,90.529229895623473,89.730246852360239,false,false,22.877910169974324,0.42013867832628621,,,
2015-08-17T00:00:00,EURGBP,63,0.85286875483975388,0.32385682739095561,success,64,90.683141774326586,88.925861114365574,false,false,20.402980125630204,0.49890822858463862,,,
2015-08-18T00:00:00,EURGBP,63,0.64190646436996013,0.5163815279524685,success,64,90.669756309019135,90.086107935055921,false,false,32.532036261005516,28.237235278493056,,,
2015-08-19T00:00:00,EURGBP,63,0.83977833863760087,0.29511258790073053,success,64,90.797314252599975,89.140734518150509,false,false,18.592093037746022,0.49565957112239128,,,
2015-08-20T00:00:00,EURGBP,63,0.82936774790630552,0.27985583862178154,success,64,90.714215456729804,89.133062463877437,false,false,17.630917833172237,0.46293863540457031,,,
2015-08-21T00:00:00,EURGBP,63,0.76853962194258219,0.52599357373088784,success,64,90.443178126942044,89.243094713565668,false,false,33.137595145045935,21.230743501445733,,,
2015-08-24T00:00:00,EURGBP,63,0.84500040757074391,0.45924749764407008,success,64,89.635849889862556,87.939935267600376,false,false,28.932592351576414,14.970487070433478,,,
2015-08-25T00:00:00,EURGBP,63,0.78902325770135884,0.44306221337680041,success,64,90.098416135539182,88.779368239014175,false,false,27.912919442738424,13.490336989152885,,,
2015-08-26T00:00:00,EURGBP,63,0.76263951162624344,0.42760851517385234,success,64,90.218499777576525,89.051294353267863,false,false,26.939336455952699,15.158251836182,,,
2015-08-27T00:00:00,EURGBP,63,0.90108219832869141,0.73313994503384339,success,64,90.200780726110821,87.991473461661897,false,false,46.187816537132136,0.40665780202351132,,,
2015-08-28T00:00:00,EURGBP,63,0.90381919762839946,0.70961387695210576,success,64,90.133293299708939,87.892893740153639,false,false,44.705674247982664,0.43816388080945573,,,
2015-08-31T00:00:00,EURGBP,63,0.94204962813424209,0.87193267429639476,success,64,90.52432344426478,87.735852474057509,false,false,54.931758480672869,11.945812538843034,,,
2015-09-01T00:00:00,EURGBP,63,0.69390052076467335,0.50797523199777772,success,64,90.173062928128459,89.354644464394283,false,false,32.002439615859998,46.66253754354176,,,
2015-09-02T00:00:00,EURGBP,63,0.87302521592424798,0.34832769826774129,success,64,90.522899269466919,88.594923345984427,false,false,21.944644990867701,14.219477036327444,,,
2015-09-03T00:00:00,EURGBP,63,0.85944425986332496,0.33180318491325755,success,64,90.242876700217579,88.432194866364497,false,false,20.903600649535225,8.0217043187064778,,,
2015-09-04T00:00:00,EURGBP,63,0.91502196646598377,0.2751277809241785,success,64,90.299761231339545,87.923205953365752,false,false,17.333050198223244,1.6665680767134676,,,
2015-09-07T00:00:00,EURGBP,63,0.87941172941847257,0.76394708572467107,success,64,90.479210802614915,88.492339628681947,false,false,48.128666400654275,24.697815664172627,,,
2015-09-08T00:00:00,EURGBP,63,0.90543152161542728,0.74692432906329664,success,64,90.486272946195598,88.227185507739208,false,false,47.056232730987688,14.351948711147696,,,
2015-09-09T00:00:00,EURGBP,63,0.88112973026944774,0.73091659860468228,success,64,90.541095479865447,88.537923339454821,false,false,46.047745712094986,15.140811990180611,,,
2015-09-10T00:00:00,EURGBP,63,0.86192831030661254,0.59089878626705239,success,64,90.537427397376888,88.706028337669906,false,false,37.226623534824299,0.37133670995013462,,,
2015-09-11T00:00:00,EURGBP,63,0.85576005320929349,0.57292416988729888,success,64,90.537972656263378,88.757460841088516,false,false,36.094222702899827,0.36568623490781305,,,
2015-09-14T00:00:00,EURGBP,63,0.76510583394640752,0.65127904958152316,success,64,90.620714742901924,89.43983562910033,false,false,41.030580123635957,11.579791798858764,,,
2015-09-15T00:00:00,EURGBP,63,0.82985680676246054,0.53134667490020271,success,64,90.633240938624567,89.048628170356096,false,false,33.474840518712767,0.38914747604680161,,,
2015-09-16T00:00:00,EURGBP,63,0.83554128049853882,0.51630499552097431,success,64,90.65325225919166,89.027832097673183,false,false,32.52721471782138,0.37248214452661355,,,
2015-09-17T00:00:00,EURGBP,63,0.7969223088795947,0.50391553920870835,success,64,90.737737293968749,89.370568720082375,false,false,31.746678970148629,0.35130634065825517,,,
2015-09-18T00:00:00,EURGBP,63,0.70507922369521447,0.61922604210189169,success,64,90.77284515977486,89.901241754613778,false,false,39.011240652419175,31.183170333861884,,,
2015-09-21T00:00:00,EURGBP,63,0.79414194242645542,0.47814088913530922,success,64,90.612377761598353,89.262302437916063,false,false,30.122876015524479,0.34279239502557263,,,
2015-09-22T00:00:00,EURGBP,63,0.77618259918093158,0.45706313258138154,success,64,90.641699271534534,89.398142015313525,false,false,28.794977352627036,0.34804484301757366,,,
2015-09-23T00:00:00,EURGBP,63,0.81634533056746117,0.45361275379390792,success,64,90.585223584883821,89.093443317875753,false,false,28.577603489016198,0.31027519363940032,,,
2015-09-24T00:00:00,EURGBP,63,0.80718027898587863,0.43140103894138837,success,64,90.443151361170635,89.011359988177958,false,false,27.178265453307468,0.3107658638550474,,,
2015-09-25T00:00:00,EURGBP,63,0.79091407836571836,0.41083628544389722,success,64,90.30348996047519,88.973045898452071,false,false,25.882685982965526,0.32010065344873273,,,
2015-09-28T00:00:00,EURGBP,63,0.78702329414943695,0.39405645746044804,success,64,90.352037765963118,89.044962716843656,false,false,24.825556820008227,0.32545900555851109,,,
2015-09-29T00:00:00,EURGBP,63,0.78942632915638378,0.37025533603060012,success,64,90.317818765707713,88.996347821805784,false,false,23.326086169927809,0.32395935948204618,,,
2015-09-30T00:00:00,EURGBP,63,0.80458517104159499,0.34576007875270298,success,64,90.373066497102528,88.957864294978251,false,false,21.782884961420287,0.31667514880904124,,,
2015-10-01T00:00:00,EURGBP,63,0.80746043353437924,0.32276210164518532,success,64,90.288308997694529,88.854716615205746,false,false,20.334012403646675,0.31685821512482398,,,
2015-10-02T00:00:00,EURGBP,63,0.79745609526851502,0.30685950697856035,success,64,90.193368909139664,88.822898805485735,false,false,19.332148939649301,0.32520056106705553,,,
2015-10-05T00:00:00,EURGBP,63,0.82237395336510133,0.27531628157017396,success,64,90.341752462195345,88.809237718272826,false,false,17.34492573892096,0.30902372142680401,,,
2015-10-06T00:00:00,EURGBP,63,0.76888709103331454,0.70000487004979783,success,64,90.057536314651955,88.855498556142322,false,false,44.100306813137266,1.0659564866790858,,,
2015-10-07T00:00:00,EURGBP,63,0.75367743785287589,0.68681123763530183,success,64,90.073998611177728,88.955676041222659,false,false,43.269107971024013,0.96556631533553794,,,
2015-10-08T00:00:00,EURGBP,63,0.7975331264896296,0.66892514543822046,success,64,90.033249657700054,88.662302571547272,false,false,42.142284162607886,1.0171480513739304,,,
2015-10-09T00:00:00,EURGBP,63,0.73541188980394012,0.65699579966893551,success,64,90.347601722891383,89.32534530200985,false,false,41.390735379142939,0.9641254619032793,,,
2015-10-12T00:00:00,EURGBP,63,0.73937146089795358,0.22913771773914784,success,64,90.575836425181194,89.533132148822375,false,false,14.435676217566314,0.37872124812154362,,,
2015-10-13T00:00:00,EURGBP,63,0.74107833331695083,0.22480601002074332,success,64,90.700908016357019,89.649327254384374,false,false,14.16277863130683,0.37508026358184887,,,
2015-10-14T00:00:00,EURGBP,63,0.73275257400835003,0.21059800964314807,success,64,90.797481732493083,89.78884855849887,false,false,13.267674607518329,0.37236649639564806,,,
2015-10-15T00:00:00,EURGBP,63,0.71453878527644388,0.59677299141688966,success,64,90.724814003521843,89.807282894035353,false,false,37.596698459264047,0.88594074235670484,,,
2015-10-16T00:00:00,EURGBP,63,0.73005363970241766,0.57866618458610275,success,64,90.722563860633102,89.727669123842958,false,false,36.455969628924471,0.90417150233532362,,,
2015-10-19T00:00:00,EURGBP,63,0.80440478254718195,0.79600156368841657,success,64,90.606852469151846,89.192797172438787,false,false,50.148098512370247,0.504913083181598,,,
2015-10-20T00:00:00,EURGBP,63,0.82614226178370176,0.74617777710593902,success,64,90.473499113324095,88.914969493212809,false,false,47.009199957674156,0.80947794222984693,,,
2015-10-21T00:00:00,EURGBP,63,0.85078016880483354,0.70982779259317486,success,64,90.39249520811245,88.65176202973278,false,false,44.719150933370017,2.0116532314252589,,,
2015-10-22T00:00:00,EURGBP,63,0.87356714222976362,0.78828531780373978,success,64,90.408107821274811,88.475234227553315,false,false,49.661975021635605,0.36540005114525009,,,
2015-10-23T00:00:00,EURGBP,63,0.78775205937422454,0.50788509135680915,success,64,90.108352939523243,88.796924667197572,false,false,31.996760755478974,0.83701815288289017,,,
2015-10-26T00:00:00,EURGBP,63,0.76610121007747467,0.48994164988393718,success,64,90.238719165893102,89.052293376936774,false,false,30.866323942688041,0.85907439281790554,,,
2015-10-27T00:00:00,EURGBP,63,0.74106218130987001,0.472567616852061,success,64,90.338575571754674,89.287078985179036,false,false,29.771759861679843,0.87735799597686426,,,
2015-10-28T00:00:00,EURGBP,63,0.7648140231626982,0.45815615871274235,success,64,90.357399339396494,89.178143234058723,false,false,28.863837998902767,0.84266536150909976,,,
2015-10-29T00:00:00,EURGBP,63,0.88327884104649945,0.28430833548839773,success,64,90.424060472151353,88.400207366636636,false,false,17.911425135769058,1.5224063424925114,,,
2015-10-30T00:00:00,EURGBP,63,0.89110990419900027,0.26717817036929697,success,64,90.489417420119267,88.387288729139698,false,false,16.832224733265708,1.4898183246413879,,,
2015-11-02T00:00:00,EURGBP,63,0.7408507983883803,0.064375133273483348,success,64,90.527707685715683,89.477312396230758,false,false,4.0556333962294513,12.701626980055233,,,
2015-11-03T00:00:00,EURGBP,63,0.85309887312763177,0.62809349881758136,success,64,90.532454764021011,88.773339065189191,false,false,39.569890425507623,0.44715004256985513,,,
2015-11-04T00:00:00,EURGBP,63,0.87973522422424033,0.2163529123489569,success,64,90.531577560525051,88.541652356801492,false,false,13.630233477984286,1.4474176082286188,,,
2015-11-05T00:00:00,EURGBP,63,0.81427592472145538,0.35958471315653406,success,64,90.70627867700702,89.228241500627206,false,false,22.653836928861647,0.75258263079890131,,,
2015-11-06T00:00:00,EURGBP,63,0.72102501664804741,0.78026372420494094,success,64,90.761794076740699,89.812242355299659,false,false,49.156614624911278,1.3679706112724328,,,
2015-11-09T00:00:00,EURGBP,63,0.87703901935436768,0.56521135327562655,success,64,90.764889190924094,88.800204782210315,false,false,35.60831525636447,0.41070452633438104,,,
2015-11-10T00:00:00,EURGBP,63,0.87874380400239194,0.54724960946757528,success,64,90.761324213813623,88.780736451158674,false,false,34.47672539645724,0.43092216228702374,,,
2015-11-11T00:00:00,EURGBP,63,0.89032436287037242,0.52697720124827907,success,64,90.745227409550168,88.651168816844006,false,false,33.199563678641582,0.43315666339093134,,,
2015-11-12T00:00:00,EURGBP,63,0.89253468595530494,0.5094179032278906,success,64,90.76434943672578,88.647452195464112,false,false,32.093327903357107,0.42866652500186808,,,
2015-11-13T00:00:00,EURGBP,63,0.91096313838411991,0.48868403141540939,success,64,90.779775073866873,88.454323099675619,false,false,30.787093979170791,0.43138726093225105,,,
2015-11-16T00:00:00,EURGBP,63,0.9157150349991855,0.47470164284327404,success,64,90.680346889754361,88.294845168627546,false,false,29.906203499126264,0.44280179633966638,,,
2015-11-17T00:00:00,EURGBP,63,0.91170556406844061,0.45594795305703939,success,64,90.746597109954209,88.411957110814058,false,false,28.724721042593483,0.44938159236729164,,,
2015-11-18T00:00:00,EURGBP,63,0.90959744047997659,0.025756147444527235,success,64,90.812066264990278,88.503336716726068,false,false,1.6226372890052159,15.385165732106291,,,
2015-11-19T00:00:00,EURGBP,63,0.72726905918409945,0.37851568614756859,success,64,90.812066603938234,89.831255844128947,false,false,23.84648822729682,2.4509727699474739,,,
2015-11-20T00:00:00,EURGBP,63,0.75897159017533788,0.43162059250388213,success,64,90.812066330889706,89.665016794426521,false,false,27.192097327744573,0.60975879665630583,,,
2015-11-23T00:00:00,EURGBP,63,0.6802527815439543,0.34729419744366224,success,64,90.812066286763766,90.057132561406334,false,false,21.879534438950721,2.7208947695108567,,,
2015-11-24T00:00:00,EURGBP,63,0.67892713379234704,0.31713004420435892,success,64,90.812066256332542,90.063220543436444,false,false,19.979192784874613,26.312004606714307,,,
2015-11-25T00:00:00,EURGBP,63,0.62178227706401457,0.55542238037820946,success,64,90.812066472284883,90.314946494103594,false,false,34.991609963827194,23.608420568381888,,,
2015-11-26T00:00:00,EURGBP,63,0.63768127209692094,0.53943075818997099,success,64,90.812066620047418,90.246752323312379,false,false,33.984137765968171,14.98123891357749,,,
2015-11-27T00:00:00,EURGBP,63,0.79794095148614086,0.66628649375164561,success,64,90.8120663436802,89.438591718659367,false,false,41.97604910635367,24.837707410403798,,,
2015-11-30T00:00:00,EURGBP,63,0.772006701147531,0.65057554141183804,success,64,90.812066242297078,89.592389249591633,false,false,40.986259108945795,40.330864053791132,,,
2015-12-01T00:00:00,EURGBP,63,0.61924521952501066,0.49173932250079216,success,64,90.812066251001553,90.325720449557224,false,false,30.979577317549907,9.2117373078257963,,,
2015-12-02T00:00:00,EURGBP,63,0.65350516846685025,0.22178869833586579,success,64,90.812066227201669,90.17758368757606,false,false,13.972687995159545,21.922122252533995,,,
2015-12-03T00:00:00,EURGBP,63,0.77423648066630535,0.29675774789286125,success,64,90.812049228700005,89.579659948009109,false,false,18.695738117250258,0.57132499004075732,,,
2015-12-04T00:00:00,EURGBP,63,0.76189373798124538,0.28051732586906225,success,64,90.812066305154815,89.64897626376036,false,false,17.672591529750921,0.58044902191012127,,,
2015-12-07T00:00:00,EURGBP,63,0.65481825534000881,0.66654037918595188,success,64,90.812066313849911,90.171779663919608,false,false,41.992043888714967,43.548135628405667,,,
2015-12-08T00:00:00,EURGBP,63,0.64635401126376602,0.67701456668537374,success,64,90.81206626368288,90.209015285897735,false,false,42.651917701178547,1.3863447682683734,,,
2015-12-09T00:00:00,EURGBP,63,0.6752742482620625,0.63457983732735668,success,64,90.812066260236051,90.079928343446213,false,false,39.978529751623469,17.5512072331192,,,
2015-12-10T00:00:00,EURGBP,63,0.5963194201206824,0.5548273967128694,success,64,90.812066353933986,90.421913812007645,false,false,34.954125992910775,2.0091461197744662,,,
2015-12-11T00:00:00,EURGBP,63,0.70546066105805827,0.60291865473919415,success,64,90.812066233297045,89.938627796851151,false,false,37.983875248569234,25.760578757529601,,,
2015-12-14T00:00:00,EURGBP,63,0.71254764593929809,0.58703571600516802,success,64,90.812067009027814,89.9042773491243,false,false,36.983250108325585,25.254774797772779,,,
2015-12-15T00:00:00,EURGBP,63,0.64334877683911662,0.47587604557420626,success,64,90.811970137069281,90.222041476978646,false,false,29.980190871174994,19.177230657388993,,,
2015-12-16T00:00:00,EURGBP,63,0.74892445985041378,0.41072974763140713,success,64,90.779638505455324,89.686754232321263,false,false,25.875974100778649,2.5801668941384124,,,
2015-12-17T00:00:00,EURGBP,63,0.59309328054972354,0.3122722111196552,success,64,90.812066227752382,90.435298506978015,false,false,19.673149300538277,1.6426277683440433,,,
2015-12-18T00:00:00,EURGBP,63,0.60933078675821284,0.29643575293987268,success,64,90.809990841295146,90.365490757223327,false,false,18.67545243521198,1.6875826653789598,,,
2015-12-21T00:00:00,EURGBP,63,0.78057295615861866,0.50770545179015192,success,64,90.812066288850446,89.54305788261334,false,false,31.985443462779571,36.114595184417297,,,
2015-12-22T00:00:00,EURGBP,63,0.78935564087743704,0.64545062667619924,success,64,90.812066224473185,89.491020465920968,false,false,40.66338948060055,0.3911022686185362,,,
2015-12-23T00:00:00,EURGBP,63,0.79647886243907362,0.63047889563282478,success,64,90.81206657142279,89.447635850046765,false,false,39.720170424867959,0.37650239846601635,,,
2015-12-24T00:00:00,EURGBP,63,0.69100646413972677,0.46018738137847132,success,64,90.812066244984564,90.007237423632716,false,false,28.991805026843693,47.175038816455952,,,
2015-12-28T00:00:00,EURGBP,63,0.70236720640222083,0.44421382694129347,success,64,90.812066302731466,89.953470439853419,false,false,27.985471097301488,27.793400520641978,,,
2015-12-29T00:00:00,EURGBP,63,0.73893343247932752,0.42838068446536842,success,64,90.812066330491518,89.771633914211804,false,false,26.987983121318212,38.093151255243768,,,
2015-12-30T00:00:00,EURGBP,63,0.77510115734227869,0.41249283400387549,success,64,90.812066231621259,89.57472339810414,false,false,25.987048542244157,39.650996715576746,,,
2015-12-31T00:00:00,EURGBP,63,0.81699698777268037,0.39656723290285406,success,64,90.812066224446667,89.315933429494734,false,false,24.983735672879806,35.372774213354113,,,
2016-01-04T00:00:00,EURGBP,63,0.85470146818888459,0.38066688863175319,success,64,90.812066233409212,89.040104451446538,false,false,23.982013983800449,35.280211114557893,,,
2016-01-05T00:00:00,EURGBP,63,0.87292778442891117,0.3648756954068888,success,64,90.812066207670284,88.884968927806227,false,false,22.987168810633996,52.130329715618387,,,
2016-01-06T00:00:00,EURGBP,63,0.88861998075373583,0.34896013845196555,success,64,90.812066196841954,88.735344471896866,false,false,21.984488722473831,45.269116602472572,,,
2016-01-07T00:00:00,EURGBP,63,0.8772341928414773,0.45475059277754726,success,64,90.80885941209722,88.842363950391714,false,false,28.649287344985478,0.3072570578880357,,,
2016-01-08T00:00:00,EURGBP,63,0.91746088369033429,0.31661229696376436,success,64,90.746031009602248,88.337693382222398,false,false,19.946574708717154,16.159376454258098,,,
2016-01-11T00:00:00,EURGBP,63,0.8935561129814994,0.42096918801192146,success,64,90.773323829607492,88.645732659500354,false,false,26.521058844751053,0.30127440747664602,,,
2016-01-12T00:00:00,EURGBP,63,0.77213441959868789,0.7287993851910054,success,64,90.801164271687568,89.580761513620985,false,false,45.914361267033343,0.52066642050263567,,,
2016-01-13T00:00:00,EURGBP,63,0.86755295215020456,0.38914712934357687,success,64,90.693841731832748,88.81434810861191,false,false,24.516269148645343,0.2965357980611053,,,
2016-01-14T00:00:00,EURGBP,63,0.8722005091056978,0.37115014444019739,success,64,90.784415152543232,88.863858371754645,false,false,23.382459099732436,0.30045055986660274,,,
2016-01-15T00:00:00,EURGBP,63,0.83846977077301155,0.38148155963321034,success,64,90.809798954121391,89.162912728083967,false,false,24.03333825689225,0.29782577625239132,,,
2016-01-18T00:00:00,EURGBP,63,0.76038608195475865,0.22202304064126324,success,64,90.812066304691555,89.657268951052586,false,false,13.987451560399585,45.528568382919104,,,
2016-01-19T00:00:00,EURGBP,63,0.79427474735076209,0.20585209720048944,success,64,90.812066255036584,89.461178377817873,false,false,12.968682123630835,20.496565705206478,,,
2016-01-20T00:00:00,EURGBP,63,0.7416748104282036,0.84261949944137471,success,64,90.812066285134335,89.757374614859884,false,false,53.085028464806605,15.972572961417363,,,
2016-01-21T00:00:00,EURGBP,63,0.70547157804787575,0.82614833814176369,success,64,90.812066431161739,89.938575454544505,false,false,52.047345302931113,14.103566142473293,,,
2016-01-22T00:00:00,EURGBP,63,0.89561235471559708,0.81022635569480339,success,64,90.812066246855053,88.662669895580152,false,false,51.044260408772615,15.23399333223567,,,
2016-01-25T00:00:00,EURGBP,63,0.87190855989515081,0.79521584876479334,success,64,90.81206627974754,88.894126108536383,false,false,50.098598472181983,17.343370334850729,,,
2016-01-26T00:00:00,EURGBP,63,0.85848722149883827,0.77746191439345869,success,64,90.812066635739981,89.009284860631695,false,false,48.9801006067879,13.652853627947474,,,
2016-01-27T00:00:00,EURGBP,63,0.87308634972980548,0.76645233368437216,success,64,90.812066280371042,88.883538754010388,false,false,48.286497022115448,22.473549637331175,,,
2016-01-28T00:00:00,EURGBP,63,0.77257801664072923,0.84592775189942093,success,64,90.812066259217261,89.589140512417615,false,false,53.293448369663516,19.891082148313391,,,
2016-01-29T00:00:00,EURGBP,63,0.71996856221901739,0.83034359767082067,success,64,90.812066260014404,89.867760587198077,false,false,52.311646653261704,24.228300600146213,,,
2016-02-01T00:00:00,EURGBP,63,0.91329651455279282,0.67102179996799671,success,64,90.812067557609637,88.45750104445662,false,false,42.274373397983794,0.7887191736826179,,,
2016-02-02T00:00:00,EURGBP,63,0.89033015826948192,0.65251272578025787,success,64,90.812066259750637,88.717948315095157,false,false,41.108301724156249,0.7756057800188374,,,
2016-02-03T00:00:00,EURGBP,63,0.87335106730150291,0.63458770658863384,success,64,90.812066427369473,88.881147762657022,false,false,39.979025515083933,0.77848506552267749,,,
2016-02-04T00:00:00,EURGBP,63,0.84873794472121378,0.64853827390916607,success,64,90.812066284880515,89.08732960773429,false,false,40.857911256277461,2.670361232739825,,,
2016-02-05T00:00:00,EURGBP,63,0.93323056924517345,0.60781262524592128,success,64,90.81206624819643,88.17465930351365,false,false,38.292195390493042,0.88347146988817415,,,
2016-02-08T00:00:00,EURGBP,63,0.92663001979411941,0.59060342592014192,success,64,90.81206623775121,88.276026730442354,false,false,37.20801583296894,0.8681153014780677,,,
2016-02-09T00:00:00,EURGBP,63,0.7396479020752299,0.718219361278149,success,64,90.812066369044643,89.767927041755854,false,false,45.247819760523385,15.425643907518037,,,
2016-02-10T00:00:00,EURGBP,63,0.75308695259743907,0.69850743302242457,success,64,90.812066424168648,89.696921967980202,false,false,44.005968280412745,84.293951620448652,,,
2016-02-11T00:00:00,EURGBP,63,0.8977691179801186,0.53939297645425155,success,64,90.812066343242549,88.639387219454974,false,false,33.981757516617847,0.86792332689466445,,,
2016-02-12T00:00:00,EURGBP,63,0.91495854392745779,0.52558032011184197,success,64,90.81206629037986,88.436326389408649,false,false,33.111560167046044,0.85171243554561038,,,
2016-02-15T00:00:00,EURGBP,63,0.83875165733418766,0.37011673816164337,success,64,90.812066247302752,89.163097260643099,false,false,23.31735450418353,0.44922145958162368,,,
2016-02-16T00:00:00,EURGBP,63,0.84883382895998372,0.35622686676479787,success,64,90.812066318687883,89.086582579344764,false,false,22.442292606182267,0.45656235904386877,,,
2016-02-17T00:00:00,EURGBP,63,0.84424276405149801,0.33906630923281689,success,64,90.812081110943481,89.121939637901235,false,false,21.361177481667465,0.48736759339264019,,,
2016-02-18T00:00:00,EURGBP,63,0.82964445540930576,0.32161648624056888,success,64,90.812066408714927,89.228956858481979,false,false,20.26183863315584,0.46071076938894079,,,
2016-02-19T00:00:00,EURGBP,63,0.80980561740698975,0.30237697713850803,success,64,90.812066256865506,89.363318631972206,false,false,19.049749559726006,0.44589944323581621,,,
2016-02-22T00:00:00,EURGBP,63,0.82754046124810254,0.44485318991311357,success,64,90.812067221681019,89.24377187085544,false,false,28.025750964526154,23.598085475033891,,,
2016-02-23T00:00:00,EURGBP,63,0.80507324294170068,0.42900561255711633,success,64,90.812066397901091,89.393757022778018,false,false,27.027353591098329,21.094166785283054,,,
2016-02-24T00:00:00,EURGBP,63,0.62912871937992143,0.54405825762885651,success,64,90.812066428606471,90.283585601437636,false,false,34.275670230617962,17.652178342365918,,,
2016-02-25T00:00:00,EURGBP,63,0.62077329216963006,0.52787943465859877,success,64,90.812066353026736,90.319234606659919,false,false,33.25640438349172,14.349314770710951,,,
2016-02-26T00:00:00,EURGBP,63,0.79914212387253036,0.35703206345835964,success,64,90.812066284581931,89.431125051461166,false,false,22.493019997876658,0.79823498397328574,,,
2016-02-29T00:00:00,EURGBP,63,0.79894487314980878,0.34095333543374262,success,64,90.812066421022976,89.432353605835345,false,false,21.480060132325786,0.75606288188692694,,,
2016-03-01T00:00:00,EURGBP,63,0.51726438421207377,0.55877123228067627,success,64,90.812066232598482,90.742981231811058,false,false,35.202587633682604,11.000664247512798,,,
2016-03-02T00:00:00,EURGBP,63,0.55909504589821613,0.5158029151118475,success,64,90.812055693226824,90.574565534724044,false,false,32.495583652046392,26.930788873756953,,,
2016-03-03T00:00:00,EURGBP,63,0.51828639142713817,0.52381393558076117,success,64,90.812066365512337,90.73888816120575,false,false,33.000277941587953,149.46149803339401,,,
2016-03-04T00:00:00,EURGBP,63,0.94480969606513432,0.29408133336068465,success,64,90.812066421486037,87.971870178597499,false,false,18.527124001723134,1.1052942569290543,,,
2016-03-07T00:00:00,EURGBP,63,0.54368583327464004,0.49693068539577362,success,64,90.812066327221558,90.636876293958863,false,false,31.306633179933737,21.958393937968324,,,
2016-03-08T00:00:00,EURGBP,63,0.5107660106730828,0.6767972724563317,success,64,90.812066271579098,90.768995571803643,false,false,42.638228164748895,18.92717251364892,,,
2016-03-09T00:00:00,EURGBP,63,0.57117606485087846,0.75176807120543987,success,64,90.812066335645028,90.525415255879864,false,false,47.361388485942712,60.353807608432767,,,
2016-03-10T00:00:00,EURGBP,63,0.59005181040060439,0.61897657035309273,success,64,90.81206634082308,90.447886778423097,false,false,38.995523932244843,15.69062524805897,,,
2016-03-11T00:00:00,EURGBP,63,0.57312194741771127,0.5714984482395139,success,64,90.812066224171559,90.51746608867937,false,false,36.004402239089373,15.376727587698142,,,
2016-03-14T00:00:00,EURGBP,63,0.55354327590559083,0.53965809549332056,success,64,90.812066541601538,90.597069079689589,false,false,33.998460016079193,28.837217179682746,,,
2016-03-15T00:00:00,EURGBP,63,0.57339764199180143,0.53973225895355359,success,64,90.812066272013908,90.516339164367267,false,false,34.003132314073873,16.865442377416148,,,
2016-03-16T00:00:00,EURGBP,63,0.57048041127421967,0.51803323055479922,success,64,90.812066371330147,90.528254887277058,false,false,32.636093524952351,2.3809596562255733,,,
2016-03-17T00:00:00,EURGBP,63,0.55867807514479573,0.49197641605372755,success,64,90.812066339107261,90.576267523507028,false,false,30.994514211384836,13.744682157455637,,,
2016-03-18T00:00:00,EURGBP,63,0.56368043599344886,0.47607430209804641,success,64,90.812066221336394,90.555953653112084,false,false,29.992681032176925,14.68045803327314,,,
2016-03-21T00:00:00,EURGBP,63,0.57525578040167813,0.46024305261436127,success,64,90.812066330134357,90.508738704274847,false,false,28.995312314704758,32.228529708493603,,,
2016-03-22T00:00:00,EURGBP,63,0.57664785124844464,0.44434104175330591,success,64,90.812066284111935,90.503038849380047,false,false,27.993485630458274,23.327103051867795,,,
2016-03-23T00:00:00,EURGBP,63,0.58116637579872776,0.42839368532401856,success,64,90.812066348427052,90.484503034256392,false,false,26.98880217541317,15.414671064752183,,,
2016-03-24T00:00:00,EURGBP,63,0.5795186894591603,0.41251750797937931,success,64,90.81206632731768,90.491268446674525,false,false,25.988603002700895,14.505090640506911,,,
2016-03-25T00:00:00,EURGBP,63,0.60105253538481218,0.39659254165205365,success,64,90.812066255570471,90.402213652159517,false,false,24.985330124079379,15.376145717075588,,,
2016-03-28T00:00:00,EURGBP,63,0.60920878427905811,0.38067148634773768,success,64,90.812066771758239,90.368079173704686,false,false,23.982303639907474,14.305333515101825,,,
2016-03-29T00:00:00,EURGBP,63,0.63979844978179423,0.53950619131858757,success,64,90.812066235186776,90.237576767150713,false,false,33.988890053071017,23.872840216362857,,,
2016-03-30T00:00:00,EURGBP,63,0.6405330386264404,0.6173591242782358,success,64,90.812066210800367,90.23438777957341,false,false,38.893624829528854,1.8275883064282268,,,
2016-03-31T00:00:00,EURGBP,63,0.690075485311335,0.60114711843719859,success,64,90.812066335841024,90.011594112055121,false,false,37.872268461543513,1.7395818212523038,,,
2016-04-01T00:00:00,EURGBP,63,0.6660406824020354,0.49197312350460587,success,64,90.812066278003385,90.12173470659998,false,false,30.994306780790168,56.179418007927154,,,
2016-04-04T00:00:00,EURGBP,63,0.69247786728186178,0.25344210075230206,success,64,90.812066219684269,90.000337003712886,false,false,15.966852347395031,14.155016194904402,,,
2016-04-05T00:00:00,EURGBP,63,0.71441136381308379,0.23760597019540433,success,64,90.812066599606197,89.895160103789507,false,false,14.969176122310472,14.717377142037817,,,
2016-04-06T00:00:00,EURGBP,63,0.58313530317481144,0.52399154040588003,success,64,90.812066277029771,90.47640873779109,false,false,33.011467045570441,9.8853237855642071,,,
2016-04-07T00:00:00,EURGBP,63,0.77677227597525811,0.82518117586129858,success,64,90.812066234464893,89.565111442540754,false,false,51.986414079261813,52.136415911317791,,,
2016-04-08T00:00:00,EURGBP,63,0.68605394034335165,0.58704126998898354,success,64,90.812066375245223,90.030331306991044,false,false,36.98360000930596,20.916912567639955,,,
2016-04-11T00:00:00,EURGBP,63,0.63931198809551582,0.17249109219247286,success,64,90.812066358257624,90.239687130468326,false,false,10.86693880812579,14.297217375763273,,,
2016-04-12T00:00:00,EURGBP,63,0.67501940664468973,0.158440512461826,success,64,90.812066249387968,90.081090276137971,false,false,9.9817522850950375,82.211701183985411,,,
2016-04-13T00:00:00,EURGBP,63,0.73111474199740112,0.45993842718860145,success,64,90.789301121944291,89.789015447142859,false,false,28.976120912881893,17.18795515955626,,,
2016-04-14T00:00:00,EURGBP,63,0.64879477149261566,0.52370084863856703,success,64,90.794607805199675,90.180862110365766,false,false,32.993153464229721,37.489333663912348,,,
2016-04-15T00:00:00,EURGBP,63,0.86831884036376894,0.73044827958440239,success,64,90.79255266047727,88.906377229019128,false,false,46.018241613817352,13.617132325630273,,,
2016-04-18T00:00:00,EURGBP,63,0.9113218061056132,0.84334012261889868,success,64,90.751711573777371,88.421829511982992,false,false,53.130427724990618,16.831386036162069,,,
2016-04-19T00:00:00,EURGBP,63,0.91711890240107063,0.69892500913450162,success,64,90.761020451013479,88.357190344257035,false,false,44.032275575473605,12.88761430514867,,,
2016-04-20T00:00:00,EURGBP,63,0.73589642014421253,0.46004343813136134,success,64,90.792346267071565,89.767598265882867,false,false,28.982736602275764,23.104010404510554,,,
2016-04-21T00:00:00,EURGBP,63,0.7264018097879027,0.3651906790339588,success,64,90.728409005824858,89.751966258097426,false,false,23.007012779139405,2.0340583276115765,,,
2016-04-22T00:00:00,EURGBP,63,0.75705143709512557,0.25369695656281982,success,64,90.665277380268805,89.528695926178841,false,false,15.982908263457649,18.152473265593635,,,
2016-04-25T00:00:00,EURGBP,63,0.69712433641999272,0.43164331822525231,success,64,90.53083015744653,89.697188744689385,false,false,27.193529048190896,1.0636022922824178,,,
2016-04-26T00:00:00,EURGBP,63,0.59053357215250601,0.31705992625347107,success,64,90.327444438752394,89.961272867612763,false,false,19.974775353968678,14.605836140637141,,,
2016-04-27T00:00:00,EURGBP,63,0.78841082962200848,0.56354167300617286,success,64,90.44666830125,89.131295508849618,false,false,35.503125399388892,26.632883208794716,,,
2016-04-28T00:00:00,EURGBP,63,0.81550134528800999,0.58776909551532264,success,64,90.521524577479028,89.035363677691308,false,false,37.029453017465329,14.116464437487107,,,
2016-04-29T00:00:00,EURGBP,63,0.75601802355833125,0.57205045696504897,success,64,90.447312519099057,89.316341658040642,false,false,36.039178788798083,13.376974996112638,,,
2016-05-02T00:00:00,EURGBP,63,0.79759769953134041,0.55613842088867149,success,64,90.448751589562548,89.077404558458213,false,false,35.036720515986303,12.400086098538555,,,
2016-05-03T00:00:00,EURGBP,63,0.84241158339867994,0.54030752102997237,success,64,90.458771233123755,88.782489197925287,false,false,34.039373824888258,12.091160184063769,,,
2016-05-04T00:00:00,EURGBP,63,0.84267834781616968,0.52451867271153363,success,64,90.492421423909917,88.814128544850618,false,false,33.044676380826616,12.710920069651117,,,
2016-05-05T00:00:00,EURGBP,63,0.71278130769834247,0.68381722465366201,success,64,90.541834740378675,89.632904008005639,false,false,43.08048515318071,13.055288829329696,,,
2016-05-06T00:00:00,EURGBP,63,0.72143877068129203,0.66800451409137873,success,64,90.70065401696138,89.749044395399338,false,false,42.08428438775686,13.257342193513299,,,
2016-05-09T00:00:00,EURGBP,63,0.73906033361776424,0.65204106071069379,success,64,90.64498433363282,89.603893991087801,false,false,41.078586824773708,12.74037349716766,,,
2016-05-10T00:00:00,EURGBP,63,0.7876233365998595,0.48214600056804208,success,64,90.562263808396494,89.251605244389495,false,false,30.375198035786649,0.8655107751930502,,,
2016-05-11T00:00:00,EURGBP,63,0.79441174675015247,0.46598658732545739,success,64,90.424088705430648,89.072362203812702,false,false,29.357155001503816,0.83524326709221752,,,
2016-05-12T00:00:00,EURGBP,63,0.79187505426459692,0.42903857175751597,success,64,90.587633263314004,89.25136824371576,false,false,27.029430020723506,13.582003900200792,,,
2016-05-13T00:00:00,EURGBP,63,0.82190890959705776,0.413208784963634,success,64,90.476520334479304,88.947185924371595,false,false,26.032153452708943,11.212827870192205,,,
2016-05-16T00:00:00,EURGBP,63,0.82048138408520133,0.39752842410459932,success,64,90.408633379867609,88.889021070478108,false,false,25.044290718589757,11.104294350518796,,,
2016-05-17T00:00:00,EURGBP,63,0.80644172161426098,0.5566253258146564,success,64,90.393312104370153,88.966259117690711,false,false,35.067395526323352,12.920992109808903,,,
2016-05-18T00:00:00,EURGBP,63,0.93660915577353154,0.99999998412698421,success,64,90.070484095792864,87.377537461731166,false,false,62.999999000000003,8.7218267709979198,,,
2016-05-19T00:00:00,EURGBP,63,0.660439480318603,0.52580092692468294,success,64,89.830762332269629,89.165509031901664,false,false,33.125458396255027,14.066529975986988,,,
2016-05-20T00:00:00,EURGBP,63,0.74300239357756004,0.59697136690864494,success,64,90.348647049412122,89.28701455451592,false,false,37.609196115244629,0.39138818326075486,,,
2016-05-23T00:00:00,EURGBP,63,0.72429487840988727,0.58645163187663685,success,64,90.437038267505486,89.471171561953852,false,false,36.946452808228123,0.46591563053206198,,,
2016-05-24T00:00:00,EURGBP,63,0.97043956669964337,0.99996544226792528,success,64,90.633147823789884,87.141835447699805,false,false,62.997822862879289,0.28079700714352879,,,
2016-05-25T00:00:00,EURGBP,63,0.97517160104126444,0.90588943701926949,success,64,90.569316421022435,86.898691081768774,false,false,57.071034532213979,8.7137940694719127,,,
2016-05-26T00:00:00,EURGBP,63,0.9729232170316614,0.88949716071996199,success,64,90.613359106370325,87.031730584593092,false,false,56.038321125357605,14.034592981272803,,,
2016-05-27T00:00:00,EURGBP,63,0.96471772894154484,0.873433687820933,success,64,90.695610994894892,87.387156046685803,false,false,55.026322332718777,15.593983021624657,,,
2016-05-30T00:00:00,EURGBP,63,0.82368555285225209,0.57782793003681587,success,64,90.740594041337062,89.199074227307463,false,false,36.403159592319398,0.11345801476825515,,,
2016-05-31T00:00:00,EURGBP,63,0.97688338803862396,0.84157400502458479,success,64,90.709025879871604,86.965210083731847,false,false,53.019162316548844,15.772427455119262,,,
2016-06-01T00:00:00,EURGBP,63,0.98482883669975441,0.8257394228769398,success,64,90.487365565141118,86.314294183598491,false,false,52.021583641247204,15.397068759887258,,,
2016-06-02T00:00:00,EURGBP,63,0.97105134771828705,0.80241781672799806,success,64,90.591379265596728,87.078523567054958,false,false,50.55232245386388,2.2790980333369877,,,
2016-06-03T00:00:00,EURGBP,63,0.98169224249546028,0.78616682543189054,success,64,90.70087879950907,86.718925816330966,false,false,49.528510002209103,2.2958314242323943,,,
2016-06-06T00:00:00,EURGBP,63,0.97327589712198015,0.76903074264028359,success,64,90.614666094744848,87.019564387402781,false,false,48.448936786337867,2.2461660980294842,,,
2016-06-07T00:00:00,EURGBP,63,0.96727146436698752,0.75272675333152039,success,64,90.622744676624535,87.236512838857507,false,false,47.421785459885783,2.2153408323192667,,,
2016-06-08T00:00:00,EURGBP,63,0.97940876436137814,0.73739277881094156,success,64,90.405372519271722,86.543288962167139,false,false,46.455745065089317,2.3715571573170666,,,
2016-06-09T00:00:00,EURGBP,63,0.98485632613880214,0.72121207014700661,success,64,90.463033451935814,86.288120561023007,false,false,45.436360419261419,2.5065422714875329,,,
2016-06-10T00:00:00,EURGBP,63,0.96609501500500838,0.42932432961782785,success,64,90.596851398347141,87.247151263328504,false,false,27.047432765923155,16.346683443039968,,,
2016-06-13T00:00:00,EURGBP,63,0.9740956937351819,0.41360832403027759,success,64,90.610360335365002,86.983260008296313,false,false,26.057324413907487,15.237325763844186,,,
2016-06-14T00:00:00,EURGBP,63,0.98210772947419356,0.67265358378666329,success,64,90.558850582684087,86.553518381585164,false,false,42.377175778559788,2.6050015719089608,,,
2016-06-15T00:00:00,EURGBP,63,0.97746722039553757,0.65621019930745472,success,64,90.639417335951606,86.869423699088983,false,false,41.34124255636965,2.664780272708779,,,
2016-06-16T00:00:00,EURGBP,63,0.98395577429271797,0.65808247316095958,success,64,90.502111297950648,86.385879362559848,false,false,41.459195809140454,30.070518338571656,,,
2016-06-17T00:00:00,EURGBP,63,0.98189572194795438,0.63539800543811098,success,64,90.613371093051242,86.620034246608242,false,false,40.03007434260099,15.752380644066941,,,
2016-06-20T00:00:00,EURGBP,63,0.95946764131968232,0.98417833547510081,success,64,90.243355259187069,87.079077303690525,false,false,62.003235134931352,100.59271863266832,,,
2016-06-21T00:00:00,EURGBP,63,0.99569597008221933,0.60379318914812274,success,64,90.114075936767932,84.670185750695879,false,false,38.038970916331735,14.788692661154924,,,
2016-06-22T00:00:00,EURGBP,63,0.99324820609469044,0.58785090785008631,success,64,90.196287873487051,85.205115518215521,false,false,37.034607194555434,14.763179587798673,,,
2016-06-23T00:00:00,EURGBP,63,0.98877897132930859,0.57193485505535324,success,64,90.127217842183029,85.648536600337096,false,false,36.031895868487254,16.103490513772517,,,
2016-06-24T00:00:00,EURGBP,63,0.99999999997861777,0.99999985562169724,success,64,90.811345157400908,66.242888673705224,false,false,62.999990904166928,0.56422312236329186,,,
2016-06-27T00:00:00,EURGBP,63,0.99999995958820664,0.54114165035288497,success,64,88.643486786693316,71.619342648970303,false,false,34.091923972231754,13.296649192999903,,,
2016-06-28T00:00:00,EURGBP,63,0.99999981220648149,0.52489930703874854,success,64,89.079132553035976,73.591209957929749,false,false,33.068656343441155,11.450010283891759,,,
2016-06-29T00:00:00,EURGBP,63,0.99999963138677739,0.50884878480078755,success,64,89.118518670836764,74.305001119529919,false,false,32.057473442449613,13.055995997897211,,,
2016-06-30T00:00:00,EURGBP,63,0.99999980724931936,0.49300477158205552,success,64,89.017983964740779,73.556115864928131,false,false,31.059300609669499,13.230308009418053,,,
2016-07-01T00:00:00,EURGBP,63,0.99999994911787782,0.99999998412698421,success,64,88.888404626345661,72.094650467663385,false,false,62.999999000000003,0.065868348676780569,,,
2016-07-04T00:00:00,EURGBP,63,0.99999999448359911,0.83673957500144658,success,64,88.929896480357328,69.914356270006621,false,false,52.714593225091136,1.0127278193852252,,,
2016-07-05T00:00:00,EURGBP,63,0.99999859826670123,0.44518425785217336,success,64,89.024434047869818,75.546634433029325,false,false,28.046608244686922,14.915665615468674,,,
2016-07-06T00:00:00,EURGBP,63,0.99999604719508361,0.42947346176470813,success,64,88.809896308694292,76.368815135849303,false,false,27.056828091176612,11.737544736664168,,,
2016-07-07T00:00:00,EURGBP,63,0.99999991300099866,0.78354900166889496,success,64,88.927664032479711,72.670294921370413,false,false,49.363587105140383,1.1037028703168592,,,
2016-07-08T00:00:00,EURGBP,63,0.99999984798546615,0.76637538603655353,success,64,88.933727786775506,73.234438234829511,false,false,48.281649320302876,1.1355689232285215,,,
2016-07-11T00:00:00,EURGBP,63,0.99999964017444842,0.74870299634034387,success,64,88.99240253170845,74.154756389582872,false,false,47.168288769441666,1.1588858697093438,,,
2016-07-12T00:00:00,EURGBP,63,0.99999980513875553,0.73378740679313925,success,64,89.023188972688914,73.57221106883587,false,false,46.228606627967771,1.1669233406445401,,,
2016-07-13T00:00:00,EURGBP,63,0.99985725181474516,0.41501204554636245,success,64,89.486139118604072,80.631853454719732,false,false,26.145758869420835,15.375372040369603,,,
2016-07-14T00:00:00,EURGBP,63,0.99999949377041131,0.7002491853505588,success,64,89.793867432693659,75.297592400813215,false,false,44.115698677085206,1.1742463757110111,,,
2016-07-15T00:00:00,EURGBP,63,0.99999876362440132,0.68320790722948521,success,64,89.858514128452597,76.255189002156769,false,false,43.042098155457566,1.1943120698658032,,,
2016-07-18T00:00:00,EURGBP,63,0.99999729270874615,0.66610198547492594,success,64,89.870169748224953,77.050610495234039,false,false,41.964425084920336,1.2101863541351034,,,
2016-07-19T00:00:00,EURGBP,63,0.99999333662598999,0.64900173128837013,success,64,89.872811427768625,77.953933497588707,false,false,40.887109071167316,1.2120491009508916,,,
2016-07-20T00:00:00,EURGBP,63,0.99998832391722403,0.63272187399590873,success,64,89.944083452021346,78.586127112592663,false,false,39.861478061742247,1.221280800806966,,,
2016-07-21T00:00:00,EURGBP,63,0.99999268479387349,0.6160094833416514,success,64,89.914716478119885,78.089168448057734,false,false,38.80859745052404,1.2795308950858792,,,
2016-07-22T00:00:00,EURGBP,63,0.99998268423628334,0.59907536679775808,success,64,89.92280088999091,78.958924932051758,false,false,37.741748108258761,1.2743098155927832,,,
2016-07-25T00:00:00,EURGBP,63,0.99996585393187898,0.58234296251546691,success,64,89.896705056924802,79.611876089447478,false,false,36.687606638474414,1.2812450944272564,,,
2016-07-26T00:00:00,EURGBP,63,0.99993253781497282,0.56591340357231568,success,64,89.870160184705412,80.266284310279161,false,false,35.652544425055886,1.2870934204895044,,,
2016-07-27T00:00:00,EURGBP,63,0.99986059908043734,0.54924724175291784,success,64,89.825160333560248,80.947143281113426,false,false,34.602576230433826,1.282584378577875,,,
2016-07-28T00:00:00,EURGBP,63,0.99980986498431101,0.53289500666971434,success,64,89.849902707154328,81.282316730970038,false,false,33.572385420192006,1.296432687057838,,,
2016-07-29T00:00:00,EURGBP,63,0.99961823500359537,0.51595697913715732,success,64,89.840641198871523,81.970317705434567,false,false,32.505289685640911,1.2727925469830619,,,
2016-08-01T00:00:00,EURGBP,63,0.99937969012589267,0.49943003308399186,success,64,89.8428156772829,82.458144771793982,false,false,31.464092084291487,1.2691096545127576,,,
2016-08-02T00:00:00,EURGBP,63,0.99903523692597018,0.48342170689973524,success,64,89.857912286729473,82.915249509576952,false,false,30.455567534683318,1.26020265147221,,,
2016-08-03T00:00:00,EURGBP,63,0.99862581078428003,0.46698752103536956,success,64,89.762009838058262,83.173493589261057,false,false,29.420213825228281,1.2598463882125901,,,
2016-08-04T00:00:00,EURGBP,63,0.99793137601120618,0.45002956031306668,success,64,89.87382775804889,83.695026892140177,false,false,28.351862299723201,1.2165738071046903,,,
2016-08-05T00:00:00,EURGBP,63,0.99626775328300365,0.43280795664213173,success,64,89.943761344255023,84.35675568352093,false,false,27.266901268454298,1.1865413037300574,,,
2016-08-08T00:00:00,EURGBP,63,0.99371220817777439,0.41550489593407902,success,64,89.921471017956719,84.858633329644391,false,false,26.17680844384698,1.1566634750064702,,,
2016-08-09T00:00:00,EURGBP,63,0.99828447644907858,0.7569071762139109,success,64,89.885282315995639,83.518962345295449,false,false,47.68515210147639,0.41593187508074592,,,
2016-08-10T00:00:00,EURGBP,63,0.99912775860956859,0.74054041895787337,success,64,89.875947215822563,82.832375489362136,false,false,46.654046394346025,0.41892797398509485,,,
2016-08-11T00:00:00,EURGBP,63,0.99987786918890265,0.69636431187185321,success,64,89.883463350808171,80.873167623536474,false,false,43.870951647926752,14.884091857398195,,,
2016-08-12T00:00:00,EURGBP,63,0.99993988490856789,0.68043515111470732,success,64,89.906881226674216,80.187691700989774,false,false,42.867414520226561,14.698371465144271,,,
2016-08-15T00:00:00,EURGBP,63,0.99997159307509675,0.66449740101442822,success,64,90.024089805669064,79.555240605099428,false,false,41.863336263908977,14.430608301379493,,,
2016-08-16T00:00:00,EURGBP,63,0.99985885346831371,0.45046600814162541,success,64,90.134401486297406,81.268830667394752,false,false,28.379358512922401,2.8556178368233485,,,
2016-08-17T00:00:00,EURGBP,63,0.9999496805039958,0.42060054263020352,success,64,90.109627388952489,80.212559748279617,false,false,26.497834185702821,31.648742006267035,,,
2016-08-18T00:00:00,EURGBP,63,0.99997174957644519,0.40477225765060237,success,64,90.13559609098067,79.66122223441387,false,false,25.500652231987949,30.995558784347214,,,
2016-08-19T00:00:00,EURGBP,63,0.9999871977404754,0.38863572575994149,success,64,90.071000786423753,78.805124711508967,false,false,24.484050722876315,28.677248045715526,,,
2016-08-22T00:00:00,EURGBP,63,0.99998011214133176,0.37261223243355529,success,64,90.202840801067978,79.377459559521895,false,false,23.474570643313982,26.744552033479561,,,
2016-08-23T00:00:00,EURGBP,63,0.99998500041237726,0.35670084140182345,success,64,90.108274291153464,79.000801441797634,false,false,22.472153008314876,31.474990857004943,,,
2016-08-24T00:00:00,EURGBP,63,0.99999020476875078,0.34108943147219484,success,64,90.000249491549809,78.46664438887818,false,false,21.488634182748275,29.770189300113703,,,
2016-08-25T00:00:00,EURGBP,63,0.99999720325060937,0.53743195861603921,success,64,90.052092304159942,77.265042353787578,false,false,33.85821339281047,13.60254204542739,,,
2016-08-26T00:00:00,EURGBP,63,0.99999841598851735,0.52152990709710012,success,64,90.0726306859641,76.717082254476026,false,false,32.856384147117311,13.665702602038776,,,
2016-08-29T00:00:00,EURGBP,63,0.99999942909806516,0.5055562978616055,success,64,90.169747230651694,75.793699416643207,false,false,31.850046765281146,13.570614611577207,,,
2016-08-30T00:00:00,EURGBP,63,0.99999975041849487,0.48939727619261864,success,64,90.095252078633777,74.891772027357362,false,false,30.832028400134973,12.545168762971915,,,
2016-08-31T00:00:00,EURGBP,63,0.99999985946310943,0.47349647235827452,success,64,89.96985528563944,74.192059609435802,false,false,29.830277758571295,12.594113745675196,,,
2016-09-01T00:00:00,EURGBP,63,0.99999988132778206,0.45494867326050709,success,64,89.973843870009802,74.026943374022295,false,false,28.661766415411947,6.41230732417986,,,
2016-09-02T00:00:00,EURGBP,63,0.99999991624742279,0.43795550704461589,success,64,89.855136912671327,73.55973810259654,false,false,27.5911969438108,5.3939793285103441,,,
2016-09-05T00:00:00,EURGBP,63,0.99999995676781606,0.42200597071271156,success,64,89.742727228074941,72.786046650975351,false,false,26.58637615490083,5.40902308622859,,,
2016-09-06T00:00:00,EURGBP,63,0.99999998553577796,0.40542434231328944,success,64,89.672652551580057,71.621064879419549,false,false,25.541733565737236,5.071572163705377,,,
2016-09-07T00:00:00,EURGBP,63,0.99999999108714899,0.38951059046607805,success,64,89.60703886639935,71.071267212269788,false,false,24.539167199362918,5.0518088282699578,,,
2016-09-08T00:00:00,EURGBP,63,0.99999999583550836,0.37304318894110716,success,64,89.582545928372426,70.285874306409553,false,false,23.501720903289751,4.7634500519861103,,,
2016-09-09T00:00:00,EURGBP,63,0.99999999850957999,0.35645020370465769,success,64,89.616225594171581,69.292017738833067,false,false,22.456362833393435,4.4796706237405122,,,
2016-09-12T00:00:00,EURGBP,63,0.99999999941863571,0.33992521783434626,success,64,89.582835017722161,68.317191573471206,false,false,21.415288723563815,4.2812433272293235,,,
2016-09-13T00:00:00,EURGBP,63,0.99999999942829665,0.323844670333096,success,64,89.671083330372781,68.388682279324627,false,false,20.402214230985049,4.1066492519912146,,,
2016-09-14T00:00:00,EURGBP,63,0.99999999981588505,0.30750256437633122,success,64,89.749406454862154,67.333945041606313,false,false,19.372661555708866,3.9876857684050475,,,
2016-09-15T00:00:00,EURGBP,63,0.99999999992574184,0.29118794673269272,success,64,89.977189711686393,66.653715922857828,false,false,18.344840644159643,3.8287119476034204,,,
2016-09-16T00:00:00,EURGBP,63,0.99999999955035479,0.2759725621038811,success,64,90.109770703667238,68.587208660556428,false,false,17.386271412544509,3.8277118311693377,,,
2016-09-19T00:00:00,EURGBP,63,0.99999999994847966,4.3725111730385481e-05,success,64,90.147149114522961,66.458103750704865,false,false,0.0027546820390142853,0.13186852809113697,,,
2016-09-20T00:00:00,EURGBP,63,0.99999999999006439,2.6608820819576105e-07,success,64,90.15225411256894,64.817353246701472,false,false,1.6763557116332947e-05,0.14154230063376172,,,
2016-09-21T00:00:00,EURGBP,63,0.9999999591466967,0.46742602065188904,success,64,87.848118403035741,70.834840290510257,false,false,29.44783930106901,25.7099083611865,,,
2016-09-22T00:00:00,EURGBP,63,0.99930462208776116,0.46024035020729465,success,64,90.812066226244269,83.541706744478248,false,false,28.995142063059564,278.65289589999412,,,
2016-09-23T00:00:00,EURGBP,63,0.97271260041989682,0.44435548352299747,success,64,90.812066277273175,87.238402655215566,false,false,27.994395461948841,162.78013222486402,,,
2016-09-26T00:00:00,EURGBP,63,0.97849325639429152,0.42844495758488849,success,64,90.812066256513646,86.99441890351352,false,false,26.992032327847976,119.08840064803201,,,
2016-09-27T00:00:00,EURGBP,63,0.97661290844381232,0.4126185347963946,success,64,90.812066277810331,87.080160135785988,false,false,25.99496769217286,185.7336138373517,,,
2016-09-28T00:00:00,EURGBP,63,0.9817469235613564,0.39674347491188949,success,64,90.812066321650306,86.827066399626759,false,false,24.994838919449037,188.01721144607404,,,
2016-09-29T00:00:00,EURGBP,63,0.99584901314822172,0.13741183453272407,success,64,90.812066379255839,85.331816827970272,false,false,8.6569455755616165,17.957708781327202,,,
2016-09-30T00:00:00,EURGBP,63,0.99821292719756005,0.12684583713683328,success,64,90.81206644059084,84.48667880851167,false,false,7.9912877396204962,178.3550690377057,,,
2016-10-03T00:00:00,EURGBP,63,0.99222662806008799,0.10590222125998502,success,64,90.812066281879822,85.962818784324099,false,false,6.6718399393790566,20.072776511365049,,,
2016-10-04T00:00:00,EURGBP,63,0.98825296362200865,0.090120977795327531,success,64,90.812066346322396,86.379728630918379,false,false,5.6776216011056349,22.344591095043874,,,
2016-10-05T00:00:00,EURGBP,63,0.9942078445300927,0.074007914016772758,success,64,90.812066265270445,85.666624478250526,false,false,4.6624985830566841,23.031595063829862,,,
2016-10-06T00:00:00,EURGBP,63,0.9724348931718988,0.30139631423403301,success,64,90.812067343853258,87.248814946029086,false,false,18.98796779674408,78.354163987250061,,,
2016-10-07T00:00:00,EURGBP,63,0.99462349692253826,0.035040034874250593,success,64,90.812067112514825,85.591741019257981,false,false,2.2075221970777874,7.1543753822659415,,,
2016-10-10T00:00:00,EURGBP,63,0.60964037491202283,0.52823237472666207,success,64,90.812066317226169,90.366265513082368,false,false,33.278639607779709,1.3029911375105483,,,
2016-10-11T00:00:00,EURGBP,63,0.96522308365078513,0.95263039517097436,success,64,90.795757630320963,87.472352224316865,false,false,60.015714895771382,50.41423390645852,,,
2016-10-12T00:00:00,EURGBP,63,0.71998383352354989,0.39707894725058673,success,64,90.812066367327432,89.86768494792733,false,false,25.015973676786963,28.003993490106769,,,
2016-10-13T00:00:00,EURGBP,63,0.67614778279297327,0.38130755024440022,success,64,90.81206647292889,90.075942099186008,false,false,24.022375665397213,16.99794088684725,,,
2016-10-14T00:00:00,EURGBP,63,0.639461928952064,0.36542283409617055,success,64,90.812066328933767,90.239036799593848,false,false,23.021638548058743,14.726713499331119,,,
2016-10-17T00:00:00,EURGBP,63,0.94875671729830469,0.83189778186736762,success,64,90.812066381984138,87.893498513336027,false,false,52.409560257644159,1.1536313702535879,,,
2016-10-18T00:00:00,EURGBP,63,0.97942971705907145,0.83552002830353922,success,64,90.812066221997611,86.948943199681636,false,false,52.637761783122968,1.0511288766774358,,,
2016-10-19T00:00:00,EURGBP,63,0.97138104052076613,0.80051359749715334,success,64,90.812066252259427,87.287416857269776,false,false,50.432356642320663,1.1995999150711099,,,
2016-10-20T00:00:00,EURGBP,63,0.95061833281815222,0.79023382130875841,success,64,90.812066226552119,87.854532822671629,false,false,49.784730742451778,5.8691009459775625,,,
2016-10-21T00:00:00,EURGBP,63,0.93621293998175914,0.77373342987668536,success,64,90.812066319668943,88.125773717834107,false,false,48.745206082231178,5.9518240673500955,,,
2016-10-24T00:00:00,EURGBP,63,0.92163312447240053,0.74872419206200347,success,64,90.812066235268318,88.347320335669764,false,false,47.169624099906216,1.4409012238113972,,,
2016-10-25T00:00:00,EURGBP,63,0.64505734725987385,0.35747335499238259,success,64,90.812066278603751,90.214683290128917,false,false,22.520821364520103,1.1629636123341709,,,
2016-10-26T00:00:00,EURGBP,63,0.88329826017917235,0.71473723900971264,success,64,90.812066340339925,88.788024863945353,false,false,45.028446057611895,24.354862610552232,,,
2016-10-27T00:00:00,EURGBP,63,0.86439062244471798,0.6985300566250866,success,64,90.812066236952262,88.959819990135344,false,false,44.007393567380454,87.853618676350635,,,
2016-10-28T00:00:00,EURGBP,63,0.82703375209418206,0.68263534510972934,success,64,90.812066311537237,89.247317281310131,false,false,43.006026741912947,96.266447342624076,,,
2016-10-31T00:00:00,EURGBP,63,0.83059091936245433,0.66679256911554463,success,64,90.812066702276752,89.222245689253256,false,false,42.007931854279313,73.167772294521797,,,
2016-11-01T00:00:00,EURGBP,63,0.82218462655664426,0.65092175358684756,success,64,90.812066251978734,89.280847059778935,false,false,41.008070475971394,69.699112945689777,,,
2016-11-02T00:00:00,EURGBP,63,0.91121071459199987,0.63505842693910841,success,64,90.812066338194356,88.483558150257991,false,false,40.008680897163828,83.00765888680192,,,
2016-11-03T00:00:00,EURGBP,63,0.93215358920299196,0.5155199207668637,success,64,90.812066248908678,88.191815138313729,false,false,32.477755008312414,1.1605639882153755,,,
2016-11-04T00:00:00,EURGBP,63,0.89838337146499636,0.60946919706537173,success,64,90.50232439170486,88.322934685942471,false,false,38.396559415118418,15.981373198235429,,,
2016-11-07T00:00:00,EURGBP,63,0.73057696015636531,0.23799662934145874,success,64,90.811943783301658,89.814391988072046,false,false,14.993787648511901,25.71851580202193,,,
2016-11-08T00:00:00,EURGBP,63,0.907102368609498,0.57144560459844085,success,64,90.812059729340319,88.533302569693888,false,false,36.001073089701777,655.31685033851033,,,
2016-11-09T00:00:00,EURGBP,63,0.93813890980381887,0.55557397852876345,success,64,90.811519463015273,88.092512824204462,false,false,35.001160647312098,671.52788416463261,,,
2016-11-10T00:00:00,EURGBP,63,0.8365184466950677,0.54188470053870785,success,64,90.054431286405915,88.421882874135775,false,false,34.138736133938593,13.387868664697454,,,
2016-11-11T00:00:00,EURGBP,63,0.85377014058978473,0.51889224097566755,success,64,89.321837592162069,87.55735535401476,false,false,32.690211181467056,1.5688090559581915,,,
2016-11-14T00:00:00,EURGBP,63,0.90943222160431447,0.51090083927579788,success,64,89.474099783879154,87.167377814342828,false,false,32.186752874375266,15.499281604519865,,,
2016-11-15T00:00:00,EURGBP,63,0.90114915230429382,0.49742787863810184,success,64,89.638621842916535,87.428563183316342,false,false,31.337956354200415,8.0260744807720936,,,
2016-11-16T00:00:00,EURGBP,63,0.87067244792514209,0.47961750278764748,success,64,89.631146271826609,87.724228779587847,false,false,30.215902675621791,12.869290904367249,,,
2016-11-17T00:00:00,EURGBP,63,0.72343169901710691,0.44944739543400913,success,64,89.310115839769921,88.348567512012323,false,false,28.315185912342574,1.636800237232406,,,
2016-11-18T00:00:00,EURGBP,63,0.74162941662028747,0.43433908456931408,success,64,89.553274179488085,88.498819423617036,false,false,27.363362327866788,1.688977757933309,,,
2016-11-21T00:00:00,EURGBP,63,0.80659073188507835,0.7936512001091014,success,64,89.549532850728156,88.121524962574782,false,false,50.000025606873386,1711.4229326347008,,,
2016-11-22T00:00:00,EURGBP,63,0.74157305149979613,0.77795883129863019,success,64,89.785615330235046,88.731454711298582,false,false,49.011406371813699,24.887728931281345,,,
2016-11-23T00:00:00,EURGBP,63,0.78083127957708331,0.76190289196106098,success,64,89.634428386161204,88.36391113702183,false,false,47.999882193546838,1270.8906694912641,,,
2016-11-24T00:00:00,EURGBP,63,0.87436042534877256,0.49979820331240055,success,64,89.692343450980644,87.752268063558333,false,false,31.487286808681233,41.888887206401463,,,
2016-11-25T00:00:00,EURGBP,63,0.87906427845953639,0.48334202284654859,success,64,89.630995572055511,87.647396727748713,false,false,30.45054743933256,33.32820163747725,,,
2016-11-28T00:00:00,EURGBP,63,0.85760886392345814,0.46830306122352661,success,64,89.822394469873501,88.026824094265706,false,false,29.503092857082176,30.038624981978316,,,
2016-11-29T00:00:00,EURGBP,63,0.85838539845531281,0.45172111932305881,success,64,89.926204590876722,88.12426070408884,false,false,28.458430517352706,35.279219135134397,,,
2016-11-30T00:00:00,EURGBP,63,0.86789577105730875,0.43357259343206767,success,64,89.980769200310817,88.098288796495723,false,false,27.315073386220263,57.52599577135453,,,
2016-12-01T00:00:00,EURGBP,63,0.91573410088959639,0.41293233855287692,success,64,89.868945568221577,87.483196793464217,false,false,26.014737328831245,12374.572047193489,,,
2016-12-02T00:00:00,EURGBP,63,0.91927711318500815,0.41246504493582931,success,64,89.632420491645235,87.199855015724197,false,false,25.985297830957247,2226.267265427749,,,
2016-12-05T00:00:00,EURGBP,63,0.90067597003094513,0.38155527972852504,success,64,89.995690999792828,87.790932975995602,false,false,24.037982622897079,20696.719935161134,,,
2016-12-06T00:00:00,EURGBP,63,0.88358774582120525,0.38037698872141351,success,64,90.100851758342046,88.073998961567071,false,false,23.963750289449052,209978.16046199645,,,
2016-12-07T00:00:00,EURGBP,63,0.71457397676512058,0.60317432960195583,success,64,90.230196937129392,89.312493291216555,false,false,37.999982764923217,1068.6746830188604,,,
2016-12-08T00:00:00,EURGBP,63,0.77101483346724087,0.49146522730971132,success,64,90.812066297105105,89.598015910959859,false,false,30.962309320511814,0.41286137798483552,,,
2016-12-09T00:00:00,EURGBP,63,0.7337648723970901,0.57142478164384769,success,64,90.068545710004926,89.054736926738101,false,false,35.999761243562403,4826.5382411105284,,,
2016-12-12T00:00:00,EURGBP,63,0.6724905907490073,0.55551100007499787,success,64,90.271036838320128,89.551565503593281,false,false,34.997193004724863,158.3809101491232,,,
2016-12-13T00:00:00,EURGBP,63,0.66597409164454791,0.53962763646238054,success,64,90.275178929206007,89.585146720751723,false,false,33.996541097129978,98.705736205870934,,,
2016-12-14T00:00:00,EURGBP,63,0.6703169618110818,0.52375494643254528,success,64,90.235595594041854,89.525976618750164,false,false,32.996561625250351,140.98902074281847,,,
2016-12-15T00:00:00,EURGBP,63,0.68485474245262967,0.507527466164295,success,64,90.366410010320848,89.590236916965651,false,false,31.974230368350586,28.597310706787461,,,
2016-12-16T00:00:00,EURGBP,63,0.91532888076799102,0.24578355086721487,success,64,90.351676425975768,87.971167559069414,false,false,15.484363704634537,25.390260030516476,,,
2016-12-19T00:00:00,EURGBP,63,0.9143048698844749,0.22910516224799243,success,64,90.410943569469822,88.043575497160177,false,false,14.433625221623524,46.059427037494885,,,
2016-12-20T00:00:00,EURGBP,63,0.91946993483404549,0.21392625748888711,success,64,90.409556068869037,87.974389317678231,false,false,13.477354221799887,34.359345359217016,,,
2016-12-21T00:00:00,EURGBP,63,0.91788176442120739,0.19392339063523797,success,64,90.344083046581886,87.930174567214095,false,false,12.217173610019993,61.227310597621049,,,
2016-12-22T00:00:00,EURGBP,63,0.91622994892447507,0.18241868887287621,success,64,90.341206512644931,87.949014701408245,false,false,11.492377398991202,28.822146381004458,,,
2016-12-23T00:00:00,EURGBP,63,0.92972403570547013,0.16585314048342722,success,64,90.366591320605266,87.784133352721113,false,false,10.448747850455915,39.263055829333084,,,
2016-12-26T00:00:00,EURGBP,63,0.86961493296312131,0.52155758969744725,success,64,90.161859832810961,88.264301451277376,false,false,32.85812815093918,18.567622251217522,,,
2016-12-27T00:00:00,EURGBP,63,0.87680702823959011,0.50673600329643564,success,64,90.107608901920742,88.145073972047797,false,false,31.924368207675442,34.030541458218359,,,
2016-12-28T00:00:00,EURGBP,63,0.88690332666180816,0.48909857736474011,success,64,90.275166626010602,88.215673607982154,false,false,30.813210373978627,14.766877143141771,,,
2016-12-29T00:00:00,EURGBP,63,0.8971767329909317,0.47356857006657477,success,64,90.227184970391406,88.060943761178791,false,false,29.83481991419421,16.230714129192492,,,
2016-12-30T00:00:00,EURGBP,63,0.93142915278247373,0.46025851865686213,success,64,90.812066353756805,88.203213700471593,false,false,28.996286675382315,187.10584403568433,,,
2017-01-02T00:00:00,EURGBP,63,0.97051384668093477,0.088470469838214577,success,64,90.812066235379305,87.318161339435861,false,false,5.5736395998075183,15.670854180345904,,,
2017-01-03T00:00:00,EURGBP,63,0.94454937898847513,0.42572553657513557,success,64,90.713935651465178,87.8787205985508,false,false,26.82070880423354,27.108092985014977,,,
2017-01-04T00:00:00,EURGBP,63,0.98819454412293883,1.4796398290977793e-06,success,64,90.812066997316464,86.384749199023048,false,false,9.32173092331601e-05,0.54246338349030276,,,
2017-01-05T00:00:00,EURGBP,63,0.98321605068813456,0.70297905636686442,success,64,90.812066322574452,86.741660471130928,false,false,44.287680551112459,7.117910702606296,,,
2017-01-06T00:00:00,EURGBP,63,0.98783677382566815,0.68670281209395356,success,64,90.812066871088945,86.414966547406578,false,false,43.262277161919073,7.526593532961658,,,
2017-01-09T00:00:00,EURGBP,63,0.74827948737768224,0.23831290007772593,success,64,90.563415940879366,89.473958781601368,false,false,15.013712704896733,96.685272928367638,,,
2017-01-10T00:00:00,EURGBP,63,0.56816991327934785,0.47557509132714532,success,64,90.667193388918591,90.392805064932489,false,false,29.961230753610156,37.232823851289574,,,
2017-01-11T00:00:00,EURGBP,63,0.58008317107615115,0.45971527235283483,success,64,90.656582009754999,90.33346718338376,false,false,28.962062158228594,40.475010210291849,,,
2017-01-12T00:00:00,EURGBP,63,0.68862756565743766,0.69943445938719395,success,64,90.495610913039883,89.701900065266727,false,false,44.064370941393221,54597.184227640879,,,
2017-01-13T00:00:00,EURGBP,63,0.66840359544819361,0.69830527240456519,success,64,90.564946732507707,89.863973137090127,false,false,43.993232161487605,35220.981917391618,,,
2017-01-16T00:00:00,EURGBP,63,0.70803976473986419,0.68145703637899457,success,64,90.250575604049985,89.364692959425525,false,false,42.931793291876659,443575.11166357569,,,
2017-01-17T00:00:00,EURGBP,63,0.64078581116960576,0.4762489146589946,success,64,90.812066308527847,90.233289892234467,false,false,30.003681623516659,66.317426248675957,,,
2017-01-18T00:00:00,EURGBP,63,0.97895567412361606,0.87827340088591876,success,64,90.812066405361392,86.972211009768657,false,false,55.331224255812884,23.933487550808547,,,
2017-01-19T00:00:00,EURGBP,63,0.96886403129316079,0.85721668446814225,success,64,90.812066230188307,87.374305647681553,false,false,54.004651121492962,244.85309058912713,,,
2017-01-20T00:00:00,EURGBP,63,0.9458870002773192,0.78674924209933039,success,64,90.812066223456512,87.951017559173167,false,false,49.565202252257812,0.2822581593223572,,,
2017-01-23T00:00:00,EURGBP,63,0.93760718667639453,0.7664479116026699,success,64,90.812066361660925,88.102185375543613,false,false,48.286218430968205,0.30051736563260373,,,
2017-01-24T00:00:00,EURGBP,63,0.91733267054226142,0.72853631983227007,success,64,90.812066258696348,88.405420545929488,false,false,45.897788149433012,0.26774045657486395,,,
2017-01-25T00:00:00,EURGBP,63,0.91500338229623079,0.75422204279146687,success,64,90.812066238047407,88.435749940258347,false,false,47.515988695862411,0.60691848248301716,,,
2017-01-26T00:00:00,EURGBP,63,0.89306357669180947,0.69107879179383325,success,64,90.812066314945824,88.689643025280191,false,false,43.537963883011493,0.29185706313512805,,,
2017-01-27T00:00:00,EURGBP,63,0.88672286849825621,0.65549441564149047,success,64,90.812066457893053,88.754371268699586,false,false,41.296148185413898,0.25111257523751102,,,
2017-01-30T00:00:00,EURGBP,63,0.88460820943738527,0.64697117715819386,success,64,90.81206650860311,88.775254875388342,false,false,40.759184160966214,0.27513374021886855,,,
2017-01-31T00:00:00,EURGBP,63,0.65081079583820123,0.42824005787301461,success,64,90.812066305732074,90.189461249530211,false,false,26.97912364599992,13.639364950456715,,,
2017-02-01T00:00:00,EURGBP,63,0.88888628897300703,0.61822085379542302,success,64,90.812073833213873,88.732658615412859,false,false,38.947913789111652,0.29385946516040318,,,
2017-02-02T00:00:00,EURGBP,63,0.90752880273397651,0.59236732873003728,success,64,90.812066248967284,88.528238159903523,false,false,37.319141709992351,0.24891230457430522,,,
2017-02-03T00:00:00,EURGBP,63,0.86110984482887387,0.68283524605204626,success,64,90.812066226893847,88.987527522555737,false,false,43.018620501278917,35.702608022215607,,,
2017-02-06T00:00:00,EURGBP,63,0.80002195823186661,0.67098208162625572,success,64,90.812066259558918,89.425634653839055,false,false,42.27187114245411,19.257116294514333,,,
2017-02-07T00:00:00,EURGBP,63,0.88181388060192145,0.65504881073948307,success,64,90.812066369686875,88.802346020569388,false,false,41.268075076587436,19.535842678660597,,,
2017-02-08T00:00:00,EURGBP,63,0.93461295267127942,0.63507683107561952,success,64,90.812066293944653,88.152257990491378,false,false,40.009840357764027,81.141586168869452,,,
2017-02-09T00:00:00,EURGBP,63,0.93418027547783611,0.62272907462089488,success,64,90.812066249825122,88.159316373976253,false,false,39.23193170111638,20.43559077634816,,,
2017-02-10T00:00:00,EURGBP,63,0.91961283815740869,0.60340175184973055,success,64,90.812066250762783,88.374967982242666,false,false,38.014310366533024,52.74504427403231,,,
2017-02-13T00:00:00,EURGBP,63,0.89429155758038403,0.58741193723777463,success,64,90.812066303432971,88.67671921558609,false,false,37.006952045979801,100.88195231435768,,,
2017-02-14T00:00:00,EURGBP,63,0.86511982469238446,0.57151763842622449,success,64,90.812066262564556,88.95358503355348,false,false,36.005611220852145,115.15957917362527,,,
2017-02-15T00:00:00,EURGBP,63,0.84608410414405189,0.55564918832293264,success,64,90.812067515148058,89.107855069025561,false,false,35.005898864344758,103.89198904195452,,,
2017-02-16T00:00:00,EURGBP,63,0.82138606134629877,0.53980397919375811,success,64,90.812066251938418,89.286299729316809,false,false,34.007650689206763,74.956386062889379,,,
2017-02-17T00:00:00,EURGBP,63,0.83554211116767485,0.52392495584399712,success,64,90.812066273986076,89.186640067358553,false,false,33.007272218171821,81.819561106431834,,,
2017-02-20T00:00:00,EURGBP,63,0.95526479296135536,0.87280348470577085,success,64,90.812066227770757,87.750838476707742,false,false,54.986619536463564,108.24657669148105,,,
2017-02-21T00:00:00,EURGBP,63,0.87704425001418129,0.49223013420459122,success,64,90.812066446174612,88.847333533390554,false,false,31.010498454889248,63.815774803207866,,,
2017-02-22T00:00:00,EURGBP,63,0.60770592257036804,0.52954052034050236,success,64,90.812066365138904,90.374387036224107,false,false,33.361052781451647,20.52877263263985,,,
2017-02-23T00:00:00,EURGBP,63,0.5842230381994219,0.51386439098934367,success,64,90.812067537272043,90.471933679593519,false,false,32.373456632328654,19.401787737605162,,,
2017-02-24T00:00:00,EURGBP,63,0.8280655363029632,0.44985091637243935,success,64,90.812066886727081,89.240087964537423,false,false,28.340607731463678,27.374560148401216,,,
2017-02-27T00:00:00,EURGBP,63,0.82250596299886469,0.42867821991886867,success,64,90.812066267749131,89.278647549280606,false,false,27.006727854888727,87.99009656151253,,,
2017-02-28T00:00:00,EURGBP,63,0.84021305070387309,0.41289952963024118,success,64,90.812066254460703,89.152252124003766,false,false,26.012670366705194,49.172987639896952,,,
2017-03-01T00:00:00,EURGBP,63,0.78336874350478403,0.40223682278893585,success,64,90.812066340119685,89.526659447501729,false,false,25.340919835702959,25.594252013416476,,,
2017-03-02T00:00:00,EURGBP,63,0.88266662158236986,0.74601320150943928,success,64,90.812066552863016,88.794138246722682,false,false,46.998831695094673,687.04024902369088,,,
2017-03-03T00:00:00,EURGBP,63,0.86607018392748125,0.73008486950273954,success,64,90.812066212642989,88.9454161656558,false,false,45.995346778672591,159.94826577613469,,,
2017-03-06T00:00:00,EURGBP,63,0.88192464947205085,0.7140698844074671,success,64,90.812067755530407,88.801284119077408,false,false,44.98640271767043,56.220770408058087,,,
2017-03-07T00:00:00,EURGBP,63,0.88687329671107151,0.69377612665804433,success,64,90.812066227494654,88.752872558737934,false,false,43.707895979456794,18.96539451134003,,,
2017-03-08T00:00:00,EURGBP,63,0.70874298070735087,0.43968963662774085,success,64,90.81206627580022,89.922779429736295,false,false,27.700447107547674,24.154009767132649,,,
2017-03-09T00:00:00,EURGBP,63,0.70511347945885494,0.42838255353957122,success,64,90.81206623814812,89.940298090718969,false,false,26.988100872992987,50.168726095677989,,,
2017-03-10T00:00:00,EURGBP,63,0.88417349022839453,0.650731860893484,success,64,90.812066244746831,88.779506411605382,false,false,40.99610723628949,185.47254749344597,,,
2017-03-13T00:00:00,EURGBP,63,0.87353233388963247,0.63488719140765226,success,64,90.812067224821504,88.879508751083677,false,false,39.997893058682095,326.81221789657593,,,
2017-03-14T00:00:00,EURGBP,63,0.8929450845268162,0.61380710802719574,success,64,90.812067195399663,88.690884043431211,false,false,38.669847805713331,26.780046744256904,,,
2017-03-15T00:00:00,EURGBP,63,0.80481743609219691,0.36484518217753908,success,64,90.812066237139433,89.395386118650677,false,false,22.985246477184962,44.515731437241243,,,
2017-03-16T00:00:00,EURGBP,63,0.82042230294838203,0.34445387205506989,success,64,90.812066227404273,89.292854983049125,false,false,21.700593939469403,23.705598230593729,,,
2017-03-17T00:00:00,EURGBP,63,0.8327514300197566,0.32916149513197551,success,64,90.812067662329,89.206813616809839,false,false,20.737174193314456,24.121991297521351,,,
2017-03-20T00:00:00,EURGBP,63,0.95424362582997424,0.55552737896893167,success,64,90.812066247797091,87.774478344100871,false,false,34.998224875042695,483.94903690003116,,,
2017-03-21T00:00:00,EURGBP,63,0.95573437635820291,0.53431628912767826,success,64,90.812066932613888,87.739795292955193,false,false,33.661926215043728,25.237709881864493,,,
2017-03-22T00:00:00,EURGBP,63,0.9620318639955342,0.51949062032423321,success,64,90.812066576159822,87.579766285154548,false,false,32.727909080426691,21.469799852785791,,,
2017-03-23T00:00:00,EURGBP,63,0.96934137073585092,0.5036944085470324,success,64,90.812066244013238,87.358363567198609,false,false,31.73274773846304,18.284600452061721,,,
2017-03-24T00:00:00,EURGBP,63,0.97906299987168188,0.49203311340021938,success,64,90.812066278087556,86.966988221211508,false,false,30.998086144213822,500.47160561401671,,,
2017-03-27T00:00:00,EURGBP,63,0.98636090845803903,0.47607700590763091,success,64,90.812066335895125,86.530984063049033,false,false,29.992851372180748,141.84585534464603,,,
2017-03-28T00:00:00,EURGBP,63,0.99038296947780247,0.46021207887211513,success,64,90.812066940080243,86.177510773398367,false,false,28.993360968943254,159.18557222209571,,,
2017-03-29T00:00:00,EURGBP,63,0.99130296628233783,0.43946143242545693,success,64,90.812066205696595,86.076028015877071,false,false,27.686070242803787,18.336499558407155,,,
2017-03-30T00:00:00,EURGBP,63,0.97469463740378637,0.4284565113657075,success,64,90.812066535968768,87.160958640029989,false,false,26.992760216039574,127.32734050104766,,,
2017-03-31T00:00:00,EURGBP,63,0.9578043804418731,0.41256646750381482,success,64,90.812066380590267,87.689739232965181,false,false,25.991687452740333,101.60311854451638,,,
2017-04-03T00:00:00,EURGBP,63,0.97691645684821904,0.15851198872358685,success,64,90.812066290358089,87.06678509781635,false,false,9.9862552895859711,93.886582557524562,,,
2017-04-04T00:00:00,EURGBP,63,0.98585530807166022,0.13963338406948206,success,64,90.812066335223051,86.567896162737966,false,false,8.7969031963773698,27.004522420535459,,,
2017-04-05T00:00:00,EURGBP,63,0.99152318481822543,0.12232272077955073,success,64,90.812066370987282,86.050158850795626,false,false,7.7063314091116961,19.492857726046875,,,
2017-04-06T00:00:00,EURGBP,63,0.98594162379552419,0.23479002662587573,success,64,90.812066491698104,86.561687733201097,false,false,14.791771677430171,0.10903682524013701,,,
2017-04-07T00:00:00,EURGBP,63,0.94383337804999756,0.33199389222326792,success,64,90.81206626994593,87.990439290664071,false,false,20.91561521006588,9.6502477785763663,,,
2017-04-10T00:00:00,EURGBP,63,0.96037764406006831,0.31716817561785154,success,64,90.812066288686552,87.62413320525188,false,false,19.981595063924647,47.692364572987614,,,
2017-04-11T00:00:00,EURGBP,63,0.9684181161757397,0.30125639274989791,success,64,90.812066350689122,87.388986077967772,false,false,18.979152743243567,44.160501118173798,,,
2017-04-12T00:00:00,EURGBP,63,0.99386194583809973,0.045769767708987975,success,64,90.812066587758153,85.724976058423465,false,false,2.8834953656662425,16.627299762066443,,,
2017-04-13T00:00:00,EURGBP,63,0.98005602872016162,0.26946118786642131,success,64,90.812066225705408,86.917383389691651,false,false,16.976054835584542,42.027488252847888,,,
2017-04-14T00:00:00,EURGBP,63,0.99242790968842154,1.5888808598662978e-08,success,64,90.812066534067853,85.936381319539322,false,false,1.0009949417157676e-06,8.0153720780111115,,,
2017-04-17T00:00:00,EURGBP,63,0.73760562515135764,0.24850581672990069,success,64,90.723060670212348,89.689499991234769,false,false,15.655866453983743,1.7695321444384298,,,
2017-04-18T00:00:00,EURGBP,63,0.76587471729057566,0.70388292805856234,success,64,90.702877792508929,89.517715558874187,false,false,44.344624467689428,0.56024801191366347,,,
2017-04-19T00:00:00,EURGBP,63,0.76140472068367993,0.68527808241820143,success,64,90.79487992194727,89.634483602553942,false,false,43.172519192346691,0.56099340554878885,,,
2017-04-20T00:00:00,EURGBP,63,0.65120051528988832,0.50112116723918165,success,64,90.798719771370955,90.174399380101917,false,false,31.570633536068446,1.5500765563196253,,,
2017-04-21T00:00:00,EURGBP,63,0.73035127318132309,0.21100152795601507,success,64,90.805221947797378,89.808816433418983,false,false,13.29309626122895,0.5930754316656941,,,
2017-04-24T00:00:00,EURGBP,63,0.73692193138219286,0.20987873703403062,success,64,90.801467002117789,89.77143587008824,false,false,13.22236043314393,0.43348801636153317,,,
2017-04-25T00:00:00,EURGBP,63,0.88138940351025186,0.67772880088747156,success,64,90.799241629419797,88.793587928452382,false,false,42.696914455910708,1.4894418694815206,,,
2017-04-26T00:00:00,EURGBP,63,0.83879718947559834,0.61684313031771054,success,64,90.789251647060084,89.139945963622395,false,false,38.861117210015763,0.54110496843813971,,,
2017-04-27T00:00:00,EURGBP,63,0.85025770883951857,0.5999609353537777,success,64,90.796822566232919,89.06019883344068,false,false,37.797538927287995,0.51929269856758808,,,
2017-04-28T00:00:00,EURGBP,63,0.83390086211958847,0.58114709580370327,success,64,90.797481135473873,89.183951436781982,false,false,36.612267035633309,0.53059047151173566,,,
2017-05-01T00:00:00,EURGBP,63,0.8270484493596677,0.56452381090404924,success,64,90.787074408868634,89.222222632260525,false,false,35.565000086955102,0.51884167493425115,,,
2017-05-02T00:00:00,EURGBP,63,0.83411244307417653,0.55232268951108576,success,64,90.606335472944906,88.991277446766645,false,false,34.796329439198402,0.6116862816361599,,,
2017-05-03T00:00:00,EURGBP,63,0.85677436497094028,0.53728352033771898,success,64,90.72141129977777,88.932657954664762,false,false,33.848861781276298,0.65433306550692971,,,
2017-05-04T00:00:00,EURGBP,63,0.86952516363085919,0.56429634704448994,success,64,90.710825146049771,88.814058255740306,false,false,35.550669863802867,1.725188870336442,,,
2017-05-05T00:00:00,EURGBP,63,0.82581354140493624,0.50247153680552326,success,64,90.739099621225733,89.182856936565997,false,false,31.655706818747962,0.6516653640778387,,,
2017-05-08T00:00:00,EURGBP,63,0.87471507760935463,0.49002975553472,success,64,90.723592019236207,88.780284334079113,false,false,30.871874598687359,0.72874415315827323,,,
2017-05-09T00:00:00,EURGBP,63,0.84661949648380364,0.47201057113990341,success,64,90.698226384177005,88.989896812332447,false,false,29.736665981813914,0.71871349210706614,,,
2017-05-10T00:00:00,EURGBP,63,0.73210167335871357,0.28549334221772338,success,64,90.698435097043713,89.693123225021395,false,false,17.986080559716573,1.7661562983918839,,,
2017-05-11T00:00:00,EURGBP,63,0.71682343539640969,0.26944151770925417,success,64,90.733784832516179,89.805025883208927,false,false,16.974815615683013,1.7221991428064256,,,
2017-05-12T00:00:00,EURGBP,63,0.71054948603183798,0.25302737396084307,success,64,90.679188084640018,89.781133836135993,false,false,15.940724559533113,1.6260916506865097,,,
2017-05-15T00:00:00,EURGBP,63,0.78633153099070274,0.40369210177572085,success,64,90.636605790969654,89.333652895835357,false,false,25.432602411870413,0.70542800397615468,,,
2017-05-16T00:00:00,EURGBP,63,0.72247047997036096,0.63747538543833093,success,64,90.536775100998184,89.580025846032711,false,false,40.160949282614851,1.3036639922623339,,,
2017-05-17T00:00:00,EURGBP,63,0.70100726470606445,0.56374396368396773,success,64,90.44574232079502,89.593643346887106,false,false,35.515869712089966,0.85890090364894234,,,
2017-05-18T00:00:00,EURGBP,63,0.69249316798965088,0.54613315155347975,success,64,90.483763809600475,89.671962742226157,false,false,34.406388547869227,0.86769127870244445,,,
2017-05-19T00:00:00,EURGBP,63,0.69255007685342129,0.52751491398170358,success,64,90.594291176069589,89.782222849905807,false,false,33.233439580847325,0.90865327816968544,,,
2017-05-22T00:00:00,EURGBP,63,0.67946422326006051,0.51170366774664078,success,64,90.415132270960299,89.663821588347005,false,false,32.237331068038372,0.96031671324178336,,,
2017-05-23T00:00:00,EURGBP,63,0.6713201978147072,0.49536394744140222,success,64,90.353037948887689,89.638875761999373,false,false,31.207928688808341,0.95094455736757544,,,
2017-05-24T00:00:00,EURGBP,63,0.82677164788204383,0.34231419235110383,success,64,90.232644899218357,88.66972704194751,false,false,21.565794118119541,1.8945843578317823,,,
2017-05-25T00:00:00,EURGBP,63,0.6380199222515216,0.52135208138354905,success,64,90.317847302691646,89.751066970202189,false,false,32.845181127163592,1.3559486314339761,,,
2017-05-26T00:00:00,EURGBP,63,0.64373118671665108,0.50597089083015323,success,64,90.374990219374311,89.783394531746154,false,false,31.876166122299651,1.3587507244718389,,,
2017-05-29T00:00:00,EURGBP,63,0.83309816931704828,0.29379457374665452,success,64,90.563176353762429,88.95543066756791,false,false,18.509058146039234,1.9252571105960132,,,
2017-05-30T00:00:00,EURGBP,63,0.8111337402793205,0.27732641075521547,success,64,90.518580122626105,89.061186318293068,false,false,17.471563877578575,1.9699902698502267,,,
2017-05-31T00:00:00,EURGBP,63,0.70281505474146189,0.20799231546769467,success,64,90.45782272111849,89.597083600252489,false,false,13.103515874464764,0.87260814721927393,,,
2017-06-01T00:00:00,EURGBP,63,0.89306275409808278,0.68940485998870327,success,64,90.575779599272565,88.453364923032225,false,false,43.432506179288303,0.54225900063573473,,,
2017-06-02T00:00:00,EURGBP,63,0.89787716555086605,0.63492504891452861,success,64,90.643618908567362,88.469761984363899,false,false,40.000278081615299,1.7934452158228646,,,
2017-06-05T00:00:00,EURGBP,63,0.63272871651516449,0.40606510817833513,success,64,90.696925406175296,90.152984410842578,false,false,25.582101815235113,1.2074188499395708,,,
2017-06-06T00:00:00,EURGBP,63,0.71427567470007902,0.32790018628237255,success,64,90.707918171026307,89.791676632603199,false,false,20.657711735789469,1.0054176325353936,,,
2017-06-07T00:00:00,EURGBP,63,0.9108586009805959,0.58661969801367642,success,64,90.784003749520579,88.459839939307713,false,false,36.957040974861613,1.7569618153109234,,,
2017-06-08T00:00:00,EURGBP,63,0.85522552959356013,0.74604355024002889,success,64,90.611242659805868,88.835054603409318,false,false,47.000743665121817,15.119449803265505,,,
2017-06-09T00:00:00,EURGBP,63,0.71546240804747285,0.56231029624888729,success,64,90.739350310374348,89.817286630412951,false,false,35.425548663679898,0.91842540474277912,,,
2017-06-12T00:00:00,EURGBP,63,0.79787410486789589,0.61209661540318538,success,64,90.338066183253474,88.965006108067087,false,false,38.562086770400683,0.32249538159904662,,,
2017-06-13T00:00:00,EURGBP,63,0.8984171425971641,0.91484531287600879,success,64,90.583428932571252,88.403669242635104,false,false,57.635254711188551,0.4218505012256159,,,
2017-06-14T00:00:00,EURGBP,63,0.77715586515340751,0.57996796774893544,success,64,90.656149489230287,89.406981140533432,false,false,36.537981968182933,0.2978281477664057,,,
2017-06-15T00:00:00,EURGBP,63,0.88343478736563696,0.78339857496383303,success,64,90.624885590982643,88.599518995141722,false,false,49.354110222721481,0.19051943351801826,,,
2017-06-16T00:00:00,EURGBP,63,0.87669922877508333,0.73743469904575099,success,64,90.656872977714997,88.695335663827876,false,false,46.458386039882313,0.18467949980390971,,,
2017-06-19T00:00:00,EURGBP,63,0.86593707144052079,0.6963410938164285,success,64,90.67910871405148,88.813605779733692,false,false,43.869488910434995,0.18209109989440769,,,
2017-06-20T00:00:00,EURGBP,63,0.88854709454935454,0.67426866850656975,success,64,90.722561348989615,88.646575827277857,false,false,42.478926115913893,0.17304350914193833,,,
2017-06-21T00:00:00,EURGBP,63,0.89535004350670455,0.63765650085642778,success,64,90.698178742516973,88.551585023798935,false,false,40.172359553954948,0.17593802439496994,,,
2017-06-22T00:00:00,EURGBP,63,0.88756259800230131,0.61331821509359186,success,64,90.680909762027824,88.614827350299819,false,false,38.639047550896287,0.17709646646616159,,,
2017-06-23T00:00:00,EURGBP,63,0.85370968957556137,0.39845293474764637,success,64,90.673055150022023,88.909057030943444,false,false,25.102534889101722,0.62576144060634697,,,
2017-06-26T00:00:00,EURGBP,63,0.87324519822280722,0.38106146081342696,success,64,90.644416505561139,88.714454646229612,false,false,24.006872031245898,0.62225642368385803,,,
2017-06-27T00:00:00,EURGBP,63,0.89156708652577832,0.36280921021586487,success,64,90.74042039905018,88.633571386042718,false,false,22.856980243599487,0.60921349959811111,,,
2017-06-28T00:00:00,EURGBP,63,0.80581366579691427,0.31724713156477824,success,64,90.812066285478238,89.389031937248632,false,false,19.98656928858103,42.758411398542442,,,
2017-06-29T00:00:00,EURGBP,63,0.83670579627905961,0.53751033936422765,success,64,90.812060968688257,89.178141962542966,false,false,33.863151379946345,0.21121470650083835,,,
2017-06-30T00:00:00,EURGBP,63,0.72479277348222204,0.65327702381339547,success,64,90.812066235460748,89.843704816006181,false,false,41.156452500243915,0.60319651290306986,,,
2017-07-03T00:00:00,EURGBP,63,0.78311533936513356,0.51459064857580694,success,64,90.812066271714315,89.528151976569404,false,false,32.41921086027584,0.23474809338846142,,,
2017-07-04T00:00:00,EURGBP,63,0.62495731039992797,0.48338710620320469,success,64,90.812066239158725,90.301422753539995,false,false,30.453387690801897,1.1372895592878243,,,
2017-07-05T00:00:00,EURGBP,63,0.72214538014769869,0.50299215862849389,success,64,90.812066272453833,89.856937823018356,false,false,31.688505993595118,0.27985977780165894,,,
2017-07-06T00:00:00,EURGBP,63,0.84850424997040463,0.22217293445574857,success,64,90.812072726374069,89.089155204854094,false,false,13.996894870712159,171.65945174462132,,,
2017-07-07T00:00:00,EURGBP,63,0.87796023007785606,0.20597429527654637,success,64,90.81206628305614,88.838811961066554,false,false,12.976380602422422,32.692335044613259,,,
2017-07-10T00:00:00,EURGBP,63,0.88774650807755462,0.19029621391131485,success,64,90.812066245125806,88.744139641341832,false,false,11.988661476412835,71.557114555867841,,,
2017-07-11T00:00:00,EURGBP,63,0.90710679747096812,0.19806875036116928,success,64,90.812066242402608,88.533256524560585,false,false,12.478331272753664,0.72594111458797916,,,
2017-07-12T00:00:00,EURGBP,63,0.7478114043328179,0.77801662329850585,success,64,90.812066371679578,89.725092761848771,false,false,49.015047267805869,0.84775840998500496,,,
2017-07-13T00:00:00,EURGBP,63,0.92687098867527018,0.15629988224583954,success,64,90.812066237586421,88.27247701226861,false,false,9.8468925814878911,0.48647582924104338,,,
2017-07-14T00:00:00,EURGBP,63,0.94758361866883345,0.11922076650572118,success,64,90.811915924507716,87.917219902846952,false,false,7.510908289860434,0.35693637070257045,,,
2017-07-17T00:00:00,EURGBP,63,0.87228506678895879,0.33324609051440712,success,64,90.811285148213628,88.889969562263786,false,false,20.994503702407648,0.21717747812330124,,,
2017-07-18T00:00:00,EURGBP,63,0.79758943399400173,0.46413546992587529,success,64,90.781844116947099,89.41054828527416,false,false,29.240534605330144,0.7286959819000346,,,
2017-07-19T00:00:00,EURGBP,63,0.78123246600679563,0.44682224756483108,success,64,90.805000076741635,89.532136996877142,false,false,28.149801596584357,0.71373080554731128,,,
2017-07-20T00:00:00,EURGBP,63,0.81352268579516773,0.49207462480385389,success,64,90.812068298205773,89.339004077311671,false,false,31.000701362642793,670.74417036765033,,,
2017-07-21T00:00:00,EURGBP,63,0.9286028853279864,0.48145704105905668,success,64,90.812066233313573,88.246642508324783,false,false,30.331793586720572,12.006773717436976,,,
2017-07-24T00:00:00,EURGBP,63,0.92394818835911174,0.46043289899511108,success,64,90.812066257529622,88.314825100794025,false,false,29.007272636691997,104.03973885727066,,,
2017-07-25T00:00:00,EURGBP,63,0.89481167338938483,0.82576063171199898,success,64,90.812066363839932,88.671205418869874,false,false,52.022919797855934,35.731393849358241,,,
2017-07-26T00:00:00,EURGBP,63,0.88672981965790343,0.80963000845288424,success,64,90.812066240244349,88.754301845849895,false,false,51.006690532531707,116.69239025225978,,,
2017-07-27T00:00:00,EURGBP,63,0.85441672348694531,0.79374183898937445,success,64,90.812067028874168,89.042396257542379,false,false,50.005735856330588,121.89454410768838,,,
2017-07-28T00:00:00,EURGBP,63,0.82527430129407997,0.77821550790500438,success,64,90.812066349497726,89.259567840251762,false,false,49.027576998015277,22.943731242923786,,,
2017-07-31T00:00:00,EURGBP,63,0.78426631296300253,0.76216086507769953,success,64,90.81206622454313,89.521362293586705,false,false,48.016134499895074,34.276467431460482,,,
2017-08-01T00:00:00,EURGBP,63,0.65815395531217169,0.56911201232528041,success,64,90.812066285946841,90.156987881328661,false,false,35.854056776492669,0.8439236334315362,,,
2017-08-02T00:00:00,EURGBP,63,0.78026345981911327,0.67712606059154901,success,64,90.812066276807286,89.544863929246361,false,false,42.658941817267589,0.63233410947884439,,,
2017-08-03T00:00:00,EURGBP,63,0.74799051589918586,0.71475849538418723,success,64,90.812066221990221,89.724142645499214,false,false,45.029785209203794,15.763359986901747,,,
2017-08-04T00:00:00,EURGBP,63,0.64981736596582096,0.52075755706325622,success,64,90.812066628899288,90.193830110841191,false,false,32.807726094985142,0.84871954609652234,,,
2017-08-07T00:00:00,EURGBP,63,0.64190709122783596,0.50501260263066361,success,64,90.812066239149104,90.228415138086135,false,false,31.815793965731807,0.89435440902038799,,,
2017-08-08T00:00:00,EURGBP,63,0.64391741534065927,0.4873616470503026,success,64,90.812066254626615,90.219658457123145,false,false,30.703783764169064,0.88020812429679951,,,
2017-08-09T00:00:00,EURGBP,63,0.65480258772655275,0.46940623751326749,success,64,90.812066220546711,90.171848885993469,false,false,29.57259296333585,0.86086915351996252,,,
2017-08-10T00:00:00,EURGBP,63,0.66574188093842213,0.45192670265054202,success,64,90.812066277745203,90.123077754559731,false,false,28.471382266984147,0.8475178249798625,,,
2017-08-11T00:00:00,EURGBP,63,0.73054862216871075,0.55649956812679857,success,64,90.812066345878975,89.814658514643469,false,false,35.059472791988313,0.66034539337527154,,,
2017-08-14T00:00:00,EURGBP,63,0.72714253072268575,0.54049229309741664,success,64,90.812066244858158,89.831893301565842,false,false,34.05101446513725,0.68254610195442822,,,
2017-08-15T00:00:00,EURGBP,63,0.72897994061950688,0.52234005565015851,success,64,90.812066211685575,89.822612834347055,false,false,32.907423505959983,0.67646947856551243,,,
2017-08-16T00:00:00,EURGBP,63,0.99416833562671214,0.87242909738156504,success,64,90.812066283028116,85.673462182861272,false,false,54.9630331350386,15.490809937361066,,,
2017-08-17T00:00:00,EURGBP,63,0.7401951163128454,0.30134002800244236,success,64,90.812066278352773,89.765083358148388,false,false,18.984421764153868,30.013456247380155,,,
2017-08-18T00:00:00,EURGBP,63,0.75208479430486042,0.28569168036708464,success,64,90.812066325281947,89.702304024484704,false,false,17.998575863126334,347.85427150093614,,,
2017-08-21T00:00:00,EURGBP,63,0.75030157849600709,0.26529766138815752,success,64,90.812066276949167,89.711844922275716,false,false,16.713752667453925,14.091443593439836,,,
2017-08-22T00:00:00,EURGBP,63,0.82506246182893439,0.2537054208305819,success,64,90.812066291353219,89.261036182050645,false,false,15.98344151232666,37.672689269760234,,,
2017-08-23T00:00:00,EURGBP,63,0.85451562241350598,0.23786481185175259,success,64,90.812066266355487,89.041600191754128,false,false,14.985483146660414,46.625138362655704,,,
2017-08-24T00:00:00,EURGBP,63,0.82709405598261188,0.21796226499782276,success,64,90.812066550889909,89.246895901246546,false,false,13.731622694862834,13.769234282458479,,,
2017-08-25T00:00:00,EURGBP,63,0.99932450200694722,0.62380324165739409,success,64,90.812066267819617,83.512681622441463,false,false,39.29960422441583,10.335735545560363,,,
2017-08-28T00:00:00,EURGBP,63,0.99969625334683243,0.60895446360543792,success,64,90.812066262612817,82.713053473657865,false,false,38.364131207142592,7.7552750658258542,,,
2017-08-29T00:00:00,EURGBP,63,0.99985598843336676,0.59235218803128076,success,64,90.812067888229691,81.966594972395157,false,false,37.318187845970691,7.8531084141537804,,,
2017-08-30T00:00:00,EURGBP,63,0.99682695671436738,0.57601315924891217,success,64,90.812066347815204,85.06218031126636,false,false,36.28882903268147,6.8478538100994584,,,
2017-08-31T00:00:00,EURGBP,63,0.94279972146768809,0.14254732073626528,success,64,90.812066242746553,88.009771134935491,false,false,8.980481206384713,52.316351852028887,,,
2017-09-01T00:00:00,EURGBP,63,0.9952248889679054,0.54426928189303503,success,64,90.812066310917942,85.472514806691635,false,false,34.288964759261205,5.320078843256228,,,
2017-09-04T00:00:00,EURGBP,63,0.99656681525313151,0.53349653885069692,success,64,90.812066361141589,85.141238501828468,false,false,33.610281947593904,1.8824930869031486,,,
2017-09-05T00:00:00,EURGBP,63,0.99181781745836839,0.5191262010462997,success,64,90.812066284263892,86.014485775007174,false,false,32.704950665916883,1.6227554002751341,,,
2017-09-06T00:00:00,EURGBP,63,0.99279191962702096,0.49666687727401876,success,64,90.812066374114735,85.88674794999919,false,false,31.290013268263181,5.0172240826348373,,,
2017-09-07T00:00:00,EURGBP,63,0.90669310791621516,0.61856292446206096,success,64,90.812066266956933,88.538156208879414,false,false,38.96946424110984,25.226396052453161,,,
2017-09-08T00:00:00,EURGBP,63,0.7980290692940758,0.6028425298135518,success,64,90.812066311128874,89.438045066304852,false,false,37.979079378253765,26.590528781582506,,,
2017-09-11T00:00:00,EURGBP,63,0.8901115779849148,0.44972803080259666,success,64,90.81206635759591,88.720185039883972,false,false,28.33286594056359,4.8262455695949296,,,
2017-09-12T00:00:00,EURGBP,63,0.89216948124035678,0.45766165381067986,success,64,90.812066331703818,88.698970939566408,false,false,28.832684190072833,0.93711532092672134,,,
2017-09-13T00:00:00,EURGBP,63,0.87961785902780443,0.44299519486676125,success,64,90.81206627152568,88.823249900549413,false,false,27.90869727660596,0.93857020110413791,,,
2017-09-14T00:00:00,EURGBP,63,0.78959770591414924,0.38058729961385607,success,64,90.812066309016203,89.489564110532342,false,false,23.976999875672931,22.019192824820646,,,
2017-09-15T00:00:00,EURGBP,63,0.99278790852932708,0.99999998412698421,success,64,89.48452122136456,84.55976315509119,false,false,62.999999000000003,0.39265500144983401,,,
2017-09-18T00:00:00,EURGBP,63,0.70905814951113677,0.46789538696801986,success,64,90.488605608310323,89.597791489610373,false,false,29.47740937898525,29.577167770068687,,,
2017-09-19T00:00:00,EURGBP,63,0.97202632463083238,0.90521708252622013,success,64,90.633795627341669,87.085676642850089,false,false,57.028676199151867,0.78386248948337844,,,
2017-09-20T00:00:00,EURGBP,63,0.97627803871993701,0.88867989098857236,success,64,90.811656668332233,87.094310502119185,false,false,55.986833132280061,0.78374256098340422,,,
2017-09-21T00:00:00,EURGBP,63,0.89644059198608494,0.84163347372948383,success,64,90.232693011924169,88.074406426191047,false,false,53.022908844957485,32898.388745237644,,,
2017-09-22T00:00:00,EURGBP,63,0.96051189212152854,0.84239714663995424,success,64,90.809569177600864,87.618102374500523,false,false,53.071020238317118,1.1150989884875404,,,
2017-09-25T00:00:00,EURGBP,63,0.95235189172698498,0.81648783573420758,success,64,90.808989698903304,87.813898027093558,false,false,51.438733651255077,94.215843598716532,,,
2017-09-26T00:00:00,EURGBP,63,0.95233597175719864,0.80559410797546915,success,64,90.797254435572839,87.80251354004065,false,false,50.75242880245456,725.02026912999213,,,
2017-09-27T00:00:00,EURGBP,63,0.9322511838853893,0.77997325263755291,success,64,90.803195190083045,88.181399886386316,false,false,49.138314916165832,627.6148397858417,,,
2017-09-28T00:00:00,EURGBP,63,0.91397327595665956,0.77452303958524626,success,64,90.79945090695891,88.43630756716405,false,false,48.794951493870514,90.69220604043231,,,
2017-09-29T00:00:00,EURGBP,63,0.91247283165259696,0.75879432154130422,success,64,90.80315575099975,88.458946680086484,false,false,47.804042257102168,197.79408470733304,,,
2017-10-02T00:00:00,EURGBP,63,0.96157789295722929,0.4770280711632644,success,64,90.793400460600878,87.573457885115729,false,false,30.052768483285657,0.17259693696319733,,,
2017-10-03T00:00:00,EURGBP,63,0.73688980003331073,0.6116289320868592,success,64,90.425281246452315,89.395415846196769,false,false,38.53262272147213,31.767406468955826,,,
2017-10-04T00:00:00,EURGBP,63,0.96014580424338136,0.41019282546241798,success,64,90.79611362969213,87.614256165784596,false,false,25.842148004132333,0.16973770026791232,,,
2017-10-05T00:00:00,EURGBP,63,0.96137896059402783,0.39332565854825619,success,64,90.794220324462884,87.579648843685163,false,false,24.779516488540139,0.16862794989388391,,,
2017-10-06T00:00:00,EURGBP,63,0.96644216501170832,0.36001341685754062,success,64,90.756505323805683,87.396154234409323,false,false,22.680845262025059,0.16524968355635128,,,
2017-10-09T00:00:00,EURGBP,63,0.66561269925658728,0.5465877254763899,success,64,90.255045516134587,89.566637451641313,false,false,34.435026705012561,28.993032791913468,,,
2017-10-10T00:00:00,EURGBP,63,0.95459018115569882,0.36323388593550787,success,64,90.762963677272978,87.717409914341616,false,false,22.883734813936996,0.18136207153135112,,,
2017-10-11T00:00:00,EURGBP,63,0.89370642678107248,0.63029196830181167,success,64,90.806987449378397,88.677814934430771,false,false,39.708394003014135,760.96686044339265,,,
2017-10-12T00:00:00,EURGBP,63,0.79324144360420956,0.49252870929693121,success,64,89.738690994620356,88.394115068996086,false,false,31.029308685706667,2496.9741664752046,,,
2017-10-13T00:00:00,EURGBP,63,0.79825397947927423,0.47620094119550632,success,64,89.957056239360611,88.581639004674997,false,false,30.000659295316897,2358.1489700394886,,,
2017-10-16T00:00:00,EURGBP,63,0.91343650399798326,0.46035410653025183,success,64,90.793247394108846,88.436911731668616,false,false,29.002308711405867,332.60858394519499,,,
2017-10-17T00:00:00,EURGBP,63,0.86461082277154422,0.54055538845233064,success,64,90.727364039342703,88.873237974964823,false,false,34.054989472496828,13.149734836322519,,,
2017-10-18T00:00:00,EURGBP,63,0.99636628247450343,0.42861984564039751,success,64,90.748782098855585,85.134923391326424,false,false,27.003050275345043,427.01968363347817,,,
2017-10-19T00:00:00,EURGBP,63,0.99270598222614215,0.41495367041534637,success,64,89.878145864784102,84.964765864150465,false,false,26.14208123616682,55.809308717852232,,,
2017-10-20T00:00:00,EURGBP,63,0.99818808242016976,0.39703202262331899,success,64,90.812066545641557,84.500510548588807,false,false,25.013017425269098,103.79303926287233,,,
2017-10-23T00:00:00,EURGBP,63,0.99968545049249835,0.38099057769313782,success,64,90.805338713005895,82.741284234321512,false,false,24.002406394667684,1357.1648434515519,,,
2017-10-24T00:00:00,EURGBP,63,0.99942453111059015,0.36509729817604281,success,64,90.811935030344102,83.352185275248985,false,false,23.001129785090697,2835.5292727847454,,,
2017-10-25T00:00:00,EURGBP,63,0.99151800797571876,0.34984645067809356,success,64,90.812066248672721,86.050774469262933,false,false,22.040326392719894,29.725099183548053,,,
2017-10-26T00:00:00,EURGBP,63,0.99813660459180664,0.31748368757465922,success,64,90.811878698405422,84.528388864934826,false,false,20.001472317203532,2092.6035373730601,,,
2017-10-27T00:00:00,EURGBP,63,0.98029577137022361,0.31756205235709412,success,64,90.804391765688635,86.897370696005453,false,false,20.00640929849693,172.5769781623876,,,
2017-10-30T00:00:00,EURGBP,63,0.97741055354021167,0.30162133642831451,success,64,90.793225151627553,87.025801195692196,false,false,19.002144194983813,511.8100721282479,,,
2017-10-31T00:00:00,EURGBP,63,0.67530421007443842,0.82824354287102608,success,64,90.809416950792468,90.077142392835512,false,false,52.179343200874641,1.0491054422375456,,,
2017-11-01T00:00:00,EURGBP,63,0.66506108580014267,0.81022818017338893,success,64,90.808174351535882,90.122243626278674,false,false,51.044375350923502,1.1118843328267556,,,
2017-11-02T00:00:00,EURGBP,63,0.99309697937235375,0.99999958905185649,success,64,90.79005716638332,85.821187932025026,false,false,62.999974110266962,4.0781649683441561,,,
2017-11-03T00:00:00,EURGBP,63,0.98838437461924811,0.97444320635700055,success,64,90.81206623686947,86.368345778925132,false,false,61.389922000491033,24.599193682965169,,,
2017-11-06T00:00:00,EURGBP,63,0.98539813486721817,0.95789346096057937,success,64,90.812066242190753,86.600169754225647,false,false,60.347288040516503,18.788563622003746,,,
2017-11-07T00:00:00,EURGBP,63,0.96776822150974262,0.94156419594404517,success,64,90.812066237436213,87.410026494929767,false,false,59.318544344474844,20.226292872151756,,,
2017-11-08T00:00:00,EURGBP,63,0.95560127649492088,0.92542909130952355,success,64,90.812066283849603,87.742936251733482,false,false,58.302032752499983,19.586947174882049,,,
2017-11-09T00:00:00,EURGBP,63,0.93360313550005758,0.9051690625306068,success,64,90.812066233687815,88.168664628197348,false,false,57.025650939428232,43.676909307165502,,,
2017-11-10T00:00:00,EURGBP,63,0.83646599686921819,0.69452344945585254,success,64,90.812066259568496,89.179901328190809,false,false,43.754977315718712,0.38990014499779846,,,
2017-11-13T00:00:00,EURGBP,63,0.95897116825770079,0.14287297262064319,success,64,90.812075695132748,87.660489717875762,false,false,9.0009972751005218,1418.1739193288952,,,
2017-11-14T00:00:00,EURGBP,63,0.84095003733544749,0.69907853533203368,success,64,90.810250416769719,89.144936550654336,false,false,44.041947725918121,14.603279991138386,,,
2017-11-15T00:00:00,EURGBP,63,0.82779217621748991,0.62829076804196338,success,64,90.811001328210267,89.240941225474501,false,false,39.582318386643692,0.29333290255676164,,,
2017-11-16T00:00:00,EURGBP,63,0.8050960643138092,0.60672346778955488,success,64,90.811775428852698,89.39332062367393,false,false,38.223578470741955,0.29595990785623161,,,
2017-11-17T00:00:00,EURGBP,63,0.77944240377460028,0.58846388725335386,success,64,90.812077065503019,89.549657136563866,false,false,37.073224896961293,0.3156610003896157,,,
2017-11-20T00:00:00,EURGBP,63,0.76904885721360849,0.57492866553062294,success,64,90.812066285293824,89.609117969431267,false,false,36.220505928429247,0.33412581240030198,,,
2017-11-21T00:00:00,EURGBP,63,0.7224855442329946,0.74473888719674086,success,64,90.812066938094077,89.855242550973443,false,false,46.918549893394676,1.6752393103382524,,,
2017-11-22T00:00:00,EURGBP,63,0.7348537994530363,0.53734814778693563,success,64,90.812066368758551,89.792676175673037,false,false,33.852933310576944,0.36049165435264646,,,
2017-11-23T00:00:00,EURGBP,63,0.67029936452222572,0.71046338485022775,success,64,90.81206870178363,90.102529353988231,false,false,44.759193245564347,1.6423194719179419,,,
2017-11-24T00:00:00,EURGBP,63,0.73790276058978166,0.48218133098977639,success,64,90.812066250287387,89.776969772778315,false,false,30.377423852355914,0.28535152909948081,,,
2017-11-27T00:00:00,EURGBP,63,0.74697165706391377,0.42648745622590217,success,64,90.811846434336388,89.72932070214253,false,false,26.868709742231836,0.24009291300320201,,,
2017-11-28T00:00:00,EURGBP,63,0.7408564617206701,0.42524931495166729,success,64,90.806025517009644,89.755600729393635,false,false,26.790706841955039,0.25394651082783903,,,
2017-11-29T00:00:00,EURGBP,63,0.76891199887613104,0.2812950246126778,success,64,90.770855263951773,89.568677332008363,false,false,17.721586550598701,0.58407352669760781,,,
2017-11-30T00:00:00,EURGBP,63,0.77544882734704135,0.26429726571458279,success,64,90.685762911419474,89.446424539393192,false,false,16.650727740018716,0.56711741368732671,,,
2017-12-01T00:00:00,EURGBP,63,0.76996301298761849,0.24665204610114166,success,64,90.628704137722465,89.420601768200939,false,false,15.539078904371925,0.60646996284554811,,,
2017-12-04T00:00:00,EURGBP,63,0.62871640493374337,0.59423781353460081,success,64,90.659703276544533,90.132989165858746,false,false,37.436982252679854,1.5961445339852618,,,
2017-12-05T00:00:00,EURGBP,63,0.96445656102412469,0.70555815215258744,success,64,90.648013502439099,87.347204290501736,false,false,44.450163585613005,1.4497776700452869,,,
2017-12-06T00:00:00,EURGBP,63,0.9723269580493954,0.69160639056826378,success,64,90.504051050263101,86.94481765030325,false,false,43.571202605800622,1.4988736387075325,,,
2017-12-07T00:00:00,EURGBP,63,0.91757086538693255,0.78308844077293061,success,64,90.623216628626338,88.213425764025004,false,false,49.33457176869463,0.46868376457958094,,,
2017-12-08T00:00:00,EURGBP,63,0.86185156131617402,0.75949967275146324,success,64,90.799238430665255,88.968484127184183,false,false,47.848479383342188,0.47081011934293815,,,
2017-12-11T00:00:00,EURGBP,63,0.86190441443550569,0.750812053395435,success,64,90.774719812591584,88.943521530606958,false,false,47.301159363912404,0.42428528528470799,,,
2017-12-12T00:00:00,EURGBP,63,0.92444542157553822,0.047203723060401631,success,64,90.791518851157733,88.287180125819376,false,false,2.973834552805303,0.34131975909444362,,,
2017-12-13T00:00:00,EURGBP,63,0.83878625978271637,0.082184152045541192,success,64,90.812066320038141,89.162841465467196,false,false,5.177601578869095,0.31526245880795878,,,
2017-12-14T00:00:00,EURGBP,63,0.72791794395935727,0.34954737348261727,success,64,90.812066252994839,89.8279816229132,false,false,22.021484529404887,20.336628355034644,,,
2017-12-15T00:00:00,EURGBP,63,0.79775575707674851,0.33343655735958427,success,64,90.812066238099703,89.439739846707312,false,false,21.00650311365381,86.522047279020754,,,
2017-12-18T00:00:00,EURGBP,63,0.84137187053867801,0.53967344899931124,success,64,90.812066258783233,89.143595174436584,false,false,33.99942728695661,1045.0704991987163,,,
2017-12-19T00:00:00,EURGBP,63,0.80382049014608647,0.61881603751992142,success,64,90.812067974785279,89.401722108179769,false,false,38.985410363755051,38.071094556716716,,,
2017-12-20T00:00:00,EURGBP,63,0.84059986317358748,0.50776476515652624,success,64,90.812066325429427,89.14936819037051,false,false,31.989180204861153,55.067008260361476,,,
2017-12-21T00:00:00,EURGBP,63,0.84313447251662887,0.58683334472018467,success,64,90.812066260414284,89.1303287239936,false,false,36.970500717371635,20.675731329594953,,,
2017-12-22T00:00:00,EURGBP,63,0.85973356765824815,0.57106487970030395,success,64,90.812066251993031,88.99898741798016,false,false,35.977087421119151,27.725484949156471,,,
2017-12-26T00:00:00,EURGBP,63,0.89315601473939887,0.46013996654328931,success,64,90.812066275394471,88.688674689972743,false,false,28.988817892227228,61.374649504677457,,,
2017-12-27T00:00:00,EURGBP,63,0.92236704263878722,0.44438085528541321,success,64,90.812066476400219,88.337115283382886,false,false,27.995993882981033,187.00364820087381,,,
2017-12-28T00:00:00,EURGBP,63,0.94510987450403117,0.42840213640554159,success,64,90.812066427840023,87.966098706665306,false,false,26.98933459354912,76.035550834241107,,,
2017-12-29T00:00:00,EURGBP,63,0.95100471699154365,0.50763996102606013,success,64,90.812066251173405,87.846271256950445,false,false,31.981317544641787,44.500118038548457,,,
2018-01-02T00:00:00,EURGBP,63,0.96707312661775868,0.49169969279951076,success,64,90.812066513641923,87.432081543383404,false,false,30.977080646369178,38.972654758257157,,,
2018-01-03T00:00:00,EURGBP,63,0.97222608916605535,0.47047725809155039,success,64,90.812066291033219,87.256575032455174,false,false,29.640067259767676,23.43747564444913,,,
2018-01-04T00:00:00,EURGBP,63,0.98399903599475314,0.36479214940711885,success,64,90.812066359329322,86.693090412710404,false,false,22.981905412648487,55.184000908547276,,,
2018-01-05T00:00:00,EURGBP,63,0.9822102451111937,0.34898143010342286,success,64,90.812066292642228,86.800883631863002,false,false,21.985830096515642,69.718193727823277,,,
2018-01-08T00:00:00,EURGBP,63,0.97276634260467565,0.32871663040734372,success,64,90.812066243967493,87.23637594441611,false,false,20.709147715662656,13.8441310703559,,,
2018-01-09T00:00:00,EURGBP,63,0.98321290117169458,0.3173107788266577,success,64,90.812066240966686,86.741851225701865,false,false,19.990579066079434,106.79236703947717,,,
2018-01-10T00:00:00,EURGBP,63,0.98663787130114211,0.29622894712470976,success,64,90.812066292940059,86.510187708371106,false,false,18.662423668856714,16.712036417924306,,,
2018-01-11T00:00:00,EURGBP,63,0.98934517431965274,0.38058310344478302,success,64,90.812066305453158,86.281035926308846,false,false,23.976735517021332,44.725388209481032,,,
2018-01-12T00:00:00,EURGBP,63,0.99135670892627814,0.36471644498255096,success,64,90.812066275549427,86.069775279120989,false,false,22.97713603390071,46.900712037498032,,,
2018-01-15T00:00:00,EURGBP,63,0.99449491896589293,0.34876156244923179,success,64,90.812066325021291,85.615502826033079,false,false,21.971978434301601,40.338569780177487,,,
2018-01-16T00:00:00,EURGBP,63,0.9974757546067351,0.73626488540389756,success,64,90.812066272649886,84.832780594248916,false,false,46.384687780445546,0.49830520851337889,,,
2018-01-17T00:00:00,EURGBP,63,0.95797786333085677,0.60209212423256053,success,64,90.812066471512139,87.685438343963739,false,false,37.931803826651311,13.711694857442938,,,
2018-01-18T00:00:00,EURGBP,63,0.9965856672250164,0.30127011635147088,success,64,90.812066326486232,85.135713315670216,false,false,18.980017330142665,60.229801740538242,,,
2018-01-19T00:00:00,EURGBP,63,0.99484053722086108,0.28439348580785279,success,64,90.783843318182861,85.522093319470983,false,false,17.916789605894724,14.625065185279441,,,
2018-01-22T00:00:00,EURGBP,63,0.98811458996113166,0.26934351570383092,success,64,90.812066496695522,86.39157942468384,false,false,16.968641489341348,34.324014009860718,,,
2018-01-23T00:00:00,EURGBP,63,0.99409321209464452,0.15436383024549302,success,64,90.812066260193291,85.686337465225748,false,false,9.7249213054660597,4.8982384036216997,,,
2018-01-24T00:00:00,EURGBP,63,0.98399932314852701,0.23801329460434134,success,64,90.812067002748819,86.693072818116079,false,false,14.994837560073504,0.45392555488885239,,,
2018-01-25T00:00:00,EURGBP,63,0.97924380444145409,0.22060428528767126,success,64,90.812066351838695,86.958130489398229,false,false,13.89806997312329,0.38797982221956262,,,
2018-01-26T00:00:00,EURGBP,63,0.98121402038572914,0.19196727140355971,success,64,90.812068020417982,86.856388245532784,false,false,12.093938098424262,0.33790946356087631,,,
2018-01-29T00:00:00,EURGBP,63,0.89418701152661717,0.47573937716159126,success,64,90.812067944243509,88.677826282081313,false,false,29.971580761180249,29.125070611312832,,,
2018-01-30T00:00:00,EURGBP,63,0.99764467812139168,0.065596463808202859,success,64,90.812066387519167,84.7633466054926,false,false,4.1325772199167803,3.6801038173311746,,,
2018-01-31T00:00:00,EURGBP,63,0.91531134363118105,0.44396930070317286,success,64,90.812066222672371,88.431783614531057,false,false,27.97006594429989,28.801716070200076,,,
2018-02-01T00:00:00,EURGBP,63,0.99945194203042353,1.6600143591928017e-08,success,64,90.81206622694998,83.303484942445806,false,false,1.0458090462914651e-06,0.99370524070255495,,,
2018-02-02T00:00:00,EURGBP,63,0.89813902545778135,0.612637528540108,success,64,90.784071858203546,88.607355873994081,false,false,38.596164298026807,0.30297333841992147,,,
2018-02-05T00:00:00,EURGBP,63,0.8896603780458554,0.59551909020219418,success,64,90.80528538446211,88.718008673912095,false,false,37.517702682738232,0.29818487640501695,,,
2018-02-06T00:00:00,EURGBP,63,0.88522389571734861,0.58001624595008805,success,64,90.810000285611849,88.767142994460329,false,false,36.541023494855544,0.32041923874821587,,,
2018-02-07T00:00:00,EURGBP,63,0.8842853928473462,0.56153386224814206,success,64,90.809205742964664,88.775552766311733,false,false,35.376633321632951,0.3172648429797898,,,
2018-02-08T00:00:00,EURGBP,63,0.8840820311791876,0.54764552314729997,success,64,90.802194536514861,88.770527458340069,false,false,34.501667958279896,0.3192884096424789,,,
2018-02-09T00:00:00,EURGBP,63,0.80429996247488877,0.71464006276213554,success,64,90.812066275414338,89.398677054310085,false,false,45.022323954014539,24.855720334175139,,,
2018-02-12T00:00:00,EURGBP,63,0.89244231239738936,0.51478769087533638,success,64,90.802992804224829,88.687058261124776,false,false,32.431624525146191,0.29565290170596131,,,
2018-02-13T00:00:00,EURGBP,63,0.88530558862043696,0.49896130306714304,success,64,90.812066268052476,88.76840468391319,false,false,31.43456209323001,0.31712486751430174,,,
2018-02-14T00:00:00,EURGBP,63,0.88162026879475419,0.48970184998039445,success,64,90.812067619775846,88.804203709372331,false,false,30.85121654876485,0.3455369983195693,,,
2018-02-15T00:00:00,EURGBP,63,0.87406256306308017,0.46827149201224255,success,64,90.812066279982503,88.874699575828686,false,false,29.501103996771281,0.34811777218291651,,,
2018-02-16T00:00:00,EURGBP,63,0.87251556252267415,0.45070437176019507,success,64,90.812066226218349,88.888680033745942,false,false,28.394375420892288,0.34920754202188592,,,
2018-02-19T00:00:00,EURGBP,63,0.87183986667585278,0.42895249621707493,success,64,90.812066311085616,88.894741066787603,false,false,27.02400726167572,0.34617956389548599,,,
2018-02-20T00:00:00,EURGBP,63,0.75440384034767949,0.60341766211871284,success,64,90.812066263584271,89.689827001235201,false,false,38.015312713478906,29.399715724593786,,,
2018-02-21T00:00:00,EURGBP,63,0.71655448165550462,0.58744601189933909,success,64,90.812066245363013,89.884631891935626,false,false,37.009098749658364,42.529147507543449,,,
2018-02-22T00:00:00,EURGBP,63,0.68054260107513898,0.57155255769093083,success,64,90.812066310479381,90.055799815967802,false,false,36.007811134528644,41.455720605658911,,,
2018-02-23T00:00:00,EURGBP,63,0.67190620800793477,0.55570641880863136,success,64,90.812066222628076,90.0952469819659,false,false,35.009504384943774,32.298758533395812,,,
2018-02-26T00:00:00,EURGBP,63,0.67186363482652078,0.53978575048779587,success,64,90.812066363182012,90.09544023708132,false,false,34.006502280731141,47.191663151668266,,,
2018-02-27T00:00:00,EURGBP,63,0.647271276354495,0.52388378892608767,success,64,90.812066612605605,90.20500039582609,false,false,33.004678702343526,54.970804851110124,,,
2018-02-28T00:00:00,EURGBP,63,0.87307627287845768,0.3200666393759739,success,64,90.812066253258607,88.883629664727337,false,false,20.164198280686357,0.34997519888939227,,,
2018-03-01T00:00:00,EURGBP,63,0.87658359841359001,0.30626224341228464,success,64,90.812066338366861,88.851598277643333,false,false,19.294521334973933,0.3521041217014711,,,
2018-03-02T00:00:00,EURGBP,63,0.72218839233425025,0.48079493992037597,success,64,90.812067029544068,89.85672420717826,false,false,30.290081214983687,20.969820516557249,,,
2018-03-05T00:00:00,EURGBP,63,0.69136867600497054,0.46584076449791662,success,64,90.812066311005736,90.005540528041536,false,false,29.347968163368748,22.725296681463004,,,
2018-03-06T00:00:00,EURGBP,63,0.72102384125013441,0.44447127568539152,success,64,90.812066310946307,89.862520432947576,false,false,28.001690368179666,236.3163474839121,,,
2018-03-07T00:00:00,EURGBP,63,0.62488771422152789,0.43402612605401503,success,64,90.8120662996606,90.301719733203214,false,false,27.343645941402947,24.801372889572558,,,
2018-03-08T00:00:00,EURGBP,63,0.50950325769031957,0.46515111967230582,success,64,90.812066253539669,90.774048644413611,false,false,29.304520539355266,21.855196981473281,,,
2018-03-09T00:00:00,EURGBP,63,0.60683114412748385,0.52379706151789418,success,64,90.81206649327045,90.378055100220635,false,false,32.999214875627331,330.65210990905115,,,
2018-03-12T00:00:00,EURGBP,63,0.69607786369174895,0.68241403827460567,success,64,90.812066263300167,89.983376274136972,false,false,42.992084411300155,57.689887374408634,,,
2018-03-13T00:00:00,EURGBP,63,0.73475915989169616,0.66650115872918692,success,64,90.812066212017442,89.793161683965195,false,false,41.989572999938773,49.439495346122904,,,
2018-03-14T00:00:00,EURGBP,63,0.77402029245588377,0.65061717079622872,success,64,90.812066419746074,89.580913534469914,false,false,40.988881760162407,50.938299460544734,,,
2018-03-15T00:00:00,EURGBP,63,0.64045452763667421,0.46028128331897095,success,64,90.812066239012566,90.234728772258862,false,false,28.99772084909517,150.6450976731808,,,
2018-03-16T00:00:00,EURGBP,63,0.73711669391098,0.44353565589005234,success,64,90.811953349740151,89.780917364335011,false,false,27.942746321073297,14.192799478384211,,,
2018-03-19T00:00:00,EURGBP,63,0.96517462012999766,0.3020291313895716,success,64,90.787844608276046,87.465881997379441,false,false,19.027835277543012,31.511434020227838,,,
2018-03-20T00:00:00,EURGBP,63,0.98741951894942059,0.85559819908621737,success,64,90.691294821151573,86.32834631735156,false,false,53.902686542431695,10.585729044320264,,,
2018-03-21T00:00:00,EURGBP,63,0.99390151165204654,0.84027628606793259,success,64,90.726167195782338,85.632570005537744,false,false,52.937406022279752,13.38221499438955,,,
2018-03-22T00:00:00,EURGBP,63,0.65317482786042702,0.49201547178356198,success,64,90.716516842713574,90.08349284530594,false,false,30.996974722364403,12.4317225810626,,,
2018-03-23T00:00:00,EURGBP,63,0.69507873502695494,0.47619181829349544,success,64,90.713410624432044,89.889439093127478,false,false,30.000084552490211,110.91212253669423,,,
2018-03-26T00:00:00,EURGBP,63,0.80111482220071561,0.36561656151917188,success,64,90.701929404514161,89.308652781368792,false,false,23.033843375707828,16.312959519257252,,,
2018-03-27T00:00:00,EURGBP,63,0.99832304499974467,0.7645878769254747,success,64,90.694600903234033,84.305503635916978,false,false,48.169036246304906,1.386642230293109,,,
2018-03-28T00:00:00,EURGBP,63,0.99720928606517012,0.74872726120632882,success,64,90.714868465905781,84.83620525587942,false,false,47.169817455998718,1.2810607240562821,,,
2018-03-29T00:00:00,EURGBP,63,0.94254025492409044,0.473982507713271,success,64,90.7465461791748,87.949052166962488,false,false,29.860897985936074,18.916325432584653,,,
2018-03-30T00:00:00,EURGBP,63,0.96141714146344737,0.45796271577085162,success,64,90.722852867852339,87.507252581336388,false,false,28.851651093563653,18.039976891302626,,,
2018-04-02T00:00:00,EURGBP,63,0.86569990659800888,0.3808727325808976,success,64,90.736531057447692,88.873069536119544,false,false,23.994982152596549,79.50068398639506,,,
2018-04-03T00:00:00,EURGBP,63,0.96696640941903966,0.42414778636706268,success,64,90.713873662652631,87.33723484485526,false,false,26.72131054112495,33.389728989142469,,,
2018-04-04T00:00:00,EURGBP,63,0.97658926420369685,0.4060986198952935,success,64,90.665033796449563,86.934162349779058,false,false,25.584213053403492,29.334288261693089,,,
2018-04-05T00:00:00,EURGBP,63,0.9973625951461802,0.65228137642587902,success,64,90.758023225793139,84.822704259514651,false,false,41.093726714830382,1.0342873654883815,,,
2018-04-06T00:00:00,EURGBP,63,0.97408324864154261,0.37791990376503987,success,64,90.77529901319825,87.148691772559943,false,false,23.808953937197511,19.073457536744705,,,
2018-04-09T00:00:00,EURGBP,63,0.96131941350028405,0.18933347630475145,success,64,90.77405044488458,87.561081548305722,false,false,11.928009007199341,22.902675570018925,,,
2018-04-10T00:00:00,EURGBP,63,0.98826169242332573,0.34268862788246868,success,64,90.808897991517028,86.375808103259544,false,false,21.589383556595525,26.914640917047443,,,
2018-04-11T00:00:00,EURGBP,63,0.9982442013073386,0.57161096137067025,success,64,90.811863986170948,84.468789898029499,false,false,36.011490566352222,17.017908827841204,,,
2018-04-12T00:00:00,EURGBP,63,0.97277660874425553,0.31671001787729552,success,64,90.812066272102697,87.235988382842464,false,false,19.952731126269619,43.857208149445832,,,
2018-04-13T00:00:00,EURGBP,63,0.99007597915067069,0.52375697409112087,success,64,90.812066235893084,86.209242715819599,false,false,32.996689367740615,13.974387985906221,,,
2018-04-16T00:00:00,EURGBP,63,0.99339046343863513,0.54270982473070017,success,64,90.812066354286131,85.799456091240359,false,false,34.190718958034111,0.83799032187935074,,,
2018-04-17T00:00:00,EURGBP,63,0.85005942341296836,0.69814312416865409,success,64,90.812066345417378,89.076999147998237,false,false,43.98301682262521,42.154664450209722,,,
2018-04-18T00:00:00,EURGBP,63,0.95634687415815545,0.49007466529251781,success,64,90.811551151004522,87.724705355904376,false,false,30.874703913428622,1.9675807220997599,,,
2018-04-19T00:00:00,EURGBP,63,0.97242731383129088,0.48922943879442027,success,64,90.571875101588645,87.00890542159695,false,false,30.821454644048476,1.00636348913889,,,
2018-04-20T00:00:00,EURGBP,63,0.96538140610336798,0.47538461092103046,success,64,90.39139536771161,87.06326303854847,false,false,29.94923048802492,1.0370730280587965,,,
2018-04-23T00:00:00,EURGBP,63,0.96378173868325034,0.4716933851119135,success,64,90.144562259739956,86.86326085081906,false,false,29.716683262050552,0.63122321791175107,,,
2018-04-24T00:00:00,EURGBP,63,0.88897740349439269,0.48181190709478422,success,64,89.084040234102673,87.003702169520309,false,false,30.354150146971406,0.43465548930775122,,,
2018-04-25T00:00:00,EURGBP,63,0.88810399890718739,0.47044053583974033,success,64,89.287234205686289,87.215715231908504,false,false,29.637753757903642,0.43668533034918861,,,
2018-04-26T00:00:00,EURGBP,63,0.90851884833563845,0.45583866908967396,success,64,89.222869826891852,86.927187150939147,false,false,28.717836152649461,0.41678948235079849,,,
2018-04-27T00:00:00,EURGBP,63,0.98998972511847827,0.90588379906135441,success,64,90.228684632145743,85.634602121380752,false,false,57.070679340865325,0.16041057358463678,,,
2018-04-30T00:00:00,EURGBP,63,0.99064327188506385,0.8331016780260404,success,64,90.711345844567305,86.049087011875628,false,false,52.485405715640546,0.16341881133914796,,,
2018-05-01T00:00:00,EURGBP,63,0.98882824642654354,0.79184043026714468,success,64,90.706220279332186,86.223088216992807,false,false,49.885947106830116,0.15985368809121922,,,
2018-05-02T00:00:00,EURGBP,63,0.98074639655466345,0.73177554536713907,success,64,90.771074682558876,86.84045900683023,false,false,46.101859358129758,0.15202559207981223,,,
2018-05-03T00:00:00,EURGBP,63,0.97172913026510765,0.74668980907058036,success,64,90.812066297549507,87.274821141019601,false,false,47.041457971446562,23.425242780629127,,,
2018-05-04T00:00:00,EURGBP,63,0.95111970623561026,0.90444193475255685,success,64,90.812066253897626,87.843800649963981,false,false,56.979841889411084,15.553634964234872,,,
2018-05-07T00:00:00,EURGBP,63,0.97373835470703973,0.71474808634010922,success,64,90.812066267717711,87.199033150697673,false,false,45.029129439426882,33.011796998396449,,,
2018-05-08T00:00:00,EURGBP,63,0.97549296473596381,0.69861852577373085,success,64,90.812066214672583,87.128083496556499,false,false,44.012967123745042,74.141010727502405,,,
2018-05-09T00:00:00,EURGBP,63,0.98278878730502517,0.68457549775933257,success,64,90.6698516775852,86.625018518226767,false,false,43.128256358837952,16.231562203710226,,,
2018-05-10T00:00:00,EURGBP,63,0.99641876189856848,0.67068367281990793,success,64,90.803157476565985,85.174698442682796,false,false,42.253071387654202,10.311267346547668,,,
2018-05-11T00:00:00,EURGBP,63,0.99475276007854274,0.65326504984191791,success,64,90.796643634844017,85.55185162000862,false,false,41.155698140040826,17.071998165771696,,,
2018-05-14T00:00:00,EURGBP,63,0.99222702945803753,0.6368431449949169,success,64,90.805209922233644,85.95591038124347,false,false,40.121118134679762,21.636887975854837,,,
2018-05-15T00:00:00,EURGBP,63,0.99031386819165179,0.62239782668680921,success,64,90.790793075236948,86.163466295795558,false,false,39.211063081268982,12.145406705964577,,,
2018-05-16T00:00:00,EURGBP,63,0.98461677574874884,0.60569922189285974,success,64,90.793429476221405,86.634454552235766,false,false,38.159050979250161,16.140021730212407,,,
2018-05-17T00:00:00,EURGBP,63,0.97821480634176305,0.76925993499605394,success,64,90.770109994725729,86.965611259473533,false,false,48.463375904751395,30.875450399773801,,,
2018-05-18T00:00:00,EURGBP,63,0.98009667106590692,0.57315040783472726,success,64,90.759001295898869,86.862237086014886,false,false,36.10847569358782,19.544988008293377,,,
2018-05-21T00:00:00,EURGBP,63,0.98904371180084716,0.55770757861196951,success,64,90.701925835141495,86.199100862715284,false,false,35.135577452554081,14.108410047343611,,,
2018-05-22T00:00:00,EURGBP,63,0.98406217211510916,0.54166404373993793,success,64,90.736922032922436,86.613928350698984,false,false,34.124834755616092,15.459584552181454,,,
2018-05-23T00:00:00,EURGBP,63,0.9762408250012542,0.52402048733227768,success,64,90.722483763805897,87.006743232518915,false,false,33.013290701933492,66.090311955902393,,,
2018-05-24T00:00:00,EURGBP,63,0.97781570768927495,0.50831473173507813,success,64,90.694156397768893,86.908219668309385,false,false,32.023828099309924,36.523171311142725,,,
2018-05-25T00:00:00,EURGBP,63,0.9767807477675633,0.49290274499905129,success,64,90.671979164940808,86.932698723983648,false,false,31.052872934940233,15.834776266371296,,,
2018-05-28T00:00:00,EURGBP,63,0.99408824627904191,0.4774771438231265,success,64,90.532793899925579,85.407910443551657,false,false,30.08106006085697,14.244243507601862,,,
2018-05-29T00:00:00,EURGBP,63,0.9960003810792738,0.46142776974352478,success,64,90.718154738053244,85.200606184621975,false,false,29.06994949384206,15.92053989197915,,,
2018-05-30T00:00:00,EURGBP,63,0.99856973419726847,0.4448442553338251,success,64,90.810879299507775,84.26241561316985,false,false,28.02518808603098,51.035757792710378,,,
2018-05-31T00:00:00,EURGBP,63,0.99722444807017674,0.29327701610597839,success,64,90.759711872252325,84.875585625238159,false,false,18.476452014676639,0.21380033936250289,,,
2018-06-01T00:00:00,EURGBP,63,0.99433821540435718,0.57599922272618953,success,64,90.791998761469117,85.62366049784292,false,false,36.287951031749941,3.7578185896450971,,,
2018-06-04T00:00:00,EURGBP,63,0.63329857410882118,0.66674079151727816,success,64,90.812066252550807,90.265672224066932,false,false,42.004669865588525,61.672821113067599,,,
2018-06-05T00:00:00,EURGBP,63,0.62895248389551972,0.65086664486623114,success,64,90.812066357406451,90.284340776015696,false,false,41.004598626572559,60.71152884098904,,,
2018-06-06T00:00:00,EURGBP,63,0.99561988101814369,0.36974484073180047,success,64,90.812066412927848,85.38577676257934,false,false,23.293924966103429,18.369901332543332,,,
2018-06-07T00:00:00,EURGBP,63,0.99456154680636955,0.34929609325540528,success,64,90.812066252256542,85.603258949721123,false,false,22.005653875090534,223.7430149460713,,,
2018-06-08T00:00:00,EURGBP,63,0.99131111455927967,0.33359274546389034,success,64,90.812067006286526,86.075083254572874,false,false,21.016342964225093,74.623825165252029,,,
2018-06-11T00:00:00,EURGBP,63,0.98457502049691847,0.31770187617399792,success,64,90.812066252375033,86.655844396555977,false,false,20.015218198961868,75.419136512205796,,,
2018-06-12T00:00:00,EURGBP,63,0.66594944345114704,0.84146372153619275,success,64,90.812066175956303,90.122144767465912,false,false,53.012214456780143,41.619892961558165,,,
2018-06-13T00:00:00,EURGBP,63,0.64198818105639077,0.82579989360378614,success,64,90.812066479597945,90.228062585311648,false,false,52.025393297038526,17.846745673366371,,,
2018-06-14T00:00:00,EURGBP,63,0.84859181755504365,0.81409625113745299,success,64,90.812067754766886,89.088468849086425,false,false,51.288063821659541,18.841609359085925,,,
2018-06-15T00:00:00,EURGBP,63,0.81981753909651733,0.97259429277867615,success,64,90.812066559001977,89.296954765958375,false,false,61.2734404450566,20.885605316804057,,,
2018-06-18T00:00:00,EURGBP,63,0.99492369241820111,0.23813134717420692,success,64,90.812066291262752,85.533984391409405,false,false,15.002274871975036,660.13196415881328,,,
2018-06-19T00:00:00,EURGBP,63,0.9929896337871349,0.22280254027955446,success,64,90.812066215893168,85.858735932365192,false,false,14.036560037611931,40.788998385439847,,,
2018-06-20T00:00:00,EURGBP,63,0.59921026884340123,0.47638872791301667,success,64,90.812066297994377,90.409890656924759,false,false,30.012489858520052,13.114298799885118,,,
2018-06-21T00:00:00,EURGBP,63,0.58501275711076728,0.46043836307403263,success,64,90.812066213054763,90.468680338765992,false,false,29.007616873664055,15.36485627050412,,,
2018-06-22T00:00:00,EURGBP,63,0.81989990039453908,0.33383370623337633,success,64,90.812066224386442,89.296396769507382,false,false,21.031523492702707,20.710343649590833,,,
2018-06-25T00:00:00,EURGBP,63,0.76562697673580693,0.64753829609229874,success,64,90.812066208298688,89.628285095326248,false,false,40.794912653814819,0.67877547919343018,,,
2018-06-26T00:00:00,EURGBP,63,0.7476614654077447,0.62881770290269112,success,64,90.812066255802421,89.725887543837189,false,false,39.615515282869538,0.67253651750812282,,,
2018-06-27T00:00:00,EURGBP,63,0.73721796483489122,0.61150196815358671,success,64,90.81206627161481,89.780507602037645,false,false,38.524623993675959,0.68293437268578294,,,
2018-06-28T00:00:00,EURGBP,63,0.73500444421151434,0.59362639199537615,success,64,90.812066283232994,89.791902792728266,false,false,37.398462695708695,0.65587856516381071,,,
2018-06-29T00:00:00,EURGBP,63,0.63699321927266672,0.44419812637885253,success,64,90.812066266605342,90.249728769653728,false,false,27.984481961867708,15.553613046806873,,,
2018-07-02T00:00:00,EURGBP,63,0.65185076681747678,0.42829687211084411,success,64,90.812066367422347,90.184881935780197,false,false,26.982702942983178,15.763224441967358,,,
2018-07-03T00:00:00,EURGBP,63,0.67621031835770173,0.41237983335250833,success,64,90.812066217977446,90.075656242774031,false,false,25.979929501208026,16.024787292724323,,,
2018-07-04T00:00:00,EURGBP,63,0.65841015289041027,0.69808408368390773,success,64,90.812066357877143,90.155849027979315,false,false,43.979297272086185,16.339156937797874,,,
2018-07-05T00:00:00,EURGBP,63,0.91875329782742787,0.80726489544196467,success,64,90.812066329409433,88.386538921157637,false,false,50.857688412843771,2.3690744358098228,,,
2018-07-06T00:00:00,EURGBP,63,0.75508330614955244,0.3647771941652096,success,64,90.812066902102544,89.686156947292389,false,false,22.980963232408204,24.058455048952951,,,
2018-07-09T00:00:00,EURGBP,63,0.78004131680097644,0.20257431002954221,success,64,90.812066251777068,89.546159088312891,false,false,12.76218153186116,18.410860439632142,,,
2018-07-10T00:00:00,EURGBP,63,0.8314017658187739,0.18703240888318368,success,64,90.812066254588714,89.216471675954381,false,false,11.783041759640572,19.522624881547703,,,
2018-07-11T00:00:00,EURGBP,63,0.77166159018307556,0.17222140494276358,success,64,90.812066814999596,89.594349497887279,false,false,10.849948511394105,20.218790455573888,,,
2018-07-12T00:00:00,EURGBP,63,0.82988050782166967,0.15669377507507529,success,64,90.812066246226479,89.22728560758172,false,false,9.8717078297297434,17.982650563331685,,,
2018-07-13T00:00:00,EURGBP,63,0.85159264832167247,0.14155146175438718,success,64,90.81206689874945,89.064919467668375,false,false,8.9177420905263922,17.750572617069661,,,
2018-07-16T00:00:00,EURGBP,63,0.8905616530135132,0.12569692810154134,success,64,90.812068319995603,88.715577334979187,false,false,7.9189064703971042,18.002743573466237,,,
2018-07-17T00:00:00,EURGBP,63,0.8227004122532604,0.53977170802484431,success,64,90.812066753891216,89.2773155265225,false,false,34.005617605565192,13.702953702035979,,,
2018-07-18T00:00:00,EURGBP,63,0.99053395365519104,0.65700051190212827,success,64,90.812066863345649,86.161534045881226,false,false,41.391032249834083,4.8466500641730939,,,
2018-07-19T00:00:00,EURGBP,63,0.98622298160922406,0.64077360426434848,success,64,90.812070076883828,86.541189470123342,false,false,40.368737068653957,4.1111641165289825,,,
2018-07-20T00:00:00,EURGBP,63,0.98977978176697701,0.63010405798530689,success,64,90.812066457345949,86.238951919693292,false,false,39.696555653074334,2.4509496479665915,,,
2018-07-23T00:00:00,EURGBP,63,0.99402178474324487,0.60847613406192169,success,64,90.812066389070182,85.698429337782301,false,false,38.333996445901064,3.9401019881541011,,,
2018-07-24T00:00:00,EURGBP,63,0.99195482974727778,0.59250298789180755,success,64,90.812066250890396,85.997460621942551,false,false,37.327688237183878,3.7603145167744603,,,
2018-07-25T00:00:00,EURGBP,63,0.93312305892017267,0.15831441861225998,success,64,90.812066249324076,88.176383391513184,false,false,9.9738083725723783,36.110983919726721,,,
2018-07-26T00:00:00,EURGBP,63,0.68757761851283528,0.27834316219189598,success,64,90.812066421103978,90.023247757365056,false,false,17.535619218089447,0.95511963066330285,,,
2018-07-27T00:00:00,EURGBP,63,0.64151498701828691,0.12680703697777904,success,64,90.812066246110419,90.230120554240159,false,false,7.9888433296000798,32.225608352261702,,,
2018-07-30T00:00:00,EURGBP,63,0.98733030986189052,0.5387477258181318,success,64,90.812066335368357,86.456274229162517,false,false,33.941106726542301,2.6322369821776332,,,
2018-07-31T00:00:00,EURGBP,63,0.99246876310686905,0.52252281974508696,success,64,90.812066503250534,85.930930254482902,false,false,32.918937643940481,2.6318356478221547,,,
2018-08-01T00:00:00,EURGBP,63,0.99180235624338753,0.50066501667898666,success,64,90.812066746642969,86.016389663090081,false,false,31.54189605077616,7.8224858247638052,,,
2018-08-02T00:00:00,EURGBP,63,0.99463953508860181,0.4829426546578478,success,64,90.812066293565266,85.588736606859882,false,false,30.425387243444412,7.6056314590262728,,,
2018-08-03T00:00:00,EURGBP,63,0.99535529852249405,0.46672054047447981,success,64,90.812066314755981,85.444693660104363,false,false,29.403394049892228,7.3536053052763002,,,
2018-08-06T00:00:00,EURGBP,63,0.99504134724083815,0.45034329181631089,success,64,90.812067995695571,85.510417787088841,false,false,28.371627384427587,6.1377464931578984,,,
2018-08-07T00:00:00,EURGBP,63,0.9944720544298995,0.43406542100086654,success,64,90.812066252614983,85.619670495034285,false,false,27.346121523054592,4.8479571402453674,,,
2018-08-08T00:00:00,EURGBP,63,0.97864196877116805,0.4187864234756557,success,64,90.812066262449022,86.987328236879563,false,false,26.38354467896631,5.9497695205338745,,,
2018-08-09T00:00:00,EURGBP,63,0.98101573955264343,0.40277779461366192,success,64,90.812066221433554,86.86708795594879,false,false,25.375001060660701,5.9451902441909965,,,
2018-08-10T00:00:00,EURGBP,63,0.95993847171784519,0.38686341065136581,success,64,90.812066591783974,87.635613880675763,false,false,24.372394871036047,5.9446052385391557,,,
2018-08-13T00:00:00,EURGBP,63,0.96661228971122393,0.3706629718274117,success,64,90.812066330956569,87.446456734099769,false,false,23.351767225126938,5.4924415378470126,,,
2018-08-14T00:00:00,EURGBP,63,0.97364354537454234,0.35483888788407508,success,64,90.812066229696569,87.202734165191771,false,false,22.354849936696731,4.8532261909146142,,,
2018-08-15T00:00:00,EURGBP,63,0.98003471115277685,0.34460404034737396,success,64,90.812066246582688,86.918473464091804,false,false,21.71005454188456,2.4113972578545084,,,
2018-08-16T00:00:00,EURGBP,63,0.98662845104334473,0.32233125147966524,success,64,90.812066283533895,86.510901995241042,false,false,20.306868843218911,3.7553780679395836,,,
2018-08-17T00:00:00,EURGBP,63,0.98486738179795441,0.30660950798232978,success,64,90.812066276839857,86.636411842392008,false,false,19.316399002886776,3.7961319958104429,,,
2018-08-20T00:00:00,EURGBP,63,0.99117824109877306,0.29571992703500621,success,64,90.812066354435657,86.09039324848581,false,false,18.630355403205392,2.3336386222689844,,,
2018-08-21T00:00:00,EURGBP,63,0.99470722550063595,0.27903651212091496,success,64,90.812066245503487,85.575960385781286,false,false,17.579300263617643,2.2881766944307422,,,
2018-08-22T00:00:00,EURGBP,63,0.99684077276677874,0.25696116089491022,success,64,90.81206684470655,85.057803245094931,false,false,16.188553136379344,2.7470081334767333,,,
2018-08-23T00:00:00,EURGBP,63,0.99808067172758475,0.23994595349295803,success,64,90.812066220010919,84.558207380279896,false,false,15.116595070056356,2.5500108539317896,,,
2018-08-24T00:00:00,EURGBP,63,0.99754966693417169,0.22212865963148973,success,64,90.812067712738724,84.80298973435454,false,false,13.994105556783852,2.4311761005883339,,,
2018-08-27T00:00:00,EURGBP,63,0.99831187722657633,0.20513841235222435,success,64,90.812066423683305,84.429617820559216,false,false,12.923719978190134,2.3639288682365449,,,
2018-08-28T00:00:00,EURGBP,63,0.8934496359699633,0.062503608783935113,success,64,90.81206627356967,88.685594082745382,false,false,3.9377273533879125,11.234022513342619,,,
2018-08-29T00:00:00,EURGBP,63,0.86907722317947667,0.048468385166718413,success,64,90.81206672608657,88.919242399815104,false,false,3.0535082655032602,1.2671372297146106,,,
2018-08-30T00:00:00,EURGBP,63,0.92706151373612489,0.16846194326182037,success,64,90.812066390647956,88.269662901420276,false,false,10.613102425494684,1.9151152170410968,,,
2018-08-31T00:00:00,EURGBP,63,0.95592190072560568,0.95266135964176724,success,64,90.812066435509152,87.735353263602121,false,false,60.017665657431337,90.091221468801365,,,
2018-09-03T00:00:00,EURGBP,63,0.99319963713220549,0.94107280803763227,success,64,90.812066421022166,85.828110706409674,false,false,59.287586906370834,21.354452598064224,,,
2018-09-04T00:00:00,EURGBP,63,0.98805694276359535,0.92539369590999343,success,64,90.81206630469913,86.396476099375363,false,false,58.299802842329584,20.64264468646606,,,
2018-09-05T00:00:00,EURGBP,63,0.97602918083075274,0.90491052965370522,success,64,90.812066262245835,87.105411000520306,false,false,57.009363368183429,145.4159773956753,,,
2018-09-06T00:00:00,EURGBP,63,0.96547297611167093,0.88902086821913151,success,64,90.812066310474307,87.481190517052553,false,false,56.008314697805282,148.52607789657245,,,
2018-09-07T00:00:00,EURGBP,63,0.81458750392177914,0.62019665974212501,success,64,90.812066278269612,89.331967474811265,false,false,39.072389563753873,6.2709486915494539,,,
2018-09-10T00:00:00,EURGBP,63,0.96408235183723345,0.47055236602853839,success,64,90.768617575156,87.47866962395706,false,false,29.644799059797919,0.10163630149819529,,,
2018-09-11T00:00:00,EURGBP,63,0.94610050818072045,0.37883092354899639,success,64,90.523256610882029,87.6580288516964,false,false,23.866348183586773,0.1032785073237894,,,
2018-09-12T00:00:00,EURGBP,63,0.98455347771688462,0.56400634294902874,success,64,90.272848166200149,86.11804383298653,false,false,35.532399605788811,1.8246282803913865,,,
2018-09-13T00:00:00,EURGBP,63,0.97726515478083908,0.54748509101797904,success,64,90.331608344102108,86.57074911118265,false,false,34.491560734132676,1.8413581511412598,,,
2018-09-14T00:00:00,EURGBP,63,0.98259660365364321,0.53115599440639327,success,64,90.458284723208749,86.424751439461744,false,false,33.462827647602779,2.041608064540823,,,
2018-09-17T00:00:00,EURGBP,63,0.97573688770619038,0.51461988755471721,success,64,90.333280395781188,86.639044612377774,false,false,32.421052915947186,2.1671468768337712,,,
2018-09-18T00:00:00,EURGBP,63,0.96903357978263605,0.49844473129004879,success,64,90.377987961679381,86.934592094915544,false,false,31.402018071273073,2.1420103831004473,,,
2018-09-19T00:00:00,EURGBP,63,0.963960952130265,0.48254274127521402,success,64,90.223846346684041,86.937398572665188,false,false,30.400192700338483,2.1933504238805281,,,
2018-09-20T00:00:00,EURGBP,63,0.96013216151370184,0.47493173934124344,success,64,90.336479602359319,87.154978605014861,false,false,29.920699578498336,15.626021267542161,,,
2018-09-21T00:00:00,EURGBP,63,0.99513451423848098,0.45456881279428812,success,64,90.485112583354876,85.164401224003029,false,false,28.637835206040151,1.8242746788803876,,,
2018-09-24T00:00:00,EURGBP,63,0.99705997178064831,0.66351154677336022,success,64,90.77432584468869,84.947934104022025,false,false,41.801227446721697,9.5580389530931456,,,
2018-09-25T00:00:00,EURGBP,63,0.99614655521526796,0.62962068474817856,success,64,90.738555779865479,85.183628886846222,false,false,39.666103139135252,0.90310959227575249,,,
2018-09-26T00:00:00,EURGBP,63,0.9958600603085298,0.61186930363327752,success,64,90.716443251086616,85.233517725524962,false,false,38.547766128896484,0.93584267558837475,,,
2018-09-27T00:00:00,EURGBP,63,0.99283975829725979,0.59349782997454903,success,64,90.707322089993767,85.775296548040927,false,false,37.390363288396586,0.93603333618505891,,,
2018-09-28T00:00:00,EURGBP,63,0.98890479181647739,0.57579096823467224,success,64,90.695561441018597,86.205476701084677,false,false,36.274830998784353,0.93453544454078219,,,
2018-10-01T00:00:00,EURGBP,63,0.98381335852394491,0.57319215581160166,success,64,90.736782300833639,86.629532399894046,false,false,36.111105816130902,1.3499026313924729,,,
2018-10-02T00:00:00,EURGBP,63,0.98734700282202648,0.56098525783023079,success,64,90.719791401597774,86.36266396885199,false,false,35.342071243304538,1.4082631811207951,,,
2018-10-03T00:00:00,EURGBP,63,0.98678432192067689,0.54801042248407661,success,64,90.753099566883122,86.440051928229622,false,false,34.524656616496827,27.345832449660922,,,
2018-10-04T00:00:00,EURGBP,63,0.99007552625266215,0.57849021219333518,success,64,90.720466339120676,86.117688911987045,false,false,36.444883368180115,28.907911625931973,,,
2018-10-05T00:00:00,EURGBP,63,0.97188415088940339,0.29550111694382108,success,64,90.578316982767959,87.035413814363906,false,false,18.616570367460728,3.5492556377230327,,,
2018-10-08T00:00:00,EURGBP,63,0.9758749569725933,0.48753988947198124,success,64,90.548233514331542,86.848149484725099,false,false,30.715013036734817,1.2067409733794587,,,
2018-10-09T00:00:00,EURGBP,63,0.98549702097605107,0.53093269838556456,success,64,90.50406464424988,86.285272618769127,false,false,33.448759998290569,32.897303913468235,,,
2018-10-10T00:00:00,EURGBP,63,0.89991478577384787,0.2468729961744299,success,64,90.473236155706758,88.276958044721141,false,false,15.552998758989084,3.5229201066897207,,,
2018-10-11T00:00:00,EURGBP,63,0.88152212503760718,0.2311328982227841,success,64,90.506261320257053,88.499337453393565,false,false,14.561372588035399,3.2496323924072228,,,
2018-10-12T00:00:00,EURGBP,63,0.73891875256451112,0.7181677452491837,success,64,90.507800889539013,89.46744456877488,false,false,45.244567950698574,1.4960238942426196,,,
2018-10-15T00:00:00,EURGBP,63,0.70206546173952944,0.71505719456965489,success,64,90.524610648960092,89.667457791048093,false,false,45.04860325788826,8.1163975826459183,,,
2018-10-16T00:00:00,EURGBP,63,0.71868261047663196,0.68317732474157344,success,64,90.62589849398266,89.687962197615249,false,false,43.040171458719129,1.4219631812238958,,,
2018-10-17T00:00:00,EURGBP,63,0.59244598653693681,0.52474020150138012,success,64,90.547357168770716,90.173270934152683,false,false,33.058632694586947,2.3875905660988752,,,
2018-10-18T00:00:00,EURGBP,63,0.59754352147970058,0.50869270960406232,success,64,90.571922731080747,90.176682573743662,false,false,32.047640705055926,2.4022355182467607,,,
2018-10-19T00:00:00,EURGBP,63,0.60518274219835766,0.49231625178548499,success,64,90.530022538475066,90.102915092206757,false,false,31.015923862485554,2.4193776141091883,,,
2018-10-22T00:00:00,EURGBP,63,0.93445831224417575,0.31493555702638215,success,64,90.466595330788792,87.809314709056238,false,false,19.840940092662077,1.0077642486243301,,,
2018-10-23T00:00:00,EURGBP,63,0.84618275970049583,0.68932591265126042,success,64,90.493619502730425,88.788649284804876,false,false,43.427532497029404,2.6347219561037605,,,
2018-10-24T00:00:00,EURGBP,63,0.88121634548631911,0.67216562145451031,success,64,90.481312912055898,88.47731355737146,false,false,42.346434151634149,2.7562558778722304,,,
2018-10-25T00:00:00,EURGBP,63,0.89023699451691307,0.65569767953139979,success,64,90.481070941336114,88.387906774003127,false,false,41.308953810478187,2.7505991201061049,,,
2018-10-26T00:00:00,EURGBP,63,0.92251393232736545,0.6394886828556734,success,64,90.420073839518679,87.94306950915653,false,false,40.287787019907427,2.7651404527233536,,,
2018-10-29T00:00:00,EURGBP,63,0.72937560375676358,0.48067887928141906,success,64,90.43651207773253,89.445055114701674,false,false,30.282769394729399,0.80606194224353156,,,
2018-10-30T00:00:00,EURGBP,63,0.72602467417291083,0.46485864530648435,success,64,90.409876813024084,89.435330862919969,false,false,29.286094654308513,0.81421487315396368,,,
2018-10-31T00:00:00,EURGBP,63,0.75404587081226004,0.45314543250420974,success,64,90.670619139887179,89.55031098893744,false,false,28.548162247765212,0.72124902487979714,,,
2018-11-01T00:00:00,EURGBP,63,0.72255445812011843,0.44191599720268177,success,64,90.173806054725702,89.216637931468838,false,false,27.840707823768952,0.65488612949937008,,,
2018-11-02T00:00:00,EURGBP,63,0.72745866698335937,0.42473737048302479,success,64,90.432502626858422,89.450735727965906,false,false,26.758454340430561,0.65200429203395827,,,
2018-11-05T00:00:00,EURGBP,63,0.72586777832844784,0.41013835758526818,success,64,90.636614256172479,89.662856932286829,false,false,25.838716527871895,0.64949100228692569,,,
2018-11-06T00:00:00,EURGBP,63,0.81134115986201194,0.90492782158178153,success,64,90.481651775719754,89.02290344969191,false,false,57.010452759652239,79.572298120752649,,,
2018-11-07T00:00:00,EURGBP,63,0.78196698300976131,0.7109749487640723,success,64,90.525541356303123,89.248375343269032,false,false,44.791421772136552,0.20404610196773074,,,
2018-11-08T00:00:00,EURGBP,63,0.75381192449000189,0.69522015760586053,success,64,90.508638051151834,89.389590929692531,false,false,43.798869929169214,0.2195782597984158,,,
2018-11-09T00:00:00,EURGBP,63,0.79558850351959842,0.50560194241207168,success,64,90.521465003077338,89.162518008037452,false,false,31.852922371960517,1.1335362820748673,,,
2018-11-12T00:00:00,EURGBP,63,0.80302551220678442,0.48758757839472106,success,64,90.510622860970585,89.105310593175659,false,false,30.718017438867427,1.1662654252434792,,,
2018-11-13T00:00:00,EURGBP,63,0.82584535082627819,0.46964218751612097,success,64,90.528860023028614,88.97239618647005,false,false,29.58745781351562,1.193133845811827,,,
2018-11-14T00:00:00,EURGBP,63,0.851743061289994,0.45080000849336183,success,64,90.572671510006742,88.824333440812325,false,false,28.400400535081793,1.2512872488989069,,,
2018-11-15T00:00:00,EURGBP,63,0.82205177871333424,0.30135615438664931,success,64,90.581046970310268,89.050736202429462,false,false,18.985437726358906,0.55910468381942591,,,
2018-11-16T00:00:00,EURGBP,63,0.80270118246046296,0.27891525578927573,success,64,90.306612202423409,88.903349103983061,false,false,17.571661114724371,0.53649095310010564,,,
2018-11-19T00:00:00,EURGBP,63,0.78874566766583276,0.25670222287140831,success,64,90.279122562210574,88.961741415146179,false,false,16.172240040898725,0.51124888336459007,,,
2018-11-20T00:00:00,EURGBP,63,0.98464497112182325,0.75231430181072334,success,64,90.3309573699824,86.17011926378494,false,false,47.395801014075573,2.3946949472201382,,,
2018-11-21T00:00:00,EURGBP,63,0.97872905905717966,0.73583578177672693,success,64,90.432739432198744,86.603826446981941,false,false,46.357654251933795,2.4652232680516297,,,
2018-11-22T00:00:00,EURGBP,63,0.98281714145864885,0.71986159176727893,success,64,90.534259807554434,86.487749016061812,false,false,45.351280281338575,2.5804358480146372,,,
2018-11-23T00:00:00,EURGBP,63,0.98133317739323711,0.64797267137747494,success,64,90.529736706120204,86.567572429811776,false,false,40.822278296780922,0.17575320524619506,,,
2018-11-26T00:00:00,EURGBP,63,0.96872657465233802,0.61194094251853548,success,64,90.309407496746999,86.876193803865348,false,false,38.552279378667734,0.17301524988792236,,,
2018-11-27T00:00:00,EURGBP,63,0.98649758064634774,0.67159703480468236,success,64,90.362183785896107,86.070891793667926,false,false,42.310613192694987,3.1942661201582125,,,
2018-11-28T00:00:00,EURGBP,63,0.97766618491958857,0.65529146173633579,success,64,90.384967585555799,86.605901199253353,false,false,41.283362089389158,3.2770968756595944,,,
2018-11-29T00:00:00,EURGBP,63,0.97544113726716708,0.63951962400607043,success,64,90.258194301192063,86.576377280579408,false,false,40.289736312382438,3.0575985786047792,,,
2018-11-30T00:00:00,EURGBP,63,0.9912989685401854,0.62372447080712035,success,64,90.291673229622788,85.55609863432916,false,false,39.294641660848583,3.5384097909326724,,,
2018-12-03T00:00:00,EURGBP,63,0.99096770639293175,0.60371647709158971,success,64,90.469259230279619,85.771383617114296,false,false,38.034138056770153,31.39518652602521,,,
2018-12-04T00:00:00,EURGBP,63,0.9853197167972183,0.58788794186886484,success,64,90.481114485706897,86.274653626363289,false,false,37.036940337738486,27.18670253608839,,,
2018-12-05T00:00:00,EURGBP,63,0.97772698408250736,0.57580558933706183,success,64,90.532921461029034,86.751066884569013,false,false,36.275752128234892,3.1044084991517176,,,
2018-12-06T00:00:00,EURGBP,63,0.97580566608764319,0.55986446174332682,success,64,90.633696040179316,86.936551056102431,false,false,35.271461089829593,3.2025346248068804,,,
2018-12-07T00:00:00,EURGBP,63,0.98204025831361386,0.54447324276367837,success,64,90.661173343289576,86.659673719582088,false,false,34.301814294111736,2.9517277093114109,,,
2018-12-10T00:00:00,EURGBP,63,0.98643535835274965,0.52920445749075506,success,64,90.391480847132399,86.104849578377284,false,false,33.339880821917568,2.8715810426806945,,,
2018-12-11T00:00:00,EURGBP,63,0.97821581789976519,0.51293781544098638,success,64,90.301486971730611,86.496940768034889,false,false,32.315082372782143,2.9014073194647612,,,
2018-12-12T00:00:00,EURGBP,63,0.97784753145329051,0.49698759295319528,success,64,90.3614336912933,86.574028868806863,false,false,31.310218356051301,2.9026654177052613,,,
2018-12-13T00:00:00,EURGBP,63,0.96919098043012974,0.43928990102095455,success,64,90.271146608285704,86.822492415874436,false,false,27.675263764320135,0.42841872407210507,,,
2018-12-14T00:00:00,EURGBP,63,0.96056132693219543,0.46472173907555153,success,64,90.300448718798691,87.107677774504978,false,false,29.277469561759748,2.9894009290597516,,,
2018-12-17T00:00:00,EURGBP,63,0.67598575374491932,0.76591961532683439,success,64,90.292147755727754,89.556763238997462,false,false,48.252935765590564,0.89072922839288393,,,
2018-12-18T00:00:00,EURGBP,63,0.69014817887205715,0.74699857144357107,success,64,90.291020427039768,89.490208287356921,false,false,47.060910000944979,0.93277387573283066,,,
2018-12-19T00:00:00,EURGBP,63,0.83613425775560002,0.54286018351536813,success,64,90.189560623928088,88.559818876036303,false,false,34.200191561468195,1.102369504905603,,,
2018-12-20T00:00:00,EURGBP,63,0.96421906275448477,0.53003023664525661,success,64,89.70096035491261,86.407057115010431,false,false,33.391904908651163,1.2441483311412573,,,
2018-12-21T00:00:00,EURGBP,63,0.96410811364256477,0.51427868723194303,success,64,89.941989403102497,86.651297226893092,false,false,32.399557295612411,1.2313277388888157,,,
2018-12-24T00:00:00,EURGBP,63,0.99622779955216323,0.36906587518963463,success,64,89.953306487326188,84.376989045838172,false,false,23.251150136946983,5.4776353292281881,,,
2018-12-26T00:00:00,EURGBP,63,0.99307318522463983,0.35280692670014757,success,64,89.968833716930064,85.003429433633272,false,false,22.226836382109298,5.7945653117894258,,,
2018-12-27T00:00:00,EURGBP,63,0.99060211365460704,0.33760150472493944,success,64,89.980369536468018,85.322541389723426,false,false,21.268894797671184,4.7640469005841499,,,
2018-12-28T00:00:00,EURGBP,63,0.98682517898476252,0.32167252191576196,success,64,90.162148202854041,85.845962811885059,false,false,20.265368880693003,4.4556498808484264,,,
2018-12-31T00:00:00,EURGBP,63,0.9891390001864292,0.30536332940504868,success,64,90.027172906721006,85.515516412912291,false,false,19.237889752518068,5.2729009229241406,,,
2019-01-02T00:00:00,EURGBP,63,0.70894756920576774,0.70762963732176065,success,64,89.980108552286026,89.089830404325468,false,false,44.580667151270923,1.5651479026101245,,,
2019-01-03T00:00:00,EURGBP,63,0.73730532285844852,0.69028027331386099,success,64,90.028157486676193,88.996147836681686,false,false,43.487657218773244,1.5888229594419803,,,
2019-01-04T00:00:00,EURGBP,63,0.77288574064252213,0.57070208018534807,success,64,90.279065638779414,89.054387650031828,false,false,35.954231051676928,0.93610557568806918,,,
2019-01-07T00:00:00,EURGBP,63,0.79410429980064978,0.55580656632421022,success,64,90.45402093380639,89.104175852095423,false,false,35.015813678425246,0.96563496948105598,,,
2019-01-08T00:00:00,EURGBP,63,0.84192288439401963,0.45742445317331426,success,64,90.462158701913381,88.789553265509142,false,false,28.817740549918799,3.193010756373607,,,
2019-01-09T00:00:00,EURGBP,63,0.81807625323103106,0.52280454211921645,success,64,90.4878214761073,88.98445355022622,false,false,32.936686153510635,0.98673060087317843,,,
2019-01-10T00:00:00,EURGBP,63,0.91639599758656753,0.72975769419930858,success,64,90.479550198921828,88.085193010595191,false,false,45.974734734556442,1.3719248972493381,,,
2019-01-11T00:00:00,EURGBP,63,0.76673745000108329,0.49314558507187994,success,64,90.466720376602908,89.276740584732906,false,false,31.068171859528437,0.84811520127327056,,,
2019-01-14T00:00:00,EURGBP,63,0.7695813123641343,0.47447623595054123,success,64,90.402090157194166,89.196141575471827,false,false,29.892002864884098,0.87987427864848156,,,
2019-01-15T00:00:00,EURGBP,63,0.78193072879348313,0.45693799164134213,success,64,90.332081945357174,89.055128560983832,false,false,28.787093473404553,0.87879145390931079,,,
2019-01-16T00:00:00,EURGBP,63,0.78692345111514161,0.43977909677882282,success,64,90.252444238040582,88.945964746625933,false,false,27.706083097065839,0.88821149000654764,,,
2019-01-17T00:00:00,EURGBP,63,0.75693013800836761,0.66264007228567678,success,64,90.057490883736733,88.921568822454788,false,false,41.746324553997638,0.80578258251593537,,,
2019-01-18T00:00:00,EURGBP,63,0.80948867182762663,0.75377776475837865,success,64,90.4695386194946,89.022847498781644,false,false,47.487999179777859,0.19994464839445775,,,
2019-01-21T00:00:00,EURGBP,63,0.67410806313922611,0.50118140811570067,success,64,90.578672973793473,89.851848389057949,false,false,31.574428711289144,1.3736580189163137,,,
2019-01-22T00:00:00,EURGBP,63,0.68205271125340294,0.48537417693966117,success,64,90.511189181511313,89.747967847808837,false,false,30.578573147198654,1.3793770062451893,,,
2019-01-23T00:00:00,EURGBP,63,0.81655075063578653,0.35619590184348965,success,64,90.355350485112069,88.862199477332311,false,false,22.440341816139849,0.74992862322576936,,,
2019-01-24T00:00:00,EURGBP,63,0.82675930586784563,0.33731810378757515,success,64,90.180156737412162,88.617325052754552,false,false,21.251040538617236,0.74754162357437604,,,
2019-01-25T00:00:00,EURGBP,63,0.80807704296210059,0.62288932281705134,success,64,90.204371804133743,88.766808426029229,false,false,39.242027337474234,0.20347755562113498,,,
2019-01-28T00:00:00,EURGBP,63,0.82093585067221764,0.60390654849465086,success,64,90.220442745713243,88.697741892686011,false,false,38.046112555163006,0.19334328709942167,,,
2019-01-29T00:00:00,EURGBP,63,0.8322205332976671,0.59314471573315031,success,64,89.968868301004235,88.367421250106432,false,false,37.368117091188466,0.15974180524897136,,,
2019-01-30T00:00:00,EURGBP,63,0.82386373283259284,0.56244400654264548,success,64,89.703312161271029,88.160564958547383,false,false,35.433972412186662,0.18123992224958954,,,
2019-01-31T00:00:00,EURGBP,63,0.80079659154103522,0.50347781914480805,success,64,90.130019654873976,88.738739138941298,false,false,31.719102606122906,0.62085588443743256,,,
2019-02-01T00:00:00,EURGBP,63,0.76006268969840729,0.49086349474111884,success,64,90.04752991458453,88.894506680405485,false,false,30.924400168690486,0.66458078047502367,,,
2019-02-04T00:00:00,EURGBP,63,0.78174819599624512,0.47234168445538594,success,64,89.97517626850879,88.699293040274455,false,false,29.757526120689313,0.68256871774555894,,,
2019-02-05T00:00:00,EURGBP,63,0.80872025010399018,0.32296427947131223,success,64,90.00290674544847,88.561190700964687,false,false,20.346749606692672,1.2137781782189263,,,
2019-02-06T00:00:00,EURGBP,63,0.82298368479168738,0.30578718474469796,success,64,90.119851716011269,88.583157244243125,false,false,19.264592638915971,1.1856309337824382,,,
2019-02-07T00:00:00,EURGBP,63,0.82461188860773571,0.43990530605226674,success,64,90.066995931116423,88.519084391188898,false,false,27.714034281292804,0.209070234703332,,,
2019-02-08T00:00:00,EURGBP,63,0.98425400851146483,0.077854445685522355,success,64,90.021532869560019,85.886234691303059,false,false,4.9048300781879082,18.080836442734995,,,
2019-02-11T00:00:00,EURGBP,63,0.99219992571666249,0.062322896012113799,success,64,90.002787021485133,85.156995653640507,false,false,3.9263424487631693,16.116622230644367,,,
2019-02-12T00:00:00,EURGBP,63,0.99597096348242509,0.045596726005596791,success,64,89.994020784999663,84.483829950820294,false,false,2.8725937383525979,17.138843985154082,,,
2019-02-13T00:00:00,EURGBP,63,0.9981801670149133,0.029314134365964584,success,64,90.067817201802811,83.760628144155504,false,false,1.8467904650557687,16.565874943900493,,,
2019-02-14T00:00:00,EURGBP,63,0.99909983124300694,1.5873064562106509e-08,success,64,89.956507150413742,82.944479420118597,false,false,1.00000306741271e-06,9.1271128293449841,,,
2019-02-15T00:00:00,EURGBP,63,0.66834996633627608,0.42461920971708655,success,64,90.631214938490501,89.930483297916751,false,false,26.751010212176453,2.0328965884347663,,,
2019-02-18T00:00:00,EURGBP,63,0.64673458154483232,0.40756912314697946,success,64,90.64270476052215,90.037988447683531,false,false,25.676854758259704,1.9881119582893332,,,
2019-02-19T00:00:00,EURGBP,63,0.71450801056011459,0.52689460786164677,success,64,90.621285786095527,89.703905548066246,false,false,33.194360295283744,1.7587500651440542,,,
2019-02-20T00:00:00,EURGBP,63,0.68210335184511761,0.51084788421811633,success,64,90.649576115765399,89.886121251260505,false,false,32.18341670574133,1.7676526440128795,,,
2019-02-21T00:00:00,EURGBP,63,0.67771717195604819,0.42660752533350776,success,64,90.585946749939637,89.842646207523174,false,false,26.876274096010988,1.2286525295249728,,,
2019-02-22T00:00:00,EURGBP,63,0.70156258602009136,0.25671146880667634,success,64,90.618521567586285,89.763771697043609,false,false,16.172822534820607,0.88632314031808024,,,
2019-02-25T00:00:00,EURGBP,63,0.7051968411144991,0.23839788775418017,success,64,90.615543059131994,89.74337396364507,false,false,15.01906692851335,0.87947562491676112,,,
2019-02-26T00:00:00,EURGBP,63,0.80288162586230716,0.80421089924409828,success,64,90.614271068058585,89.209868212072024,false,false,50.665286652378192,0.47890295534386007,,,
2019-02-27T00:00:00,EURGBP,63,0.66513928284561841,0.69482266113527758,success,64,90.389372776217314,89.703090985284931,false,false,43.773827651522488,1.7305574549098626,,,
2019-02-28T00:00:00,EURGBP,63,0.62143890340140395,0.27580912662074081,success,64,90.522632848988493,90.026972725484924,false,false,17.375974977106672,1.7360764283270198,,,
2019-03-01T00:00:00,EURGBP,63,0.78255759200400921,0.172112164396096,success,64,90.273779951650383,88.993146456581727,false,false,10.843066356954049,0.75386707558286092,,,
2019-03-04T00:00:00,EURGBP,63,0.60575726606730551,0.44451416084987683,success,64,90.054409317075837,89.624896757864917,false,false,28.00439213354224,16.976747683344044,,,
2019-03-05T00:00:00,EURGBP,63,0.8017165213496803,0.72041210412206458,success,64,90.057128229545853,88.660070865943567,false,false,45.385962559690071,0.55393080961988883,,,
2019-03-06T00:00:00,EURGBP,63,0.80742874651181917,0.69847852723354631,success,64,90.081021935046351,88.647633356687251,false,false,44.004147215713417,0.5360701390481234,,,
2019-03-07T00:00:00,EURGBP,63,0.64142115988705284,0.47564641790594403,success,64,90.122039113675427,89.540501389297589,false,false,29.965724328074472,15.936720958716355,,,
2019-03-08T00:00:00,EURGBP,63,0.8552437467140136,0.66596238707553368,success,64,90.324273524395636,88.547938328325543,false,false,41.955630385758624,0.4318234070303244,,,
2019-03-11T00:00:00,EURGBP,63,0.58575402787600994,0.50793976324052836,success,64,90.812066289506063,90.465626268661467,false,false,32.000205084153286,216.44024544094026,,,
2019-03-12T00:00:00,EURGBP,63,0.90922638023810376,0.32162516129611851,success,64,90.812066361785583,88.507840967586191,false,false,20.262385161655466,16.891106118424851,,,
2019-03-13T00:00:00,EURGBP,63,0.99964180937348068,0.94960179230341768,success,64,90.812066243488985,82.877979261313513,false,false,59.824912915115313,5.6940908874468841,,,
2019-03-14T00:00:00,EURGBP,63,0.99934740456058269,0.93356969001188994,success,64,90.812066330011092,83.478165976326423,false,false,58.814890470749063,8.8566659926350138,,,
2019-03-15T00:00:00,EURGBP,63,0.99842397993245668,0.91616085418172166,success,64,90.812066289372368,84.360790998251247,false,false,57.718133813448468,10.517247339362827,,,
2019-03-18T00:00:00,EURGBP,63,0.99774191334632867,0.89487491489839199,success,64,90.81209471810989,84.721117920388465,false,false,56.377119638598693,37.371817521211923,,,
2019-03-19T00:00:00,EURGBP,63,0.93712224896624507,0.61909335703466606,success,64,90.812066274077807,88.110444913347848,false,false,39.002881493183963,272.89540315992741,,,
2019-03-20T00:00:00,EURGBP,63,0.99857472287498195,0.86191661660813756,success,64,90.812066249853601,84.260103533179944,false,false,54.30074684631267,22.080162188706847,,,
2019-03-21T00:00:00,EURGBP,63,0.99783806590874025,0.84158583782498386,success,64,90.812066311928604,84.677478541064545,false,false,53.019907782973981,72.999927195001291,,,
2019-03-22T00:00:00,EURGBP,63,0.99948431690821993,0.83135934090811359,success,64,90.812066539897884,83.242564211624909,false,false,52.375638477211155,17.017259563512585,,,
2019-03-25T00:00:00,EURGBP,63,0.99917978631702808,0.8151061982584451,success,64,90.812066316794031,83.706941204373081,false,false,51.351690490282039,20.045555405607772,,,
2019-03-26T00:00:00,EURGBP,63,0.99868218052343383,0.79383190074380172,success,64,90.812066229694409,84.18160809827198,false,false,50.011409746859506,123.71001443556268,,,
2019-03-27T00:00:00,EURGBP,63,0.99738335262021882,0.78434222384833641,success,64,90.81209905354784,84.868857723665712,false,false,49.413560102445196,50.241035226887881,,,
2019-03-28T00:00:00,EURGBP,63,0.99816084713274322,0.76219453345342758,success,64,90.812066233380847,84.515456867959202,false,false,48.018255607565941,72.982733877680005,,,
2019-03-29T00:00:00,EURGBP,63,0.99639301681844672,0.75148246083929093,success,64,90.812066280401893,85.190796244636473,false,false,47.343395032875328,23.067323269508254,,,
2019-04-01T00:00:00,EURGBP,63,0.99500247898618677,0.73551666847923014,success,64,90.81206628026348,85.518263043913237,false,false,46.337550114191501,17.628670448225733,,,
2019-04-02T00:00:00,EURGBP,63,0.99193603167685163,0.71753175730104013,success,64,90.812066297582959,85.999813459714289,false,false,45.204500709965529,26.546550673883047,,,
2019-04-03T00:00:00,EURGBP,63,0.98841137142500768,0.69848503401248185,success,64,90.812066239800146,86.365991582919634,false,false,44.004557142786354,234.9845753054642,,,
2019-04-04T00:00:00,EURGBP,63,0.9870319207626036,0.68744362772980405,success,64,90.812066260416628,86.479854774947526,false,false,43.308948546977653,20.108320481092289,,,
2019-04-05T00:00:00,EURGBP,63,0.98334452300060626,0.66683836155028609,success,64,90.812066279053568,86.733845850377065,false,false,42.010816777668026,93.46966186657157,,,
2019-04-08T00:00:00,EURGBP,63,0.97348577661299684,0.65603636067069859,success,64,90.812066237780513,87.208864344230349,false,false,41.330290722254013,18.83849439804823,,,
2019-04-09T00:00:00,EURGBP,63,0.96829486201287085,0.63500896334550139,success,64,90.812066553472647,87.393008652425038,false,false,40.00556469076659,163.94782702063182,,,
2019-04-10T00:00:00,EURGBP,63,0.78565271839550432,0.36544768268473193,success,64,90.812066216467201,89.513148866700348,false,false,23.023204009138112,22.989053739334139,,,
2019-04-11T00:00:00,EURGBP,63,0.96263702614701085,0.60338493152947825,success,64,90.812066330726324,87.563070119981376,false,false,38.013250686357132,66.402191470584384,,,
2019-04-12T00:00:00,EURGBP,63,0.94121266661380731,0.5921819948142657,success,64,90.81206625582908,88.038823554222205,false,false,37.307465673298736,21.261470642724088,,,
2019-04-15T00:00:00,EURGBP,63,0.92352518692201269,0.57670363286753656,success,64,90.812066646134454,88.320830019345379,false,false,36.332328870654806,20.678713872869192,,,
2019-04-16T00:00:00,EURGBP,63,0.8988897444485533,0.55807011376949245,success,64,90.812101916318568,88.627153092365575,false,false,35.158417167478021,29.248277316656218,,,
2019-04-17T00:00:00,EURGBP,63,0.86390738772846498,0.41275405609085797,success,64,90.812066268553735,88.963936322188289,false,false,26.003505533724052,183.62857141632014,,,
2019-04-18T00:00:00,EURGBP,63,0.85673473553320889,0.26988953505052266,success,64,90.812066359638649,89.023635923903555,false,false,17.003040708182926,242.06380636711597,,,
2019-04-19T00:00:00,EURGBP,63,0.81437892538623102,0.25405073882262358,success,64,90.812066331057238,89.333347925540025,false,false,16.005196545825285,128.61821318633949,,,
2019-04-22T00:00:00,EURGBP,63,0.98087675159157317,0.23789608328360273,success,64,90.812101479080582,86.874559451921428,false,false,14.987453246866972,1465.5459785879007,,,
2019-04-23T00:00:00,EURGBP,63,0.86652921098262203,0.22238241374399023,success,64,90.812072590369766,88.941459415358963,false,false,14.010092065871385,81.83621322317272,,,
2019-04-24T00:00:00,EURGBP,63,0.89632960380625615,0.46550463502047068,success,64,90.812066267747767,88.654974660035776,false,false,29.326792006289654,22.777954569328987,,,
2019-04-25T00:00:00,EURGBP,63,0.76547220502521651,0.51833549008279922,success,64,90.812066286574264,89.629147491243842,false,false,32.655135875216352,24.506056823151024,,,
2019-04-26T00:00:00,EURGBP,63,0.99991347176836987,0.74224381958142727,success,64,90.812066212535584,81.457112924461853,false,false,46.76136063362992,0.51746130980327831,,,
2019-04-29T00:00:00,EURGBP,63,0.9999127241235094,0.73825555264718734,success,64,90.812066242719055,81.465717060240337,false,false,46.510099816772801,0.54186194846348767,,,
2019-04-30T00:00:00,EURGBP,63,0.99967814828375723,0.72098064535109641,success,64,90.812066290565923,82.770968567037826,false,false,45.421780657119072,0.44756636428492358,,,
2019-05-01T00:00:00,EURGBP,63,0.82332063284817025,0.45493163829349409,success,64,90.812066229581944,89.273057119270277,false,false,28.660693212490127,22.560748494954744,,,
2019-05-02T00:00:00,EURGBP,63,0.85697572350924833,0.4391384516780466,success,64,90.812066388680279,89.021671179298423,false,false,27.665722455716935,23.333153049783437,,,
2019-05-03T00:00:00,EURGBP,63,0.82582401535912642,0.4235959095359042,success,64,90.812066368132236,89.255750867847098,false,false,26.686542300761964,24.182339734419095,,,
2019-05-06T00:00:00,EURGBP,63,0.99717124519237321,0.59904304275818387,success,64,90.81206623518402,84.946980337020491,false,false,37.739711693765585,0.71652218180354299,,,
2019-05-07T00:00:00,EURGBP,63,0.99850333107483502,0.58449535087338755,success,64,90.812066248622799,84.309050681797274,false,false,36.823207105023414,0.65810247070888972,,,
2019-05-08T00:00:00,EURGBP,63,0.99805338200206561,0.56560764977921807,success,64,90.812066231003499,84.572352973940838,false,false,35.633281936090739,0.67379846592335124,,,
2019-05-09T00:00:00,EURGBP,63,0.99890673207496139,0.54938330742621022,success,64,90.812066247273236,83.994576141548066,false,false,34.611148367851243,0.64329988570917118,,,
2019-05-10T00:00:00,EURGBP,63,0.99933325858475408,0.53280307192841814,success,64,90.812066409092111,83.499625102371496,false,false,33.566593531490341,0.62304752286430576,,,
2019-05-13T00:00:00,EURGBP,63,0.99959237751588492,0.51603839314777555,success,64,90.812066273917722,83.007304883571152,false,false,32.510418768309862,0.60254127626557608,,,
2019-05-14T00:00:00,EURGBP,63,0.99978212094966523,0.50009801122495412,success,64,90.812066229181482,82.38071366785114,false,false,31.506174707172107,0.57298536962997182,,,
2019-05-15T00:00:00,EURGBP,63,0.99967310161452283,0.48145490386055573,success,64,90.812066260006347,82.786532028699668,false,false,30.331658943215011,0.59980505320853217,,,
2019-05-16T00:00:00,EURGBP,63,0.99980644553084486,0.46915190743726054,success,64,90.812066281255554,82.26230826369401,false,false,29.556570168547413,0.57200184994990022,,,
2019-05-17T00:00:00,EURGBP,63,0.99982776842836285,0.4499649509981794,success,64,90.812066244379253,82.145567850848977,false,false,28.347791912885302,0.56511788249841377,,,
2019-05-20T00:00:00,EURGBP,63,0.99988167208365597,0.43837131496739118,success,64,90.812066353649627,81.77013385298892,false,false,27.617392842945645,0.55424486569768094,,,
2019-05-21T00:00:00,EURGBP,63,0.99994696106813985,0.42128314516360799,success,64,90.812066218619321,80.967634908285106,false,false,26.540838145307305,0.52886842068423245,,,
2019-05-22T00:00:00,EURGBP,63,0.99998206217027974,0.4303662062784383,success,64,90.812090525296355,79.883509780295455,false,false,27.113070995541612,0.33237090895777921,,,
2019-05-23T00:00:00,EURGBP,63,0.99998690817098135,0.38573570363445386,success,64,90.812066290028866,79.568557120537506,false,false,24.301349328970595,0.48648928418508836,,,
2019-05-24T00:00:00,EURGBP,63,0.9999952109255551,0.38959738148707579,success,64,90.812093182097513,78.56292457942358,false,false,24.544635033685775,0.31912036922842074,,,
2019-05-27T00:00:00,EURGBP,63,0.99999382636244338,0.35566719308106765,success,64,90.812066357372814,78.816850192639549,false,false,22.407033164107261,0.47417035913586392,,,
2019-05-28T00:00:00,EURGBP,63,0.99999606605393143,0.34056650304559072,success,64,90.812066253679703,78.366202640480481,false,false,21.455689691872216,0.46837462705690902,,,
2019-05-29T00:00:00,EURGBP,63,0.99999807871741553,0.32124377017320288,success,64,90.812066269536786,77.649550608702313,false,false,20.23835752091178,0.44349400008611134,,,
2019-05-30T00:00:00,EURGBP,63,0.99999915659886163,0.30164539047852995,success,64,90.812066254828594,76.826243952335687,false,false,19.003659600147387,0.41766577624429274,,,
2019-05-31T00:00:00,EURGBP,63,0.99999969800442134,0.28061713749699335,success,64,90.81206622489637,75.799213066836231,false,false,17.678879662310582,0.38800665769614684,,,
2019-06-03T00:00:00,EURGBP,63,0.99999982981702928,0.25881242447005148,success,64,90.812066321943362,75.225674811802747,false,false,16.305182741613244,0.36532147360037576,,,
2019-06-04T00:00:00,EURGBP,63,0.99999992935449866,0.23243057648789953,success,64,90.812066296971906,74.346474961962869,false,false,14.64312631873767,0.32828534013853233,,,
2019-06-05T00:00:00,EURGBP,63,0.99999996947899206,0.20465981213385098,success,64,90.812066242704077,73.507215668323539,false,false,12.893568164432612,0.29494782424843113,,,
2019-06-06T00:00:00,EURGBP,63,0.99999994639374346,0.18051811180753385,success,64,90.812066737946665,74.070466741116206,false,false,11.372641043874633,0.27943974268262944,,,
2019-06-07T00:00:00,EURGBP,63,0.99999975616868553,0.18222664153913853,success,64,90.812066248102326,75.58527730703527,false,false,11.480278416965728,0.31600217572274358,,,
2019-06-10T00:00:00,EURGBP,63,0.99999773903465139,0.18045160000973512,success,64,90.812066455584599,77.812350026117457,false,false,11.368450800613312,0.35719729869489014,,,
2019-06-11T00:00:00,EURGBP,63,0.99980923425921808,0.20638542177153402,success,64,90.812066244655625,82.247792657872509,false,false,13.002281571606643,13.887940979501625,,,
2019-06-12T00:00:00,EURGBP,63,0.99992712996011091,0.19764969397842566,success,64,90.812066240517012,81.285306134331279,false,false,12.451930720640817,0.36094373579618189,,,
2019-06-13T00:00:00,EURGBP,63,0.99996196000656956,0.15100186093469897,success,64,90.812066236582581,80.635231784307635,false,false,9.5131172388860357,0.43582598154417301,,,
2019-06-14T00:00:00,EURGBP,63,0.99997843576879497,0.1158589191580727,success,64,90.812066300558897,80.067613286399592,false,false,7.2991119069585801,0.35881421021900622,,,
2019-06-17T00:00:00,EURGBP,63,0.9999913057660329,0.083871644777393436,success,64,90.807984119596284,79.155142299425748,false,false,5.2839136209757864,0.28466281482241729,,,
2019-06-18T00:00:00,EURGBP,63,0.98435527957301605,0.55050057316236189,success,64,90.812066671637282,86.670213290435086,false,false,34.681536109228801,17.87279907779908,,,
2019-06-19T00:00:00,EURGBP,63,0.98939048854753187,0.5372591009142107,success,64,90.797359979663199,86.262021799885346,false,false,33.847323357595272,224.1590506006907,,,
2019-06-20T00:00:00,EURGBP,63,0.88025257688498537,0.70077189433667031,success,64,90.687095067266426,88.692270898975778,false,false,44.148629343210231,0.26385224230229276,,,
2019-06-21T00:00:00,EURGBP,63,0.88566566182994422,0.6817403842328934,success,64,90.571227922320034,88.524015346901635,false,false,42.949644206672282,0.25737920324089564,,,
2019-06-24T00:00:00,EURGBP,63,0.86280539692595337,0.66700104817920802,success,64,90.439070895643866,88.600282104341773,false,false,42.021066035290104,0.26258503553407297,,,
2019-06-25T00:00:00,EURGBP,63,0.89988658235920105,0.48185148493052993,success,64,90.480371527673725,88.284406511595364,false,false,30.356643550623385,1.5600661778971698,,,
2019-06-26T00:00:00,EURGBP,63,0.86080910328475224,0.45990182425926129,success,64,90.460899969606018,88.638873553478405,false,false,28.973814928333461,17.718867032349994,,,
2019-06-27T00:00:00,EURGBP,63,0.89744301205985022,0.44417827682193756,success,64,90.472117381336901,88.302986383285386,false,false,27.983231439782067,30.668217791550823,,,
2019-06-28T00:00:00,EURGBP,63,0.78746753996272623,0.5306506527875362,success,64,90.736476293925719,89.426748872985897,false,false,33.430991125614781,62.716818532424917,,,
2019-07-01T00:00:00,EURGBP,63,0.80317030018133706,0.51554420744521967,success,64,90.569236451441981,89.163008566998585,false,false,32.479285069048842,31.603630659119208,,,
2019-07-02T00:00:00,EURGBP,63,0.83216629789634233,0.49944177044605909,success,64,90.667708629041826,89.066649951643512,false,false,31.464831538101723,31.882644218654296,,,
2019-07-03T00:00:00,EURGBP,63,0.8082490156698956,0.48480813232545927,success,64,90.725025769594168,89.286353144480486,false,false,30.542912336503935,28.521428854243482,,,
2019-07-04T00:00:00,EURGBP,63,0.81648796792707923,0.47582743117877385,success,64,90.792227086399137,89.299495145479781,false,false,29.977128164262751,24.000942221050654,,,
2019-07-05T00:00:00,EURGBP,63,0.82386822426319983,0.45245345548322563,success,64,90.718650675956624,89.175872521506832,false,false,28.504567695443214,30.504424538410557,,,
2019-07-08T00:00:00,EURGBP,63,0.8404304079464836,0.43675505166920076,success,64,90.711197943502583,89.04976393336274,false,false,27.515568255159646,29.171079403197613,,,
2019-07-09T00:00:00,EURGBP,63,0.85249480086916585,0.42048801686454806,success,64,90.731703123141457,88.977399436192883,false,false,26.490745062466527,30.924037432110548,,,
2019-07-10T00:00:00,EURGBP,63,0.86571398575303038,0.40462495853788422,success,64,90.735001605071659,88.871418981513841,false,false,25.491372387886706,30.421384210475239,,,
2019-07-11T00:00:00,EURGBP,63,0.91545047145510394,0.39669528883442645,success,64,90.760795055027444,88.3787162916489,false,false,24.991803196568867,89.60101288266749,,,
2019-07-12T00:00:00,EURGBP,63,0.90332338481528118,0.38037767946354306,success,64,90.700281282349337,88.465572215044901,false,false,23.963793806203213,20.690496347968303,,,
2019-07-15T00:00:00,EURGBP,63,0.93337244857456791,0.25392455731665231,success,64,90.785224051846029,88.145537913110786,false,false,15.997247110949097,325.53840331849767,,,
2019-07-16T00:00:00,EURGBP,63,0.94442845968721534,0.23710137112710053,success,64,90.691334632118682,87.858425897487805,false,false,14.937386381007334,14.212611664554474,,,
2019-07-17T00:00:00,EURGBP,63,0.91894468030166587,0.33663139180980478,success,64,90.734226552373499,88.306132508167053,false,false,21.207777684017699,1.4781539199229587,,,
2019-07-18T00:00:00,EURGBP,63,0.9229502502120589,0.34636245198064186,success,64,90.675982423271961,88.192858404679342,false,false,21.820834474780437,0.24653050349420005,,,
2019-07-19T00:00:00,EURGBP,63,0.9386309543477519,0.32460281087539994,success,64,90.577398847613324,87.849882031080583,false,false,20.449977085150195,0.24016063944002219,,,
2019-07-22T00:00:00,EURGBP,63,0.81122073660714378,0.69993661339625535,success,64,90.581184668084404,89.123222886650538,false,false,44.096006643964088,0.8545601199241063,,,
2019-07-23T00:00:00,EURGBP,63,0.7277326211411469,0.52931945856084583,success,64,90.690139435528835,89.706990327415795,false,false,33.347125889333284,0.88248878239699502,,,
2019-07-24T00:00:00,EURGBP,63,0.7736496475594673,0.51481382325854952,success,64,90.5794369253573,89.35040183691801,false,false,32.43327086528862,0.90770949365946718,,,
2019-07-25T00:00:00,EURGBP,63,0.96372896874174063,0.18333578076478871,success,64,90.684056178243793,87.404265461628867,false,false,11.550154188181688,0.19355658776652859,,,
2019-07-26T00:00:00,EURGBP,63,0.9857862918518262,0.1007774519065895,success,64,90.465705614324847,86.226472887249969,false,false,6.3489794701151387,1.0815023290790111,,,
2019-07-29T00:00:00,EURGBP,63,0.99970348989386015,0.99999982750873884,success,64,90.220559120272227,82.097426419027073,false,false,62.999989133050548,0.52677464019453035,,,
2019-07-30T00:00:00,EURGBP,63,0.99947352747185247,0.93489924185416384,success,64,89.194913590834489,81.646128795989142,false,false,58.898652236812325,0.22384286778077597,,,
2019-07-31T00:00:00,EURGBP,63,0.99996589811215486,0.99999836155430444,success,64,90.145914210112863,79.859790499398727,false,false,62.99989677792118,0.24977070704404897,,,
2019-08-01T00:00:00,EURGBP,63,0.99999278346513498,0.96313326449587755,success,64,89.949089438402311,78.109960999119622,false,false,60.677395663240283,0.19902153342857334,,,
2019-08-02T00:00:00,EURGBP,63,0.99999176746270402,0.87934552773234442,success,64,90.051692361576869,78.344284301784711,false,false,55.398768247137696,0.21666342242026926,,,
2019-08-05T00:00:00,EURGBP,63,0.99999877755375333,0.88678766750885463,success,64,90.400680555590654,76.786025191397698,false,false,55.867623053057841,0.20339473454779561,,,
2019-08-06T00:00:00,EURGBP,63,0.99999910391708924,0.83374028837139091,success,64,90.726963022242757,76.801731024414806,false,false,52.525638167397631,0.22127621571787823,,,
2019-08-07T00:00:00,EURGBP,63,0.9999973224602946,0.78413447180552676,success,64,90.753133887464315,77.922524359577821,false,false,49.400471723748183,0.25011171336043347,,,
2019-08-08T00:00:00,EURGBP,63,0.9999938308516052,0.74978628076342912,success,64,90.768406598915362,78.772463014988858,false,false,47.236535688096033,0.27358949212218897,,,
2019-08-09T00:00:00,EURGBP,63,0.99999832744455797,0.74865797295690606,success,64,90.810258450181095,77.509102226405716,false,false,47.165452296285082,0.25195863805064528,,,
2019-08-12T00:00:00,EURGBP,63,0.9999968106569056,0.73874454857498195,success,64,90.81206628954439,78.156373890027112,false,false,46.54090656022386,0.3453431714786856,,,
2019-08-13T00:00:00,EURGBP,63,0.99999704962023217,0.76944783813954554,success,64,90.812066216263958,78.078492505601133,false,false,48.475213802791366,1.7112699653925347,,,
2019-08-14T00:00:00,EURGBP,63,0.99999539033365659,0.75341818347945599,success,64,90.812067854612309,78.524717384033607,false,false,47.46534555920573,1.7916846844211567,,,
2019-08-15T00:00:00,EURGBP,63,0.99999849935318497,0.66013376126746259,success,64,90.800781090522761,77.391168258359244,false,false,41.588426959850146,0.29675093653029599,,,
2019-08-16T00:00:00,EURGBP,63,0.99999872217197605,0.64911807317684145,success,64,90.685708595604709,77.115361095725916,false,false,40.894438610141009,0.28876885426875915,,,
2019-08-19T00:00:00,EURGBP,63,0.99999659047646139,0.62624375033242607,success,64,90.693329862979382,78.104395271352374,false,false,39.453356270942841,0.30010837708534333,,,
2019-08-20T00:00:00,EURGBP,63,0.9999949089577207,0.68716381983933927,success,64,90.716047376356244,78.528024489023665,false,false,43.291320649878372,1.5675269835522643,,,
2019-08-21T00:00:00,EURGBP,63,0.99998998146976148,0.58451204585772432,success,64,90.701890054766679,79.190825917485739,false,false,36.824258889036635,0.31973717741117147,,,
2019-08-22T00:00:00,EURGBP,63,0.99999873930040439,0.6578341354076267,success,64,90.762602693584654,77.178760197783902,false,false,41.443550530680483,1.4242551966627937,,,
2019-08-23T00:00:00,EURGBP,63,0.9999950402997666,0.56054645013459703,success,64,90.797759290575073,78.583598994408391,false,false,35.314426358479615,0.30436392215384839,,,
2019-08-26T00:00:00,EURGBP,63,0.99998947392958648,0.54064753169572588,success,64,90.794374456557321,79.332729501120724,false,false,34.060794496830731,0.31051894878309527,,,
2019-08-27T00:00:00,EURGBP,63,0.99999388012452339,0.60897309671567779,success,64,90.809605944409427,78.805643255687201,false,false,38.365305093087699,1.4466142806794151,,,
2019-08-28T00:00:00,EURGBP,63,0.99998568034637414,0.59762728482714766,success,64,90.81206622903521,79.658202963926442,false,false,37.650518944110303,1.8757223821132141,,,
2019-08-29T00:00:00,EURGBP,63,0.99997162024203901,0.57601299946730822,success,64,90.81206626211231,80.342260227494421,false,false,36.288818966440417,1.5758177860405418,,,
2019-08-30T00:00:00,EURGBP,63,0.99997516432558464,0.56625271518798859,success,64,90.812066270641509,80.208861652691269,false,false,35.673921056843284,2.0253413078749278,,,
2019-09-02T00:00:00,EURGBP,63,0.9999714380634025,0.54940916743572521,success,64,90.812066362874759,80.348659310460022,false,false,34.612777548450687,2.0408748192065294,,,
2019-09-03T00:00:00,EURGBP,63,0.99994640997281115,0.53289545624696633,success,64,90.81206628676766,80.977972311121007,false,false,33.572413743558876,2.269831440374793,,,
2019-09-04T00:00:00,EURGBP,63,0.99997511958397534,0.51428654592013479,success,64,90.812066233617585,80.210661545360665,false,false,32.40005239296849,1.55798525251605,,,
2019-09-05T00:00:00,EURGBP,63,0.99997509583551414,0.49933039988642985,success,64,90.811919150472661,80.211468534896028,false,false,31.457815192845082,1.4226140126740086,,,
2019-09-06T00:00:00,EURGBP,63,0.99994427979070055,0.48843144251961207,success,64,90.812066312358951,81.016954381334131,false,false,30.77118087873556,2.0140375228612402,,,
2019-09-09T00:00:00,EURGBP,63,0.99990135547464942,0.47216871074753092,success,64,90.81206624172755,81.588177068396931,false,false,29.746628777094447,2.1342335664338665,,,
2019-09-10T00:00:00,EURGBP,63,0.99980627560132007,0.45073267260472544,success,64,90.812066251797631,82.263185960655903,false,false,28.396158374097702,1.5601424782772819,,,
2019-09-11T00:00:00,EURGBP,63,0.62374171862708572,0.62364868574457188,success,64,90.812066268901262,90.306605724788156,false,false,39.289867201908031,18.807026603359667,,,
2019-09-12T00:00:00,EURGBP,63,0.62968191987034838,0.7461311033778748,success,64,90.812066216109628,90.281213725672714,false,false,47.00625951280611,47.61291023613942,,,
2019-09-13T00:00:00,EURGBP,63,0.7677207727042662,0.73029060832346782,success,64,90.812066240393648,89.61658036445553,false,false,46.008308324378476,64.695418175045205,,,
2019-09-16T00:00:00,EURGBP,63,0.73936244778171234,0.71433132964329704,success,64,90.812066228748876,89.769408724337936,false,false,45.002873767527717,168.40214628827056,,,
2019-09-17T00:00:00,EURGBP,63,0.99988307197486992,0.37277353217274228,success,64,90.812066481511664,81.758231434083143,false,false,23.484732526882762,1.6414244505608355,,,
2019-09-18T00:00:00,EURGBP,63,0.66923381052474418,0.68267202028895724,success,64,90.812066345920343,90.107344603855424,false,false,43.008337278204309,43.317601864639165,,,
2019-09-19T00:00:00,EURGBP,63,0.599838268151344,0.57971201491604751,success,64,90.812066253525231,90.407274982736567,false,false,36.521856939710993,1.7811927081866983,,,
2019-09-20T00:00:00,EURGBP,63,0.99964717629000732,0.32557458973763664,success,64,90.812066358487286,82.86287721355896,false,false,20.511199153471107,1.7493824260079969,,,
2019-09-23T00:00:00,EURGBP,63,0.99900944098691813,0.21875771214128598,success,64,90.812066234099944,83.89581616952357,false,false,13.781735864901016,0.38378351082317486,,,
2019-09-24T00:00:00,EURGBP,63,0.6114791115929733,0.59887083231350002,success,64,90.812066234654807,90.358532374578743,false,false,37.7288624357505,1.786149773409905,,,
2019-09-25T00:00:00,EURGBP,63,0.6100992008361259,0.5825215072871639,success,64,90.812066633608595,90.364337410991766,false,false,36.698854959091328,1.7742347344394256,,,
2019-09-26T00:00:00,EURGBP,63,0.60959824236228588,0.56554361285893895,success,64,90.812066233471711,90.366442469041985,false,false,35.629247610113154,1.776613188037147,,,
2019-09-27T00:00:00,EURGBP,63,0.57444027957910004,0.46016528524078754,success,64,90.812066284187807,90.512075435977408,false,false,28.990412970169615,16.619564264253313,,,
2019-09-30T00:00:00,EURGBP,63,0.59588010048176843,0.44429847332038286,success,64,90.812066282472784,90.42373842424999,false,false,27.990803819184119,23.06494997503928,,,
2019-10-01T00:00:00,EURGBP,63,0.62584029446453915,0.51584719971406245,success,64,90.812066687916058,90.297654196444114,false,false,32.498373581985938,1.7537530902415526,,,
2019-10-02T00:00:00,EURGBP,63,0.63968770640800987,0.41260258148665713,success,64,90.812067731423284,90.238058770502562,false,false,25.9939626336594,50.901190095229389,,,
2019-10-03T00:00:00,EURGBP,63,0.67441621260383433,0.39652308097810307,success,64,90.812066320276045,90.083838713715437,false,false,24.980954101620494,19.32389721552342,,,
2019-10-04T00:00:00,EURGBP,63,0.71209661330416374,0.38079527995148194,success,64,90.812066218101378,89.90647758404593,false,false,23.990102636943362,43.212963887972734,,,
2019-10-07T00:00:00,EURGBP,63,0.99063374613341759,0.76137946249338784,success,64,90.812066259227763,86.150834588813751,false,false,47.966906137083434,41.968164372526616,,,
2019-10-08T00:00:00,EURGBP,63,0.8433414482456667,0.65036404218735355,success,64,90.812066242979967,89.128762934928815,false,false,40.972934657803272,24.887251506783397,,,
2019-10-09T00:00:00,EURGBP,63,0.78034671672162348,0.53920146612971198,success,64,90.812066289416236,89.544378277963062,false,false,33.969692366171856,16.309066995543148,,,
2019-10-10T00:00:00,EURGBP,63,0.60978351406976294,0.52349175795655056,success,64,90.812067025861893,90.365664703898119,false,false,32.979980751262687,8.8120928330625183,,,
2019-10-11T00:00:00,EURGBP,63,0.99270256983710359,0.95112478792949229,success,64,90.753876840876529,85.840968002245774,false,false,59.920861639558012,0.99239384760840277,,,
2019-10-14T00:00:00,EURGBP,63,0.59147017506641575,0.49215493007753508,success,64,90.803195088488124,90.433148751371149,false,false,31.005760594884709,3.1878103008628993,,,
2019-10-15T00:00:00,EURGBP,63,0.99305416112056077,0.93770081460740862,success,64,90.812066221493396,85.849423773902657,false,false,59.075151320266741,23.146631053513882,,,
2019-10-16T00:00:00,EURGBP,63,0.98231366693706235,0.90664257249412727,success,64,90.812066746169549,86.79494827037152,false,false,57.118482067130017,1.1274815727782259,,,
2019-10-17T00:00:00,EURGBP,63,0.96309027024601612,0.88238066442117369,success,64,90.812066266335563,87.550394315616444,false,false,55.589981858533939,1.0695104790885335,,,
2019-10-18T00:00:00,EURGBP,63,0.67984763216868904,0.54931914467888654,success,64,90.812066300480311,90.05899462970126,false,false,34.607106114769849,1.0044730345933408,,,
2019-10-21T00:00:00,EURGBP,63,0.68318488662773502,0.5316753583049969,success,64,90.81206628672318,90.043619131094232,false,false,33.495547573214807,1.0001733114251661,,,
2019-10-22T00:00:00,EURGBP,63,0.68282027646496468,0.51569141230136584,success,64,90.812066233912077,90.045303111815528,false,false,32.488558974986049,1.00536187228777,,,
2019-10-23T00:00:00,EURGBP,63,0.69393044380561475,0.49805060163896098,success,64,90.81206636645679,89.993507019983468,false,false,31.377187903254541,0.99272458293193588,,,
2019-10-24T00:00:00,EURGBP,63,0.93399372745203524,2.8720483390909419e-05,success,64,90.81206630765621,88.1623463613561,false,false,0.0018093904536272934,1.0560270798194655,,,
2019-10-25T00:00:00,EURGBP,63,0.6699545880940706,0.4715515163627706,success,64,90.81206694564662,90.104087271351816,false,false,29.707745530854549,1.1406013660596508,,,
2019-10-28T00:00:00,EURGBP,63,0.66829213994479764,0.45588933269388904,success,64,90.812066343350722,90.11159557212018,false,false,28.721027959715009,1.16925514507606,,,
2019-10-29T00:00:00,EURGBP,63,0.84974123554572201,0.73253458137131877,success,64,90.812066461632199,89.07949349145386,false,false,46.149678626393083,1.0795445914471582,,,
2019-10-30T00:00:00,EURGBP,63,0.81991449695269958,0.71422324574668894,success,64,90.812066274651258,89.296297966873396,false,false,44.996064482041405,1.0734798441607207,,,
2019-10-31T00:00:00,EURGBP,63,0.79743949199815878,0.56701663660815316,success,64,90.812066484145973,89.441699171328679,false,false,35.72204810631365,0.34779174847954225,,,
2019-11-01T00:00:00,EURGBP,63,0.76590130720041871,0.69875190767660289,success,64,90.812066254544973,89.626755725421106,false,false,44.021370183625983,27.539418000096497,,,
2019-11-04T00:00:00,EURGBP,63,0.77493033560016067,0.6636770366966136,success,64,90.812066424478019,89.575703262550178,false,false,41.811653311886658,1.1468288618116533,,,
2019-11-05T00:00:00,EURGBP,63,0.75036388043233748,0.64623174775901959,success,64,90.812066290052556,89.711512363103381,false,false,40.712600108818236,1.1552675105409662,,,
2019-11-06T00:00:00,EURGBP,63,0.7587917611480397,0.48948277534876627,success,64,90.812066320632397,89.665999562399662,false,false,30.837414846972276,0.41390131759766846,,,
2019-11-07T00:00:00,EURGBP,63,0.90046718158201444,0.038275570363340346,success,64,90.812066388324425,88.609640092162451,false,false,2.411360932890442,2.0303606280935775,,,
2019-11-08T00:00:00,EURGBP,63,0.68907957321275448,0.61932811546956212,success,64,90.812066314337599,90.016246576138101,false,false,39.017671274582412,32.000499495485357,,,
2019-11-11T00:00:00,EURGBP,63,0.65806734688185575,0.60381528899963466,success,64,90.812066267194709,90.157372787186603,false,false,38.040363206976984,13.678384879175983,,,
2019-11-12T00:00:00,EURGBP,63,0.61995177886889363,0.58785075898486083,success,64,90.812066408558522,90.322722851945045,false,false,37.034597816046229,12.406158794807229,,,
2019-11-13T00:00:00,EURGBP,63,0.59704133297577844,0.5718530323362202,success,64,90.812066273438148,90.418913921448237,false,false,36.026741037181871,14.729058177223118,,,
2019-11-14T00:00:00,EURGBP,63,0.5907316059495592,0.55531527832653071,success,64,90.81206628764869,90.445075669839184,false,false,34.984862534571434,9.2374712492929554,,,
2019-11-15T00:00:00,EURGBP,63,0.64956064297936955,0.51380728641651929,success,64,90.812066286466276,90.194957759019928,false,false,32.369859044240712,1.2092610945178113,,,
2019-11-18T00:00:00,EURGBP,63,0.63574495287028487,0.4962529639212378,success,64,90.812066260192807,90.255123095984914,false,false,31.263936727037983,1.1888810022356628,,,
2019-11-19T00:00:00,EURGBP,63,0.75814913746730772,0.26950397188690572,success,64,90.812066279303139,89.669507427395516,false,false,16.978750228875061,23.069601470075067,,,
2019-11-20T00:00:00,EURGBP,63,0.69465224285389426,0.25380623038847611,success,64,90.812066947777552,89.990106911885746,false,false,15.989792514473994,37.960883310841744,,,
2019-11-21T00:00:00,EURGBP,63,0.72537013611881884,0.23782079662391137,success,64,90.812066342308242,89.840808526693252,false,false,14.982710187306417,26.08057852516788,,,
2019-11-22T00:00:00,EURGBP,63,0.74836393106045129,0.22198704857931811,success,64,90.812066412456147,89.722160886769217,false,false,13.985184060497041,33.803181102294324,,,
2019-11-25T00:00:00,EURGBP,63,0.63384790172889149,0.41814023282267909,success,64,90.812066233318049,90.263306026421091,false,false,26.342834667828782,1.2594690250285445,,,
2019-11-26T00:00:00,EURGBP,63,0.99986714835007762,0.62239057950994414,success,64,90.812066359177948,81.885921753256412,false,false,39.210606509126478,0.59814757386717587,,,
2019-11-27T00:00:00,EURGBP,63,0.99991795306059494,0.52291538435601692,success,64,90.812066255611597,81.403929263208994,false,false,32.943669214429065,28.50075223393377,,,
2019-11-28T00:00:00,EURGBP,63,0.99994515060167377,0.50638811169256392,success,64,90.812066271660015,81.001201781819006,false,false,31.902451036631525,16.70666177243594,,,
2019-11-29T00:00:00,EURGBP,63,0.99971294699236446,0.57642357112045761,success,64,90.812066665589825,82.656510096140551,false,false,36.314684980588829,0.57000151601945537,,,
2019-12-02T00:00:00,EURGBP,63,0.99983668004199722,0.47168785616090625,success,64,90.812066308839604,82.092430293475246,false,false,29.716334938137095,20.234380266545781,,,
2019-12-03T00:00:00,EURGBP,63,0.99983284047571852,0.45580518492654071,success,64,90.812066369431477,82.115671576652119,false,false,28.715726650372066,23.413267164860105,,,
2019-12-04T00:00:00,EURGBP,63,0.99902580468279856,0.4436233143518894,success,64,90.812066300913514,83.879142227649766,false,false,27.948268804169032,25.380300880026464,,,
2019-12-05T00:00:00,EURGBP,63,0.99935799426639349,0.4283903681327661,success,64,90.812066325315612,83.461795213760183,false,false,26.988593192364263,118.4573279574619,,,
2019-12-06T00:00:00,EURGBP,63,0.99961462065720608,0.40852424803246695,success,64,90.812066239502556,82.951169290309721,false,false,25.737027626045418,20.518629510600611,,,
2019-12-09T00:00:00,EURGBP,63,0.99983127094291491,0.39625537063131705,success,64,90.812066233753654,82.125018634970843,false,false,24.964088349772975,41.096324807493346,,,
2019-12-10T00:00:00,EURGBP,63,0.99990168410044755,0.38067337393480982,success,64,90.812066520913731,81.584840042949423,false,false,23.98242255789302,86.643995287222779,,,
2019-12-11T00:00:00,EURGBP,63,0.9999272619523657,0.36497158555903958,success,64,90.812066311481601,81.283493093077169,false,false,22.993209890219493,261.89857397369093,,,
2019-12-12T00:00:00,EURGBP,63,0.99978023123081716,0.34893692978879393,success,64,90.812066209651974,82.389351389054013,false,false,21.983026576694016,85.690470156306773,,,
2019-12-13T00:00:00,EURGBP,63,0.99634476309867093,0.33330829858797395,success,64,90.812067277467349,85.204134838875007,false,false,20.99842281104236,774.74654340527275,,,
2019-12-16T00:00:00,EURGBP,63,0.99742200823552252,0.31730672316196606,success,64,90.812066325194209,84.853903076692092,false,false,19.990323559203862,126.61312444828731,,,
2019-12-17T00:00:00,EURGBP,63,0.9407585874040304,0.30140946250376316,success,64,90.812066298724403,88.04700057546151,false,false,18.988796137737079,73.077079396449037,,,
2019-12-18T00:00:00,EURGBP,63,0.96312687551735776,0.28531120388801456,success,64,90.811396527415226,87.548694325896605,false,false,17.974605844944918,39.165782999223389,,,
2019-12-19T00:00:00,EURGBP,63,0.9642160268312463,0.26961225543869244,success,64,90.81079923815831,87.516983990748841,false,false,16.985572092637625,68.676157629034918,,,
2019-12-20T00:00:00,EURGBP,63,0.97108023924257691,0.25376040950897633,success,64,90.812066291395567,87.298182315532614,false,false,15.986905799065509,73.696527288942264,,,
2019-12-23T00:00:00,EURGBP,63,0.97418857517130231,0.23802839768771369,success,64,90.812066230095738,87.181278552915785,false,false,14.995789054325963,237.07517718623487,,,
2019-12-24T00:00:00,EURGBP,63,0.97872447414414754,0.2218951135095521,success,64,90.812066334858997,86.98337355918396,false,false,13.979392151101782,50.549264683570129,,,
2019-12-26T00:00:00,EURGBP,63,0.97301146951163708,0.85790211771530223,success,64,90.812066215151219,87.227082324278285,false,false,54.047833416064037,23.913456632208863,,,
2019-12-27T00:00:00,EURGBP,63,0.96319825195873554,0.84132370312540983,success,64,90.812066314922191,87.547352400364232,false,false,53.003393296900818,311.88636452625622,,,
2019-12-30T00:00:00,EURGBP,63,0.98736672528422453,0.3800150774509834,success,64,90.812066414635964,86.453359072203611,false,false,23.940949879411953,0.15237428435519079,,,
2019-12-31T00:00:00,EURGBP,63,0.95559017033520777,0.80974713525003505,success,64,90.812066264350932,87.743197969114206,false,false,51.014069520752209,69.094207723332005,,,
2020-01-02T00:00:00,EURGBP,63,0.9405328018733452,0.7985268270716076,success,64,90.812067534339974,88.051045877694051,false,false,50.307190105511282,20.577328192030162,,,
2020-01-03T00:00:00,EURGBP,63,0.92977661473907114,0.77800581735521868,success,64,90.812066323613237,88.228803344457233,false,false,49.014366493378773,59.251698536274127,,,
2020-01-06T00:00:00,EURGBP,63,0.90900739551208587,0.76221620716995975,success,64,90.812066247231854,88.510491251061325,false,false,48.019621051707468,39.965217318531643,,,
2020-01-07T00:00:00,EURGBP,63,0.88193613254571923,0.74610082832198299,success,64,90.812073545688051,88.801179632038298,false,false,47.004352184284926,164.2426652575613,,,
2020-01-08T00:00:00,EURGBP,63,0.86904870315110927,0.73030427256357133,success,64,90.812066203039649,88.919492508586117,false,false,46.009169171504993,74.361858678436619,,,
2020-01-09T00:00:00,EURGBP,63,0.84437689327641052,0.71503504485453129,success,64,90.812066398673906,89.120904549253126,false,false,45.047207825835471,13.370969878613119,,,
2020-01-10T00:00:00,EURGBP,63,0.93834167279364966,0.69847137895262723,success,64,90.812066281280039,88.089560434663127,false,false,44.003696874015517,220.78988026105333,,,
2020-01-13T00:00:00,EURGBP,63,0.99060696461601006,0.42714575858978526,success,64,90.812066235183181,86.153716882413917,false,false,26.910182791156473,0.19346287288558639,,,
2020-01-14T00:00:00,EURGBP,63,0.99100696920643905,0.66788963579215432,success,64,90.81206623828983,86.109794592582162,false,false,42.077047054905719,13.990330476342937,,,
2020-01-15T00:00:00,EURGBP,63,0.99996972585311683,0.4344038667853285,success,64,90.812066410859472,80.406880237620442,false,false,27.367443607475696,18.429771763757604,,,
2020-01-16T00:00:00,EURGBP,63,0.99993970781361319,0.41793830332331833,success,64,90.812066604186811,81.095818856570446,false,false,26.330113109369055,15.950683424749444,,,
2020-01-17T00:00:00,EURGBP,63,0.99986202736991758,0.40269921192876901,success,64,90.81206626520455,81.923749022139617,false,false,25.370050351512447,18.936559021865978,,,
2020-01-20T00:00:00,EURGBP,63,0.9997903539461056,0.38127788895411752,success,64,90.812066268244834,82.342186029403464,false,false,24.020507004109405,93.824213157662271,,,
2020-01-21T00:00:00,EURGBP,63,0.99701336031837728,0.59273625708827882,success,64,90.812066591549055,85.001451324264011,false,false,37.342384196561568,25.352600052707135,,,
2020-01-22T00:00:00,EURGBP,63,0.9986525200429881,0.57144082273566776,success,64,90.812066225303369,84.203895484433446,false,false,36.00077183234707,1656.1624537564041,,,
2020-01-23T00:00:00,EURGBP,63,0.99774620746356446,0.56063302515590963,success,64,90.812066414656883,84.719181840807863,false,false,35.319880584822307,23.77906236550777,,,
2020-01-24T00:00:00,EURGBP,63,0.99985780088205201,0.31882978639538473,success,64,90.812066266850564,81.953926232567881,false,false,20.086276542909239,10.955175838698949,,,
2020-01-27T00:00:00,EURGBP,63,0.99865175589978661,0.14657958388592643,success,64,90.812066266507131,84.204463220665019,false,false,9.2345137848133643,0.13226925153745392,,,
2020-01-28T00:00:00,EURGBP,63,0.99927298091293459,0.28709092547030141,success,64,90.812066222120251,83.586235679398769,false,false,18.086728304628988,12.246890464191644,,,
2020-01-29T00:00:00,EURGBP,63,0.9985404292444291,0.27123128883312553,success,64,90.812066309345582,84.283914056789214,false,false,17.087571196486909,12.680737441658449,,,
2020-01-30T00:00:00,EURGBP,63,0.99722512315580791,0.25529658303657016,success,64,90.812069113324412,84.927698934036414,false,false,16.083684731303919,10.757567200263852,,,
2020-01-31T00:00:00,EURGBP,63,0.97782672894443412,0.32326995367756478,success,64,90.812066257913656,87.025621329317602,false,false,20.366007081686583,24.059939828421257,,,
2020-02-03T00:00:00,EURGBP,63,0.95997543396804252,0.9869391735135955,success,64,90.812067257067895,87.634652978949504,false,false,62.177167931356514,12.839334782783434,,,
2020-02-04T00:00:00,EURGBP,63,0.69745864669243018,0.68986655098836158,success,64,90.812066252330922,89.976841001565745,false,false,43.461592712266778,0.71372186524871428,,,
2020-02-05T00:00:00,EURGBP,63,0.70233823867101874,0.67241024743883548,success,64,90.812066368679353,89.953609071998216,false,false,42.361845588646638,0.75072082167260301,,,
2020-02-06T00:00:00,EURGBP,63,0.66843852602978671,0.52357077176817091,success,64,90.812066242423128,90.110935042454628,false,false,32.984958621394767,22.355309463215981,,,
2020-02-07T00:00:00,EURGBP,63,0.75842903206251966,0.87014774730405242,success,64,90.812066239625921,89.667980301763123,false,false,54.819308080155302,0.72317867307536665,,,
2020-02-10T00:00:00,EURGBP,63,0.73467082350407931,0.6210108572279458,success,64,90.812066252888158,89.793614943753212,false,false,39.123684005360587,0.74602957368558487,,,
2020-02-11T00:00:00,EURGBP,63,0.73184047707795241,0.47585889453912406,success,64,90.812066338150842,89.808085813640972,false,false,29.979110355964817,20.738962535921239,,,
2020-02-12T00:00:00,EURGBP,63,0.75491523185423293,0.4601717863420543,success,64,90.812066242233428,89.687064918112398,false,false,28.99082253954942,50.716823514591795,,,
2020-02-13T00:00:00,EURGBP,63,0.71629741466732866,0.4439769821954519,success,64,90.812067634863411,89.885898625220719,false,false,27.97054987831347,13.705637370390349,,,
2020-02-14T00:00:00,EURGBP,63,0.75822453666813117,0.55557888419809387,success,64,90.812066341480715,89.669096235163693,false,false,35.001469704479916,0.64045755402268068,,,
2020-02-17T00:00:00,EURGBP,63,0.77300436133512396,0.53880842634046899,success,64,90.81206633861963,89.586712452325472,false,false,33.944930859449549,0.58799260375976115,,,
2020-02-18T00:00:00,EURGBP,63,0.8103081518549542,0.39657948100784235,success,64,90.812066327718227,89.360052621676516,false,false,24.98450730349407,35.399482311532388,,,
2020-02-19T00:00:00,EURGBP,63,0.82549387678354968,0.62360827483093229,success,64,90.812066209936162,89.258044195280988,false,false,39.287321314348731,0.21006612502082081,,,
2020-02-20T00:00:00,EURGBP,63,0.83198271364384579,0.58627179211761093,success,64,90.812066673652012,89.212321879004065,false,false,36.935122903409486,0.20850289096286576,,,
2020-02-21T00:00:00,EURGBP,63,0.86401672112595063,0.34900038174030978,success,64,90.812066262674023,88.96300606962383,false,false,21.987024049639516,49.701572996235363,,,
2020-02-24T00:00:00,EURGBP,63,0.88979112718241571,0.33297999284999491,success,64,90.812067450046314,88.723458112486554,false,false,20.977739549549678,31.334940466708826,,,
2020-02-25T00:00:00,EURGBP,63,0.89982059314081031,0.31723677052840787,success,64,90.812066787629547,88.616834032292132,false,false,19.985916543289697,51.323053282570754,,,
2020-02-26T00:00:00,EURGBP,63,0.87744441719135213,0.30098865382454876,success,64,90.812066244243908,88.8436172974328,false,false,18.96228519094657,18.246580303940458,,,
2020-02-27T00:00:00,EURGBP,63,0.8753246440057546,0.51641332426113462,success,64,90.812066282477488,88.863184650016606,false,false,32.534039428451479,0.1692995937651478,,,
2020-02-28T00:00:00,EURGBP,63,0.91524638329823793,0.49533869085202908,success,64,90.718007151434477,88.338562271338844,false,false,31.206337523677831,0.179514092417833,,,
2020-03-02T00:00:00,EURGBP,63,0.99691069589917736,0.95236920905461286,success,64,90.279943121587863,84.503227783913459,false,false,59.999260170440607,1085.2753976584047,,,
2020-03-03T00:00:00,EURGBP,63,0.98005000745528303,0.93632148029773898,success,64,90.302252205233174,86.407877376492252,false,false,58.988253258757553,81.530066706867245,,,
2020-03-04T00:00:00,EURGBP,63,0.95580533486662766,0.48282494115038638,success,64,90.497304995541469,87.423354811299902,false,false,30.417971292474341,0.14922952663075736,,,
2020-03-05T00:00:00,EURGBP,63,0.94628474031438847,0.47036577172998745,success,64,90.618361252974765,87.749514861837739,false,false,29.633043618989209,0.15911536020262554,,,
2020-03-06T00:00:00,EURGBP,63,0.90433974103475567,0.69366182085616135,success,64,90.655849912000008,88.409447747872576,false,false,43.700694713938162,0.86709527649144058,,,
2020-03-09T00:00:00,EURGBP,63,0.87910202135226334,0.53856017214716911,success,64,90.724187694487867,88.740233776563414,false,false,33.929290845271652,0.67380225570913577,,,
2020-03-10T00:00:00,EURGBP,63,0.86911910900760625,0.65355739016404335,success,64,90.688468911804449,88.795276412016875,false,false,41.174115580334728,1.0570751582015825,,,
2020-03-11T00:00:00,EURGBP,63,0.83785554608373813,0.50044917543290235,success,64,90.682336185454261,89.039978107959627,false,false,31.528298052272845,0.63956707632063037,,,
2020-03-12T00:00:00,EURGBP,63,0.84053866519267584,0.48483277241380512,success,64,90.655811164137319,88.993569687574492,false,false,30.544464662069721,0.61920398010909405,,,
2020-03-13T00:00:00,EURGBP,63,0.90311592455598921,0.47504297995025635,success,64,90.150307213129423,87.917971456101981,false,false,29.92770773686615,0.66061770618528348,,,
2020-03-16T00:00:00,EURGBP,63,0.93908877777449695,0.59193833909686344,success,64,88.912848418511928,86.177355829488434,false,false,37.292115363102397,6.3661853696333557,,,
2020-03-17T00:00:00,EURGBP,63,0.9179802383249106,0.57662702737434612,success,64,89.049402281891872,86.634186632649318,false,false,36.327502724583809,5.7671237733185565,,,
2020-03-18T00:00:00,EURGBP,63,0.9998788647445328,0.99999980517426568,retry_success,64,87.213207904400974,78.194726224115584,true,false,62.999987725978741,0.11038890723530748,,,
2020-03-19T00:00:00,EURGBP,63,0.99999773530386105,0.99997797811192335,success,64,90.812066243822642,77.813998545568722,false,false,62.998612621051173,0.12169276655146508,,,
2020-03-20T00:00:00,EURGBP,63,0.99959340757053916,0.61140633772202713,success,64,90.27167651783283,82.464383916867845,false,false,38.518599276487706,23.879602055234166,,,
2020-03-23T00:00:00,EURGBP,63,0.99882618857295746,0.49694398218569052,success,64,90.161860705192353,83.415536011273034,false,false,31.307470877698503,93.597990750680765,,,
2020-03-24T00:00:00,EURGBP,63,0.9999979073134706,0.99999977617553448,success,64,90.417455546196962,77.340395742237988,false,false,62.999985899058672,0.075520212794939562,,,
2020-03-25T00:00:00,EURGBP,63,0.99999437261712887,0.85710404351320968,success,64,90.377843622054783,78.289983171407656,false,false,53.997554741332209,72.396081100775348,,,
2020-03-26T00:00:00,EURGBP,63,0.99999704673868683,0.66665373186820154,success,64,90.225503985964593,77.492906470886894,false,false,41.999185107696697,892.46405817844811,,,
2020-03-27T00:00:00,EURGBP,63,0.99999581349997957,0.65072143261536086,success,64,89.716749355442829,77.333108051545082,false,false,40.995450254767732,47.616389830860022,,,
2020-03-30T00:00:00,EURGBP,63,0.9999906209771362,0.63449384235910711,success,64,89.519937631947826,77.942912038336559,false,false,39.973112068623749,9.8140046079453569,,,
2020-03-31T00:00:00,EURGBP,63,0.99999308040072032,0.61868684057796552,success,64,89.437062241856182,77.555916463913064,false,false,38.977270956411829,14.284035680688183,,,
2020-04-01T00:00:00,EURGBP,63,0.99998767548964063,0.60265072424918398,success,64,89.31066715384847,78.006758912174632,false,false,37.966995627698587,11.630846725378536,,,
2020-04-02T00:00:00,EURGBP,63,0.99998113546347078,0.58608584757946991,success,64,88.934590116474922,78.056382208585021,false,false,36.923408397506606,7.7494788496922515,,,
2020-04-03T00:00:00,EURGBP,63,0.99997403123087236,0.57061326873181184,success,64,89.337370344628752,78.778780384389847,false,false,35.948635930104146,10.7462701821538,,,
2020-04-06T00:00:00,EURGBP,63,0.99995285089114316,0.55500408604522355,success,64,89.358354235311836,79.396205936295516,false,false,34.965257420849085,13.731030015015939,,,
2020-04-07T00:00:00,EURGBP,63,0.99985723821142314,0.53900120414526942,success,64,89.328637189160673,80.474446830277429,false,false,33.957075861151971,14.162548851257878,,,
2020-04-08T00:00:00,EURGBP,63,0.99980694152418481,0.52288945266001186,success,64,89.352699581207659,80.800375226870742,false,false,32.942035517580749,12.3378766611083,,,
2020-04-09T00:00:00,EURGBP,63,0.99955944218678727,0.4984569564098803,success,64,89.372224462091054,81.645196240302369,false,false,31.402788253822457,18.304135458268938,,,
2020-04-10T00:00:00,EURGBP,63,0.99956972714041048,0.49134205446703211,success,64,89.248540339578028,81.497879711693557,false,false,30.954549431423022,20.496453461980533,,,
2020-04-13T00:00:00,EURGBP,63,0.99895954604504233,0.48508166246140383,success,64,89.23797450509889,82.370917334788246,false,false,30.560144735068441,31.942629509152024,,,
2020-04-14T00:00:00,EURGBP,63,0.99241230068195019,0.70200603352159063,success,64,89.181000594830735,84.307390373512632,false,false,44.226380111860209,81.196876624971793,,,
2020-04-15T00:00:00,EURGBP,63,0.99140590296919451,0.6918188100164272,success,64,89.256120961984635,84.50807249805878,false,false,43.584585031034912,57.836077621412777,,,
2020-04-16T00:00:00,EURGBP,63,0.80293289699328196,0.57352462070188515,success,64,89.227115659823298,87.822388809894761,false,false,36.132051104218768,1.148306557865526,,,
2020-04-17T00:00:00,EURGBP,63,0.7757107143269707,0.55468029441864841,success,64,89.196207716307185,87.955364728986694,false,false,34.944858548374853,1.1172784578095944,,,
2020-04-20T00:00:00,EURGBP,63,0.89414275333920168,0.39307968221835965,success,64,89.32013770752647,87.186363722591636,false,false,24.764019979756657,19.730431000816914,,,
2020-04-21T00:00:00,EURGBP,63,0.89615443917420579,0.37825793756828879,success,64,89.337091720059163,87.181883760175822,false,false,23.830250066802193,16.354278425006978,,,
2020-04-22T00:00:00,EURGBP,63,0.86299845396637986,0.35807361051880165,success,64,89.554274090928189,87.713853401991969,false,false,22.558637462684505,26.267436161593192,,,
2020-04-23T00:00:00,EURGBP,63,0.8535866893213272,0.34202520324696262,success,64,89.58368381946751,87.820670230510657,false,false,21.547587804558646,27.288597147122459,,,
2020-04-24T00:00:00,EURGBP,63,0.82977706181879463,0.32568544022429008,success,64,89.609683472118107,88.025635386606112,false,false,20.518182734130274,28.850168064573705,,,
2020-04-27T00:00:00,EURGBP,63,0.81850724279245357,0.30989074319382864,success,64,89.580338385486243,88.07407188756963,false,false,19.523116821211204,27.255215826577295,,,
2020-04-28T00:00:00,EURGBP,63,0.99091787144416565,0.5450246393110123,success,64,89.572285516033872,84.87996244715309,false,false,34.336552276593778,49.216498677798739,,,
2020-04-29T00:00:00,EURGBP,63,0.8488572897151675,0.70625659849910871,success,64,89.561823916215346,87.836157327953373,false,false,44.494165705443848,31.391504203567209,,,
2020-04-30T00:00:00,EURGBP,63,0.87053784752958863,0.69055371030282031,success,64,89.469910597830591,87.564187941155112,false,false,43.504883749077678,31.849767969418163,,,
2020-05-01T00:00:00,EURGBP,63,0.99452571448761118,0.5031608007961853,success,64,89.368839349952992,84.166635162460167,false,false,31.699130450159675,51.955107154774169,,,
2020-05-04T00:00:00,EURGBP,63,0.99502111666573878,0.48200706189679926,success,64,89.460181544426803,84.162623220538975,false,false,30.366444899498354,50.073969798339675,,,
2020-05-05T00:00:00,EURGBP,63,0.99516111813419594,0.47180502033521504,success,64,89.509204863080711,84.182983885835398,false,false,29.723716281118548,58.136605222405322,,,
2020-05-06T00:00:00,EURGBP,63,0.99619155386798308,0.45256590354962034,success,64,89.46453348540517,83.897815189735567,false,false,28.511651923626083,59.043982132341633,,,
2020-05-07T00:00:00,EURGBP,63,0.65836890661421499,0.25091626751263107,success,64,89.451379999142006,88.795346057135589,false,false,15.807724853295758,18.376511919964187,,,
2020-05-08T00:00:00,EURGBP,63,0.57548530703230183,0.2929354291156257,success,64,89.576813229952791,89.272546150464976,false,false,18.454932034284418,23.87299930208825,,,
2020-05-11T00:00:00,EURGBP,63,0.99727746859588928,0.40115593514231579,success,64,89.65606448239437,83.752597558430722,false,false,25.272823913965894,64.774591377821523,,,
2020-05-12T00:00:00,EURGBP,63,0.92523894034741683,0.56393520292275501,success,64,89.771961358431327,87.256206496932094,false,false,35.527917784133564,28.164114841223459,,,
2020-05-13T00:00:00,EURGBP,63,0.98215943217186541,0.52052546158795987,success,64,89.792811227747819,85.784532533594245,false,false,32.793104080041473,33.608595667119637,,,
2020-05-14T00:00:00,EURGBP,63,0.99557426942601324,0.4739695930008842,success,64,89.801055879534829,84.38517151996227,false,false,29.860084359055705,18.604719348965496,,,
2020-05-15T00:00:00,EURGBP,63,0.99293826248185457,0.52051167226389439,success,64,89.809816906156271,84.863839545382874,false,false,32.792235352625347,11.787006333247396,,,
2020-05-18T00:00:00,EURGBP,63,0.99680070308426483,0.49911177049868488,success,64,89.746458483767995,84.004838702225996,false,false,31.444041541417146,33.910280594427391,,,
2020-05-19T00:00:00,EURGBP,63,0.99797618959360901,0.48417428910132587,success,64,89.851845318977951,83.651097975379685,false,false,30.50298021338353,41.867553817476839,,,
2020-05-20T00:00:00,EURGBP,63,0.99859696413425469,0.46786558880585005,success,64,89.84857535474616,83.280862461210191,false,false,29.475532094768553,42.114577975772612,,,
2020-05-21T00:00:00,EURGBP,63,0.99926434241598827,0.45244852663472357,success,64,89.851442747459728,82.637432889165268,false,false,28.504257177987586,30.123982179252589,,,
2020-05-22T00:00:00,EURGBP,63,0.99965442286531248,0.43663160591258982,success,64,89.870665672360573,81.900716624792423,false,false,27.507791172493157,31.543512905025391,,,
2020-05-25T00:00:00,EURGBP,63,0.99975791916184975,0.42076978003762328,success,64,89.646102532742091,81.32010579724269,false,false,26.508496142370266,31.710786874297199,,,
2020-05-26T00:00:00,EURGBP,63,0.99981699621894526,0.39060564098489203,success,64,89.857486209819029,81.251665486512678,false,false,24.608155382048199,0.49777371601335574,,,
2020-05-27T00:00:00,EURGBP,63,0.9999024847676975,0.3995110642196294,success,64,90.761866766683056,81.526462323251721,false,false,25.169197045836651,1.8329766894763693,,,
2020-05-28T00:00:00,EURGBP,63,0.99994625734437992,0.37795142462880227,success,64,90.805016017843059,80.973766222025375,false,false,23.810939751614544,0.36994325721747251,,,
2020-05-29T00:00:00,EURGBP,63,0.99989636981153629,0.29640802822033069,success,64,90.142626104814099,80.968047864224218,false,false,18.673705777880834,16.628749435241208,,,
2020-06-01T00:00:00,EURGBP,63,0.99994516830543057,0.283207864164913,success,64,90.801016278533382,80.989828948583934,false,false,17.842095442389518,11.656837295497549,,,
2020-06-02T00:00:00,EURGBP,63,0.9999203892820353,0.26778094696841642,success,64,90.040302575451392,80.602020362959308,false,false,16.870199659010236,13.110699342961313,,,
2020-06-03T00:00:00,EURGBP,63,0.99998090022675534,0.25169160569230131,success,64,90.785769833900005,79.919954838863163,false,false,15.856571158614983,11.723457147865368,,,
2020-06-04T00:00:00,EURGBP,63,0.9999835171264484,0.27827786824906736,success,64,90.751308612990044,79.738136413306819,false,false,17.531505699691245,0.30610510501425037,,,
2020-06-05T00:00:00,EURGBP,63,0.99997061291982248,0.22216181716241154,success,64,90.803346164119816,80.368420121680231,false,false,13.996194481231926,0.38054881284488096,,,
2020-06-08T00:00:00,EURGBP,63,0.99998867850718209,0.21517094872257897,success,64,90.788588057086415,79.399791759133691,false,false,13.555769769522476,0.25696986835329816,,,
2020-06-09T00:00:00,EURGBP,63,0.99999561219250344,0.17283538954683464,success,64,90.801421009330568,78.464744510227831,false,false,10.888629541450582,0.23284452732402525,,,
2020-06-10T00:00:00,EURGBP,63,0.99999678392646063,0.11311220323131609,success,64,90.812066313032588,78.164720188892943,false,false,7.1260688035729132,0.23944756574474163,,,
2020-06-11T00:00:00,EURGBP,63,0.99998429843127556,0.091371450999241682,success,64,90.812066347432904,79.750332117269778,false,false,5.7564014129522256,0.23952208417185536,,,
2020-06-12T00:00:00,EURGBP,63,0.99999218192060058,7.5316867188288109e-07,success,64,90.812066253873127,79.053002437318696,false,false,4.7449626328621507e-05,0.20426936573264498,,,
2020-06-15T00:00:00,EURGBP,63,0.99999796073319736,9.5830540154882931e-08,success,64,90.812066273484078,77.709148087571563,false,false,6.0373240297576248e-06,0.23394784115867387,,,
2020-06-16T00:00:00,EURGBP,63,0.79239710051530132,0.72060570313771821,success,64,90.751189614015601,89.411754076198889,false,false,45.398159297676244,1.0009866617508307,,,
2020-06-17T00:00:00,EURGBP,63,0.6301274278491531,0.81990276982838739,success,64,90.812066272127424,90.27930275349452,false,false,51.653874499188404,22.790182707349061,,,
2020-06-18T00:00:00,EURGBP,63,0.76296749462003821,0.68979090012583322,success,64,90.793400034984302,89.62438189191046,false,false,43.45682670792749,0.9921788098272436,,,
2020-06-19T00:00:00,EURGBP,63,0.70071424625362799,0.50630141582793475,success,64,90.567042908516314,89.716341557037438,false,false,31.89698919715989,1.2520434336626423,,,
2020-06-22T00:00:00,EURGBP,63,0.69345897160915515,0.49074785960200307,success,64,90.68556450963689,89.869224040373581,false,false,30.917115154926194,1.3040010099657826,,,
2020-06-23T00:00:00,EURGBP,63,0.72242832749849506,0.47324897466412996,success,64,90.747221878918921,89.790682843670012,false,false,29.814685403840187,1.2885619135136297,,,
2020-06-24T00:00:00,EURGBP,63,0.73812809424181713,0.31455171016945149,success,64,90.812066276267657,89.775804372181312,false,false,19.816757740675445,2.1646221265425041,,,
2020-06-25T00:00:00,EURGBP,63,0.63832863016247432,0.44454555016866149,success,64,90.812066256118783,90.243948992471928,false,false,28.006369660625673,1.4257130466357699,,,
2020-06-26T00:00:00,EURGBP,63,0.64320620611054968,0.42814444929313455,success,64,90.81206636031834,90.222759000443403,false,false,26.973100305467476,1.3991357194312883,,,
2020-06-29T00:00:00,EURGBP,63,0.6236729240477239,0.26951033761105814,success,64,90.812066266155014,90.306898843498359,false,false,16.979151269496661,13.309701681205283,,,
2020-06-30T00:00:00,EURGBP,63,0.68725987647086972,0.56534787637188222,success,64,90.812066261206098,90.024726332667527,false,false,35.616916211428581,1.0739484554871703,,,
2020-07-01T00:00:00,EURGBP,63,0.6521236186650049,0.55230878415343998,success,64,90.812066331188262,90.183679378671698,false,false,34.79545340166672,1.1522139815683115,,,
2020-07-02T00:00:00,EURGBP,63,0.69963655359878607,0.74007592538026323,success,64,90.81206633933509,89.966498577672837,false,false,46.624783298956586,1.7052920649760575,,,
2020-07-03T00:00:00,EURGBP,63,0.74069575921566255,0.72303319340451255,success,64,90.812066404527329,89.762478492050093,false,false,45.551091184484292,1.7684943973675475,,,
2020-07-06T00:00:00,EURGBP,63,0.67730116533690554,0.50215867877561204,success,64,90.812066228284095,90.070669689345465,false,false,31.635996762863556,1.1646563873266003,,,
2020-07-07T00:00:00,EURGBP,63,0.65504301746216764,0.48842410011423493,success,64,90.812066219772205,90.170785031739726,false,false,30.770718307196802,1.1660814817464309,,,
2020-07-08T00:00:00,EURGBP,63,0.66818739204166955,0.47114020639082532,success,64,90.812066366176836,90.112068080675328,false,false,29.681833002621996,1.1634987255520681,,,
2020-07-09T00:00:00,EURGBP,63,0.62963197891680933,0.28635827821050219,success,64,90.81206621690923,90.281427891537703,false,false,18.040571527261637,1.407828972923266,,,
2020-07-10T00:00:00,EURGBP,63,0.68172833897110363,0.43817181780200393,success,64,90.81206635052996,90.050340400051155,false,false,27.604824521526247,1.1728834610625445,,,
2020-07-13T00:00:00,EURGBP,63,0.66475604296016022,0.42302170225085722,success,64,90.812066219451708,90.127504595558207,false,false,26.650367241804005,1.114793793749288,,,
2020-07-14T00:00:00,EURGBP,63,0.67570379685443549,0.40599372049830673,success,64,90.812066295034029,90.077968790748216,false,false,25.577604391393326,1.0947957278754206,,,
2020-07-15T00:00:00,EURGBP,63,0.56541430120456981,0.50283982946812122,success,64,90.812067835463594,90.54890225725434,false,false,31.678909256491639,23.103586057597113,,,
2020-07-16T00:00:00,EURGBP,63,0.72130341376369733,0.37125285969068578,success,64,90.81206628623444,89.861130099472732,false,false,23.388930160513205,1.0726423372927727,,,
2020-07-17T00:00:00,EURGBP,63,0.74017440450493832,0.35450132239376086,success,64,90.812066218298497,89.765190997485547,false,false,22.333583310806933,1.0720791415507362,,,
2020-07-20T00:00:00,EURGBP,63,0.5525423421882909,0.45523445289964215,success,64,90.812066413355069,90.601118259277825,false,false,28.679770532677455,22.970703142052479,,,
2020-07-21T00:00:00,EURGBP,63,0.78335700714841827,0.57295739807959212,success,64,90.812066229274905,89.526728493859807,false,false,36.096316079014301,0.64653527405598998,,,
2020-07-22T00:00:00,EURGBP,63,0.72672735070548011,0.50713749114299611,success,64,90.812067821426879,89.83398645981859,false,false,31.949661942008756,9.1320349297225736,,,
2020-07-23T00:00:00,EURGBP,63,0.79029129670614773,0.50092037255617694,success,64,90.812066347005967,89.485384180095167,false,false,31.557983471039144,1.6217458603500829,,,
2020-07-24T00:00:00,EURGBP,63,0.79193569771219652,0.47500525515142555,success,64,90.812067847471297,89.475434826250364,false,false,29.925331074539809,7.3701548415143341,,,
2020-07-27T00:00:00,EURGBP,63,0.84779991474466587,0.46769859745298925,success,64,90.812067848699954,89.094619195922832,false,false,29.465011639538321,1.6672821067764654,,,
2020-07-28T00:00:00,EURGBP,63,0.82393229243596955,0.45238384085616928,success,64,90.812066320411688,89.268846586379766,false,false,28.500181973938666,1.5818126507032024,,,
2020-07-29T00:00:00,EURGBP,63,0.83507454373309975,0.41432122663375071,success,64,90.812066283967127,89.19003888078565,false,false,26.102237277926296,9.1924135667662306,,,
2020-07-30T00:00:00,EURGBP,63,0.77352947567538277,0.39825286497832435,success,64,90.812066283315957,89.583717308166683,false,false,25.089930493634434,10.787630964041051,,,
2020-07-31T00:00:00,EURGBP,63,0.58663637149562187,0.31202280808197452,success,64,90.812066275560838,90.461988779039913,false,false,19.657436909164396,23.214653889675304,,,
2020-08-03T00:00:00,EURGBP,63,0.78430603042006475,0.79330205210991589,success,64,90.812066212343495,89.5211275187974,false,false,49.978029282924702,30.814206097764917,,,
2020-08-04T00:00:00,EURGBP,63,0.8053043143988371,0.7773720360423646,success,64,90.812066258620703,89.392283775247776,false,false,48.974438270668969,27.340619327972426,,,
2020-08-05T00:00:00,EURGBP,63,0.86410079638904169,0.38972818953535371,success,64,90.812066764991684,88.962290801534095,false,false,24.552875940727283,0.6822198377774561,,,
2020-08-06T00:00:00,EURGBP,63,0.87411474018994806,0.31816486590353693,success,64,90.812066212195006,88.874225419116371,false,false,20.044386551922827,11.79993687051339,,,
2020-08-07T00:00:00,EURGBP,63,0.90493666089494096,0.30193438240879039,success,64,90.812066244028827,88.558744687597795,false,false,19.021866091753793,12.970796245749586,,,
2020-08-10T00:00:00,EURGBP,63,0.82043879536397368,0.28622003472259056,success,64,90.812066237126558,89.292743046407338,false,false,18.031862187523206,11.195101839059765,,,
2020-08-11T00:00:00,EURGBP,63,0.86061700613199721,0.26763485617174171,success,64,90.812066312548211,88.991642227229846,false,false,16.860995938819727,16.744593651371645,,,
2020-08-12T00:00:00,EURGBP,63,0.88314110254969302,0.2538055295810463,success,64,90.812066447745423,88.789548663161582,false,false,15.989748363605916,13.388757746149308,,,
2020-08-13T00:00:00,EURGBP,63,0.87190234886402673,0.66665384821654639,success,64,90.812066333392252,88.894181773561272,false,false,41.999192437642421,886.74921834992358,,,
2020-08-14T00:00:00,EURGBP,63,0.90832774504111125,0.65077875439698685,success,64,90.812066310162649,88.518680814328818,false,false,40.99906152701017,841.0741356715663,,,
2020-08-17T00:00:00,EURGBP,63,0.92540126213930629,0.63464107909438172,success,64,90.812066287906276,88.293962435858305,false,false,39.982387982946051,46.753946477219493,,,
2020-08-18T00:00:00,EURGBP,63,0.68635075731313777,0.35873427992484852,success,64,90.812066863550882,90.028953358484983,false,false,22.600259635265456,1.2678191409297308,,,
2020-08-19T00:00:00,EURGBP,63,0.82584324362363493,0.17276607587076886,success,64,90.812066416806957,89.255617231354989,false,false,10.884262779858439,16.437396925829283,,,
2020-08-20T00:00:00,EURGBP,63,0.8776036656522278,0.5871219609364009,success,64,90.81206625004144,88.842135585674342,false,false,36.988683538993257,60.420754105184081,,,
2020-08-21T00:00:00,EURGBP,63,0.75565619221929436,0.48697618875552456,success,64,90.812066265143216,89.683056046398406,false,false,30.679499891598049,24.230199595080624,,,
2020-08-24T00:00:00,EURGBP,63,0.89597237034078958,0.12680200537203432,success,64,90.812066476749919,88.658813434581177,false,false,7.9885263384381622,12.61604299139864,,,
2020-08-25T00:00:00,EURGBP,63,0.8263675420617097,0.11028764310930773,success,64,90.812066279386642,89.251967393097559,false,false,6.9481215158863874,26.288627466487,,,
2020-08-26T00:00:00,EURGBP,63,0.89019601754973832,0.52353633164744684,success,64,90.812066232895376,88.719321348438029,false,false,32.982788893789149,39.988885160882795,,,
2020-08-27T00:00:00,EURGBP,63,0.92090388325236983,0.50789859370114865,success,64,90.812066230716553,88.35737434181496,false,false,31.997611403172364,314.1447471378475,,,
2020-08-28T00:00:00,EURGBP,63,0.77506098876734519,0.70331206301174476,success,64,90.812066254770627,89.574953837602408,false,false,44.308659969739921,0.15787626490804627,,,
2020-08-31T00:00:00,EURGBP,63,0.89542485063117938,0.47590294177498838,success,64,90.812066297908615,88.664673944491213,false,false,29.981885331824266,38.35538001952721,,,
2020-09-01T00:00:00,EURGBP,63,0.91089727710618185,0.46031088360930733,success,64,90.812066238515925,88.487425999989583,false,false,28.999585667386363,1752.6382945963217,,,
2020-09-02T00:00:00,EURGBP,63,0.90486266021799655,0.44423425998710042,success,64,90.812066247123866,88.559604601129678,false,false,27.986758379187325,53.458174654201819,,,
2020-09-03T00:00:00,EURGBP,63,0.69585722797790628,0.67029681720746548,success,64,90.812066247115382,89.984418976006239,false,false,42.228699484070326,0.86940747540490204,,,
2020-09-04T00:00:00,EURGBP,63,0.70833286489962344,0.61862922091245309,success,64,90.812066263809101,89.924765336183739,false,false,38.973640917484545,14.727328068095821,,,
2020-09-07T00:00:00,EURGBP,63,0.75360205718071327,0.39676011309171888,success,64,90.812066265540082,89.694149695153911,false,false,24.995887124778289,115.22027353418186,,,
2020-09-08T00:00:00,EURGBP,63,0.67925537198570918,0.47350064409159859,success,64,90.810962382405307,90.060610480582056,false,false,29.830540577770712,0.75866647955128197,,,
2020-09-09T00:00:00,EURGBP,63,0.67942895247899016,0.45685161454078332,success,64,90.808563297999612,90.057414557331469,false,false,28.781651716069348,0.76818377812418914,,,
2020-09-10T00:00:00,EURGBP,63,0.99681897089212812,0.99999998412698421,success,64,90.723663719681241,84.976299303301744,false,false,62.999999000000003,0.68223249261296426,,,
2020-09-11T00:00:00,EURGBP,63,0.81130460716960773,0.46839734850792747,success,64,90.589768823169365,89.131259281798009,false,false,29.50903295599943,29.994696482132937,,,
2020-09-14T00:00:00,EURGBP,63,0.98969080156308342,0.92062619874397145,success,64,90.697984375796665,86.133628351933666,false,false,57.999450520870198,613.16408975643287,,,
2020-09-15T00:00:00,EURGBP,63,0.98808986004018173,0.90443020721829814,success,64,90.690712529024879,86.272329018707424,false,false,56.979103054752784,17.411256882976161,,,
2020-09-16T00:00:00,EURGBP,63,0.99707974667626809,0.88870558576945202,success,64,90.591584178018465,84.758423791839164,false,false,55.988451903475479,35.162913238579868,,,
2020-09-17T00:00:00,EURGBP,63,0.99465901153834957,0.87264861066100241,success,64,90.648430929799417,85.421441694368298,false,false,54.976862471643152,26.999865611319876,,,
2020-09-18T00:00:00,EURGBP,63,0.99129536533228757,0.85658591929202255,success,64,90.641481797103452,85.906324863660814,false,false,53.96491291539742,21.558544656789458,,,
2020-09-21T00:00:00,EURGBP,63,0.9853166035770683,0.84110891510011254,success,64,90.61899958130202,86.412753927210304,false,false,52.989861651307088,94.418796668384061,,,
2020-09-22T00:00:00,EURGBP,63,0.97808237471985904,0.82476786944313119,success,64,90.585463475473034,86.787160701706341,false,false,51.960375774917267,31.074609398820883,,,
2020-09-23T00:00:00,EURGBP,63,0.96981143410828763,0.80937239854293597,success,64,90.495982959938303,87.026344544996761,false,false,50.990461108204968,150.18749182575957,,,
2020-09-24T00:00:00,EURGBP,63,0.97489473031883533,0.79308377327667523,success,64,90.575129056216895,86.915877331510487,false,false,49.964277716430537,49.377739760484594,,,
2020-09-25T00:00:00,EURGBP,63,0.96931460667118985,0.77580064258142745,success,64,90.239469661656429,86.786667185008014,false,false,48.875440482629926,16.862098232301015,,,
2020-09-28T00:00:00,EURGBP,63,0.9853626077931199,0.76039131659665926,success,64,90.375918651435128,86.166488312988108,false,false,47.904652945589532,20.624344843033448,,,
2020-09-29T00:00:00,EURGBP,63,0.98114558430598076,0.74475396190522924,success,64,90.539537638771449,86.587563927020625,false,false,46.91949960002944,25.295375797830829,,,
2020-09-30T00:00:00,EURGBP,63,0.9796410614357367,0.72902257942378701,success,64,90.634051379942235,86.760385196147126,false,false,45.928422503698584,33.343119819556101,,,
2020-10-01T00:00:00,EURGBP,63,0.96815615029378677,0.713198023353113,success,64,90.712026809827464,87.297477684799219,false,false,44.931475471246117,45.423097755632256,,,
2020-10-02T00:00:00,EURGBP,63,0.97169960031463842,0.69165507308867413,success,64,90.642546061259893,87.106375285447584,false,false,43.574269604586469,22.744184380879862,,,
2020-10-05T00:00:00,EURGBP,63,0.97330233735002825,0.66962692542225455,success,64,90.709814349515952,87.113695608991819,false,false,42.186496301602034,53.116604786760249,,,
2020-10-06T00:00:00,EURGBP,63,0.9655794777988026,0.65729961829905226,success,64,90.714260247070129,87.38018479294297,false,false,41.409875952840295,34.195192155430142,,,
2020-10-07T00:00:00,EURGBP,63,0.95374385967899034,0.64246458091472858,success,64,90.67490690022359,87.648705974571584,false,false,40.475268597627903,25.728960528730941,,,
2020-10-08T00:00:00,EURGBP,63,0.93485589057001106,0.62670772473640846,success,64,90.660156333999581,87.996365828302672,false,false,39.482586658393735,28.148234567603769,,,
2020-10-09T00:00:00,EURGBP,63,0.96924597250672406,0.58826987067956249,success,64,90.812066362010199,87.361568901802642,false,false,37.061001852812439,1.5789067583290821,,,
2020-10-12T00:00:00,EURGBP,63,0.9796879618319575,0.59480389776014131,success,64,90.703693469147709,86.827673077968015,false,false,37.4726455588889,28.184729664193227,,,
2020-10-13T00:00:00,EURGBP,63,0.9640967293780951,0.54979073877914553,success,64,90.812066359941056,87.521703123704654,false,false,34.636816543086169,1.76161051158779,,,
2020-10-14T00:00:00,EURGBP,63,0.96217294673140019,0.52398957051800543,success,64,90.812066313084841,87.575896641844807,false,false,33.011342942634343,92.842630758391394,,,
2020-10-15T00:00:00,EURGBP,63,0.90962240766937885,0.31752304602187043,success,64,90.812066253586636,88.503033041036616,false,false,20.003951899377835,205.58574283891434,,,
2020-10-16T00:00:00,EURGBP,63,0.93234482058711854,0.30160867163622895,success,64,90.812066231614622,88.188787419774926,false,false,19.001346313082426,663.63589428430896,,,
2020-10-19T00:00:00,EURGBP,63,0.93547850280143674,0.4789675466341396,success,64,90.812066288245433,88.138006580336295,false,false,30.174955437950796,1.6964044177711139,,,
2020-10-20T00:00:00,EURGBP,63,0.92776986689773422,0.46052836093963068,success,64,90.812066284417298,88.259139885459078,false,false,29.013286739196733,59.55490581997897,,,
2020-10-21T00:00:00,EURGBP,63,0.91714784733842269,0.2542402438190372,success,64,90.812066259301858,88.407855296838022,false,false,16.017135360599344,53.01842988854154,,,
2020-10-22T00:00:00,EURGBP,63,0.87978988993022289,0.2384699087005446,success,64,90.812066379161067,88.821624390601301,false,false,15.02360424813431,35.043245424728461,,,
2020-10-23T00:00:00,EURGBP,63,0.94795046484938961,0.44742930432828992,success,64,90.812066259219009,87.909959874794851,false,false,28.188046172682267,26.528476499232468,,,
2020-10-26T00:00:00,EURGBP,63,0.69449142619749449,0.62569918175336914,success,64,90.812066252162893,89.990864278370509,false,false,39.419048450462256,0.72147084173580678,,,
2020-10-27T00:00:00,EURGBP,63,0.68047348969783428,0.92142282505920892,success,64,90.812066292128605,90.056117672606575,false,false,58.049637978730161,24.780223853904896,,,
2020-10-28T00:00:00,EURGBP,63,0.64522425982290832,0.53950287803030139,success,64,90.812066262552861,90.213954188585845,false,false,33.988681315908991,27.192006470631728,,,
2020-10-29T00:00:00,EURGBP,63,0.65746640795789812,0.52374460211290919,success,64,90.812066478009569,90.160042537669042,false,false,32.995909933113282,79.756717621733543,,,
2020-10-30T00:00:00,EURGBP,63,0.67713283174585737,0.50776008870875367,success,64,90.812066254451437,90.07143978920935,false,false,31.988885588651478,32.389512864611277,,,
2020-11-02T00:00:00,EURGBP,63,0.60660952076592367,0.68228200439555886,success,64,90.812066310029579,90.378983724030221,false,false,42.983766276920207,15.697888297876643,,,
2020-11-03T00:00:00,EURGBP,63,0.61226746269645671,0.66646517202999334,success,64,90.812066717770406,90.355213265253198,false,false,41.987305837889579,21.306452703822963,,,
2020-11-04T00:00:00,EURGBP,63,0.60023954605381757,0.65054973221299184,success,64,90.812066475906747,90.405603159526109,false,false,40.984633129418484,14.797102544068069,,,
2020-11-05T00:00:00,EURGBP,63,0.71105867425913694,0.44031453544361254,success,64,90.812066254110249,89.911534946522593,false,false,27.739815732947591,15.561833311021845,,,
2020-11-06T00:00:00,EURGBP,63,0.73719496070142743,0.42844260751692448,success,64,90.812066905418021,89.780626977213316,false,false,26.991884273566242,55.369405805643083,,,
2020-11-09T00:00:00,EURGBP,63,0.73948238906545105,0.41244366087591022,success,64,90.812066257009889,89.768786253057414,false,false,25.983950635182342,28.430837762757452,,,
2020-11-10T00:00:00,EURGBP,63,0.71150317730643975,0.396660605829246,success,64,90.812066335290027,89.909370524818669,false,false,24.989618167242497,40.597230054384845,,,
2020-11-11T00:00:00,EURGBP,63,0.75527465214033518,0.38088677067272425,success,64,90.812066265604173,89.685121357414218,false,false,23.995866552381628,117.4616228645661,,,
2020-11-12T00:00:00,EURGBP,63,0.70050906105136113,0.36485432697878556,success,64,90.812066248029112,89.962343110386087,false,false,22.985822599663489,28.462034357706955,,,
2020-11-13T00:00:00,EURGBP,63,0.74656516311895349,0.58908112851015215,success,64,90.812066835560756,89.731690667135751,false,false,37.112111096139586,0.43717191500171898,,,
2020-11-16T00:00:00,EURGBP,63,0.74084711241439316,0.57090348665026081,success,64,90.812066310365722,89.761690219483853,false,false,35.966919658966432,0.4635742589190246,,,
2020-11-17T00:00:00,EURGBP,63,0.74784282287011461,0.55238859020382969,success,64,90.812066288245404,89.724926074053187,false,false,34.800481182841267,0.46973021188368508,,,
2020-11-18T00:00:00,EURGBP,63,0.73930675407794244,0.53654345467833631,success,64,90.812066331130211,89.769697815966467,false,false,33.802237644735186,0.50198052786290093,,,
2020-11-19T00:00:00,EURGBP,63,0.74491298374395309,0.5187873056637119,success,64,90.812066327417398,89.740403643372233,false,false,32.683600256813847,0.51114113262475258,,,
2020-11-20T00:00:00,EURGBP,63,0.64782528746344747,0.45981162241962648,success,64,90.812066325908219,90.202572678915729,false,false,28.968132212436469,9.8420713865795584,,,
2020-11-23T00:00:00,EURGBP,63,0.86182481966973623,0.25379569704935845,success,64,90.812066264758442,88.981536542993496,false,false,15.989128914109582,64.117908825041724,,,
2020-11-24T00:00:00,EURGBP,63,0.87627690851097351,0.23792309664321018,success,64,90.812066271651801,88.854430060351959,false,false,14.989155088522242,67.58323633146658,,,
2020-11-25T00:00:00,EURGBP,63,0.90257223036982226,0.21787646834033661,success,64,90.812066217245416,88.585928775742133,false,false,13.726217505441207,15.835166757064941,,,
2020-11-26T00:00:00,EURGBP,63,0.92475872734953091,0.20615068054335584,success,64,90.812066372071399,88.303233422716374,false,false,12.987492874231418,69.375896057006926,,,
2020-11-27T00:00:00,EURGBP,63,0.92851815822841643,0.18942844855087768,success,64,90.812067025057601,88.247920544146254,false,false,11.933992258705294,13.568143792599336,,,
2020-11-30T00:00:00,EURGBP,63,0.93837346974099878,0.16939766994759678,success,64,90.812066997700597,88.089011436406608,false,false,10.672053206698598,19.24990618677565,,,
2020-12-01T00:00:00,EURGBP,63,0.96084580201783631,0.090297077727581318,success,64,90.812066313139908,87.611760017641302,false,false,5.688715896837623,18.486493960794917,,,
2020-12-02T00:00:00,EURGBP,63,0.95251523966187712,0.14276597189952758,success,64,90.812066275226499,87.813368993283774,false,false,8.9942562296702384,183.79580693135844,,,
2020-12-03T00:00:00,EURGBP,63,0.98117411784472808,0.058443868502673191,success,64,90.812067622449987,86.858550321902257,false,false,3.6819637156684109,21.02218353578931,,,
2020-12-04T00:00:00,EURGBP,63,0.69654516582585557,0.53922152335064832,success,64,90.812066427256141,89.981166572161783,false,false,33.970955971090845,13.717502269444617,,,
2020-12-07T00:00:00,EURGBP,63,0.65449546880711229,0.5235096252324255,success,64,90.812066264850429,90.173207360668087,false,false,32.981106389642804,17.292897180111176,,,
2020-12-08T00:00:00,EURGBP,63,0.69145373953237455,0.50766872245868022,success,64,90.81206634098919,90.005141875843236,false,false,31.983129514896852,22.912708511614863,,,
2020-12-09T00:00:00,EURGBP,63,0.67298015457838856,0.5340822237545465,success,64,90.812066405894839,90.090371423099796,false,false,33.647180096536431,0.94536883425310358,,,
2020-12-10T00:00:00,EURGBP,63,0.6919362990312774,0.55578566306308985,success,64,90.812066255915852,90.002878940874382,false,false,35.01449677297466,26.601606394274945,,,
2020-12-11T00:00:00,EURGBP,63,0.65927164310814357,0.53999729966978582,success,64,90.812066274283808,90.152016172162519,false,false,34.019829879196507,16.684529457007695,,,
2020-12-14T00:00:00,EURGBP,63,0.75581565687243091,0.26683253454870093,success,64,90.81206751005891,89.682193448393477,false,false,16.810449676568158,0.66787677224861841,,,
2020-12-15T00:00:00,EURGBP,63,0.85428451809298744,0.25998660894632336,success,64,90.812066357489485,89.043458026181781,false,false,16.379156363618371,0.75182414232294115,,,
2020-12-16T00:00:00,EURGBP,63,0.82552949168206691,0.24224293268534577,success,64,90.812066986209274,89.25779771823106,false,false,15.261304759176785,0.7441981274565429,,,
2020-12-17T00:00:00,EURGBP,63,0.70074041202674742,0.4766211909577554,success,64,90.812067005122628,89.961240881551902,false,false,30.027135030338592,14.84236136549138,,,
2020-12-18T00:00:00,EURGBP,63,0.69051523414038296,0.46249572332201982,success,64,90.812067080657229,90.009537914709156,false,false,29.137230569287247,2.3968034753782663,,,
2020-12-21T00:00:00,EURGBP,63,0.65197529478245453,0.44465759687648598,success,64,90.812066319884266,90.184333119372567,false,false,28.013428603218617,24.048174907842789,,,
2020-12-22T00:00:00,EURGBP,63,0.73487050231435935,0.16996913390351137,success,64,90.812066395808856,89.792590476583754,false,false,10.708055435921217,0.67811849633964638,,,
2020-12-23T00:00:00,EURGBP,63,0.71104443290506081,0.37994558675386986,success,64,90.812067058321333,89.911605066149178,false,false,23.936571965493801,0.80109885551481608,,,
2020-12-24T00:00:00,EURGBP,63,0.70078056041342152,0.36262195506029271,success,64,90.812066346532276,89.961048762300948,false,false,22.845183168798442,0.80219256867205047,,,
2020-12-28T00:00:00,EURGBP,63,0.70769013749621357,0.34804427905795426,success,64,90.812066432802155,89.927874506393138,false,false,21.926789580651118,0.78358405497936467,,,
2020-12-29T00:00:00,EURGBP,63,0.62151602889467938,0.93672249135019503,success,64,90.812066531382285,90.316078553618908,false,false,59.013516955062286,29.729385022755903,,,
2020-12-30T00:00:00,EURGBP,63,0.76503694216194962,0.76411773387623705,success,64,90.812066773101847,89.631570951131167,false,false,48.139417234202931,3.4523083896575195,,,
2020-12-31T00:00:00,EURGBP,63,0.81819040548526223,0.76175639773185622,success,64,90.812072262719028,89.307937139120412,false,false,47.99065305710694,14.902879698733944,,,
2021-01-04T00:00:00,EURGBP,63,0.89683272469450492,0.58659473234091131,success,64,90.812067465241711,88.649549806641545,false,false,36.955468137477411,0.43159554763783886,,,
2021-01-05T00:00:00,EURGBP,63,0.83552259743654544,0.58799617343114197,success,64,90.812066294862092,89.186782090924027,false,false,37.043758926161942,13.489337356714138,,,
2021-01-06T00:00:00,EURGBP,63,0.8202252431027296,0.57214003738626107,success,64,90.812066531262531,89.29419225873967,false,false,36.044822355334446,12.617273280319742,,,
2021-01-07T00:00:00,EURGBP,63,0.78025183778017659,0.5562109005760526,success,64,90.812066288212208,89.544931725171182,false,false,35.041286736291312,12.219860923183656,,,
2021-01-08T00:00:00,EURGBP,63,0.74935697456294792,0.54015509995665689,success,64,90.812069044632182,89.716883290518666,false,false,34.029771297269384,15.450495251164464,,,
2021-01-11T00:00:00,EURGBP,63,0.79342851179465623,0.48849028258794586,success,64,90.812066296290894,89.466349394986835,false,false,30.774887803040588,0.43820097357154414,,,
2021-01-12T00:00:00,EURGBP,63,0.79487009235269768,0.47056626856880035,success,64,90.81206781279792,89.457532591619923,false,false,29.645674919834423,0.42723151300820766,,,
2021-01-13T00:00:00,EURGBP,63,0.78214503244196021,0.45038264529721023,success,64,90.812066238803041,89.533855606930047,false,false,28.374106653724244,0.43659187916511338,,,
2021-01-14T00:00:00,EURGBP,63,0.77594073174955669,0.43402646517351468,success,64,90.812066675316686,89.569901141922642,false,false,27.343667305931426,0.44242838926890932,,,
2021-01-15T00:00:00,EURGBP,63,0.67304656082818803,0.46070488242430058,success,64,90.812066245005042,90.090069506664435,false,false,29.024407592730935,14.357180705199257,,,
2021-01-18T00:00:00,EURGBP,63,0.66752128725014814,0.57174379951741716,success,64,90.812066260499151,90.115070815963264,false,false,36.019859369597285,16.051975444178517,,,
2021-01-19T00:00:00,EURGBP,63,0.63833397651254919,0.55566560730549142,success,64,90.812066281413692,90.243925859805259,false,false,35.006933260245958,37.548514295464123,,,
2021-01-20T00:00:00,EURGBP,63,0.62347133595244586,0.53988492587603398,success,64,90.812066260632847,90.307757646650785,false,false,34.012750330190144,18.120916559754278,,,
2021-01-21T00:00:00,EURGBP,63,0.70077668962413853,0.39715338508264192,success,64,90.812066256521732,89.961067132051198,false,false,25.02066326020644,19.829908039005378,,,
2021-01-22T00:00:00,EURGBP,63,0.67337368419890964,0.3813417037946798,success,64,90.812066349273579,90.088582674622927,false,false,24.024527339064829,14.848175132373507,,,
2021-01-25T00:00:00,EURGBP,63,0.70076766252746103,0.36550413494600553,success,64,90.812066321208306,89.961110246352533,false,false,23.02676050159835,15.740569748646609,,,
2021-01-26T00:00:00,EURGBP,63,0.72663826760226635,0.30220496517865741,success,64,90.812106715624395,89.834473875763507,false,false,19.038912806255418,0.53286029758865294,,,
2021-01-27T00:00:00,EURGBP,63,0.6451957609341582,0.55538421565032547,success,64,90.812066379299978,90.214078801354077,false,false,34.989205585970502,24.111736265581545,,,
2021-01-28T00:00:00,EURGBP,63,0.67626261577568325,0.5395562639870799,success,64,90.812066339322385,90.075417498452452,false,false,33.992044631186033,40.484903459783283,,,
2021-01-29T00:00:00,EURGBP,63,0.69845058141262828,0.52369196914471494,success,64,90.812066334697192,89.972135819906057,false,false,32.992594056117042,48.506664502483453,,,
2021-02-01T00:00:00,EURGBP,63,0.98891787915599882,0.80628047573361195,success,64,90.812066256547737,86.320788037508663,false,false,50.795669971217549,0.64823865437007722,,,
2021-02-02T00:00:00,EURGBP,63,0.99409004113853339,0.70437823878118966,success,64,90.812066379694883,85.686877463053463,false,false,44.375829043214949,2.2556701073576235,,,
2021-02-03T00:00:00,EURGBP,63,0.99674337377163025,0.77449095175232163,success,64,90.812066243076444,85.088264664898418,false,false,48.792929960396265,0.71883143542090078,,,
2021-02-04T00:00:00,EURGBP,63,0.72644098116932732,0.46017121895240837,success,64,90.812066365969898,89.835426513020082,false,false,28.990786794001728,43.94750686456338,,,
2021-02-05T00:00:00,EURGBP,63,0.7471602714854928,0.44417047726669667,success,64,90.812066224989522,89.728542313201203,false,false,27.982740067801892,25.28314185160972,,,
2021-02-08T00:00:00,EURGBP,63,0.58756991743862219,0.30154923950925899,success,64,90.81206625280636,90.458137700050443,false,false,18.997602089083315,23.734408002864136,,,
2021-02-09T00:00:00,EURGBP,63,0.78227624221854786,0.41257541690734267,success,64,90.812066346628328,89.533085510657642,false,false,25.99225126516259,63.424955081541533,,,
2021-02-10T00:00:00,EURGBP,63,0.76410388834485032,0.39659037608424208,success,64,90.812066354383575,89.636754098208414,false,false,24.985193693307252,31.430445173874656,,,
2021-02-11T00:00:00,EURGBP,63,0.75869872533805371,0.37674905303250322,success,64,90.812066240443386,89.666507733256381,false,false,23.735190341047701,14.037847307997323,,,
2021-02-12T00:00:00,EURGBP,63,0.72251558108071734,0.36463213853305981,success,64,90.812066567526159,89.855092365833968,false,false,22.971824727582767,14.462010214901953,,,
2021-02-15T00:00:00,EURGBP,63,0.74477917083983003,0.34913345414348473,success,64,90.812066303075824,89.741107710722133,false,false,21.995407611039539,96.967466884877581,,,
2021-02-16T00:00:00,EURGBP,63,0.99757671888522059,0.62858079787414933,success,64,90.812066276326661,84.791859673768073,false,false,39.600590266071407,0.53937354061960874,,,
2021-02-17T00:00:00,EURGBP,63,0.99845078345518934,0.61145100667949803,success,64,90.81206626965789,84.343610756682239,false,false,38.521413420808379,0.53609179068588686,,,
2021-02-18T00:00:00,EURGBP,63,0.99866736967319636,0.59399356673726389,success,64,90.812066528584694,84.19279944717762,false,false,37.421594704447628,0.51251527735317404,,,
2021-02-19T00:00:00,EURGBP,63,0.99948354273720863,0.4981759623065703,success,64,90.812066239562981,83.244064813538017,false,false,31.385085625313927,2.2622923689282999,,,
2021-02-22T00:00:00,EURGBP,63,0.99961969319923472,0.55930205633560193,success,64,90.812066240326374,82.937914358905275,false,false,35.23602954914292,0.51511355562264283,,,
2021-02-23T00:00:00,EURGBP,63,0.99972364505477662,0.46570169357877367,success,64,90.812066243968957,82.618518152045695,false,false,29.339206695462742,2.1892333171736116,,,
2021-02-24T00:00:00,EURGBP,63,0.99987872696589164,0.44950752777941039,success,64,90.812066464512867,81.794721670740898,false,false,28.318974250102855,2.2003486999070119,,,
2021-02-25T00:00:00,EURGBP,63,0.9982601951406882,0.41230333147198939,success,64,90.812066271601637,84.459825269813308,false,false,25.975109882735332,50.060396552224162,,,
2021-02-26T00:00:00,EURGBP,63,0.99891441649974999,0.39380718450071706,success,64,90.812066390071294,83.987514914946956,false,false,24.809852623545176,24.514230598996431,,,
2021-03-01T00:00:00,EURGBP,63,0.99916955885299086,0.38048680433970233,success,64,90.812066305434271,83.719343595638236,false,false,23.970668673401246,45.117191692422942,,,
2021-03-02T00:00:00,EURGBP,63,0.99942051689076572,0.36490457022074191,success,64,90.812066364493717,83.359271972822071,false,false,22.988987923906741,123.54193205012493,,,
2021-03-03T00:00:00,EURGBP,63,0.99931353320779526,0.36250186902737325,success,64,90.812066317342399,83.528800313326599,false,false,22.837617748724515,2.0972190384253397,,,
2021-03-04T00:00:00,EURGBP,63,0.99924966628003153,0.3554559334317427,success,64,90.812066314052387,83.61782443897215,false,false,22.393723806199791,2.0118994741615022,,,
2021-03-05T00:00:00,EURGBP,63,0.99951698697790614,0.33882032330529216,success,64,90.812066390194587,83.177082576086548,false,false,21.345680368233406,1.9649750541761466,,,
2021-03-08T00:00:00,EURGBP,63,0.99963199802310398,0.32259764641304828,success,64,90.812066313088536,82.905012134985256,false,false,20.323651724022042,1.9073106150080672,,,
2021-03-09T00:00:00,EURGBP,63,0.99979036053551629,0.30648903821825113,success,64,90.812066219084969,82.342154542037349,false,false,19.30880940774982,1.9196941132832301,,,
2021-03-10T00:00:00,EURGBP,63,0.99988847863981789,0.28470203421142881,success,64,90.812066380635386,81.710883493942532,false,false,17.936228155320016,2.1092887679474881,,,
2021-03-11T00:00:00,EURGBP,63,0.99992081952030742,0.27326978532986368,success,64,90.812066808347751,81.368365233910652,false,false,17.215996475781413,1.8386909564018743,,,
2021-03-12T00:00:00,EURGBP,63,0.99877114001873302,0.26143035726847447,success,64,90.812066264883356,84.111627496650016,false,false,16.470112507913893,2.2757387740119559,,,
2021-03-15T00:00:00,EURGBP,63,0.99925000367166938,0.24518354881273222,success,64,90.812066262967591,83.617374293678836,false,false,15.446563575202129,2.2762669839991578,,,
2021-03-16T00:00:00,EURGBP,63,0.99943723410624652,0.22509214604917294,success,64,90.812066252964499,83.329982341703555,false,false,14.180805201097895,3.23254431604198,,,
2021-03-17T00:00:00,EURGBP,63,0.99825362226576253,0.20872926853200069,success,64,90.812066247011572,84.463602649110854,false,false,13.149943917516044,2.8130598225797354,,,
2021-03-18T00:00:00,EURGBP,63,0.99916037530881552,0.1963967863195383,success,64,90.812066439611655,83.730350854806119,false,false,12.372997538130914,2.1401500064703223,,,
2021-03-19T00:00:00,EURGBP,63,0.99913473288814836,0.17348696332460284,success,64,90.812066514943467,83.760459857742234,false,false,10.929678689449979,2.1314142049501865,,,
2021-03-22T00:00:00,EURGBP,63,0.99893630274848866,0.1633744194282814,success,64,90.812066887089586,83.967126683863953,false,false,10.292588423981728,1.9430384937973553,,,
2021-03-23T00:00:00,EURGBP,63,0.99940479571728269,0.14623138068500793,success,64,90.812066707512983,83.386056209954205,false,false,9.2125769831555004,1.8522282230385458,,,
2021-03-24T00:00:00,EURGBP,63,0.94666989731953222,0.47682516354991483,success,64,90.812066250564925,87.935616745411892,false,false,30.039985303644634,11.402519153904198,,,
2021-03-25T00:00:00,EURGBP,63,0.86337925987465536,0.46062840054904575,success,64,90.812066215567867,88.968420920881456,false,false,29.019589234589883,11.847405808708974,,,
2021-03-26T00:00:00,EURGBP,63,0.99963942346001178,0.073582370321816054,success,64,90.812066273270318,82.884620607253112,false,false,4.6356893302744115,14.818354948951155,,,
2021-03-29T00:00:00,EURGBP,63,0.99613844049586997,0.081499337270369995,success,64,90.812066255929281,85.259251130020033,false,false,5.1344582480333099,1.7189391026757528,,,
2021-03-30T00:00:00,EURGBP,63,0.83941227428636789,0.41425902282448834,success,64,90.812066245499395,89.1582046429223,false,false,26.098318437942766,9.7623525256901331,,,
2021-03-31T00:00:00,EURGBP,63,0.85876280857545051,0.39789284220745036,success,64,90.812066233328778,89.007014160266422,false,false,25.067249059069372,11.89008198072564,,,
2021-04-01T00:00:00,EURGBP,63,0.99387988350186163,1.6111948179574398e-08,success,64,90.812066451928672,85.72203122610803,false,false,1.015052735313187e-06,15.286194094525047,,,
2021-04-02T00:00:00,EURGBP,63,0.69462498629121039,0.53851200226518081,success,64,90.812066265862228,89.990234728467229,false,false,33.926256142706393,1.8915720667110116,,,
2021-04-05T00:00:00,EURGBP,63,0.65057969136065419,0.523991111862668,success,64,90.812067827920501,90.190479549951263,false,false,33.011440047348081,23.138298442955854,,,
2021-04-06T00:00:00,EURGBP,63,0.92528266308818263,0.5399325610971758,success,64,90.812066315030492,88.295679194865329,false,false,34.015751349122077,47.267999716935392,,,
2021-04-07T00:00:00,EURGBP,63,0.77847955694118698,0.21460999373526882,success,64,90.805170753692352,89.548342901257612,false,false,13.520429605321935,1.043074389214566,,,
2021-04-08T00:00:00,EURGBP,63,0.99916358388949011,0.96146060619873486,success,64,90.661458750022177,83.575911187257361,false,false,60.572018190520296,47.414967388924168,,,
2021-04-09T00:00:00,EURGBP,63,0.85626987409267952,0.47351215995633922,success,64,90.639123325222954,88.854475140858341,false,false,29.831266077249371,2.8194689569288869,,,
2021-04-12T00:00:00,EURGBP,63,0.99864015555212593,0.92937248053564037,success,64,90.787984887539409,84.188960695075949,false,false,58.550466273745343,51.06429269056909,,,
2021-04-13T00:00:00,EURGBP,63,0.99775028224054907,0.91326839085784806,success,64,90.808429623015996,84.713731364314228,false,false,57.535908624044424,36.025238041782025,,,
2021-04-14T00:00:00,EURGBP,63,0.9546445588550424,0.77025394096290389,success,64,90.736204726921557,87.689395795910869,false,false,48.525998280662947,47.87294718690579,,,
2021-04-15T00:00:00,EURGBP,63,0.99647232340463221,0.87853693996772497,success,64,90.796028026061379,85.152446126561017,false,false,55.347827217966675,42.298008718525018,,,
2021-04-16T00:00:00,EURGBP,63,0.92634689098882339,0.67549317960209787,success,64,90.789574596281881,88.257692174826261,false,false,42.556070314932164,31.091944082543176,,,
2021-04-19T00:00:00,EURGBP,63,0.94986417337147233,0.65898446207362993,success,64,90.681657694299588,87.740074550218182,false,false,41.516021110638683,24.360325708829063,,,
2021-04-20T00:00:00,EURGBP,63,0.98889642264560218,0.83296271458298587,success,64,90.770819901239648,86.28149764505487,false,false,52.476651018728113,32.088155377130171,,,
2021-04-21T00:00:00,EURGBP,63,0.98453632607184782,0.81683415040216678,success,64,90.76286726446699,86.609190124894511,false,false,51.460551475336509,31.939364090620501,,,
2021-04-22T00:00:00,EURGBP,63,0.99101092962340431,0.8026784125516061,success,64,90.669741289187954,85.967025162786797,false,false,50.568739990751183,35.579269817632309,,,
2021-04-23T00:00:00,EURGBP,63,0.99128224713345137,0.78524311858729101,success,64,90.557348216739015,85.823710418453075,false,false,49.470316470999336,26.43546130446336,,,
2021-04-26T00:00:00,EURGBP,63,0.98423657962229516,0.76254012578631969,success,64,90.657287979274074,86.523113774598727,false,false,48.040027924538137,405.10151572517168,,,
2021-04-27T00:00:00,EURGBP,63,0.97574918927427168,0.75351766259853847,success,64,90.659417569891076,86.964662043518587,false,false,47.471612743707922,23.623503535175431,,,
2021-04-28T00:00:00,EURGBP,63,0.86539652186638283,0.610602981517821,success,64,90.649282624335541,88.788428073051989,false,false,38.467987835622722,27.475376604707229,,,
2021-04-29T00:00:00,EURGBP,63,0.95982481786180651,0.72163656667720533,success,64,90.557360298971687,87.383858957789059,false,false,45.463103700663936,19.268426269749746,,,
2021-04-30T00:00:00,EURGBP,63,0.85777300976056625,0.44395270963695832,success,64,90.598923434692239,88.802008231730881,false,false,27.969020707128376,0.43853923749340717,,,
2021-05-03T00:00:00,EURGBP,63,0.95454235511271468,0.69612797056273878,success,64,90.644676652947808,87.600225647450046,false,false,43.85606214545254,112.22104442322602,,,
2021-05-04T00:00:00,EURGBP,63,0.80754304983661473,0.48424759888784613,success,64,90.533090108884906,89.098966235920798,false,false,30.507598729934305,30.691014076607974,,,
2021-05-05T00:00:00,EURGBP,63,0.82485941799273255,0.47224888671937748,success,64,90.230916611902785,88.681292619707193,false,false,29.751679863320781,57.656100940391262,,,
2021-05-06T00:00:00,EURGBP,63,0.66404321254759591,0.25799245905083318,success,64,90.410404765820715,89.729040082243671,false,false,16.253524920202491,1.5594707214871599,,,
2021-05-07T00:00:00,EURGBP,63,0.6679839996357243,0.24012152524022778,success,64,90.354987845552102,89.655906786566959,false,false,15.12765609013435,1.5709938251995039,,,
2021-05-10T00:00:00,EURGBP,63,0.77462145729916032,0.72875681080976928,success,64,90.492704165703302,89.258111098409771,false,false,45.911679081015464,0.9041031117546191,,,
2021-05-11T00:00:00,EURGBP,63,0.75126645291633065,0.71038886751368102,success,64,90.514762596237873,89.40938444138169,false,false,44.754498653361907,0.91996272153984393,,,
2021-05-12T00:00:00,EURGBP,63,0.91706791080914518,0.55922117955926842,success,64,90.443397237362234,88.040237780625262,false,false,35.230934312233913,2.6069251040214168,,,
2021-05-13T00:00:00,EURGBP,63,0.90257218127849625,0.54283188782067215,success,64,90.49895572447538,88.2728188412365,false,false,34.198408932702343,2.594297092262015,,,
2021-05-14T00:00:00,EURGBP,63,0.88362843125086066,0.52637960317354893,success,64,90.510638849793096,88.483390452886567,false,false,33.161914999933579,2.5579719490908306,,,
2021-05-17T00:00:00,EURGBP,63,0.85081688062819949,0.27763286066438259,success,64,90.580031821938164,88.839009438349166,false,false,17.490870221856103,0.3284261640699605,,,
2021-05-18T00:00:00,EURGBP,63,0.84916917071979037,0.25670055157872884,success,64,90.667989204070295,88.939889651686897,false,false,16.172134749459918,0.32258393259675266,,,
2021-05-19T00:00:00,EURGBP,63,0.84190077374122818,0.23998244061472809,success,64,90.63981391044932,88.967374599268936,false,false,15.11889375872787,0.33591776422473663,,,
2021-05-20T00:00:00,EURGBP,63,0.77855448776986291,0.75683097569084601,success,64,90.645735250580998,89.388472835820707,false,false,47.680351468523298,0.65581677529272009,,,
2021-05-21T00:00:00,EURGBP,63,0.76194369817628727,0.73692226709125197,success,64,90.660914976165017,89.49754951809544,false,false,46.426102826748874,0.66372334039093184,,,
2021-05-24T00:00:00,EURGBP,63,0.75335683882295423,0.71959455009926032,success,64,90.697384684675356,89.580788280050527,false,false,45.334456656253401,0.67651542627377759,,,
2021-05-25T00:00:00,EURGBP,63,0.75144284743571987,0.70158061327198495,success,64,90.577181062367629,89.470858716674357,false,false,44.199578636135051,0.67496965019187838,,,
2021-05-26T00:00:00,EURGBP,63,0.79802971549399193,0.69301831401236136,success,64,90.389838911123164,89.015813657079605,false,false,43.660153782778764,0.75382121977969985,,,
2021-05-27T00:00:00,EURGBP,63,0.79413546314829442,0.68044235266128861,success,64,90.28667870076896,88.936643009959866,false,false,42.867868217661183,0.72768725054776673,,,
2021-05-28T00:00:00,EURGBP,63,0.68610294138144856,0.49586018712352764,success,64,90.366528836095384,89.584566252667557,false,false,31.239191788782243,1.1158424828650177,,,
2021-05-31T00:00:00,EURGBP,63,0.68014646769501708,0.47867665960840772,success,64,90.322827290450718,89.568382301270248,false,false,30.156629555329687,1.1054669572292222,,,
2021-06-01T00:00:00,EURGBP,63,0.8542613219352081,0.33590800632195233,success,64,90.375427726219002,88.60700572335324,false,false,21.162204398282999,2.8215384060158004,,,
2021-06-02T00:00:00,EURGBP,63,0.77345504316334812,0.60941730408806705,success,64,90.412656110528147,89.18473197367608,false,false,38.393290157548222,0.74233037882859532,,,
2021-06-03T00:00:00,EURGBP,63,0.60915266191467687,0.50796834944121705,success,64,90.329248364720129,89.885496496109994,false,false,32.002006014796677,17.109721995968108,,,
2021-06-04T00:00:00,EURGBP,63,0.6020318346419774,0.49210562897977739,success,64,90.314017363161113,89.900079053333101,false,false,31.002654625725974,15.409623042687928,,,
2021-06-07T00:00:00,EURGBP,63,0.96042007644525051,0.69750277393604387,success,64,90.325706430184198,87.136657670563366,false,false,43.942674757970764,17.94770615320774,,,
2021-06-08T00:00:00,EURGBP,63,0.91466753404715995,0.75962685093681037,success,64,90.324601761636089,87.952596104301222,false,false,47.856491609019052,0.73591510512094893,,,
2021-06-09T00:00:00,EURGBP,63,0.91136119389735659,0.74354418183768367,success,64,90.361837298253604,88.03146775274331,false,false,46.84328345577407,0.71584248822109919,,,
2021-06-10T00:00:00,EURGBP,63,0.88716222159148683,0.72823458794211537,success,64,90.518244008284867,88.456167352731526,false,false,45.878779040353265,0.66926146638865214,,,
2021-06-11T00:00:00,EURGBP,63,0.7974480916792942,0.4880064164710245,success,64,90.505518759951102,89.135098207297844,false,false,30.744404237674544,0.73224854010517515,,,
2021-06-14T00:00:00,EURGBP,63,0.81011245302561863,0.47019461925354361,success,64,90.480980755050453,89.030239725038072,false,false,29.622261012973247,0.73276518383240796,,,
2021-06-15T00:00:00,EURGBP,63,0.84703016709253742,0.25194484683769774,success,64,90.383332339679114,88.671836760671567,false,false,15.872525350774959,2.0002093837212684,,,
2021-06-16T00:00:00,EURGBP,63,0.87640010077443298,0.23627301035694329,success,64,90.343823893918795,88.385050900906819,false,false,14.885199652487428,1.9090183970291905,,,
2021-06-17T00:00:00,EURGBP,63,0.85458510380716646,0.22062831120508314,success,64,90.3156977360442,88.544672653184804,false,false,13.899583605920238,1.9347002105411779,,,
2021-06-18T00:00:00,EURGBP,63,0.86384307766283519,0.20458292362111924,success,64,90.513208092568775,88.665625024623523,false,false,12.888724188130512,1.8497190983847018,,,
2021-06-21T00:00:00,EURGBP,63,0.89831271534447388,0.18832795362337834,success,64,90.736129634121809,88.557513658357877,false,false,11.864661078272835,1.7714010411979788,,,
2021-06-22T00:00:00,EURGBP,63,0.94706969763560811,0.17130362150364042,success,64,90.697691079558879,87.813294389119932,false,false,10.792128154729348,1.6696437864180498,,,
2021-06-23T00:00:00,EURGBP,63,0.85297261359365062,0.78475310069381776,success,64,90.755524937831964,88.997416368352702,false,false,49.439445343710517,0.33268254452160506,,,
2021-06-24T00:00:00,EURGBP,63,0.85728042183316089,0.76470766494763975,success,64,90.781535228584133,88.988651863325813,false,false,48.176582891701301,0.3057794489021422,,,
2021-06-25T00:00:00,EURGBP,63,0.8557592441959575,0.74153991659271667,success,64,90.744963282798409,88.964458021784537,false,false,46.717014745341153,0.25930449260287369,,,
2021-06-28T00:00:00,EURGBP,63,0.95865915452512918,0.47093232112511135,success,64,90.781931193122745,87.638246604794446,false,false,29.668736230882015,2.794951863408941,,,
2021-06-29T00:00:00,EURGBP,63,0.96951372242678391,0.45443508969663909,success,64,90.782995624621762,87.323477662650248,false,false,28.629410650888264,2.8175286910189601,,,
2021-06-30T00:00:00,EURGBP,63,0.9763713998366309,0.43787854154258204,success,64,90.787132708926904,87.065747511915916,false,false,27.58634811718267,2.8228876922223249,,,
2021-07-01T00:00:00,EURGBP,63,0.98362544694447263,0.41251963328473018,success,64,90.809404874258107,86.713888179847913,false,false,25.988736896938001,87.204194363406231,,,
2021-07-02T00:00:00,EURGBP,63,0.99078348920878256,0.39673383361619613,success,64,90.808392886143992,86.130893379580499,false,false,24.994231517820356,233.60029004818281,,,
2021-07-05T00:00:00,EURGBP,63,0.90747656739661742,0.38079475520051315,success,64,90.812068155124507,88.52886234824831,false,false,23.99006957763233,71.473789077840607,,,
2021-07-06T00:00:00,EURGBP,63,0.88975820383297155,0.36456211522502047,success,64,90.812066250941683,88.72379260658893,false,false,22.96741325917629,20.761079293534252,,,
2021-07-07T00:00:00,EURGBP,63,0.87902500333434108,0.34913531123382624,success,64,90.812066332040715,88.828836874673215,false,false,21.995524607731053,147.34973148835644,,,
2021-07-08T00:00:00,EURGBP,63,0.85402432234549386,0.33321877704179714,success,64,90.812066251697004,89.045546594238715,false,false,20.99278295363322,85.888678037163288,,,
2021-07-09T00:00:00,EURGBP,63,0.84049693440289563,0.31733373961177469,success,64,90.812066222602823,89.150136059194864,false,false,19.992025595541804,75.517193074473937,,,
2021-07-12T00:00:00,EURGBP,63,0.73379578448075078,0.58563850918029414,success,64,90.812066386111297,89.79809936073184,false,false,36.895226078358533,0.46056100753239276,,,
2021-07-13T00:00:00,EURGBP,63,0.74189982314823011,0.56637569116163089,success,64,90.812067743262645,89.756201310374749,false,false,35.681668543182745,0.45717851598816983,,,
2021-07-14T00:00:00,EURGBP,63,0.67167656363288775,0.47584885080629546,success,64,90.812066425338642,90.096288713802565,false,false,29.978477600796616,15.850059412806687,,,
2021-07-15T00:00:00,EURGBP,63,0.93857388253477159,0.25366522657620721,success,64,90.812066277184513,88.085539810785647,false,false,15.980909274301053,44.117118763850534,,,
2021-07-16T00:00:00,EURGBP,63,0.73255010191278802,0.52020471416041103,success,64,90.812066897523337,89.804467412379012,false,false,32.772896992105892,0.48402534865222324,,,
2021-07-19T00:00:00,EURGBP,63,0.73331631127875174,0.50690850803526588,success,64,90.812066233442863,89.800552364593855,false,false,31.93523600622175,0.42565247532651185,,,
2021-07-20T00:00:00,EURGBP,63,0.74051000289833901,0.48635131977592577,success,64,90.812066295683294,89.763445308812308,false,false,30.640133145883322,0.40210292419486465,,,
2021-07-21T00:00:00,EURGBP,63,0.73818742487524869,0.47549373187378308,success,64,90.812066244705719,89.775497374751112,false,false,29.956105108048334,0.40257183020557052,,,
2021-07-22T00:00:00,EURGBP,63,0.74914189065587378,0.46350827196046179,success,64,90.812066566536032,89.718025638703196,false,false,29.201021133509094,0.36526396521649879,,,
2021-07-23T00:00:00,EURGBP,63,0.74703587599956922,0.44315897640823937,success,64,90.812066290156295,89.729200755706316,false,false,27.919015513719081,0.34238589760330168,,,
2021-07-26T00:00:00,EURGBP,63,0.59741808945769814,0.79276126201669894,success,64,90.812066373814076,90.417347768786982,false,false,49.943959507052035,8.3622884470325953,,,
2021-07-27T00:00:00,EURGBP,63,0.60982189024885269,0.50318250508122597,success,64,90.812066245565489,90.365502640773528,false,false,31.700497820117235,1.4989108911040068,,,
2021-07-28T00:00:00,EURGBP,63,0.60291643457918731,0.48622052817504247,success,64,90.812066479365782,90.394434625810163,false,false,30.631893275027675,1.5098621281012339,,,
2021-07-29T00:00:00,EURGBP,63,0.97242362820451311,0.094619109906421944,success,64,90.812066384771725,87.249234155470745,false,false,5.9610039241045829,33.19171795541687,,,
2021-07-30T00:00:00,EURGBP,63,0.97975388273384867,0.078843898510181351,success,64,90.812066356088252,86.932727991257039,false,false,4.9671656061414255,43.578912988466598,,,
2021-08-02T00:00:00,EURGBP,63,0.60884249326930995,0.43769668893954339,success,64,90.812066211923096,90.369616918790058,false,false,27.574891403191234,1.5418867215936645,,,
2021-08-03T00:00:00,EURGBP,63,0.63655585561418482,0.59604003587895438,success,64,90.812066288731458,90.251619744885531,false,false,37.550522260374123,1.3142935452765816,,,
2021-08-04T00:00:00,EURGBP,63,0.62273327728229799,0.58120297227783668,success,64,90.812066243179345,90.310900367028495,false,false,36.615787253503711,1.4552236989244494,,,
2021-08-05T00:00:00,EURGBP,63,0.62634569156367459,0.56497670295428359,success,64,90.812066302799835,90.295494922157332,false,false,35.593532286119867,1.4569498481740728,,,
2021-08-06T00:00:00,EURGBP,63,0.62039170139274813,0.57190065310528004,success,64,90.812066251816191,90.320855124772862,false,false,36.029741145632642,17.075395812751353,,,
2021-08-09T00:00:00,EURGBP,63,0.58405635651528343,0.55517436400774289,success,64,90.812066241009305,90.472618540646195,false,false,34.975984932487805,10.731438165554206,,,
2021-08-10T00:00:00,EURGBP,63,0.62853977317064857,0.60147761989600457,success,64,90.812066320010743,90.286108808694479,false,false,37.89309005344829,2.2107024532489681,,,
2021-08-11T00:00:00,EURGBP,63,0.58510877580123655,0.50817013449843529,success,64,90.812066367966622,90.468284971988524,false,false,32.014718473401423,7.5995680517084567,,,
2021-08-12T00:00:00,EURGBP,63,0.5867645481180086,0.49225049631700185,success,64,90.812066241793403,90.461460144887297,false,false,31.011781267971116,10.015054222108573,,,
2021-08-13T00:00:00,EURGBP,63,0.60837687876870683,0.47295210630859824,success,64,90.812066392773261,90.371571788343232,false,false,29.795982697441691,1.7593189856978786,,,
2021-08-16T00:00:00,EURGBP,63,0.58703962599448367,0.53969744993438973,success,64,90.81206624020011,90.460325558337288,false,false,34.000939345866556,56.64087830575194,,,
2021-08-17T00:00:00,EURGBP,63,0.58462697467561464,0.52382218094886268,success,64,90.812066249550725,90.47026922853604,false,false,33.000797399778349,18.233520928888275,,,
2021-08-18T00:00:00,EURGBP,63,0.58029757409741312,0.49203522380383002,success,64,90.812066296796999,90.488071216447565,false,false,30.998219099641293,57.360438272224371,,,
2021-08-19T00:00:00,EURGBP,63,0.60881093322669344,0.40753575234875661,success,64,90.812066328963624,90.369749553775577,false,false,25.674752397971666,1.6332350312192681,,,
2021-08-20T00:00:00,EURGBP,63,0.5998524438699423,0.47153987185628471,success,64,90.812066475583492,90.407216146905569,false,false,29.707011926945938,2.0510852463053282,,,
2021-08-23T00:00:00,EURGBP,63,0.61850962910671947,0.52365950356540159,success,64,90.81206629071437,90.328839140803552,false,false,32.990548724620297,19.989730461319926,,,
2021-08-24T00:00:00,EURGBP,63,0.82997778669630384,0.65051624896495752,success,64,90.812066362520895,89.226596520111357,false,false,40.982523684792326,37.359086113020865,,,
2021-08-25T00:00:00,EURGBP,63,0.82083733672716186,0.68198287567023985,success,64,90.812066258483895,89.290035423446966,false,false,42.964921167225114,17.436722746087767,,,
2021-08-26T00:00:00,EURGBP,63,0.82552320139611124,0.6657247617408617,success,64,90.812066218677643,89.257840623354483,false,false,41.940659989674288,10.273699586070991,,,
2021-08-27T00:00:00,EURGBP,63,0.65254161487756768,0.46026933294366029,success,64,90.812066340045675,90.181836328082667,false,false,28.996967975450598,89.994231515546403,,,
2021-08-30T00:00:00,EURGBP,63,0.60510073932559771,0.29619060212408133,success,64,90.812066250654695,90.385301991309845,false,false,18.660007933817123,1.7294796452919468,,,
2021-08-31T00:00:00,EURGBP,63,0.68341684850224038,0.42850560432018969,success,64,90.812066272738292,90.042547208452234,false,false,26.995853072171951,80.122922058903043,,,
2021-09-01T00:00:00,EURGBP,63,0.70526330447321162,0.41237078680196687,success,64,90.812066325724302,89.939577511353463,false,false,25.979359568523911,18.024733953325384,,,
2021-09-02T00:00:00,EURGBP,63,0.9337830081640498,0.57626155356236641,success,64,90.812066217568756,88.165759235904602,false,false,36.304477874429082,6.8770905232512396,,,
2021-09-03T00:00:00,EURGBP,63,0.95895054995506501,0.56702539778572958,success,64,90.812066268457968,87.66100419768874,false,false,35.722600060500966,1.4691722256874462,,,
2021-09-06T00:00:00,EURGBP,63,0.97274799014217617,0.55053490031338104,success,64,90.812066275754361,87.237068504692346,false,false,34.683698719743006,1.5008958467149183,,,
2021-09-07T00:00:00,EURGBP,63,0.97636459969056533,0.53433425938829548,success,64,90.812066419073204,87.090975938408818,false,false,33.663058341462616,1.5025457387847461,,,
2021-09-08T00:00:00,EURGBP,63,0.97837226491802742,0.51894038587672076,success,64,90.812066254531231,87.000152540544946,false,false,32.69324431023341,1.6718512705741571,,,
2021-09-09T00:00:00,EURGBP,63,0.97038243817370151,0.50286200230172329,success,64,90.812066320200572,87.322743550583908,false,false,31.680306145008569,1.4099892985884035,,,
2021-09-10T00:00:00,EURGBP,63,0.97974063888357776,0.4860227851349494,success,64,90.812066371187797,86.933395452840188,false,false,30.619435463501812,1.3846872023340875,,,
2021-09-13T00:00:00,EURGBP,63,0.98604581012550763,0.42815123582545411,success,64,90.812066501702759,86.554143500203338,false,false,26.97352785700361,38.781243238627205,,,
2021-09-14T00:00:00,EURGBP,63,0.98515963200134449,0.45444003325650817,success,64,90.812066310443228,86.616613654641242,false,false,28.629722095160016,1.4970222128301314,,,
2021-09-15T00:00:00,EURGBP,63,0.98788681865494599,0.43851186285761679,success,64,90.812067331549059,86.410793423412983,false,false,27.626247360029858,1.5467138917470893,,,
2021-09-16T00:00:00,EURGBP,63,0.98373388627224778,0.42307050176890021,success,64,90.812068261554174,86.70979687332472,false,false,26.653441611440712,1.5770691004494126,,,
2021-09-17T00:00:00,EURGBP,63,0.97453611916338823,0.40274579538532868,success,64,90.812066274084643,87.167365701808961,false,false,25.372985109275707,6.202904088218216,,,
2021-09-20T00:00:00,EURGBP,63,0.9596455844985281,0.39319611829066509,success,64,90.812066267844287,87.643203053114206,false,false,24.771355452311902,1.5421268097910867,,,
2021-09-21T00:00:00,EURGBP,63,0.97279831398985561,0.37684967044399187,success,64,90.81206665634663,87.235168835336097,false,false,23.741529237971488,1.5942885545897627,,,
2021-09-22T00:00:00,EURGBP,63,0.96925530700407103,0.35469564754903288,success,64,90.812066285005073,87.361255626956961,false,false,22.345825795589072,5.6678191303689278,,,
2021-09-23T00:00:00,EURGBP,63,0.96456307568032673,0.34431178121423767,success,64,90.812066338405145,87.508145447322292,false,false,21.691642216496973,1.4266798685276647,,,
2021-09-24T00:00:00,EURGBP,63,0.97387612286763592,0.32792516713002534,success,64,90.812066284687802,87.193631901829875,false,false,20.659285529191596,1.4122608074800327,,,
2021-09-27T00:00:00,EURGBP,63,0.97223882132474326,0.26961216502370888,success,64,90.812066269355228,87.256103388343476,false,false,16.98556639649366,68.543032617931217,,,
2021-09-28T00:00:00,EURGBP,63,0.82280135455896197,0.30363706327327389,success,64,90.812068063056813,89.276624652903465,false,false,19.129134986216254,0.75772323067517744,,,
2021-09-29T00:00:00,EURGBP,63,0.80613334605352416,0.23783685233603497,success,64,90.812066234517019,89.386987635878725,false,false,14.983721697170203,38.304539666547065,,,
2021-09-30T00:00:00,EURGBP,63,0.99599024483221132,0.95204518908410751,success,64,90.812066256954424,85.297058977803204,false,false,59.978846912298771,13.903089519772898,,,
2021-10-01T00:00:00,EURGBP,63,0.77784900498443499,0.20613601909589366,success,64,90.8120663315391,89.558891215591345,false,false,12.9865692030413,44.886342259644216,,,
2021-10-04T00:00:00,EURGBP,63,0.98978878130040349,0.91986670478580679,success,64,90.812066567191323,86.238061987430385,false,false,57.951602401505831,12.308059143380396,,,
2021-10-05T00:00:00,EURGBP,63,0.98472813030246131,0.81163840837929391,success,64,90.796114197696923,86.629761158739768,false,false,51.133219727895515,0.30004492137513772,,,
2021-10-06T00:00:00,EURGBP,63,0.99137646552426084,0.78744238127984001,success,64,90.609096330778101,85.864497016725096,false,false,49.608870020629922,0.3575606333753335,,,
2021-10-07T00:00:00,EURGBP,63,0.99341191021063313,0.7710616567352514,success,64,90.616214341726931,85.600332391237743,false,false,48.576884374320841,0.4113293872699203,,,
2021-10-08T00:00:00,EURGBP,63,0.99029727680310664,0.74930069783305242,success,64,90.669118947938102,86.043520358341723,false,false,47.205943963482305,0.41907643885034168,,,
2021-10-11T00:00:00,EURGBP,63,0.98859640328978371,0.80304901075548862,success,64,90.640966049165613,86.178608693021573,false,false,50.592087677595785,1.797481301090291,,,
2021-10-12T00:00:00,EURGBP,63,0.98220644196865392,0.70462261918734748,success,64,90.638172663203505,86.627207634348181,false,false,44.391225008802891,0.42604321120953947,,,
2021-10-13T00:00:00,EURGBP,63,0.97445463204701643,0.68092640414580752,success,64,90.646345390304305,87.004923434337428,false,false,42.898363461185873,0.4102808941510046,,,
2021-10-14T00:00:00,EURGBP,63,0.95262271477420113,0.61117690343671638,success,64,90.79861233017904,87.797536296263416,false,false,38.504144916513134,0.25924921636050546,,,
2021-10-15T00:00:00,EURGBP,63,0.97251071811146439,0.68256074879056017,success,64,90.812066312389419,87.245981394955891,false,false,43.001327173805294,688.54292656974212,,,
2021-10-18T00:00:00,EURGBP,63,0.9623886742283233,0.66693319841183807,success,64,90.81206631841836,87.569953144456164,false,false,42.016791499945796,53.781896285504395,,,
2021-10-19T00:00:00,EURGBP,63,0.97618321396477159,0.65096373090387993,success,64,90.812066275225277,87.098806614874235,false,false,41.010715046944433,89.899241769798905,,,
2021-10-20T00:00:00,EURGBP,63,0.98944720884762527,0.63523534928834857,success,64,90.812066357875253,86.271310334734594,false,false,40.019827005165958,53.656952849991335,,,
2021-10-21T00:00:00,EURGBP,63,0.9845334961414598,0.61907233471104339,success,64,90.812068381331727,86.658577104446749,false,false,39.001557086795735,648.24042335824868,,,
2021-10-22T00:00:00,EURGBP,63,0.98915623884309489,0.60382860679439865,success,64,90.812066301330219,86.298803911624418,false,false,38.041202228047112,25.587006060367358,,,
2021-10-25T00:00:00,EURGBP,63,0.98555877578835371,0.64132821933643569,success,64,90.812066350787589,86.588944494467526,false,false,40.403677818195447,2.3455916583434857,,,
2021-10-26T00:00:00,EURGBP,63,0.98520627772911595,0.57147911301670029,success,64,90.812069428244456,86.613421309881076,false,false,36.003184120052119,318.14858435484939,,,
2021-10-27T00:00:00,EURGBP,63,0.98027209679390837,0.5558675608674426,success,64,90.812066311185333,86.906270168255759,false,false,35.019656334648886,49.550992655913056,,,
2021-10-28T00:00:00,EURGBP,63,0.983974611072998,0.53976770450978528,success,64,90.812066329158384,86.694640506722038,false,false,34.005365384116473,187.28863508288981,,,
2021-10-29T00:00:00,EURGBP,63,0.97936080954986304,0.52397322390534895,success,64,90.812066277354035,86.952357871107552,false,false,33.010313106036982,94.447885870943466,,,
2021-11-01T00:00:00,EURGBP,63,0.98889176780545196,0.508158155398999,success,64,90.812066437473007,86.32316802041764,false,false,32.013963790136934,75.795048416603905,,,
2021-11-02T00:00:00,EURGBP,63,0.98268082538910251,0.49266288990139046,success,64,90.81206631894689,86.773596192679122,false,false,31.0377620637876,26.554579504336935,,,
2021-11-03T00:00:00,EURGBP,63,0.97498214624539159,0.53489635814035674,success,64,90.812066264358791,87.149236825240422,false,false,33.698470562842473,5.3522193003306775,,,
2021-11-04T00:00:00,EURGBP,63,0.99604314277315087,0.46037019662990913,success,64,90.812066314391188,85.283725822299573,false,false,29.003322387684275,362.85827954057459,,,
2021-11-05T00:00:00,EURGBP,63,0.99088231685703776,0.49795459029241201,success,64,90.812066236319197,86.123686191421342,false,false,31.371139188421957,2.5696309999026838,,,
2021-11-08T00:00:00,EURGBP,63,0.98875830593289915,0.48210535005222066,success,64,90.812066273841623,86.33524590517959,false,false,30.372637053289903,2.5015301783374198,,,
2021-11-09T00:00:00,EURGBP,63,0.98560473698732576,0.4132060501582554,success,64,90.812066234653841,86.585710030699985,false,false,26.031981159970091,33.237402400320164,,,
2021-11-10T00:00:00,EURGBP,63,0.98642924555405997,0.39726194065794901,success,64,90.812066242730779,86.525891711449816,false,false,25.027502261450788,39.58328512995611,,,
2021-11-11T00:00:00,EURGBP,63,0.74015090656558835,0.64939520027267816,success,64,90.812066236179973,89.765313195625737,false,false,40.911897617178724,0.63255444730054122,,,
2021-11-12T00:00:00,EURGBP,63,0.68497945656490578,0.80492568664858433,success,64,90.812066561846109,90.035315568403149,false,false,50.710318258860809,1.6677414103712564,,,
2021-11-15T00:00:00,EURGBP,63,0.79602718673666351,0.79219146804671825,success,64,90.812066234899163,89.45041961209246,false,false,49.908062486943251,1.4330398203540158,,,
2021-11-16T00:00:00,EURGBP,63,0.89097004123830781,0.8161828611997779,success,64,90.812067265238937,88.711379157573134,false,false,51.419520255586008,90.293350340498733,,,
2021-11-17T00:00:00,EURGBP,63,0.91430738236812004,0.75730432815743165,success,64,90.812066228257635,88.444666088689118,false,false,47.710172673918194,1.8342187260142486,,,
2021-11-18T00:00:00,EURGBP,63,0.90862153835045101,0.74414654485221376,success,64,90.812066384975793,88.515147528287216,false,false,46.881232325689467,1.5401511910867896,,,
2021-11-19T00:00:00,EURGBP,63,0.89624203421008131,0.72688132158282059,success,64,90.812066437763789,88.655916868661592,false,false,45.793523259717695,1.572264848002924,,,
2021-11-22T00:00:00,EURGBP,63,0.86001059239531097,0.70884248854101706,success,64,90.812066626738314,88.996688680608315,false,false,44.657076778084075,1.6996167272138345,,,
2021-11-23T00:00:00,EURGBP,63,0.83522243113095929,0.69292585214723956,success,64,90.812066211687849,89.188964634702941,false,false,43.654328685276091,1.6786901489724395,,,
2021-11-24T00:00:00,EURGBP,63,0.8093707327745342,0.67501526322698324,success,64,90.812066463557258,89.366139923487125,false,false,42.525961583299946,1.8513134553614439,,,
2021-11-25T00:00:00,EURGBP,63,0.76900929999398637,0.65825611626524416,success,64,90.812066544702233,89.609340931646571,false,false,41.470135324710384,1.8976967510242757,,,
2021-11-26T00:00:00,EURGBP,63,0.86495277173667495,0.68301826907168695,success,64,90.812066293818503,88.955015943772196,false,false,43.030150951516276,12.401738968006354,,,
2021-11-29T00:00:00,EURGBP,63,0.84210374829076673,0.63180421977808865,success,64,90.812066200806996,89.138101160254109,false,false,39.803665846019584,1.4418037078060211,,,
2021-11-30T00:00:00,EURGBP,63,0.83788089151461353,0.65171634869963868,success,64,90.81206626304575,89.169521609538236,false,false,41.058129968077239,12.988280631735845,,,
2021-12-01T00:00:00,EURGBP,63,0.79312508206146015,0.63594897805445061,success,64,90.812066309724671,89.468199717249576,false,false,40.064785617430388,14.445813458042222,,,
2021-12-02T00:00:00,EURGBP,63,0.77517699778104565,0.6196148006579969,success,64,90.812066261110061,89.57428830942176,false,false,39.035732441453803,13.002415477945176,,,
2021-12-03T00:00:00,EURGBP,63,0.78886350349769885,0.60383650995254268,success,64,90.812066332129717,89.493977852798281,false,false,38.041700127010188,12.915489542848842,,,
2021-12-06T00:00:00,EURGBP,63,0.78777502984841996,0.58839725784644525,success,64,90.812066257701062,89.500500595699748,false,false,37.069027244326051,16.061504522990667,,,
2021-12-07T00:00:00,EURGBP,63,0.73956220863170563,0.57250353118514086,success,64,90.812066258349262,89.768371885125219,false,false,36.067722464663873,13.900079952047067,,,
2021-12-08T00:00:00,EURGBP,63,0.84607491397374512,0.55649804500383349,success,64,90.812066647116254,89.107924770315378,false,false,35.059376835241508,13.164997561855255,,,
2021-12-09T00:00:00,EURGBP,63,0.85007459977873656,0.54008754258861758,success,64,90.812066253478307,89.07687998192695,false,false,34.025515183082909,12.083501094165049,,,
2021-12-10T00:00:00,EURGBP,63,0.80856568074725743,0.52454713911518314,success,64,90.812066291710352,89.371349147596206,false,false,33.046469764256535,12.493600290200328,,,
2021-12-13T00:00:00,EURGBP,63,0.76915964936790038,0.50782567723059679,success,64,90.812066967389725,89.608494761752681,false,false,31.993017665527599,11.278314862667127,,,
2021-12-14T00:00:00,EURGBP,63,0.74129663587155625,0.49186841471777465,success,64,90.812066268256075,89.759347497833659,false,false,30.987710127219803,11.062817570430731,,,
2021-12-15T00:00:00,EURGBP,63,0.69288180866495785,0.47722978412311695,success,64,90.812066340648883,89.998439567831682,false,false,30.065476399756367,12.054839529781061,,,
2021-12-16T00:00:00,EURGBP,63,0.65583906185052654,0.45928777742737725,success,64,90.812066225759409,90.167260190885742,false,false,28.935129977924767,10.763822557654715,,,
2021-12-17T00:00:00,EURGBP,63,0.68467904879818797,0.44448818899803155,success,64,90.81206625717472,90.036707083423948,false,false,28.002755906875986,12.037967359789574,,,
2021-12-20T00:00:00,EURGBP,63,0.5815405704887604,0.813005799419108,success,64,90.812066270723292,90.482965475120807,false,false,51.219365363403803,14.012541137308212,,,
2021-12-21T00:00:00,EURGBP,63,0.71552140542195486,0.71443747488572873,success,64,90.812066971121439,89.889713467834454,false,false,45.009560917800911,44.785089475926469,,,
2021-12-22T00:00:00,EURGBP,63,0.68159660297442337,0.53993037830921431,success,64,90.812066246025353,90.050947377385185,false,false,34.015613833480501,20.863352098192678,,,
2021-12-23T00:00:00,EURGBP,63,0.68608330118041416,0.68276186925586535,success,64,90.812066685890485,90.030195295573563,false,false,43.013997763119519,26.528663003430417,,,
2021-12-24T00:00:00,EURGBP,63,0.96199517937919088,0.048876167103466837,success,64,90.812074173822779,87.580777744332849,false,false,3.0791985275184106,0.66559965468067916,,,
2021-12-27T00:00:00,EURGBP,63,0.94019593756523778,0.31237819405135125,success,64,90.812066277552233,88.057051572132195,false,false,19.679826225235129,1.9870390450273856,,,
2021-12-28T00:00:00,EURGBP,63,0.91618968769099651,0.2956559806187094,success,64,90.812066263563295,88.420398896192665,false,false,18.626326778978694,2.0139661486405327,,,
2021-12-29T00:00:00,EURGBP,63,0.78091129394740133,0.47501234597186409,success,64,90.81206650685192,89.54108164183009,false,false,29.925777796227436,11.880709552375501,,,
2021-12-30T00:00:00,EURGBP,63,0.73259431878496484,0.60354684939441694,success,64,90.812066258815832,89.804241073939139,false,false,38.023451511848265,18.635423069809132,,,
2021-12-31T00:00:00,EURGBP,63,0.71192828404891273,0.58732563410071448,success,64,90.812066231152457,89.907298512320182,false,false,37.001514948345012,264.93543528071319,,,
2022-01-03T00:00:00,EURGBP,63,0.66305258487065133,0.5750227816554514,success,64,90.812066254663563,90.13513883407775,false,false,36.226435244293441,13.866617264927775,,,
2022-01-04T00:00:00,EURGBP,63,0.69409432550353267,0.55561346916280274,success,64,90.81206633624538,89.99273527041619,false,false,35.003648557256575,102.19263865748768,,,
2022-01-05T00:00:00,EURGBP,63,0.66786524326047492,0.53977141388748207,success,64,90.81206621844413,90.113520577261681,false,false,34.005599074911373,58.37329011672761,,,
2022-01-06T00:00:00,EURGBP,63,0.63929965604221606,0.52399248681429689,success,64,90.812066253049537,90.239740504792636,false,false,33.011526669300707,23.868233186245547,,,
2022-01-07T00:00:00,EURGBP,63,0.61318470713056927,0.50804505378794707,success,64,90.812066236339192,90.351347328788947,false,false,32.006838388640666,31.482523839184083,,,
2022-01-10T00:00:00,EURGBP,63,0.61258448710909641,0.47625772294517704,success,64,90.812066248337857,90.353877171066117,false,false,30.004236545546153,2.1653925355535137,,,
2022-01-11T00:00:00,EURGBP,63,0.54951852890570851,0.53452613700021934,success,64,90.812066219028708,90.61334067273603,false,false,33.675146631013817,19.003754264680111,,,
2022-01-12T00:00:00,EURGBP,63,0.57186256627669196,0.51839143602199389,success,64,90.812066221099258,90.522611778203853,false,false,32.658660469385616,22.206683998754318,,,
2022-01-13T00:00:00,EURGBP,63,0.96950341340373092,0.61325382026407371,success,64,90.812066221848568,87.352896988858305,false,false,38.634990676636647,23.512367922080216,,,
2022-01-14T00:00:00,EURGBP,63,0.60133499549816283,0.48655414336761943,success,64,90.812066278738982,90.401035579180146,false,false,30.652911032160024,22.402699711330222,,,
2022-01-17T00:00:00,EURGBP,63,0.61667567403814127,0.47051974201018892,success,64,90.812066232682042,90.336604431758431,false,false,29.642743746641901,22.231770102895933,,,
2022-01-18T00:00:00,EURGBP,63,0.98572956399728351,0.56608993845172551,success,64,90.812066241370147,86.576874185074161,false,false,35.663666122458707,21.520933398510603,,,
2022-01-19T00:00:00,EURGBP,63,0.67114319552759538,0.33597437080197728,success,64,90.812066259602844,90.098706150501755,false,false,21.166385360524568,1.4748086651748136,,,
2022-01-20T00:00:00,EURGBP,63,0.66365964077721817,0.31737468396462487,success,64,90.812066225952861,90.132420418214821,false,false,19.994605089771365,57.180615688042529,,,
2022-01-21T00:00:00,EURGBP,63,0.96198007326844126,0.68222978185209859,success,64,90.812069675249063,87.58118634861188,false,false,42.980476256682209,50.373265832237358,,,
2022-01-24T00:00:00,EURGBP,63,0.9766188239866147,0.50763038929123705,success,64,90.812066293736208,87.079901122024907,false,false,31.980714525347931,49.251283698265354,,,
2022-01-25T00:00:00,EURGBP,63,0.96256975179920867,0.65046102149900376,success,64,90.812066254025481,87.564938874047655,false,false,40.979044354437235,45.467963733711663,,,
2022-01-26T00:00:00,EURGBP,63,0.9698121325459389,0.63439810968482524,success,64,90.812067354770932,87.342405083549124,false,false,39.967080910143991,29.645431553230821,,,
2022-01-27T00:00:00,EURGBP,63,0.97550054087171711,0.61843226758171166,success,64,90.812066340794146,87.127766667185625,false,false,38.961232857647836,25.761170678579287,,,
2022-01-28T00:00:00,EURGBP,63,0.9907741701884536,0.444405327350955,success,64,90.81206695809702,86.135587468826245,false,false,27.997535623110164,430.57366272732128,,,
2022-01-31T00:00:00,EURGBP,63,0.98985828761139627,0.42836316817483638,success,64,90.812066340003582,86.231161409468967,false,false,26.986879595014692,79.757640245874498,,,
2022-02-01T00:00:00,EURGBP,63,0.98301885882053619,0.57092431073990746,success,64,90.8120665849912,86.753541665959148,false,false,35.968231576614173,32.103798258338436,,,
2022-02-02T00:00:00,EURGBP,63,0.97514702709789713,0.55544087631783523,success,64,90.812066254082168,87.142455376704078,false,false,34.992775208023616,131.93267428978777,,,
2022-02-03T00:00:00,EURGBP,63,0.89829950958365457,0.37453544771206254,success,64,90.812066906318435,88.633595489250865,false,false,23.59573320585994,24.566413076501988,,,
2022-02-04T00:00:00,EURGBP,63,0.95948325729691086,0.69812633250321221,success,64,90.812066253328737,87.647386676199673,false,false,43.981958947702367,0.15786642552042668,,,
2022-02-07T00:00:00,EURGBP,63,0.94067764917287722,0.66619750562938507,success,64,90.812066334988316,88.048451962146757,false,false,41.97044285465126,0.15568642004030409,,,
2022-02-08T00:00:00,EURGBP,63,0.94488665267813587,0.62700467118350789,success,64,90.812066251652027,87.970393200578414,false,false,39.501294284560998,0.15079921850784325,,,
2022-02-09T00:00:00,EURGBP,63,0.96510879902220326,0.57742960849261249,success,64,90.812104893192355,87.492098729548403,false,false,36.378065335034584,0.14886368006831097,,,
2022-02-10T00:00:00,EURGBP,63,0.955554768513171,0.30150613330016202,success,64,90.812066272319569,87.744031869132158,false,false,18.994886397910207,170.52048865757044,,,
2022-02-11T00:00:00,EURGBP,63,0.89860165138725723,0.2854611760937677,success,64,90.812066226418636,88.630283197204918,false,false,17.984054093907364,45.715114982890718,,,
2022-02-14T00:00:00,EURGBP,63,0.89022529016365026,0.26982758767948967,success,64,90.812066272600063,88.71902188007806,false,false,16.999138023807848,838.87245727139157,,,
2022-02-15T00:00:00,EURGBP,63,0.86861187943393425,0.25384334710141437,success,64,90.812066355042262,88.923325653817727,false,false,15.992130867389106,88.093181341295164,,,
2022-02-16T00:00:00,EURGBP,63,0.92650773091945759,0.55643401625009403,success,64,90.812066362387739,88.2778241905866,false,false,35.055343023755924,0.16626794603126407,,,
2022-02-17T00:00:00,EURGBP,63,0.92430288933155202,0.53914903525833113,success,64,90.812066443260974,88.309766614558526,false,false,33.966389221274859,0.16782286825747572,,,
2022-02-18T00:00:00,EURGBP,63,0.91779248504425037,0.20533425705266597,success,64,90.812066366884977,88.399341773670614,false,false,12.936058194317956,13.109301222186463,,,
2022-02-21T00:00:00,EURGBP,63,0.94160889919245638,0.19018033432238787,success,64,90.812066432646461,88.031639920396259,false,false,11.981361062310436,49.606459793695699,,,
2022-02-22T00:00:00,EURGBP,63,0.95820062008550699,0.17437056866084594,success,64,90.812066368053792,87.679890701308366,false,false,10.985345825633294,68.892347479018582,,,
2022-02-23T00:00:00,EURGBP,63,0.97376639488301631,0.15859948163048102,success,64,90.812067695841961,87.197937488890787,false,false,9.9917673427203031,135.36859148862749,,,
2022-02-24T00:00:00,EURGBP,63,0.91075961331955457,0.4217820629211384,success,64,90.812066347022622,88.489121058396179,false,false,26.572269964031719,0.16836966712151141,,,
2022-02-25T00:00:00,EURGBP,63,0.92010605782440258,0.38333655386945115,success,64,90.812066269060821,88.368277357739004,false,false,24.150202893775422,0.15678459462284799,,,
2022-02-28T00:00:00,EURGBP,63,0.94632697355673034,0.40040486130791736,success,64,90.812068013466018,87.942390440573234,false,false,25.225506262398795,0.16477786744560477,,,
2022-03-01T00:00:00,EURGBP,63,0.92517064277314776,0.33180942593406754,success,64,90.81206623815325,88.29729832325782,false,false,20.903993833846254,0.15280908833359816,,,
2022-03-02T00:00:00,EURGBP,63,0.70984034630485338,0.52854387762299215,success,64,90.812066378682388,89.917457599769918,false,false,33.298264290248504,2.0262956374612271,,,
2022-03-03T00:00:00,EURGBP,63,0.87338590176429953,0.51336978048937854,success,64,90.811969186816569,88.880735551662696,false,false,32.342296170830849,2.2865767845342613,,,
2022-03-04T00:00:00,EURGBP,63,0.94662043657151851,0.34309633405372664,success,64,90.81075169044874,87.935281449144796,false,false,21.615069045384779,0.17204999053871681,,,
2022-03-07T00:00:00,EURGBP,63,0.732686126815568,0.48139728246772862,success,64,90.812066319133777,89.803772435452643,false,false,30.328028795466903,2.1444695099996838,,,
2022-03-08T00:00:00,EURGBP,63,0.63017309022496615,0.7144253436367306,success,64,90.47715649245923,89.944197049182236,false,false,45.008796649114025,13.437902343828872,,,
2022-03-09T00:00:00,EURGBP,63,0.83561258584292397,0.69880858598299045,success,64,89.956492464302613,88.330553296160218,false,false,44.024940916928401,15.223583645288922,,,
2022-03-10T00:00:00,EURGBP,63,0.97806687948506588,0.54106941055997848,success,64,90.004434974829692,86.206854769850949,false,false,34.087372865278645,12.334221915825339,,,
2022-03-11T00:00:00,EURGBP,63,0.97434693573925191,0.52521440392666763,success,64,89.914193747857141,86.277089339618229,false,false,33.08850744738006,11.86492601138205,,,
2022-03-14T00:00:00,EURGBP,63,0.98890832534126538,0.41632951456577316,success,64,90.144857160241344,85.654450323370881,false,false,26.228759417643708,20.540414763672118,,,
2022-03-15T00:00:00,EURGBP,63,0.97197198293539988,0.33796691842640908,success,64,90.302077812597361,86.755955452042144,false,false,21.291915860863771,0.33173599183523578,,,
2022-03-16T00:00:00,EURGBP,63,0.96175500635504718,0.31620849652699162,success,64,90.333368916026998,87.108621835551162,false,false,19.921135281200471,0.3212119669548677,,,
2022-03-17T00:00:00,EURGBP,63,0.94674660306416791,0.29840936991349148,success,64,90.169200509506695,87.29123062550498,false,false,18.799790304549962,0.30046698731567278,,,
2022-03-18T00:00:00,EURGBP,63,0.98471149242448619,0.29676964558990332,success,64,90.261735759366758,86.096488469487412,false,false,18.696487672163908,0.42433808473455698,,,
2022-03-21T00:00:00,EURGBP,63,0.89623001691407644,0.70580344220969282,success,64,90.228509099612779,88.072488752899048,false,false,44.465616859210648,0.63769494382530123,,,
2022-03-22T00:00:00,EURGBP,63,0.90291759096502233,0.69043894030765374,success,64,90.247254425356687,88.017183332990783,false,false,43.497653239382188,0.61397081440061207,,,
2022-03-23T00:00:00,EURGBP,63,0.90645616748903801,0.67538466076106074,success,64,90.419037201745851,88.147924649642135,false,false,42.549233627946826,0.64232589144592411,,,
2022-03-24T00:00:00,EURGBP,63,0.8764430410139803,0.65561109990264743,success,64,90.408669587698711,88.449500126140492,false,false,41.303499293866786,0.6517080759521392,,,
2022-03-25T00:00:00,EURGBP,63,0.97856601196633852,0.22223811879448321,success,64,90.418505391445663,86.597395032479852,false,false,14.001001484052443,0.49579704668825941,,,
2022-03-28T00:00:00,EURGBP,63,0.9461466642884605,0.35330407901940536,success,64,90.493661025041419,87.627527777948586,false,false,22.258156978222537,3.71848084832788,,,
2022-03-29T00:00:00,EURGBP,63,0.87350316808377093,0.74558506187337192,success,64,89.900010013520216,87.967715520781482,false,false,46.971858898022433,11.969681370544649,,,
2022-03-30T00:00:00,EURGBP,63,0.84241961863427384,0.72963004377263585,success,64,89.462059067311088,87.785716503740474,false,false,45.966692757676057,13.025222200982871,,,
2022-03-31T00:00:00,EURGBP,63,0.93583066049414421,0.71382978979951106,success,64,89.714174158526873,87.034265135521366,false,false,44.971276757369196,12.4730739940216,,,
2022-04-01T00:00:00,EURGBP,63,0.91464408410765707,0.69800636114497983,success,64,90.035332424911417,87.663627174589237,false,false,43.974400752133732,13.035130126457416,,,
2022-04-04T00:00:00,EURGBP,63,0.9466485665153147,0.619961087172613,success,64,90.123462126778989,87.247435051180759,false,false,39.05754849187462,14.338651589810198,,,
2022-04-05T00:00:00,EURGBP,63,0.95134092216600086,0.5411996303121096,success,64,89.963183799677964,86.99014969925534,false,false,34.095576709662907,0.55216671542602325,,,
2022-04-06T00:00:00,EURGBP,63,0.93170543806902573,0.52206537371947992,success,64,89.95782347898367,87.344636910897293,false,false,32.890118544327237,0.54968333179580176,,,
2022-04-07T00:00:00,EURGBP,63,0.91433088840981747,0.50296708964017722,success,64,89.928622452070826,87.560922259583805,false,false,31.686926647331166,0.54091191096299474,,,
2022-04-08T00:00:00,EURGBP,63,0.89756463608758252,0.48578609872326095,success,64,90.008494958192912,87.838041826191542,false,false,30.604524219565441,0.54451831688203733,,,
2022-04-11T00:00:00,EURGBP,63,0.87293213806156289,0.46708398966781856,success,64,89.963919820273972,88.036783291353586,false,false,29.426291349072567,0.54429091639630434,,,
2022-04-12T00:00:00,EURGBP,63,0.85395153427793169,0.44802065136916147,success,64,90.021791011917614,88.255855094793731,false,false,28.225301036257171,0.52658384951084225,,,
2022-04-13T00:00:00,EURGBP,63,0.67912681032482336,0.68299404290494903,success,64,89.917302038073629,89.167540164870232,false,false,43.028624703011786,12.186849727006519,,,
2022-04-14T00:00:00,EURGBP,63,0.81822461101581012,0.40943036508032987,success,64,89.81039862744764,88.306033541397824,false,false,25.794113000060783,0.508359896239446,,,
2022-04-15T00:00:00,EURGBP,63,0.69489500990285069,0.5082517199128066,success,64,89.704046820972835,88.880941998908114,false,false,32.019858354506816,14.640431889430301,,,
2022-04-18T00:00:00,EURGBP,63,0.68092429163030865,0.49238641327412519,success,64,89.682266706575092,88.924243983893689,false,false,31.020344036269886,12.832672749674131,,,
2022-04-19T00:00:00,EURGBP,63,0.79864319011678442,0.3548065046595596,success,64,89.640601070445442,88.262765302837764,false,false,22.352809793552254,0.51523070487933176,,,
2022-04-20T00:00:00,EURGBP,63,0.83194032666869611,0.3382248088221731,success,64,89.430759250040992,87.831317649281814,false,false,21.308162955796906,0.53863081672603597,,,
2022-04-21T00:00:00,EURGBP,63,0.78268745722460953,0.32199875585494092,success,64,89.680895038137436,88.399498189071338,false,false,20.285921618861277,0.54988799428972024,,,
2022-04-22T00:00:00,EURGBP,63,0.66676827285272655,0.57187662802685535,success,64,89.445038206351498,88.751433763100778,false,false,36.028227565691886,12.592433558903664,,,
2022-04-25T00:00:00,EURGBP,63,0.65766748348867676,0.5559183423496854,success,64,89.785434610810441,89.13251768667142,false,false,35.022855568030181,12.919922139319789,,,
2022-04-26T00:00:00,EURGBP,63,0.67039340517567447,0.54054922581320486,success,64,90.000950365183471,89.290985459616536,false,false,34.05460122623191,5.6519549662339053,,,
2022-04-27T00:00:00,EURGBP,63,0.68976125342908001,0.5241719512628048,success,64,90.327110182637085,89.528106805738418,false,false,33.022832929556699,12.991358735732065,,,
2022-04-28T00:00:00,EURGBP,63,0.67774176538594799,0.50872057289483141,success,64,90.341630813733261,89.59821767034552,false,false,32.04939609237438,3.9336645795318623,,,
2022-04-29T00:00:00,EURGBP,63,0.77910169573135435,0.42821819537282824,success,64,90.310874995615876,89.050435845686039,false,false,26.977746308488179,15.93519378121694,,,
2022-05-02T00:00:00,EURGBP,63,0.76875273122301357,0.4123375496998648,success,64,90.409269972549666,89.2079881662535,false,false,25.977265631091484,16.599764761742474,,,
2022-05-03T00:00:00,EURGBP,63,0.82220461454446248,0.39618396741945083,success,64,90.286218524728085,88.754862607019163,false,false,24.959589947425403,15.728894545172436,,,
2022-05-04T00:00:00,EURGBP,63,0.60396639981549038,0.5591496987813982,success,64,90.617138415805584,90.19511890546849,false,false,35.226431023228088,67.236379123246621,,,
2022-05-05T00:00:00,EURGBP,63,0.85616155466472288,0.53976235204441558,success,64,90.653593065788115,88.869824737741965,false,false,34.005028178798185,123.138973837639,,,
2022-05-06T00:00:00,EURGBP,63,0.78875314483639425,0.41499831457761543,success,64,90.602403906070535,89.284977884435747,false,false,26.144893818389772,2.9515453715440825,,,
2022-05-09T00:00:00,EURGBP,63,0.88809865154249434,0.19807765270807465,success,64,90.553873282832285,88.482408117735076,false,false,12.478892120608704,32.572384039843541,,,
2022-05-10T00:00:00,EURGBP,63,0.84393524822219346,0.18238219793446628,success,64,90.568193891301775,88.880389116393133,false,false,11.490078469871376,30.977223983368038,,,
2022-05-11T00:00:00,EURGBP,63,0.71171822981577337,0.47630496217818552,success,64,90.639531900106718,89.735788182203549,false,false,30.007212617225687,57.626014834963236,,,
2022-05-12T00:00:00,EURGBP,63,0.95712969388367852,0.7627117219136097,success,64,90.750342066327235,87.644582583913291,false,false,48.05083848055741,16.939049176753294,,,
2022-05-13T00:00:00,EURGBP,63,0.88825705741379879,0.8891003235178494,success,64,90.686746316064387,88.613686213801969,false,false,56.01332038162451,70.641240065092745,,,
2022-05-16T00:00:00,EURGBP,63,0.61140838752091708,0.48345403764578043,success,64,90.593977680879377,90.140741505733331,false,false,30.457604371684166,30.320802232053413,,,
2022-05-17T00:00:00,EURGBP,63,0.90670192240409409,0.71453779100947645,success,64,90.578867003484845,88.30485275170993,false,false,45.015880833597016,44.392687787685176,,,
2022-05-18T00:00:00,EURGBP,63,0.90119517854863451,0.64921702278338778,success,64,90.671499009882794,88.460923555051991,false,false,40.900672435353428,0.49062366503167448,,,
2022-05-19T00:00:00,EURGBP,63,0.52608137371710295,0.51852160304519179,success,64,90.678591695056411,90.574171423848398,false,false,32.666860991847081,1.197920780033279,,,
2022-05-20T00:00:00,EURGBP,63,0.53877217532990596,0.48518984413901201,success,64,90.673674768653498,90.518274084980476,false,false,30.566960180757757,3.1573912309285301,,,
2022-05-23T00:00:00,EURGBP,63,0.55350135010005741,0.46229761086051835,success,64,90.7307919969072,90.515964182127973,false,false,29.124749484212657,6.8556973983487151,,,
2022-05-24T00:00:00,EURGBP,63,0.8463229126152868,0.63541797858361193,success,64,90.667717472449112,88.961670058083271,false,false,40.031332650767553,17.006220146215171,,,
2022-05-25T00:00:00,EURGBP,63,0.83346539732079017,0.61932719031253147,success,64,90.812066357683946,89.201677282994197,false,false,39.017612989689482,33.015069212738815,,,
2022-05-26T00:00:00,EURGBP,63,0.81359573243066552,0.60335960289923818,success,64,90.812066239936001,89.338520437181799,false,false,38.011654982652004,47.024475362691113,,,
2022-05-27T00:00:00,EURGBP,63,0.80375151800129307,0.58774316895747436,success,64,90.812066430008088,89.402157887403632,false,false,37.027819644320886,19.093632003459081,,,
2022-05-30T00:00:00,EURGBP,63,0.72042379594603234,0.71433184915268777,success,64,90.812066272527474,89.865501527831753,false,false,45.002906496619332,153.11765858044782,,,
2022-05-31T00:00:00,EURGBP,63,0.7629709314761266,0.55577659120130318,success,64,90.812066356803001,89.643029209529914,false,false,35.013925245682103,33.420658789441795,,,
2022-06-01T00:00:00,EURGBP,63,0.72350981591380137,0.5398414916348514,success,64,90.812067032506491,89.850128239005159,false,false,34.010013972995637,40.258944530454592,,,
2022-06-02T00:00:00,EURGBP,63,0.70067130665566757,0.52409319157733725,success,64,90.812066937565348,89.961570331006783,false,false,33.017871069372248,20.493567014843702,,,
2022-06-03T00:00:00,EURGBP,63,0.67751420311671395,0.5081780215760513,success,64,90.812067151455338,90.069695729505341,false,false,32.015215359291233,21.357192983977797,,,
2022-06-06T00:00:00,EURGBP,63,0.69293310394441188,0.49236416276900674,success,64,90.812066868159278,89.998199031044649,false,false,31.018942254447424,18.781823134948397,,,
2022-06-07T00:00:00,EURGBP,63,0.67916701120722867,0.61909392285831799,success,64,90.812066251235848,90.062119891090674,false,false,39.002917140074032,120.98523058749491,,,
2022-06-08T00:00:00,EURGBP,63,0.66216798916148423,0.60320212373404991,success,64,90.812066277087453,90.139095755858847,false,false,38.001733795245144,187.18006616652139,,,
2022-06-09T00:00:00,EURGBP,63,0.67213757291585241,0.58731538930947047,success,64,90.812066303271166,90.094197352877089,false,false,37.000869526496636,388.51894460631667,,,
2022-06-10T00:00:00,EURGBP,63,0.67915408218575368,0.57143009042414017,success,64,90.81206636891325,90.062179343015728,false,false,36.000095696720834,4361.2160627200392,,,
2022-06-13T00:00:00,EURGBP,63,0.653924033994425,0.55557407418439742,success,64,90.812066278943163,90.175733396092895,false,false,35.001166673617035,263.09062762746373,,,
2022-06-14T00:00:00,EURGBP,63,0.7617949545738264,0.39695261273591331,success,64,90.812066237561609,89.649520644738516,false,false,25.00801460236254,59.878389078139001,,,
2022-06-15T00:00:00,EURGBP,63,0.92419814125254496,0.38734732371359459,success,64,90.812067749258844,88.311264076102731,false,false,24.402881393956459,133.79442806529286,,,
2022-06-16T00:00:00,EURGBP,63,0.86366082648134612,0.36527786129956247,success,64,90.812066311430641,88.966031885644412,false,false,23.012505261872434,53.536923025648072,,,
2022-06-17T00:00:00,EURGBP,63,0.83717389796022512,0.34934396419398478,success,64,90.812066342887391,89.174717303240698,false,false,22.008669744221041,72.320075536609593,,,
2022-06-20T00:00:00,EURGBP,63,0.68230918216076708,0.68328995620433064,success,64,90.812066399416182,90.047662136898694,false,false,43.047267240872827,18.373124126616471,,,
2022-06-21T00:00:00,EURGBP,63,0.80304514528245408,0.86666454302570906,success,64,90.81206629020474,89.406629895668758,false,false,54.599866210619673,1.2556613899466105,,,
2022-06-22T00:00:00,EURGBP,63,0.55760526098358454,0.52394169679647995,success,64,90.812066277243503,90.580617541013766,false,false,33.00832689817824,30.183098513794398,,,
2022-06-23T00:00:00,EURGBP,63,0.54304971461801255,0.50805376747853637,success,64,90.812066373943196,90.639440102988843,false,false,32.007387351147791,24.511537163858318,,,
2022-06-24T00:00:00,EURGBP,63,0.53701182758463284,0.49211116695867835,success,64,90.812066220357664,90.663747609014862,false,false,31.003003518396735,72.74094462071676,,,
2022-06-27T00:00:00,EURGBP,63,0.70454262008358903,0.79299194410241769,success,64,90.812066249007586,89.943042018616453,false,false,49.958492478452314,7.7098140451650865,,,
2022-06-28T00:00:00,EURGBP,63,0.65720693654389162,0.77603790094021452,success,64,90.812066229228421,90.161194239988589,false,false,48.890387759233512,5.7400506215529257,,,
2022-06-29T00:00:00,EURGBP,63,0.80248153923227894,0.68709649788005478,success,64,90.812066235729105,89.410189437276003,false,false,43.28707936644345,0.68203297699932219,,,
2022-06-30T00:00:00,EURGBP,63,0.57304079788964812,0.55455085866682075,success,64,90.812066288290254,90.517797836859515,false,false,34.936704096009706,11.822427211941655,,,
2022-07-01T00:00:00,EURGBP,63,0.65671370763566095,0.50774784985181798,success,64,90.81206645533554,90.163383059481404,false,false,31.988114540664533,1.391605798567318,,,
2022-07-04T00:00:00,EURGBP,63,0.99475198408905152,0.17550052264563798,success,64,90.812067021375682,85.567423660959165,false,false,11.056532926675192,30.947516912207657,,,
2022-07-05T00:00:00,EURGBP,63,0.98976693625697509,0.15876082623627541,success,64,90.812066981055082,86.240221504812055,false,false,10.001932052885351,871.8732290168316,,,
2022-07-06T00:00:00,EURGBP,63,0.62542261613861971,0.45688549410276047,success,64,90.812066261741421,90.299437068779227,false,false,28.78378612847391,1.2355965794842023,,,
2022-07-07T00:00:00,EURGBP,63,0.77906057515171545,0.5878414086100604,success,64,90.8120662291076,89.551865994354145,false,false,37.034008742433805,0.6676400058700025,,,
2022-07-08T00:00:00,EURGBP,63,0.76077375903192401,0.56899518889386191,success,64,90.812066223695325,89.655139923445276,false,false,35.846696900313297,0.67237619994284947,,,
2022-07-11T00:00:00,EURGBP,63,0.75129406493377626,0.55107757303417704,success,64,90.812067247892045,89.706541323161076,false,false,34.717887101153153,0.67824461464149599,,,
2022-07-12T00:00:00,EURGBP,63,0.74459053581497692,0.5330458187740994,success,64,90.812066335947321,89.742099884253307,false,false,33.581886582768263,0.6854303911019819,,,
2022-07-13T00:00:00,EURGBP,63,0.7425643211573244,0.51533389913850447,success,64,90.812066292235301,89.752726695487723,false,false,32.466035645725782,0.69073275224335329,,,
2022-07-14T00:00:00,EURGBP,63,0.74433597222798442,0.49696971369387949,success,64,90.81206637295405,89.743438055499311,false,false,31.309091962714408,0.69296164741698851,,,
2022-07-15T00:00:00,EURGBP,63,0.63626175077931046,0.42829662377409339,success,64,90.812066268547497,90.252890745460931,false,false,26.982687297767882,15.95843905543925,,,
2022-07-18T00:00:00,EURGBP,63,0.66850919460571046,0.41241460701067773,success,64,90.812066269492874,90.110616191834737,false,false,25.982120241672696,18.931218926478834,,,
2022-07-19T00:00:00,EURGBP,63,0.69046854648213363,0.25387100730095358,success,64,90.812066286758537,90.009755580582819,false,false,15.993873459960074,72.310945977997918,,,
2022-07-20T00:00:00,EURGBP,63,0.78143064538697371,1.8639407897498488e-05,success,64,90.812066295010027,89.5380432711803,false,false,0.0011742826975424047,5.2229976653618424,,,
2022-07-21T00:00:00,EURGBP,63,0.65166765223401502,0.36494102332243811,success,64,90.812066287088456,90.185688637305532,false,false,22.991284469313602,37.024107154888966,,,
2022-07-22T00:00:00,EURGBP,63,0.67468599204149482,0.20612833692862251,success,64,90.812066288054808,90.082609796609262,false,false,12.986085226503217,31.577876925130202,,,
2022-07-25T00:00:00,EURGBP,63,0.68050052258976723,0.33311597262554571,success,64,90.81206623950024,90.055993287626848,false,false,20.98630627540938,28.047144705959759,,,
2022-07-26T00:00:00,EURGBP,63,0.64262843328481334,0.31708848168114745,success,64,90.812066396311153,90.225275746998591,false,false,19.97657434591229,13.75474445826352,,,
2022-07-27T00:00:00,EURGBP,63,0.67848346715497032,0.30133604925174884,success,64,90.812066285936694,90.065255140162037,false,false,18.984171102860177,24.766570581794397,,,
2022-07-28T00:00:00,EURGBP,63,0.95045428163713352,0.54730545585329204,success,64,90.812066888262478,87.858022673373682,false,false,34.4802437187574,10.104974124351134,,,
2022-07-29T00:00:00,EURGBP,63,0.96750642139299681,0.53956018728639843,success,64,90.812066266307184,87.418386692817521,false,false,33.992291799043102,117.73948794258263,,,
2022-08-01T00:00:00,EURGBP,63,0.97842292377424078,0.51962148864783964,success,64,90.812066352055894,86.997755803381253,false,false,32.736153784813894,2.7118178589658939,,,
2022-08-02T00:00:00,EURGBP,63,0.98374212742027067,0.49829815511402081,success,64,90.8120663415243,86.709279802351702,false,false,31.392783772183311,7.3711187784121535,,,
2022-08-03T00:00:00,EURGBP,63,0.9645729358800208,0.49204758486570932,success,64,90.812066246625122,87.507856847938058,false,false,30.998997846539687,877.51738764848199,,,
2022-08-04T00:00:00,EURGBP,63,0.94761898821652102,0.47608261463034618,success,64,90.812066618773315,87.916658263580871,false,false,29.993204721711809,119.39408658919123,,,
2022-08-05T00:00:00,EURGBP,63,0.96371491412521981,0.46018989120319903,success,64,90.812067665929604,87.532678946693395,false,false,28.991963145801538,108.08331406179474,,,
2022-08-08T00:00:00,EURGBP,63,0.97441304165605014,0.44434084310606542,success,64,90.812066241635534,87.172313742463061,false,false,27.993473115682121,141.16989164761733,,,
2022-08-09T00:00:00,EURGBP,63,0.97895729107951823,0.42808793996392558,success,64,90.812067001887044,86.97213311590987,false,false,26.96954021772731,31.163415705981311,,,
2022-08-10T00:00:00,EURGBP,63,0.96893467065376626,0.41254304007355941,success,64,90.812066409109789,87.371961604139614,false,false,25.990211524634244,91.230305871915292,,,
2022-08-11T00:00:00,EURGBP,63,0.97149413780180272,0.39669494898667662,success,64,90.812066227842365,87.283340750503072,false,false,24.991781786160626,110.46981836222209,,,
2022-08-12T00:00:00,EURGBP,63,0.97685863760837932,0.37345217555789273,success,64,90.812066567832233,87.069346212600664,false,false,23.527487060147241,10.044466997654277,,,
2022-08-15T00:00:00,EURGBP,63,0.98285342455444613,0.3554117368107077,success,64,90.812066299846919,86.763404772336571,false,false,22.390939419074584,8.9328061295968073,,,
2022-08-16T00:00:00,EURGBP,63,0.71871632078470948,0.079319717685340907,success,64,90.812066930660947,89.873963892356329,false,false,4.9971422141764767,255.25949725417169,,,
2022-08-17T00:00:00,EURGBP,63,0.99018026684172922,0.33317711592725874,success,64,90.812066281086558,86.198573215519943,false,false,20.990158303417299,108.28864582530237,,,
2022-08-18T00:00:00,EURGBP,63,0.99181437278397255,0.30637306022803101,success,64,90.812066359986943,86.014910232245029,false,false,19.301502794365955,6.8329154606440152,,,
2022-08-19T00:00:00,EURGBP,63,0.99181015467265488,0.29026199427115562,success,64,90.812066838104258,86.015430137608817,false,false,18.286505639082804,6.8688593141186249,,,
2022-08-22T00:00:00,EURGBP,63,0.96316209500423933,0.50740229016301897,success,64,90.81206628539357,87.548371906926363,false,false,31.966344280270196,26.193114297628355,,,
2022-08-23T00:00:00,EURGBP,63,0.8600739591359623,0.6982831296364157,success,64,90.812066282755339,88.996161901688097,false,false,43.991837167094189,90.066645740781567,,,
2022-08-24T00:00:00,EURGBP,63,0.87546860967532236,0.68232529140587228,success,64,90.812066349535016,88.861864867867524,false,false,42.986493358569952,55.886580689533417,,,
2022-08-25T00:00:00,EURGBP,63,0.98610388813615435,0.22757360844266553,success,64,90.812067000351092,86.549914367059174,false,false,14.337137331887929,7.3424718991677027,,,
2022-08-26T00:00:00,EURGBP,63,0.94560767384539934,0.44392079544025659,success,64,90.81206634573806,87.9564616643774,false,false,27.967010112736165,24.502477043427813,,,
2022-08-29T00:00:00,EURGBP,63,0.98225333093022937,0.19438360818457912,success,64,90.812066245850076,86.798414836564959,false,false,12.246167315628485,5.103008259528873,,,
2022-08-30T00:00:00,EURGBP,63,0.98390484000063938,0.17782463350086364,success,64,90.812066795649869,86.699056216227589,false,false,11.202951910554409,4.2104172169505842,,,
2022-08-31T00:00:00,EURGBP,63,0.98598706977554196,0.16071759066961486,success,64,90.812066525494302,86.558403775627639,false,false,10.125208212185736,3.1920842923691866,,,
2022-09-01T00:00:00,EURGBP,63,0.98883612325868697,0.14454347200881673,success,64,90.81206630421984,86.328220960647059,false,false,9.1062387365554542,2.9885286387563319,,,
2022-09-02T00:00:00,EURGBP,63,0.98925228208944871,0.12708699060645337,success,64,90.812066440763601,86.289810498259158,false,false,8.0064804082065617,2.574372794296945,,,
2022-09-05T00:00:00,EURGBP,63,0.99222679159777116,0.10939072770918536,success,64,90.812066213758001,85.962797512971164,false,false,6.8916158456786771,2.2732829789257165,,,
2022-09-06T00:00:00,EURGBP,63,0.99748762620720377,0.094752685715574436,success,64,90.810420574436719,84.826408870955049,false,false,5.9694192000811892,2.0303010453159707,,,
2022-09-07T00:00:00,EURGBP,63,0.97141570465240279,1.5873015873015872e-08,success,64,90.7960422683948,87.270145224871669,false,false,9.9999999999999995e-07,0.34571676035467119,,,
2022-09-08T00:00:00,EURGBP,63,0.99156363264721614,0.061102574639876991,success,64,90.810233671150286,86.04350235460582,false,false,3.8494622023122504,1.3378403871507827,,,
2022-09-09T00:00:00,EURGBP,63,0.67143724319419096,0.49174281384543772,success,64,90.812066794871726,90.097374101100186,false,false,30.979797272262577,18.437178806165267,,,
2022-09-12T00:00:00,EURGBP,63,0.79390502103066551,0.62673545310195178,success,64,90.39124706550183,89.042620357768669,false,false,39.484333545422963,0.17919495055207635,,,
2022-09-13T00:00:00,EURGBP,63,0.80801515129726997,0.80174637302942686,success,64,90.553759366986242,89.116595012942796,false,false,50.510021500853895,31.636447417796887,,,
2022-09-14T00:00:00,EURGBP,63,0.7647739881672152,0.66483097408355696,success,64,90.404174053449339,89.225140508014675,false,false,41.884351367264088,0.37649195007581587,,,
2022-09-15T00:00:00,EURGBP,63,0.70221469042893514,0.32532345820090236,success,64,90.544116451633187,89.686250056725498,false,false,20.495377866656849,0.72144573162452763,,,
2022-09-16T00:00:00,EURGBP,63,0.67994530310120727,0.31638050775352577,success,64,90.334494960922456,89.580974511599379,false,false,19.931971988472124,0.70541975909597021,,,
2022-09-19T00:00:00,EURGBP,63,0.82169181748724651,0.61440217108842599,success,64,90.344626933487064,88.816774942271991,false,false,38.707336778570834,0.32621148466396727,,,
2022-09-20T00:00:00,EURGBP,63,0.82023963410731571,0.57421739883283374,success,64,90.220837814520223,88.702865943564589,false,false,36.175696126468523,0.30843667325300778,,,
2022-09-21T00:00:00,EURGBP,63,0.85919163094293016,0.55217701619685655,success,64,90.120713345644972,88.312121243743746,false,false,34.787152020401962,0.30056450880278412,,,
2022-09-22T00:00:00,EURGBP,63,0.82395112220125544,0.53016700496787894,success,64,90.191392377475026,88.648042838289982,false,false,33.400521312976373,0.31224596236343855,,,
2022-09-23T00:00:00,EURGBP,63,0.99946244272686324,0.99999990309304332,success,64,90.423419194954676,82.895481647797624,false,false,62.999993894861731,0.10198477141157618,,,
2022-09-26T00:00:00,EURGBP,63,0.99974841970648587,0.99999998412698421,success,64,89.852351615359069,81.564854866432682,false,false,62.999999000000003,0.95129718993950307,,,
2022-09-27T00:00:00,EURGBP,63,0.99843959123638304,0.99999787272350515,success,64,90.041888012390174,83.580642175775168,false,false,62.999865981580825,0.090214389588329835,,,
2022-09-28T00:00:00,EURGBP,63,0.9963956009356808,0.9999992765880219,success,64,90.034814663226285,84.412825356590815,false,false,62.999954425045381,0.080766907123829043,,,
2022-09-29T00:00:00,EURGBP,63,0.99932904807064438,0.99999981448175701,success,64,90.111341640675718,82.805199753930737,false,false,62.999988312350695,0.090295830851959677,,,
2022-09-30T00:00:00,EURGBP,63,0.99597914378275521,0.59891588534460705,success,64,89.740612870722188,84.228381422650273,false,false,37.731700776710241,16.17913390073273,,,
2022-10-03T00:00:00,EURGBP,63,0.9983495399902127,0.58384726958846811,success,64,89.499189306408013,83.09413989381251,false,false,36.782377984073491,18.4495201080091,,,
2022-10-04T00:00:00,EURGBP,63,0.99807059154191324,0.56823508247498578,success,64,90.08897029174058,83.840359742458546,false,false,35.798810195924105,17.9381721091438,,,
2022-10-05T00:00:00,EURGBP,63,0.99969147193404106,0.55139800652778037,success,64,89.964743576526317,81.881354408995961,false,false,34.73807441125016,11.883508342988494,,,
2022-10-06T00:00:00,EURGBP,63,0.99944630129228196,0.53622950392437685,success,64,89.934004373847642,82.43566835786234,false,false,33.782458747235744,13.787452326084759,,,
2022-10-07T00:00:00,EURGBP,63,0.99901499390160242,0.52084121618584356,success,64,89.935399072827792,83.013521838818733,false,false,32.812996619708144,17.957765065889841,,,
2022-10-10T00:00:00,EURGBP,63,0.99839413929894649,0.50112538754187474,success,64,89.934174008609986,83.501685756288637,false,false,31.570899415138108,25.321563589657568,,,
2022-10-11T00:00:00,EURGBP,63,0.99762024076571931,0.4861884318695438,success,64,90.024501786422277,83.986128423301096,false,false,30.62987120778126,25.445525150173111,,,
2022-10-12T00:00:00,EURGBP,63,0.99991107095974219,0.78012009113275849,success,64,90.469659896800437,81.14207702307624,false,false,49.147565741363785,20.085887162708868,,,
2022-10-13T00:00:00,EURGBP,63,0.99976406235684823,0.68606240130634677,success,64,89.741147194161513,81.38944014785767,false,false,43.221931282299849,0.59671415406150652,,,
2022-10-14T00:00:00,EURGBP,63,0.9997869954456301,0.67038504069563354,success,64,90.282588599137966,81.828604615916163,false,false,42.234257563824912,0.57397017047031829,,,
2022-10-17T00:00:00,EURGBP,63,0.99988880805824309,0.7138657596265815,success,64,90.399395726539765,81.295254279674509,false,false,44.973542856474637,2.035283542674835,,,
2022-10-18T00:00:00,EURGBP,63,0.99961643223350494,0.62965925722021443,success,64,90.455676220746156,82.59006561465867,false,false,39.668533204873512,0.64954766483423598,,,
2022-10-19T00:00:00,EURGBP,63,0.99740981865861444,0.39315504026612152,success,64,90.448166940983754,84.49473309290596,false,false,24.768767536765655,23.804944220360674,,,
2022-10-20T00:00:00,EURGBP,63,0.99513323758985683,0.37300567254441025,success,64,90.463649874967984,85.143202152818404,false,false,23.499357370297847,23.970282131065371,,,
2022-10-21T00:00:00,EURGBP,63,0.99807373881111694,0.57580395464962864,success,64,90.556632650298695,84.306386406402723,false,false,36.275649142926603,0.71911881837236424,,,
2022-10-24T00:00:00,EURGBP,63,0.99963998910800878,0.63019143483185358,success,64,90.611608813169994,82.682592617440449,false,false,39.702060394406779,2.0882848847225999,,,
2022-10-25T00:00:00,EURGBP,63,0.99960276442985685,0.61453338198272922,success,64,90.667261372919924,82.836677609829678,false,false,38.715603064911939,2.0836105151360189,,,
2022-10-26T00:00:00,EURGBP,63,0.99541887837525422,0.43128145449105437,success,64,90.611434261520131,85.230214494035053,false,false,27.170731632936427,17.326598851091351,,,
2022-10-27T00:00:00,EURGBP,63,0.99316453486848943,0.41506570445620816,success,64,90.562251599734097,85.583479773971703,false,false,26.149139380741115,16.351560431170753,,,
2022-10-28T00:00:00,EURGBP,63,0.99049195026102366,0.3992038951323143,success,64,90.501837349108627,85.855774390708703,false,false,25.149845393335802,16.658050289599853,,,
2022-10-31T00:00:00,EURGBP,63,0.99773735462557078,0.54946030953229585,success,64,90.546185197027114,84.457229775488429,false,false,34.615999500534642,2.0672057844547722,,,
2022-11-01T00:00:00,EURGBP,63,0.99586403592999106,0.53305747545624871,success,64,90.587837352239546,85.103947064117008,false,false,33.582620953743671,2.0587284237346282,,,
2022-11-02T00:00:00,EURGBP,63,0.97963916151214725,0.35124609755545594,success,64,90.594689247410557,86.721118320018974,false,false,22.128504145993723,16.662193639633205,,,
2022-11-03T00:00:00,EURGBP,63,0.98215296404521801,0.33579708556240084,success,64,90.553599083429575,86.545689460822786,false,false,21.155216390431253,17.315257556655375,,,
2022-11-04T00:00:00,EURGBP,63,0.99089167110627197,0.41233464085667521,success,64,90.510396714771474,85.820980757096677,false,false,25.977082373970539,0.78304763742563743,,,
2022-11-07T00:00:00,EURGBP,63,0.9568223049913811,0.30355106564330375,success,64,90.5137863950754,87.415492742744277,false,false,19.123717135528135,16.903172893942742,,,
2022-11-08T00:00:00,EURGBP,63,0.60520322997390075,0.9204294979678147,success,64,90.517339061783147,90.090145869081979,false,false,57.987058371972324,1.6214117955038607,,,
2022-11-09T00:00:00,EURGBP,63,0.73908864276228547,0.77837843395474249,success,64,90.443282539929115,89.402045398758148,false,false,49.037841339148777,0.86965679837028154,,,
2022-11-10T00:00:00,EURGBP,63,0.76098831116727284,0.50832590144602996,success,64,90.745140189702454,89.587034649776982,false,false,32.024531791099889,16.012922607537156,,,
2022-11-11T00:00:00,EURGBP,63,0.97891701269802822,0.33351282471119698,success,64,90.800323077167093,86.962342631897428,false,false,21.01130795680541,0.70961310907775921,,,
2022-11-14T00:00:00,EURGBP,63,0.7737979977343411,0.59237876785203325,success,64,90.781346699631044,89.551464260335138,false,false,37.319862374678095,1.5004093873523945,,,
2022-11-15T00:00:00,EURGBP,63,0.74324509217166224,0.83850802381266565,success,64,90.803850020868737,89.740946126041095,false,false,52.826005500197937,1.0847113280145784,,,
2022-11-16T00:00:00,EURGBP,63,0.7649035288474918,0.70326877876612937,success,64,90.803503085216704,89.623749310872213,false,false,44.305933062266149,0.74164606213951001,,,
2022-11-17T00:00:00,EURGBP,63,0.77721782853006527,0.68431186106779529,success,64,90.793636321796242,89.544110149638442,false,false,43.111647247271101,0.7764428795806485,,,
2022-11-18T00:00:00,EURGBP,63,0.75778273801430562,0.52687567064320873,success,64,90.806388118069506,89.665826499019488,false,false,33.193167250522151,1.4805018121431961,,,
2022-11-21T00:00:00,EURGBP,63,0.78640910724741242,0.64995733171469494,success,64,90.792516949497667,89.489102269047578,false,false,40.947311898025781,0.79105408795881205,,,
2022-11-22T00:00:00,EURGBP,63,0.88444318952686107,0.21390399177127306,success,64,90.787767744945626,88.75257173692502,false,false,13.475951481590203,0.71680725205559204,,,
2022-11-23T00:00:00,EURGBP,63,0.87326513442225273,0.19646282640086105,success,64,90.773061557930603,88.842919574865221,false,false,12.377158063254246,0.73321156704913482,,,
2022-11-24T00:00:00,EURGBP,63,0.99905824080759953,0.031796698552492932,success,64,90.789387548419768,83.822568800883516,false,false,2.0031920088070545,825.31001579918711,,,
2022-11-25T00:00:00,EURGBP,63,0.76934469909626635,0.4446623257958503,success,64,90.807550999260684,89.602936279084773,false,false,28.013726525138569,1.4933855667721883,,,
2022-11-28T00:00:00,EURGBP,63,0.76822655118384098,0.52355732673881072,success,64,90.812066368913477,89.613742071588447,false,false,32.984111584545076,33.090119332986617,,,
2022-11-29T00:00:00,EURGBP,63,0.65284123183397746,0.72808914383420043,success,64,90.811870644646703,90.180318901933063,false,false,45.869616061554623,9.8837264478655396,,,
2022-11-30T00:00:00,EURGBP,63,0.86413162407782251,0.49052829711315765,success,64,90.810095578142963,88.96005707124948,false,false,30.903282718128931,24.837318929722752,,,
2022-12-01T00:00:00,EURGBP,63,0.8975839234390699,0.51176159742745031,success,64,90.802629489902259,88.631966563849218,false,false,32.240980637929368,0.89639734315641417,,,
2022-12-02T00:00:00,EURGBP,63,0.91750876004499449,0.49386334295465845,success,64,90.803354188152198,88.394384165875408,false,false,31.113390606143483,0.91210185240791741,,,
2022-12-05T00:00:00,EURGBP,63,0.93493568642394353,0.47665408067471321,success,64,90.791587219436067,88.126485697440998,false,false,30.029207082506932,0.93133980132002936,,,
2022-12-06T00:00:00,EURGBP,63,0.86474651636303246,0.2961983559232354,success,64,90.795682571907051,88.940396827003141,false,false,18.660496423163831,2.1169220958877477,,,
2022-12-07T00:00:00,EURGBP,63,0.89229166377715241,0.27936484122271449,success,64,90.797096571370901,88.682730498329477,false,false,17.599984997031012,2.0900705246694593,,,
2022-12-08T00:00:00,EURGBP,63,0.96319395126388563,0.42580232090970499,success,64,90.801501848464227,87.536909253260561,false,false,26.825546217311416,0.97089170001099101,,,
2022-12-09T00:00:00,EURGBP,63,0.9729083548442663,0.40853432857603295,success,64,90.805955799026904,87.224891293031078,false,false,25.737662700290077,0.9721996510436457,,,
2022-12-12T00:00:00,EURGBP,63,0.99870178935802822,0.71417858969103176,success,64,90.805241932732386,84.159772594863853,false,false,44.993251150535002,235.70177667834645,,,
2022-12-13T00:00:00,EURGBP,63,0.98858379046722666,0.37366867035850398,success,64,90.790539946135596,86.329300776162995,false,false,23.54112623258575,1.0066427802951698,,,
2022-12-14T00:00:00,EURGBP,63,0.97520805970038837,0.19046524182291291,success,64,90.81168415509741,87.139551924732473,false,false,11.999310234843513,3601.0662002480526,,,
2022-12-15T00:00:00,EURGBP,63,0.96646205707528321,0.30441297811704132,success,64,90.811757296857976,87.450792679564358,false,false,19.178017621373602,190.86296394751702,,,
2022-12-16T00:00:00,EURGBP,63,0.96983162619415109,0.15662740652685256,success,64,90.812066420793755,87.341738096292175,false,false,9.8675266111917104,15.313592194989836,,,
2022-12-19T00:00:00,EURGBP,63,0.98460704779005603,0.63472608516092188,success,64,90.812066270583244,86.653733401222652,false,false,39.98774336513808,88.60761389214106,,,
2022-12-20T00:00:00,EURGBP,63,0.99039280828674159,0.6190314558870702,success,64,90.812066279511029,86.176476593838615,false,false,38.998981720885425,1122.3322682722778,,,
2022-12-21T00:00:00,EURGBP,63,0.99316253947410671,1.5874014882983403e-08,success,64,90.812066374307889,85.83358843293982,false,false,1.0000629376279543e-06,3.6314766688600613,,,
2022-12-22T00:00:00,EURGBP,63,0.72449177413756438,0.094961456658324256,success,64,90.812066312252341,89.845213390490557,false,false,5.9825717694744283,38.76155846227249,,,
2022-12-23T00:00:00,EURGBP,63,0.96374732227098436,0.57123361213331325,success,64,90.812066237582357,87.531750338115614,false,false,35.987717564398736,73.410005848940855,,,
2022-12-27T00:00:00,EURGBP,63,0.97181118592334914,0.55422769902571856,success,64,90.812066214767881,87.271829917645874,false,false,34.916345038620271,11.172703726550777,,,
2022-12-28T00:00:00,EURGBP,63,0.98180987843711442,0.53860315610141796,success,64,90.812066285834632,86.82354727816292,false,false,33.931998834389333,14.60290763278903,,,
2022-12-29T00:00:00,EURGBP,63,0.9799769245657427,0.52375797434526439,success,64,90.812066246192515,86.9214226013504,false,false,32.996752383751655,299.51839997169043,,,
2022-12-30T00:00:00,EURGBP,63,0.98619303514725476,0.50598453312948455,success,64,90.81206625980866,86.543387312675733,false,false,31.877025587157529,8.2968239157811254,,,
2023-01-02T00:00:00,EURGBP,63,0.97889672003076988,0.48756605284177634,success,64,90.812066329721816,86.975068665308171,false,false,30.716661329031911,14.442832241055683,,,
2023-01-03T00:00:00,EURGBP,63,0.98590132245633944,0.47596352778853795,success,64,90.812066233493198,86.564590964299143,false,false,29.985702250677893,70.4022867728319,,,
2023-01-04T00:00:00,EURGBP,63,0.99059459335922506,0.46013382229716721,success,64,90.81206629123065,86.155045627513871,false,false,28.988430804721535,91.300611257655731,,,
2023-01-05T00:00:00,EURGBP,63,0.99034088210659077,0.44422254927579818,success,64,90.812066911993867,86.181920031444264,false,false,27.986020604375284,75.210688319895652,,,
2023-01-06T00:00:00,EURGBP,63,0.99236510672975098,0.42845913328429291,success,64,90.812066953277522,85.944704822129637,false,false,26.992925396910454,152.51256594385802,,,
2023-01-09T00:00:00,EURGBP,63,0.99555316460081433,0.41264808666351677,success,64,90.812066468135271,85.400960638077365,false,false,25.996829459801557,360.19422197445056,,,
2023-01-10T00:00:00,EURGBP,63,0.99552899404309392,0.39665611346147406,success,64,90.812066262328486,85.406405443736361,false,false,24.989335148072865,107.21567042417961,,,
2023-01-11T00:00:00,EURGBP,63,0.99335066902331148,0.37972921782019919,success,64,90.812066368085013,85.80549886996657,false,false,23.92294072267255,14.240747429276764,,,
2023-01-12T00:00:00,EURGBP,63,0.9793066392470049,0.36493551177644734,success,64,90.812066340628576,86.955034442594467,false,false,22.990937241916182,105.54454528487673,,,
2023-01-13T00:00:00,EURGBP,63,0.97277466869761653,0.34908111968445227,success,64,90.812068123851674,87.23606349035262,false,false,21.992110540120493,117.08708778790931,,,
2023-01-16T00:00:00,EURGBP,63,0.97865935023004524,0.33327894034152405,success,64,90.812066213486332,86.986496282232508,false,false,20.996573241516014,280.67220456658441,,,
2023-01-17T00:00:00,EURGBP,63,0.94404502198298124,0.31723576194572795,success,64,90.81206624095087,87.986439786565029,false,false,19.985853002580861,58.00778864395258,,,
2023-01-18T00:00:00,EURGBP,63,0.95640222413994791,0.30114813415019326,success,64,90.812066236038817,87.72389381159384,false,false,18.972332451462176,31.448771707658324,,,
2023-01-19T00:00:00,EURGBP,63,0.97173705681198719,0.28556202174580075,success,64,90.812066326449326,87.274532594882373,false,false,17.990407369985448,98.56491053727342,,,
2023-01-20T00:00:00,EURGBP,63,0.98118250926245631,0.26977021399707596,success,64,90.812066371568747,86.858094680907854,false,false,16.995523481815784,226.50072136523065,,,
2023-01-23T00:00:00,EURGBP,63,0.98705916469909838,0.25378000042259646,success,64,90.812066230425856,86.477724087654721,false,false,15.988140026623578,90.866362723109191,,,
2023-01-24T00:00:00,EURGBP,63,0.98239025212982445,0.23804189408618109,success,64,90.81206635977739,86.790530329922333,false,false,14.996639327429408,312.71312294509852,,,
2023-01-25T00:00:00,EURGBP,63,0.98840544359372184,0.22206234966029045,success,64,90.812066607831852,86.366509338899419,false,false,13.989928028598298,111.62294316486059,,,
2023-01-26T00:00:00,EURGBP,63,0.98544481282249063,0.2012108851789543,success,64,90.81206633010099,86.596920641370914,false,false,12.676285766274122,15.785360173201596,,,
2023-01-27T00:00:00,EURGBP,63,0.99064888493071634,0.19040123361576469,success,64,90.812066596035308,86.14920202322601,false,false,11.995277717793176,253.71350937920738,,,
2023-01-30T00:00:00,EURGBP,63,0.99358252511485257,0.17440815798695411,success,64,90.812067875403059,85.769775472084035,false,false,10.987713953178108,103.70845987695449,,,
2023-01-31T00:00:00,EURGBP,63,0.96684156409392852,0.57030804326000972,success,64,90.812066243636409,87.439328765385198,false,false,35.929406725380609,13.253057919452406,,,
2023-02-01T00:00:00,EURGBP,63,0.97614203059153892,0.49186734176874258,success,64,90.812066392888966,87.100576602541196,false,false,30.987642531430783,77.04536826756042,,,
2023-02-02T00:00:00,EURGBP,63,0.97033711227051067,0.12690834592367403,success,64,90.812066398140274,87.324319541642794,false,false,7.9952257931914641,244.43474391206971,,,
2023-02-03T00:00:00,EURGBP,63,0.9011324036437397,0.52340979028646684,success,64,90.812067008465718,88.602196354233996,false,false,32.974816788047413,28.767615031393994,,,
2023-02-06T00:00:00,EURGBP,63,0.88898125386635751,0.50741770145826992,success,64,90.812066255307499,88.731689177920316,false,false,31.967315191871005,21.333154660063681,,,
2023-02-07T00:00:00,EURGBP,63,0.90951149427095512,0.4917443937385147,success,64,90.812066229237999,88.504381427469511,false,false,30.979896805526426,36.722051859939036,,,
2023-02-08T00:00:00,EURGBP,63,0.92637174969082836,0.47619820024154264,success,64,90.808172961249468,88.275926137427504,false,false,30.000486615217184,1.0407650455001132,,,
2023-02-09T00:00:00,EURGBP,63,0.83679548312013163,0.64296055162151378,success,64,90.656306371123222,89.021730794735106,false,false,40.506514752155368,0.98645869865776792,,,
2023-02-10T00:00:00,EURGBP,63,0.99107467121521275,0.80784562168846763,success,64,90.693887725890121,85.983991010658116,false,false,50.894274166373464,15.347698412715607,,,
2023-02-13T00:00:00,EURGBP,63,0.87160983035374151,0.42676634444370493,success,64,90.473134874055148,88.557866820470778,false,false,26.886279699953409,15.660672675823367,,,
2023-02-14T00:00:00,EURGBP,63,0.87833220845176818,0.4722511111536275,success,64,90.414133583277106,88.437403002144194,false,false,29.751820002678532,0.59364907556424129,,,
2023-02-15T00:00:00,EURGBP,63,0.86029937479222607,0.45790936119773185,success,64,90.559345520218017,88.741566822936022,false,false,28.848289755457106,0.54343178510559709,,,
2023-02-16T00:00:00,EURGBP,63,0.87337771467031855,0.43868495683867936,success,64,90.403490853120317,88.472331251678767,false,false,27.637152280836801,0.54467661202114792,,,
2023-02-17T00:00:00,EURGBP,63,0.81217761711909864,0.5503956175613185,success,64,90.570841534991501,89.106619222797107,false,false,34.674923906363063,1.1876705021179847,,,
2023-02-20T00:00:00,EURGBP,63,0.82376396779069749,0.53344882377447267,success,64,90.550819083829225,89.008759230485083,false,false,33.60727589779178,1.2106781354414584,,,
2023-02-21T00:00:00,EURGBP,63,0.96234225112279659,0.59479153879040481,success,64,90.436903469907918,87.196072058656327,false,false,37.471866943795504,32.519245357078283,,,
2023-02-22T00:00:00,EURGBP,63,0.90244742585058424,0.5753342709752679,success,64,90.653586386358427,88.428867406474509,false,false,36.246059071441877,79.328871562094349,,,
2023-02-23T00:00:00,EURGBP,63,0.9095205332425037,0.5599549633224562,success,64,90.649160250380149,88.341365614575153,false,false,35.277162689314743,14.174900894820153,,,
2023-02-24T00:00:00,EURGBP,63,0.87897225697423154,0.34309338026585251,success,64,90.617753435139505,88.635019900504531,false,false,21.614882956748708,0.50750876686285573,,,
2023-02-27T00:00:00,EURGBP,63,0.89186601699008061,0.52777577436585921,success,64,90.605846458660366,88.495901584191984,false,false,33.249873785049132,21.482782061367558,,,
2023-02-28T00:00:00,EURGBP,63,0.87131066009654312,0.31114353584084065,success,64,90.61416598403973,88.701568682313138,false,false,19.60204275797296,0.51139509116059401,,,
2023-03-01T00:00:00,EURGBP,63,0.87862868307457886,0.29652741805773508,success,64,90.698739272636345,88.719231476848606,false,false,18.68122733763731,0.47101225023653731,,,
2023-03-02T00:00:00,EURGBP,63,0.76259843044325293,0.60768859518801377,success,64,90.751319099569315,89.58434060391059,false,false,38.284381496844865,0.59311123276390332,,,
2023-03-03T00:00:00,EURGBP,63,0.63971202081543388,0.79553607402309723,success,64,90.731281382062221,90.157166928296419,false,false,50.118772663455125,16.365435370285457,,,
2023-03-06T00:00:00,EURGBP,63,0.67006502172221449,0.77988859742904582,success,64,90.804474623061523,90.095995467563327,false,false,49.132981638029889,15.931925345440474,,,
2023-03-07T00:00:00,EURGBP,63,0.78030029884620744,0.49051500470099396,success,64,90.75963501567108,89.492217790702483,false,false,30.902445296162618,1.5814937450482167,,,
2023-03-08T00:00:00,EURGBP,63,0.89666405074101119,0.20134617626648574,success,64,90.764001747261347,88.603305804627254,false,false,12.684809104788602,0.41638232009332021,,,
2023-03-09T00:00:00,EURGBP,63,0.76473006208331296,0.52319237312195832,success,64,90.712179090523705,89.533389705899893,false,false,32.961119506683374,0.5387096584558253,,,
2023-03-10T00:00:00,EURGBP,63,0.79088223096640242,0.50727918314148235,success,64,90.658620213858342,89.328368724901779,false,false,31.958588537913386,0.5342243756593259,,,
2023-03-13T00:00:00,EURGBP,63,0.82434463244987288,0.48857430968315807,success,64,90.581566408084356,89.035501658807831,false,false,30.780181510038958,0.52109769192156852,,,
2023-03-14T00:00:00,EURGBP,63,0.98861924716331928,0.029807451158152046,success,64,90.623815797630442,86.159430108711604,false,false,1.8778694229635788,15.783783158567637,,,
2023-03-15T00:00:00,EURGBP,63,0.99456535544941749,2.4198954190554477e-08,success,64,90.631772009049598,85.422260314380196,false,false,1.5245341140049321e-06,3.9914710762644683,,,
2023-03-16T00:00:00,EURGBP,63,0.86271183571337418,0.15890130287678553,success,64,90.339706323221577,88.501707703604367,false,false,10.010782081237489,0.71439794005110058,,,
2023-03-17T00:00:00,EURGBP,63,0.80055763897574839,0.60473398696777325,success,64,90.300508167079371,88.910724910931023,false,false,38.098241178969715,0.85648500779295633,,,
2023-03-20T00:00:00,EURGBP,63,0.58996665562547224,0.87065871568398179,success,64,90.248491968050814,89.884664432771345,false,false,54.851499088090854,4.5775789859384286,,,
2023-03-21T00:00:00,EURGBP,63,0.79757587612057412,0.73027221644351004,success,64,90.428890677338714,89.057678824172982,false,false,46.007149635941133,1.6681966432680597,,,
2023-03-22T00:00:00,EURGBP,63,0.76152930986384904,0.71477938070926716,success,64,90.284847736873644,89.123765485900805,false,false,45.031100984683832,1.6904424046904596,,,
2023-03-23T00:00:00,EURGBP,63,0.87437518335954789,0.54508058502278534,success,64,90.422979476617627,88.482769740728131,false,false,34.340076856435473,0.81712050869726593,,,
2023-03-24T00:00:00,EURGBP,63,0.84383844309337064,0.52669715008180729,success,64,90.382234013898412,88.69516404832126,false,false,33.181920455153858,0.79004428657022396,,,
2023-03-27T00:00:00,EURGBP,63,0.8376924635369527,0.50939794613212019,success,64,90.317280671913977,88.676122536235923,false,false,32.092070606323574,0.79284043607884436,,,
2023-03-28T00:00:00,EURGBP,63,0.81570786998791212,0.49158029035271028,success,64,90.299405023353657,88.811870896667017,false,false,30.969558292220746,0.78387462722272727,,,
2023-03-29T00:00:00,EURGBP,63,0.79486016044238006,0.47376693033535305,success,64,90.302969580857152,88.948495271256775,false,false,29.847316611127244,0.7702993338677413,,,
2023-03-30T00:00:00,EURGBP,63,0.67524843828394754,0.29841573897695417,success,64,90.30679148683015,89.574771271475441,false,false,18.800191555548114,0.955437279352363,,,
2023-03-31T00:00:00,EURGBP,63,0.98903958615781373,0.91992196693496708,success,64,90.309724077583354,85.807279760443492,false,false,57.955083916902929,2.0755584968411029,,,
2023-04-03T00:00:00,EURGBP,63,0.62617191905883984,0.50469253463408092,success,64,90.362113392216642,89.846284442839277,false,false,31.795629681947101,2.4130539844946099,,,
2023-04-04T00:00:00,EURGBP,63,0.73328365685765229,0.16240743987883441,success,64,90.229433255814314,89.218086356513567,false,false,10.231668712366568,1.9376553631634947,,,
2023-04-05T00:00:00,EURGBP,63,0.65000753474369488,0.22719262947629995,success,64,89.976310838273918,89.357238509950648,false,false,14.313135657006898,0.84137189891570019,,,
2023-04-06T00:00:00,EURGBP,63,0.66825064975902415,0.66313552120498409,success,64,89.966846992705229,89.266563379987488,false,false,41.777537835913996,3.5878740011155257,,,
2023-04-07T00:00:00,EURGBP,63,0.65517606094286496,0.5152113890168929,success,64,90.022364608118338,89.380494578468927,false,false,32.458317508064255,1.8296513181200624,,,
2023-04-10T00:00:00,EURGBP,63,0.66248054908614196,0.49847632331662617,success,64,90.075665288758728,89.401297232188597,false,false,31.404008368947448,1.8469270628925516,,,
2023-04-11T00:00:00,EURGBP,63,0.79190703759935455,0.31458266366035431,success,64,90.161833187268087,88.825374093585623,false,false,19.818707810602323,0.68437915004748362,,,
2023-04-12T00:00:00,EURGBP,63,0.82204765989508644,0.2989042139483048,success,64,89.941599235587844,88.411316624025289,false,false,18.830965478743202,0.68670751444401823,,,
2023-04-13T00:00:00,EURGBP,63,0.86401844344207268,0.28499811461359265,success,64,89.679356342772238,87.830281490614595,false,false,17.954881220656336,0.70866436852898296,,,
2023-04-14T00:00:00,EURGBP,63,0.99930043126725987,0.75634029276607073,success,64,88.949856293144322,81.685509597817969,false,false,47.649438444262458,2.3406900686494643,,,
2023-04-17T00:00:00,EURGBP,63,0.72338759116406748,0.55024370997899419,success,64,89.76371789104023,88.802390005409833,false,false,34.665353728676635,3.7144616312087382,,,
2023-04-18T00:00:00,EURGBP,63,0.7354600011553778,0.53405574215310891,success,64,89.817316773268232,88.794813082137352,false,false,33.645511755645863,3.7795070929688044,,,
2023-04-19T00:00:00,EURGBP,63,0.99760777639715004,0.71689363603503442,success,64,89.818815694036289,83.785678815767241,false,false,45.164299070207171,1.6614527661923704,,,
2023-04-20T00:00:00,EURGBP,63,0.99881635666935475,0.70057800660418956,success,64,89.907507266790702,83.169533582268713,false,false,44.136414416063943,1.685812805909646,,,
2023-04-21T00:00:00,EURGBP,63,0.83388340557788332,0.48605732659833278,success,64,90.052851602058865,88.439447928781405,false,false,30.621611575694967,3.7585963734194294,,,
2023-04-24T00:00:00,EURGBP,63,0.84311617505797876,0.47000454776127326,success,64,89.844833982442992,88.163234785393897,false,false,29.610286508960215,3.7817880932949253,,,
2023-04-25T00:00:00,EURGBP,63,0.73567628094627435,0.32097168649920443,success,64,89.950847267813316,88.927231642014817,false,false,20.221216249449878,2.150033592969407,,,
2023-04-26T00:00:00,EURGBP,63,0.74397671632023044,0.30377555152218744,success,64,90.024515656750722,88.957774309893637,false,false,19.13785974589781,2.2109062192071995,,,
2023-04-27T00:00:00,EURGBP,63,0.7711667755648991,0.28767244484362842,success,64,90.061558383969881,88.84664718373395,false,false,18.123364025148589,2.2020195050395293,,,
2023-04-28T00:00:00,EURGBP,63,0.99730898773919052,0.60251860323870843,success,64,89.851015409476105,83.935872197999501,false,false,37.958672004038633,1.6409195664305622,,,
2023-05-01T00:00:00,EURGBP,63,0.99691925557568861,0.58915099752340327,success,64,90.370569337744058,84.591070822434986,false,false,37.116512843974405,1.4892523906163952,,,
2023-05-02T00:00:00,EURGBP,63,0.63084794720988235,0.24038454016030233,success,64,90.56786782326634,90.032011587250622,false,false,15.144226030099047,2.0656806422551734,,,
2023-05-03T00:00:00,EURGBP,63,0.71337450336999442,0.08496329136929047,success,64,90.75360585093938,89.841775792111036,false,false,5.3526873562652995,1.3671447507404102,,,
2023-05-04T00:00:00,EURGBP,63,0.98943925420704537,0.54023922141614966,success,64,90.608297839699134,86.06830336705022,false,false,34.035070949217427,1.5521827219632272,,,
2023-05-05T00:00:00,EURGBP,63,0.99169410819653869,0.52134785109848103,success,64,90.516783509389768,85.734333927142828,false,false,32.844914619204303,1.7657015202575206,,,
2023-05-08T00:00:00,EURGBP,63,0.99469577183270075,0.50369642787737479,success,64,90.561340258710217,85.327407595182606,false,false,31.73287495627461,1.9629474250706325,,,
2023-05-09T00:00:00,EURGBP,63,0.99345947114335198,0.48879505131889034,success,64,90.60248555441629,85.579310314404907,false,false,30.79408823309009,1.795701511250698,,,
2023-05-10T00:00:00,EURGBP,63,0.99360755702365477,0.47579465196967929,success,64,90.670390654824217,85.624164845717544,false,false,29.975063074089796,1.5295059374624871,,,
2023-05-11T00:00:00,EURGBP,63,0.99555635479787641,0.45814787417367342,success,64,90.627799553640401,85.215972853281855,false,false,28.863316072941426,1.6175867816932015,,,
2023-05-12T00:00:00,EURGBP,63,0.99706416078747229,0.44083014475101001,success,64,90.675382838609067,84.847561061996018,false,false,27.772299119313629,1.7362746361867429,,,
2023-05-15T00:00:00,EURGBP,63,0.99709601642338608,0.42541314734217356,success,64,90.527870212290651,84.689106583137075,false,false,26.801028282556935,1.5991155982459893,,,
2023-05-16T00:00:00,EURGBP,63,0.99371490212455216,0.41111088383713307,success,64,90.74725027206317,85.683981340119729,false,false,25.899985681739384,1.5959869270026061,,,
2023-05-17T00:00:00,EURGBP,63,0.99453727898658284,0.394697907694679,success,64,90.747026205416361,85.542695642395316,false,false,24.865968184764778,1.6039340901167538,,,
2023-05-18T00:00:00,EURGBP,63,0.99655411540217975,0.37776262648012587,success,64,90.753562684515245,85.086439889675859,false,false,23.799045468247929,1.6647722943812111,,,
2023-05-19T00:00:00,EURGBP,63,0.99812093792628909,0.35961409065726474,success,64,90.767296351313846,84.492194657446319,false,false,22.65568771140768,1.8609833690352902,,,
2023-05-22T00:00:00,EURGBP,63,0.99245702504409239,0.35215295184845408,success,64,90.647656678034195,85.768089626803345,false,false,22.185635966452608,1.3826729247747127,,,
2023-05-23T00:00:00,EURGBP,63,0.99470329045808115,0.33428953187201987,success,64,90.701375156640822,85.466016451106498,false,false,21.060240507937252,1.4545567137530362,,,
2023-05-24T00:00:00,EURGBP,63,0.99590479588680347,0.31768685467253499,success,64,90.75414769786876,85.260312591867162,false,false,20.014271844369706,1.4626229322043538,,,
2023-05-25T00:00:00,EURGBP,63,0.99744280252673578,0.30035857450366099,success,64,90.686581379827075,84.720298495355451,false,false,18.922590193730642,1.4912495492512119,,,
2023-05-26T00:00:00,EURGBP,63,0.99759190492815708,0.28450503006107808,success,64,90.710906325124185,84.68439805366755,false,false,17.923816893847921,1.4811533322457029,,,
2023-05-29T00:00:00,EURGBP,63,0.99866065288706019,0.26654245080617567,success,64,90.677200223381945,84.062967455318457,false,false,16.792174400789069,1.5412338655167481,,,
2023-05-30T00:00:00,EURGBP,63,0.9930156947802905,0.25218126644032629,success,64,90.653731143713017,85.696650194664443,false,false,15.887419785740555,1.6686592633826876,,,
2023-05-31T00:00:00,EURGBP,63,0.98974585853991259,0.23479167055504013,success,64,90.540514910839079,85.970748378078099,false,false,14.791875244967528,1.6573124268742727,,,
2023-06-01T00:00:00,EURGBP,63,0.98718773728612763,0.22179986494118731,success,64,90.198905134017821,85.854447639489877,false,false,13.9733914912948,1.4493986349011962,,,
2023-06-02T00:00:00,EURGBP,63,0.71796802495542311,0.49850435288382855,success,64,90.583109182421083,89.648704599045999,false,false,31.4057742316812,0.56931588544266165,,,
2023-06-05T00:00:00,EURGBP,63,0.96949411640004013,0.19004988851360197,success,64,90.472491859698906,87.013637023656102,false,false,11.973142976356923,1.5829383865246787,,,
2023-06-06T00:00:00,EURGBP,63,0.71752375169760252,0.46604658383481617,success,64,90.524728573808872,89.592516993557879,false,false,29.360934781593418,0.60508396886776805,,,
2023-06-07T00:00:00,EURGBP,63,0.98783117307244972,0.15209292467359703,success,64,90.613704785312763,86.217070491471404,false,false,9.5818542544366121,2.0147019892197733,,,
2023-06-08T00:00:00,EURGBP,63,0.99061993570945039,0.1351257902564128,success,64,90.716656693444264,86.056912365607076,false,false,8.5129247861540058,2.0723783168964456,,,
2023-06-09T00:00:00,EURGBP,63,0.98819916800652063,0.1182304714865386,success,64,90.542935874904202,86.115221647329179,false,false,7.4485197036519324,2.0344438061227543,,,
2023-06-12T00:00:00,EURGBP,63,0.97566415958976072,0.1069899549843077,success,64,90.684278181038678,86.993109930352915,false,false,6.7403671640113849,1.3626874604849131,,,
2023-06-13T00:00:00,EURGBP,63,0.81968567709747009,0.77234254789154855,success,64,90.812066350280688,89.297846970457414,false,false,48.65758051716756,0.29021905030703399,,,
2023-06-14T00:00:00,EURGBP,63,0.6003583013281214,0.63475436898102178,success,64,90.812066237311967,90.405107983810936,false,false,39.989525245804373,14.164390256568568,,,
2023-06-15T00:00:00,EURGBP,63,0.79323814849144847,0.70856100520297172,success,64,90.812066271219933,89.467510436469894,false,false,44.639343327787216,0.38761019077352521,,,
2023-06-16T00:00:00,EURGBP,63,0.99403424321106681,0.037313174461904616,success,64,90.76792930752444,85.652193570626139,false,false,2.3507299910999908,1.31528088802218,,,
2023-06-19T00:00:00,EURGBP,63,0.68780325478791959,0.77803410056822497,success,64,90.812066212443938,90.022196964982271,false,false,49.016148335798171,28.959259491418386,,,
2023-06-20T00:00:00,EURGBP,63,0.7527846251517053,0.87321587530977551,success,64,90.81206622082108,89.698546975945973,false,false,55.012600144515858,52.021356693836744,,,
2023-06-21T00:00:00,EURGBP,63,0.89978942917922111,0.86215065797413204,success,64,90.812066619793811,88.617179531722513,false,false,54.315491452370317,16.886059335134469,,,
2023-06-22T00:00:00,EURGBP,63,0.817634404406263,0.73034157478541073,success,64,90.812066251764222,89.3116643926476,false,false,46.011519211480874,55.438369697698612,,,
2023-06-23T00:00:00,EURGBP,63,0.79850758249628673,0.71450712770825908,success,64,90.812066265296764,89.435073552185742,false,false,45.013949045620322,42.949257116012703,,,
2023-06-26T00:00:00,EURGBP,63,0.81817772089353991,0.80961995162757117,success,64,90.812066405820843,89.308016551685512,false,false,51.00605695253698,112.74408674626724,,,
2023-06-27T00:00:00,EURGBP,63,0.75048915006552908,0.68277759478118849,success,64,90.812066322928956,89.710843529858636,false,false,43.014988471214878,34.730453014102729,,,
2023-06-28T00:00:00,EURGBP,63,0.83117710723846627,0.7780580984130202,success,64,90.812066329985925,89.218073625992503,false,false,49.017660200020273,38.181631170929244,,,
2023-06-29T00:00:00,EURGBP,63,0.80107301905647199,0.76203743632678,success,64,90.812066215483071,89.419051940155981,false,false,48.008358488587142,73.536112026559081,,,
2023-06-30T00:00:00,EURGBP,63,0.77245441531553949,0.74624757500487571,success,64,90.812066283659135,89.58984387648718,false,false,47.013597225307173,41.091241407117138,,,
2023-07-03T00:00:00,EURGBP,63,0.72759584569170943,0.73049626680540225,success,64,90.812066255517308,89.829607343417933,false,false,46.021264808740341,22.807582096468423,,,
2023-07-04T00:00:00,EURGBP,63,0.77805334372938273,0.51516740760053237,success,64,90.812066217376568,89.557708196273225,false,false,32.455546678833542,0.39448677684314698,,,
2023-07-05T00:00:00,EURGBP,63,0.6869343018135724,0.58773969949245808,success,64,90.812067116554374,90.026241526326615,false,false,37.027601068024858,14.649853204102875,,,
2023-07-06T00:00:00,EURGBP,63,0.75282600807531674,0.47533772027962812,success,64,90.81206631552196,89.698324688782549,false,false,29.94627637761657,0.41491573709384,,,
2023-07-07T00:00:00,EURGBP,63,0.61185752327218523,0.55574410037599387,success,64,90.812066253415551,90.356939283397622,false,false,35.011878323687611,23.535232000442083,,,
2023-07-10T00:00:00,EURGBP,63,0.74545004131940706,0.43491544954049732,success,64,90.812066246503605,89.737575246225376,false,false,27.399673321051331,0.42181410828126542,,,
2023-07-11T00:00:00,EURGBP,63,0.74924377624426619,0.4226049960632276,success,64,90.812066249530019,89.717483097110645,false,false,26.624114751983338,0.38968044533610968,,,
2023-07-12T00:00:00,EURGBP,63,0.69258964722992478,0.50825845653455326,success,64,90.812066230424193,89.999812055292267,false,false,32.020282761676853,19.847943868186078,,,
2023-07-13T00:00:00,EURGBP,63,0.72491394952098553,0.49242619380878422,success,64,90.812066269572,89.843097271630427,false,false,31.022850209953404,19.561756075387684,,,
2023-07-14T00:00:00,EURGBP,63,0.67007748526630506,0.71491402651577152,success,64,90.812066549810638,90.103531017513831,false,false,45.039583670493606,10.289051907382376,,,
2023-07-17T00:00:00,EURGBP,63,0.6479474378143194,0.69869233918384888,success,64,90.812066945733847,90.202037855997062,false,false,44.017617368582478,20.289931628095975,,,
2023-07-18T00:00:00,EURGBP,63,0.62457022840204757,0.68269167111008033,success,64,90.812066415927617,90.303074064619295,false,false,43.009575279935063,31.924620669242309,,,
2023-07-19T00:00:00,EURGBP,63,0.74261073048980641,0.53979364375932881,success,64,90.812066352960841,89.752483967728722,false,false,34.006999556837712,65.951843808542094,,,
2023-07-20T00:00:00,EURGBP,63,0.644344882768498,0.41301300083631987,success,64,90.812066446639733,90.217793821100074,false,false,26.019819052688153,17.190976768207307,,,
2023-07-21T00:00:00,EURGBP,63,0.69318488081624119,0.50815264689429551,success,64,90.812066964009844,89.997015565654493,false,false,32.013616754340617,28.336495799974148,,,
2023-07-24T00:00:00,EURGBP,63,0.81200858264379761,0.26723234062405027,success,64,90.812066353167907,89.34895175273094,false,false,16.835637459315166,0.27420313172928662,,,
2023-07-25T00:00:00,EURGBP,63,0.74110063817319649,0.47637102207469062,success,64,90.812066228228474,89.760369219968922,false,false,30.011374390705509,39.444280978002162,,,
2023-07-26T00:00:00,EURGBP,63,0.63239420735427121,0.58741070428605269,success,64,90.812066339664327,90.269564542523099,false,false,37.006874370021322,44.813457694826027,,,
2023-07-27T00:00:00,EURGBP,63,0.75507071273510706,0.79370280538483484,success,64,90.812066290103871,89.686224431465178,false,false,50.003276739244598,174.22729532770109,,,
2023-07-28T00:00:00,EURGBP,63,0.71504307557307423,0.77786499127388331,success,64,90.812067036539204,89.892062276586969,false,false,49.005494450254652,90.721747131634942,,,
2023-07-31T00:00:00,EURGBP,63,0.65779477467731706,0.53969922715525964,success,64,90.812066711452758,90.158584352496817,false,false,34.001051310781357,338.04271388752494,,,
2023-08-01T00:00:00,EURGBP,63,0.78581606553030581,0.39696117055996055,success,64,90.812066372650747,89.512178773652224,false,false,25.008553745277514,63.580648370790264,,,
2023-08-02T00:00:00,EURGBP,63,0.77846158417007993,0.27022323212475785,success,64,90.812066341143364,89.555342706392096,false,false,17.024063623859746,27.425361524368469,,,
2023-08-03T00:00:00,EURGBP,63,0.65061823026784604,0.49225926381332424,success,64,90.812066279854875,90.190308465922286,false,false,31.012333620239428,26.500934978554348,,,
2023-08-04T00:00:00,EURGBP,63,0.53898094124141593,0.55581045779148353,success,64,90.812066233457145,90.655825407002794,false,false,35.016058840863465,17.843364628417447,,,
2023-08-07T00:00:00,EURGBP,63,0.66353429480258885,0.68259832271580911,success,64,90.812066333704678,90.132982021234767,false,false,43.003694331095971,97.582242840264783,,,
2023-08-08T00:00:00,EURGBP,63,0.53506500882810992,0.52393151677862648,success,64,90.812066258540213,90.671575599080384,false,false,33.00768555705347,37.363115626420587,,,
2023-08-09T00:00:00,EURGBP,63,0.54484440950078905,0.50810232846679892,success,64,90.812066350556833,90.632205401445376,false,false,32.010446693408333,44.291957809421888,,,
2023-08-10T00:00:00,EURGBP,63,0.54326806346977152,0.49228140427869854,success,64,90.812066503101192,90.638560280417295,false,false,31.013728469558007,16.069727171767795,,,
2023-08-11T00:00:00,EURGBP,63,0.69380657483853991,0.61921666495185768,success,64,90.81206631484666,89.994090114420985,false,false,39.010649891967034,36.920641840356005,,,
2023-08-14T00:00:00,EURGBP,63,0.68504349342420023,0.60345801722903791,success,64,90.81206634822307,90.035018572856529,false,false,38.017855085429389,21.450926903586307,,,
2023-08-15T00:00:00,EURGBP,63,0.66020712579059415,0.58752016978376764,success,64,90.812066252225193,90.147848877957358,false,false,37.013770696377364,24.75968402587262,,,
2023-08-16T00:00:00,EURGBP,63,0.65722032127514118,0.57160815080639815,success,64,90.812066363396752,90.16113496142151,false,false,36.011313500803084,29.764485058244741,,,
2023-08-17T00:00:00,EURGBP,63,0.6277812764228764,0.5557223250004103,success,64,90.81206632127261,90.28935614951456,false,false,35.010506475025849,27.230000217671368,,,
2023-08-18T00:00:00,EURGBP,63,0.60457489776072992,0.53990565989359662,success,64,90.812066291378883,90.38750212305537,false,false,34.014056573296585,16.98190327613672,,,
2023-08-21T00:00:00,EURGBP,63,0.65542792740214373,0.5000455374265067,success,64,90.812066392225461,90.16908132349063,false,false,31.502868857869924,1.3310454935055944,,,
2023-08-22T00:00:00,EURGBP,63,0.57736230815119971,0.42860853439666274,success,64,90.812066325696733,90.500111630743973,false,false,27.002337666989753,13.554127620679692,,,
2023-08-23T00:00:00,EURGBP,63,0.64948550580875353,0.46673787133855699,success,64,90.812066507384984,90.195288045964247,false,false,29.404485894329092,1.3023049428354696,,,
2023-08-24T00:00:00,EURGBP,63,0.6527209256862776,0.45140446690557379,success,64,90.812066224922134,90.181045265059325,false,false,28.43848141505115,1.2951992992125443,,,
2023-08-25T00:00:00,EURGBP,63,0.56960477216906069,0.58238655955475849,success,64,90.812066336845845,90.531827519710092,false,false,36.690353251949787,20.298807536025954,,,
2023-08-28T00:00:00,EURGBP,63,0.76485006122334787,0.63491733431958519,success,64,90.812066452862069,89.632609984678908,false,false,39.999792062133864,2378.6600017770143,,,
2023-08-29T00:00:00,EURGBP,63,0.60998059248045733,0.55544884664314531,success,64,90.812066261770283,90.364835621471045,false,false,34.993277338518155,29.678375064527419,,,
2023-08-30T00:00:00,EURGBP,63,0.63051444232350629,0.53967313997294097,success,64,90.812067859403996,90.277643451616328,false,false,33.999407818295282,420.84487571470964,,,
2023-08-31T00:00:00,EURGBP,63,0.58264130186020202,0.51903320800941033,success,64,90.812066360809681,90.478440665921667,false,false,32.69909210459285,18.314605978564305,,,
2023-09-01T00:00:00,EURGBP,63,0.79081230918141376,0.57117223450090737,success,64,90.812066321954518,89.482237556459779,false,false,35.983850773557165,31.755818717846623,,,
2023-09-04T00:00:00,EURGBP,63,0.60930353747696753,0.43915899412113313,success,64,90.812066233552514,90.367680618327356,false,false,27.667016629631387,20.289761421756218,,,
2023-09-05T00:00:00,EURGBP,63,0.67350278336586045,0.31875413677568032,success,64,90.812066223918208,90.087995519210594,false,false,20.08151061686786,1.3016020684011449,,,
2023-09-06T00:00:00,EURGBP,63,0.61809696667710501,0.40731773184246056,success,64,90.812066329018378,90.330587716775597,false,false,25.661017106075015,15.781763100455434,,,
2023-09-07T00:00:00,EURGBP,63,0.71744804232889858,0.85691804849382103,success,64,90.812066312470463,89.880228236966147,false,false,53.985837055110721,41.058803170795919,,,
2023-09-08T00:00:00,EURGBP,63,0.74874560999361528,0.76152193178436456,success,64,90.811747601625754,89.719814247209854,false,false,47.975881702414966,1.3646670704219426,,,
2023-09-11T00:00:00,EURGBP,63,0.71956554584869825,0.99999998412696067,success,64,90.812031851852041,89.869724253126179,false,false,62.999998999998525,0.64641826850466977,,,
2023-09-12T00:00:00,EURGBP,63,0.85574851204739388,0.46002536699360791,success,64,90.811505875409836,89.031087557202326,false,false,28.981598120597297,28.607014564111456,,,
2023-09-13T00:00:00,EURGBP,63,0.86241047734514997,0.44412487446615617,success,64,90.812024660064026,88.976568090031407,false,false,27.97986709136784,28.047556444573218,,,
2023-09-14T00:00:00,EURGBP,63,0.83136190759280471,0.6959663700244888,success,64,90.805738629546724,89.210428374624186,false,false,43.845881311542797,1.5303448319745432,,,
2023-09-15T00:00:00,EURGBP,63,0.86691335903655053,0.41238096134514735,success,64,90.812065080314667,88.938126392379701,false,false,25.980000564744284,29.078128086753544,,,
2023-09-18T00:00:00,EURGBP,63,0.82393106102431191,0.28522484861306518,success,64,90.81169059952731,89.26847935399303,false,false,17.969165462623106,2.1866455562022065,,,
2023-09-19T00:00:00,EURGBP,63,0.79061173472513724,0.31727095589520776,success,64,90.807351628811062,89.478734892358247,false,false,19.98807022139809,23.575741246894218,,,
2023-09-20T00:00:00,EURGBP,63,0.63327327034839054,0.29700428286182673,success,64,90.812066283160561,90.265781212307417,false,false,18.711269820295083,14.465819281921387,,,
2023-09-21T00:00:00,EURGBP,63,0.79644586086118319,0.6184241984201343,success,64,90.798781131324091,89.434553985076562,false,false,38.960724500468459,1.5097093205842083,,,
2023-09-22T00:00:00,EURGBP,63,0.83842910103922985,0.22168085434857432,success,64,90.766953184234723,89.120367210243543,false,false,13.965893823960181,2.1319472883638109,,,
2023-09-25T00:00:00,EURGBP,63,0.89342646983114904,0.31686675372495826,success,64,90.811798379798674,88.685569514159681,false,false,19.96260548467237,16.181014658063315,,,
2023-09-26T00:00:00,EURGBP,63,0.75028910636235391,0.65056473259158154,success,64,90.809628441748714,89.709473657581981,false,false,40.985578153269635,32.635867577492213,,,
2023-09-27T00:00:00,EURGBP,63,0.67456763523453234,0.53918855963689982,success,64,90.812066249632935,90.083148955705923,false,false,33.968879257124691,14.589768050062878,,,
2023-09-28T00:00:00,EURGBP,63,0.7185821860498034,0.61873637199480436,success,64,90.812066926370051,89.874627289201484,false,false,38.980391435672672,20.7021042798949,,,
2023-09-29T00:00:00,EURGBP,63,0.7566700305043158,0.50735782910751903,success,64,90.812066262021617,89.677557416012178,false,false,31.963543233773699,18.752088712462903,,,
2023-10-02T00:00:00,EURGBP,63,0.76033098602183646,0.58706726355619376,success,64,90.812067885493335,89.657572902167956,false,false,36.985237604040208,31.681123782578737,,,
2023-10-03T00:00:00,EURGBP,63,0.79759455982648242,0.57114809490255647,success,64,90.812066263292735,89.440738680727051,false,false,35.98232997886106,29.636573007018427,,,
2023-10-04T00:00:00,EURGBP,63,0.82544441578670324,0.46042962141521676,success,64,90.812066334684303,89.258387632681533,false,false,29.007066149158657,10.541578940657491,,,
2023-10-05T00:00:00,EURGBP,63,0.86559028901991786,0.44324731675336848,success,64,90.812066247309119,88.949547237859505,false,false,27.924580955462215,16.350766651121123,,,
2023-10-06T00:00:00,EURGBP,63,0.89772288111106502,0.42771448795771411,success,64,90.812066381369149,88.639890937502685,false,false,26.946012741335988,23.809986355562927,,,
2023-10-09T00:00:00,EURGBP,63,0.84301807313164057,0.66618809821905534,success,64,90.723112112741134,89.04225439913813,false,false,41.969850187800489,1.2362662731749972,,,
2023-10-10T00:00:00,EURGBP,63,0.83158742930527041,0.65313303362275643,success,64,90.451094046207317,88.854174353466391,false,false,41.147381118233653,1.34654615873813,,,
2023-10-11T00:00:00,EURGBP,63,0.91294300226020952,0.39200573219419416,success,64,90.24872193667106,87.898611537667861,false,false,24.696361128234233,1.4612542339003842,,,
2023-10-12T00:00:00,EURGBP,63,0.90007585662903322,0.37670627779253868,success,64,90.43450177281079,88.236434059735672,false,false,23.732495500929936,1.4487548446497527,,,
2023-10-13T00:00:00,EURGBP,63,0.9065627077030135,0.3599856052544011,success,64,90.452438218531015,88.180068555778817,false,false,22.679093131027269,1.4465271775974884,,,
2023-10-16T00:00:00,EURGBP,63,0.91013320021074828,0.34311752049897054,success,64,90.603013266096738,88.287750875142834,false,false,21.616403791435143,1.3964665571927257,,,
2023-10-17T00:00:00,EURGBP,63,0.89105324230926519,0.41199182399280743,success,64,90.636597613218441,88.535052733194789,false,false,25.955484911546868,14.100974113294454,,,
2023-10-18T00:00:00,EURGBP,63,0.91568429271990115,0.39606735637758828,success,64,90.658780363796083,88.273676890764207,false,false,24.95224345178806,14.509226449033696,,,
2023-10-19T00:00:00,EURGBP,63,0.88787278324026186,0.82048709791058649,success,64,90.673320485132606,88.604126105136231,false,false,51.690687168366949,0.44957011282819415,,,
2023-10-20T00:00:00,EURGBP,63,0.91038927069939435,0.74533270854886335,success,64,90.81200420261024,88.493606984037882,false,false,46.955960638578389,20.168266453390196,,,
2023-10-23T00:00:00,EURGBP,63,0.88762455527818085,0.72992964591303355,success,64,90.812066220719558,88.745362815505857,false,false,45.985567692521116,54.821743902558971,,,
2023-10-24T00:00:00,EURGBP,63,0.68414406798693372,0.59440947790288567,success,64,90.812066255670373,90.03918393279109,false,false,37.447797107881797,4.3040632657035021,,,
2023-10-25T00:00:00,EURGBP,63,0.75928276373662329,0.31729033444415089,success,64,90.812066240627956,89.663314935998415,false,false,19.989291069981505,44.167325282162373,,,
2023-10-26T00:00:00,EURGBP,63,0.79321808155816187,0.30161018747780977,success,64,90.812067475029366,89.467633986743124,false,false,19.001441811102016,956.23359661001894,,,
2023-10-27T00:00:00,EURGBP,63,0.81930257606977219,0.28547030674114365,success,64,90.812066484268769,89.300436964331396,false,false,17.984629324692051,37.771686821507842,,,
2023-10-30T00:00:00,EURGBP,63,0.81262912845362822,0.26973709326386713,success,64,90.812066311938651,89.344881406106765,false,false,16.99343687562363,87.876225672366317,,,
2023-10-31T00:00:00,EURGBP,63,0.68572422265218458,0.51024136194383429,success,64,90.81206632022176,90.031861653379892,false,false,32.145205802461561,12.415401120250271,,,
2023-11-01T00:00:00,EURGBP,63,0.97340686930814213,0.61881766259959103,success,64,90.812066275764963,87.21191705913526,false,false,38.985512743774237,68.009440821359291,,,
2023-11-02T00:00:00,EURGBP,63,0.89841293434553748,0.22224283715143014,success,64,90.812066222179908,88.632352642259093,false,false,14.001298740540099,1944.7694474955667,,,
2023-11-03T00:00:00,EURGBP,63,0.82871908406392969,0.20606908492463158,success,64,90.812066220006059,89.235489975360849,false,false,12.982352350251789,36.852732707614742,,,
2023-11-06T00:00:00,EURGBP,63,0.82858627343870161,0.33326901268961068,success,64,90.81206628891951,89.236425413293802,false,false,20.995947799445474,142.45643206205719,,,
2023-11-07T00:00:00,EURGBP,63,0.93062895172686411,0.55549551393933927,success,64,90.812066364066695,88.215675322938012,false,false,34.996217378178372,205.97479005613235,,,
2023-11-08T00:00:00,EURGBP,63,0.91625191903170489,0.53929579819814499,success,64,90.8120666136399,88.419588522631329,false,false,33.975635286483133,427.42544720791204,,,
2023-11-09T00:00:00,EURGBP,63,0.90206570318408275,0.52354067063747101,success,64,90.812066287775124,88.591675741868656,false,false,32.983062250160671,41.282415839991152,,,
2023-11-10T00:00:00,EURGBP,63,0.91104452183545581,0.50781170519416152,success,64,90.812066378721511,88.485610610492131,false,false,31.992137427232176,91.188187032496288,,,
2023-11-13T00:00:00,EURGBP,63,0.88281518393782921,0.49183935677937041,success,64,90.812066231726547,88.792702670709858,false,false,30.985879477100337,46.444232081205364,,,
2023-11-14T00:00:00,EURGBP,63,0.8551677334431883,0.47594620359218193,success,64,90.812066341170976,89.03634500247378,false,false,29.98461082630746,39.287581863341046,,,
2023-11-15T00:00:00,EURGBP,63,0.81491904428367523,0.46008703819582314,success,64,90.812066275840095,89.329770827526929,false,false,28.985483406336858,37.05683959162797,,,
2023-11-16T00:00:00,EURGBP,63,0.85301687005565208,0.44424821854163327,success,64,90.812066254667059,89.053604747958659,false,false,27.987637768122894,48.520684600585724,,,
2023-11-17T00:00:00,EURGBP,63,0.88171491501157551,0.42839582861079223,success,64,90.812066239580957,88.803295146602906,false,false,26.98893720247991,58.946819222567953,,,
2023-11-20T00:00:00,EURGBP,63,0.8818912292150981,0.41237108975170117,success,64,90.812066324438504,88.801603585116268,false,false,25.979378654357173,31.697680300110992,,,
2023-11-21T00:00:00,EURGBP,63,0.79143915592393665,0.39676291646330319,success,64,90.812067031271027,89.478444843542178,false,false,24.996063737188102,128.3322475074647,,,
2023-11-22T00:00:00,EURGBP,63,0.75139976478770554,0.38057601069545621,success,64,90.812067703603205,89.705976008719219,false,false,23.976288673813741,18.779015292055064,,,
2023-11-23T00:00:00,EURGBP,63,0.78177442601932767,0.36469890705772867,success,64,90.812066257021812,89.536029286706381,false,false,22.976031144636906,20.653004762696003,,,
2023-11-24T00:00:00,EURGBP,63,0.78535917732563543,0.34888045285695818,success,64,90.812066295986,89.514891171034861,false,false,21.979468529988367,24.599383809586488,,,
2023-11-27T00:00:00,EURGBP,63,0.81110456936745245,0.33307238341452461,success,64,90.812066303110612,89.354862903375221,false,false,20.98356015511505,33.442589948586807,,,
2023-11-28T00:00:00,EURGBP,63,0.81899991966254537,0.31723830134547748,success,64,90.812066335776549,89.302479825134682,false,false,19.986012984765082,40.526304495790569,,,
2023-11-29T00:00:00,EURGBP,63,0.7816244340487315,0.30149156047799969,success,64,90.812066351423198,89.536908349705556,false,false,18.993968310113981,85.194342702139494,,,
2023-11-30T00:00:00,EURGBP,63,0.61627503018004393,0.53947346904098847,success,64,90.812066264754861,90.338298994847065,false,false,33.98682854958227,15.833554346975653,,,
2023-12-01T00:00:00,EURGBP,63,0.96837429023591937,0.99933957169279808,success,64,90.812066267812028,87.390417981732469,false,false,62.958393016646276,8.5247461803041986,,,
2023-12-04T00:00:00,EURGBP,63,0.94334814433548064,0.9732835114661561,success,64,90.812066395423088,87.999555736460948,false,false,61.316861222367834,17.935057604882921,,,
2023-12-05T00:00:00,EURGBP,63,0.9086809004575428,0.95721941526752741,success,64,90.812066218752193,88.514432191955763,false,false,60.304823161854223,20.988956003161679,,,
2023-12-06T00:00:00,EURGBP,63,0.80906776531393498,0.80953892712291586,success,64,90.81206944015949,89.368105335188346,false,false,51.0009524087437,679.60257687648061,,,
2023-12-07T00:00:00,EURGBP,63,0.83397426493478377,0.27782657977039443,success,64,90.812066328565123,89.198006590928728,false,false,17.503074525534849,0.41710585294153874,,,
2023-12-08T00:00:00,EURGBP,63,0.6737692184781382,0.58765670184736096,success,64,90.812066236613944,90.086783639843802,false,false,37.022372216383744,14.954213991211253,,,
2023-12-11T00:00:00,EURGBP,63,0.66703202490524649,0.76194020554853104,success,64,90.812066271322664,90.117274527677552,false,false,48.002232949557452,162.61776827561638,,,
2023-12-12T00:00:00,EURGBP,63,0.65338524603235415,0.55585232543362706,success,64,90.812066324618954,90.17811335009003,false,false,35.018696502318505,15.71205414141226,,,
2023-12-13T00:00:00,EURGBP,63,0.67282059505061853,0.53984210291816992,success,64,90.812066309255542,90.091096249549011,false,false,34.010052483844703,32.290115030099244,,,
2023-12-14T00:00:00,EURGBP,63,0.6762995122614246,0.52387990522950512,success,64,90.812066246887298,90.075248871185565,false,false,33.004434029458821,75.551495624904931,,,
2023-12-15T00:00:00,EURGBP,63,0.66602800193276679,0.5081556652309841,success,64,90.81206623659024,90.121791673329653,false,false,32.013806909551995,23.260875780925076,,,
2023-12-18T00:00:00,EURGBP,63,0.72441160887011136,0.49231848492488178,success,64,90.812066225797849,89.845614890502006,false,false,31.016064550267551,25.673226377751792,,,
2023-12-19T00:00:00,EURGBP,63,0.72109935759658661,0.66683523309063142,success,64,90.812066325177113,89.862144990098273,false,false,42.010619684709781,40.064889766949541,,,
2023-12-20T00:00:00,EURGBP,63,0.75993177921356259,0.7778799490603876,success,64,90.812066256878268,89.659760728046123,false,false,49.006436790804422,160.95988604850098,,,
2023-12-21T00:00:00,EURGBP,63,0.75830276785261297,0.76603122694112147,success,64,90.812066544755069,89.668669645019037,false,false,48.25996729729065,16.928455253065245,,,
2023-12-22T00:00:00,EURGBP,63,0.7267761657795283,0.74661572274904464,success,64,90.812066338149819,89.83373916034985,false,false,47.036790533189816,30.261496295461079,,,
2023-12-26T00:00:00,EURGBP,63,0.82009187181582854,0.41337094998263563,success,64,90.812066203821516,89.295096152654793,false,false,26.042369848906045,13.682895942770458,,,
2023-12-27T00:00:00,EURGBP,63,0.92772389766447572,0.39713460505163078,success,64,90.812066791685794,88.259826166984809,false,false,25.019480118252741,41.157324221397772,,,
2023-12-28T00:00:00,EURGBP,63,0.90259776208015974,0.38097863049685826,success,64,90.812066266485289,88.585638445484577,false,false,24.00165372130207,451.6166422167023,,,
2023-12-29T00:00:00,EURGBP,63,0.77824619226112035,0.46033573986297294,success,64,90.812066360768739,89.556591236508964,false,false,29.001151611367295,462.78776832224179,,,
2024-01-02T00:00:00,EURGBP,63,0.6313437580139617,0.67003220416799225,success,64,90.812066210441287,90.274080329637783,false,false,42.212028862583509,18.933999659194804,,,
2024-01-03T00:00:00,EURGBP,63,0.76409065606286664,0.42858051220538168,success,64,90.812066255180085,89.636827408651854,false,false,27.000572268939045,910.49462924007753,,,
2024-01-04T00:00:00,EURGBP,63,0.82518802209209341,0.31761337313816546,success,64,90.812066220566493,89.260165939006583,false,false,20.009642507704424,65.59927665800231,,,
2024-01-05T00:00:00,EURGBP,63,0.70932666735774363,0.39696142157433112,success,64,90.812067640936633,89.919951545089503,false,false,25.00856955918286,52.005221824046359,,,
2024-01-08T00:00:00,EURGBP,63,0.65783028202293037,0.6077080087920953,success,64,90.812066267190957,90.158426164557198,false,false,38.285604553902004,23.284755228784828,,,
2024-01-09T00:00:00,EURGBP,63,0.63470769109126057,0.59157676994221187,success,64,90.812066219958268,90.259599535441126,false,false,37.269336506359345,21.253421249078084,,,
2024-01-10T00:00:00,EURGBP,63,0.60081208701982991,0.57590576646713076,success,64,90.812066225572067,90.403216272988871,false,false,36.282063287429239,22.946261810879307,,,
2024-01-11T00:00:00,EURGBP,63,0.5742559414736057,0.56011477692908418,success,64,90.812066305420927,90.512829481546788,false,false,35.287230946532304,20.856774243597933,,,
2024-01-12T00:00:00,EURGBP,63,0.57375244918288726,0.53971854647513118,success,64,90.812066811170851,90.514889063774476,false,false,34.002268427933267,110.09612656022829,,,
2024-01-15T00:00:00,EURGBP,63,0.55289327680992673,0.52754770381101557,success,64,90.812066316667625,90.599698643720458,false,false,33.235505340093979,16.991747557201453,,,
2024-01-16T00:00:00,EURGBP,63,0.56786700838449911,0.28589522908261733,success,64,90.812066248658454,90.53891238935006,false,false,18.011399432204893,15.841282515910626,,,
2024-01-17T00:00:00,EURGBP,63,0.58878032626624266,0.49667151846513941,success,64,90.812066210321333,90.453140614415247,false,false,31.290305663303783,22.375118051963518,,,
2024-01-18T00:00:00,EURGBP,63,0.63814935122942085,0.52352445880208198,success,64,90.812066321656459,90.244725527108415,false,false,32.982040904531168,13.562161135213827,,,
2024-01-19T00:00:00,EURGBP,63,0.68600569915173981,0.73331798945542115,success,64,90.812066309977595,90.030555210063611,false,false,46.199033335691531,1.0860030707725064,,,
2024-01-22T00:00:00,EURGBP,63,0.64865639511951945,0.69830628582742738,success,64,90.812066335990266,90.198927872808326,false,false,43.993296007127924,43.298674013374622,,,
2024-01-23T00:00:00,EURGBP,63,0.68374300459115511,0.68226044400393204,success,64,90.812066846299984,90.041039883228379,false,false,42.982407972247721,20.57645433830686,,,
2024-01-24T00:00:00,EURGBP,63,0.67479166773199206,0.46021923462403569,success,64,90.812066845548344,90.082128842037875,false,false,28.99381178131425,50.909050589765428,,,
2024-01-25T00:00:00,EURGBP,63,0.6727651965182232,0.44424446337079582,success,64,90.812066240650893,90.091347829324448,false,false,27.987401192360135,24.769358653037173,,,
2024-01-26T00:00:00,EURGBP,63,0.73824765425479544,0.45911611787088025,success,64,90.812066261416945,89.775185729725905,false,false,28.924315425865455,1.0102002193169481,,,
2024-01-29T00:00:00,EURGBP,63,0.70968821723377262,0.41235987474039054,success,64,90.812066350732522,89.918196066247361,false,false,25.978672108644606,17.620045120192596,,,
2024-01-30T00:00:00,EURGBP,63,0.67706671593233092,0.38209140847571682,success,64,90.81206628065047,90.071742217178723,false,false,24.07175873397016,14.960699329098892,,,
2024-01-31T00:00:00,EURGBP,63,0.70929903571127784,0.36602204450281756,success,64,90.812066311405047,89.920084227377401,false,false,23.059388803677507,15.233088630829988,,,
2024-02-01T00:00:00,EURGBP,63,0.75860892394664792,0.34994086990746115,success,64,90.812066252817402,89.666998200439394,false,false,22.046274804170054,15.074318552170567,,,
2024-02-02T00:00:00,EURGBP,63,0.8401966365117749,0.54078691120146782,success,64,90.812069286325567,89.152377412020016,false,false,34.069575405692476,13.897200656143234,,,
2024-02-05T00:00:00,EURGBP,63,0.72967050120221832,0.52430147645918701,success,64,90.812066419998274,89.819114936844144,false,false,33.030993016928782,13.096424940396165,,,
2024-02-06T00:00:00,EURGBP,63,0.73436057232839647,0.66646474055441729,success,64,90.812066281080433,89.795205984275796,false,false,41.987278654928289,39.646448442575576,,,
2024-02-07T00:00:00,EURGBP,63,0.77311103328237274,0.6499475989427127,success,64,90.812066350359814,89.586104437067803,false,false,40.946698733390903,10.433343900097096,,,
2024-02-08T00:00:00,EURGBP,63,0.79156941712352968,0.63473154470039406,success,64,90.812066276753043,89.477654747985369,false,false,39.988087316124826,48.438264927535677,,,
2024-02-09T00:00:00,EURGBP,63,0.79402245296219021,0.46170814474199212,success,64,90.812066309169055,89.46272173791894,false,false,29.087613118745505,12.822467379395755,,,
2024-02-12T00:00:00,EURGBP,63,0.77791832682608308,0.23889155955191238,success,64,90.812066269161832,89.558489940261211,false,false,15.050168251770479,15.214060446565266,,,
2024-02-13T00:00:00,EURGBP,63,0.76389803407810841,0.22296975912874153,success,64,90.812066454940449,89.637895908635556,false,false,14.047094825110717,15.505309563526881,,,
2024-02-14T00:00:00,EURGBP,63,0.7777587342365514,0.20637034190052206,success,64,90.812066316824783,89.559413525446004,false,false,13.00133153973289,16.548702113611828,,,
2024-02-15T00:00:00,EURGBP,63,0.72786471876942804,0.39887227691556004,success,64,90.812066307619375,89.82825040267673,false,false,25.128953445680281,8.4396270366883481,,,
2024-02-16T00:00:00,EURGBP,63,0.78920138573538112,0.53946250027999731,success,64,90.812066406635282,89.49194811956319,false,false,33.986137517639833,39.198770624600165,,,
2024-02-19T00:00:00,EURGBP,63,0.80066211828053935,0.36773129132990828,success,64,90.812066274905774,89.421628524711593,false,false,23.167071353784223,6.6216822192712179,,,
2024-02-20T00:00:00,EURGBP,63,0.85322970229988204,0.50781497335466519,success,64,90.812066251459427,89.051906216611528,false,false,31.99234332134391,83.118073098356774,,,
2024-02-21T00:00:00,EURGBP,63,0.72035236254672352,0.84112537013449962,success,64,90.812066231931951,89.865856120214019,false,false,52.990898318473477,62.410679283549172,,,
2024-02-22T00:00:00,EURGBP,63,0.74029233142620909,0.63446392997756729,success,64,90.812066894859484,89.764578391020919,false,false,39.971227588586736,24.709810417716039,,,
2024-02-23T00:00:00,EURGBP,63,0.88247877714950385,0.46019469626312637,success,64,90.812066293605994,88.795950490922124,false,false,28.992265864576961,88.967082739263475,,,
2024-02-26T00:00:00,EURGBP,63,0.87689146594137335,0.44434558116572226,success,64,90.812066906771832,88.848750035126358,false,false,27.993771613440501,110.07074708295958,,,
2024-02-27T00:00:00,EURGBP,63,0.92144218417768231,0.062807453897546536,success,64,90.812066372009966,88.349961198849059,false,false,3.9568695955454314,16.003552938813026,,,
2024-02-28T00:00:00,EURGBP,63,0.90012531459364542,0.25422406679289866,success,64,90.812067962504798,88.613450224643557,false,false,16.016116207952617,12.679839064747719,,,
2024-02-29T00:00:00,EURGBP,63,0.92083998479287876,0.23803184469948374,success,64,90.812066636690716,88.358251669094898,false,false,14.996006216067476,14.481722152485455,,,
2024-03-01T00:00:00,EURGBP,63,0.93454681330092271,0.22196726022390909,success,64,90.812066510437745,88.153339970538966,false,false,13.983937394106272,15.244949121848691,,,
2024-03-04T00:00:00,EURGBP,63,0.7765254389248275,0.54207482620430303,success,64,90.812066290474931,89.566534474294912,false,false,34.150714050871088,1.6376271466691497,,,
2024-03-05T00:00:00,EURGBP,63,0.89402967093337626,0.69840623665319224,success,64,90.812066242223807,88.679486419100414,false,false,43.999592909151112,1927.3563479442398,,,
2024-03-06T00:00:00,EURGBP,63,0.98442686987429795,0.77786466031571311,success,64,90.812066233692221,86.665553621192331,false,false,49.005473599889925,16.881928177655233,,,
2024-03-07T00:00:00,EURGBP,63,0.98319576863975444,0.76192411788964964,success,64,90.812066364407215,86.742888831203828,false,false,48.001219427047928,14.820500145274478,,,
2024-03-08T00:00:00,EURGBP,63,0.79153433710897803,0.30150642897388147,success,64,90.812066230313988,89.477867310913069,false,false,18.994905025354534,119.977303571758,,,
2024-03-11T00:00:00,EURGBP,63,0.80689743511514034,0.28547621867992834,success,64,90.812066302382092,89.382091208245456,false,false,17.985001776835485,42.925750898790035,,,
2024-03-12T00:00:00,EURGBP,63,0.84126013469376693,0.26962931421591041,success,64,90.812066645824544,89.144432512898149,false,false,16.986646795602354,57.367877642275602,,,
2024-03-13T00:00:00,EURGBP,63,0.73883649826715425,0.41165028677621046,success,64,90.812066262613556,89.772136268024354,false,false,25.933968066901258,7.4515033081796576,,,
2024-03-14T00:00:00,EURGBP,63,0.72753067931483584,0.58714070408804953,success,64,90.812066602565338,89.829936456652931,false,false,36.98986435754712,41.593884914404711,,,
2024-03-15T00:00:00,EURGBP,63,0.84191081620660346,0.22217614047976672,success,64,90.812066334457683,89.139551572990797,false,false,13.997096850225303,248.63480188237278,,,
2024-03-18T00:00:00,EURGBP,63,0.86268128029358726,0.00018857899072816344,success,64,90.812066214940742,88.974325553184144,false,false,0.011880476415874298,0.62982272412595286,,,
2024-03-19T00:00:00,EURGBP,63,0.73141995108129143,0.19031522924553917,success,64,90.812066282453216,89.810227502466802,false,false,11.989859442468967,58.699904389288804,,,
2024-03-20T00:00:00,EURGBP,63,0.75303452457774345,0.52355715811886905,success,64,90.812073484062537,89.697210959180921,false,false,32.98410096148875,28.506703287149303,,,
2024-03-21T00:00:00,EURGBP,63,0.60938926751415257,0.50783012819842765,success,64,90.812066295478459,90.367320535631265,false,false,31.993298076500942,26.909507693230658,,,
2024-03-22T00:00:00,EURGBP,63,0.61595715548224872,0.4918466809934941,success,64,90.812066644673109,90.339643356975813,false,false,30.986340902590129,14.410668319855622,,,
2024-03-25T00:00:00,EURGBP,63,0.64210314814886482,0.47602498333567722,success,64,90.812066659761044,90.227562523642433,false,false,29.989573950147665,24.863894095914542,,,
2024-03-26T00:00:00,EURGBP,63,0.60647530833170415,0.27023687237621874,success,64,90.812066642372926,90.379546441282457,false,false,17.024922959701779,8.0020284308566172,,,
2024-03-27T00:00:00,EURGBP,63,0.64390347401720882,0.2538571851054186,success,64,90.81206630833077,90.219719313027966,false,false,15.993002661641373,10.101075992019407,,,
2024-03-28T00:00:00,EURGBP,63,0.68771582787077012,0.42852161888248474,success,64,90.812066268559775,90.022604138218796,false,false,26.996861989596539,109.31811178967676,,,
2024-03-29T00:00:00,EURGBP,63,0.71474849696657972,0.50882297742621896,success,64,90.81206625798751,89.893506787574907,false,false,32.055847577851793,9.975129025482806,,,
2024-04-01T00:00:00,EURGBP,63,0.74508542854321325,0.49272920414494087,success,64,90.812066298742408,89.739495892885117,false,false,31.041939861131276,11.44044779080704,,,
2024-04-02T00:00:00,EURGBP,63,0.6900520698676732,0.49143481364402269,success,64,90.812066339782064,90.01170359751768,false,false,30.960393259573429,8.8143375548656042,,,
2024-04-03T00:00:00,EURGBP,63,0.71875099645735441,0.47591551384317277,success,64,90.812066356946772,89.873791789013595,false,false,29.982677372119884,22.838972403190223,,,
2024-04-04T00:00:00,EURGBP,63,0.66862474647216563,0.44509236091481552,success,64,90.812066829478852,90.110095273492661,false,false,28.040818737633376,12.089378188479664,,,
2024-04-05T00:00:00,EURGBP,63,0.70298508520906988,0.42957752617925288,success,64,90.812066323466908,89.950513003493214,false,false,27.063384149292933,9.0301041952515622,,,
2024-04-08T00:00:00,EURGBP,63,0.73250234482711518,0.41330543548005227,success,64,90.812066399969368,89.804710658542902,false,false,26.038242435243294,12.061124050941594,,,
2024-04-09T00:00:00,EURGBP,63,0.72637461216040278,0.39759797976304928,success,64,90.81206637107006,89.835760467868354,false,false,25.048672725072105,11.020526967536217,,,
2024-04-10T00:00:00,EURGBP,63,0.76234860703544882,0.37682756077280161,success,64,90.812066456157979,89.646467379994732,false,false,23.7401363286865,18.171095631245848,,,
2024-04-11T00:00:00,EURGBP,63,0.81559548811130478,0.41834820398277367,success,64,90.812066337952444,89.325279610020758,false,false,26.355936850914741,0.54210761545130182,,,
2024-04-12T00:00:00,EURGBP,63,0.76406389085249715,0.35015602189601069,success,64,90.812066299959071,89.636975931940796,false,false,22.059829379448672,9.9515216870342584,,,
2024-04-15T00:00:00,EURGBP,63,0.79833872197446776,0.33364730425864297,success,64,90.812069189777034,89.436125667230456,false,false,21.019780168294506,10.950188202538619,,,
2024-04-16T00:00:00,EURGBP,63,0.78277698039322563,0.31697559286445631,success,64,90.812066411799293,89.530143149363965,false,false,19.969462350460748,13.750014545314306,,,
2024-04-17T00:00:00,EURGBP,63,0.7933624361230277,0.34796193452979401,success,64,90.812066213933321,89.466752411924901,false,false,21.921601875377021,0.64333728769714704,,,
2024-04-18T00:00:00,EURGBP,63,0.77895511114997495,0.33719279066497299,success,64,90.812066293197972,89.552478670532508,false,false,21.243145811893299,0.60462242306815306,,,
2024-04-19T00:00:00,EURGBP,63,0.82276811401255123,0.39383910573169051,success,64,90.812066237796472,89.276850799270591,false,false,24.811863661096503,0.34182133254670222,,,
2024-04-22T00:00:00,EURGBP,63,0.81450225226922668,0.36860597483015051,success,64,90.812066367838881,89.332531914944326,false,false,23.222176414299483,0.33167585617416812,,,
2024-04-23T00:00:00,EURGBP,63,0.98275594878286521,0.93906128404891942,success,64,90.812066244586333,86.769172654124944,false,false,59.160860895081925,1.8471047025408474,,,
2024-04-24T00:00:00,EURGBP,63,0.97710996495724389,0.91401244217559607,success,64,90.812066261189401,87.058168726671326,false,false,57.582783857062552,1.8209629216494005,,,
2024-04-25T00:00:00,EURGBP,63,0.95849976924865232,0.90052946843052517,success,64,90.812066239321666,87.672395905072776,false,false,56.733356511123084,4.1167132343931812,,,
2024-04-26T00:00:00,EURGBP,63,0.95840997947043916,0.87886072509074609,success,64,90.812066241421164,87.674650848850504,false,false,55.368225680717003,2.2780403599438381,,,
2024-04-29T00:00:00,EURGBP,63,0.96784163601322226,0.86217593467531772,success,64,90.812066373262113,87.407670470488114,false,false,54.317083884545013,2.2323800930977069,,,
2024-04-30T00:00:00,EURGBP,63,0.95154997729501889,0.8457210781981106,success,64,90.812066257735154,87.834506854596896,false,false,53.280427926480968,2.6773213374676113,,,
2024-05-01T00:00:00,EURGBP,63,0.83182782790146892,0.2380686416633776,success,64,90.812066207857256,89.213429014608337,false,false,14.99832442479279,0.29633885418679506,,,
2024-05-02T00:00:00,EURGBP,63,0.83770232221553775,0.20674808722818205,success,64,90.812067133596727,89.170836486559111,false,false,13.02512949537547,0.29143874272476372,,,
2024-05-03T00:00:00,EURGBP,63,0.72853799904442063,0.31840640762862676,success,64,90.812066252996303,89.824848637987174,false,false,20.059603680603487,8.3743978795306226,,,
2024-05-06T00:00:00,EURGBP,63,0.94398306013529065,0.77785684271866207,success,64,90.812066219124105,87.987612140487627,false,false,49.00498109127571,183.26237660479529,,,
2024-05-07T00:00:00,EURGBP,63,0.94627382974671725,0.76199373531495884,success,64,90.812066313404287,87.943434550194581,false,false,48.005605324842406,160.94438299215167,,,
2024-05-08T00:00:00,EURGBP,63,0.92380440838476963,0.74610360026694122,success,64,90.812066240377135,88.316869478580486,false,false,47.004526816817297,182.46897003324025,,,
2024-05-09T00:00:00,EURGBP,63,0.89545575524746579,0.73017487798373304,success,64,90.812066258598307,88.664343822753366,false,false,46.001017312975179,740.60240967512868,,,
2024-05-10T00:00:00,EURGBP,63,0.87248013362665411,0.71439631955644767,success,64,90.812066345240325,88.888998628058857,false,false,45.006968132056201,100.38161043621987,,,
2024-05-13T00:00:00,EURGBP,63,0.8821511197838251,0.69847383690284226,success,64,90.812066314341408,88.799106062952887,false,false,44.003851724879063,183.97688859945373,,,
2024-05-14T00:00:00,EURGBP,63,0.91195621738362986,0.68272310013201765,success,64,90.812066220683491,88.474308459499142,false,false,43.011555308317114,66.224249848611819,,,
2024-05-15T00:00:00,EURGBP,63,0.90242833491174268,0.66674334364909693,success,64,90.812066937483635,88.587564792279849,false,false,42.004830649893108,153.38865717901967,,,
2024-05-16T00:00:00,EURGBP,63,0.86821165116574139,0.65125513995202244,success,64,90.812066301545656,88.926827996674163,false,false,41.029073816977416,23.145885032905177,,,
2024-05-17T00:00:00,EURGBP,63,0.85727561636254457,0.63518138133036406,success,64,90.812066232500229,89.019222142891152,false,false,40.016427023812938,39.770529596002334,,,
2024-05-20T00:00:00,EURGBP,63,0.83281505894059238,0.61939303837018345,success,64,90.812066254418781,89.206355286140422,false,false,39.021761417321557,28.225859846223752,,,
2024-05-21T00:00:00,EURGBP,63,0.78965105652689682,0.60331698051594784,success,64,90.812066264511841,89.489242904542721,false,false,38.008969772504713,61.322919559729748,,,
2024-05-22T00:00:00,EURGBP,63,0.83590454527181912,0.58739636342453005,success,64,90.812066409854864,89.184000283115608,false,false,37.005970895745392,102.96757008270825,,,
2024-05-23T00:00:00,EURGBP,63,0.80509206799761612,0.57168117415947972,success,64,90.812066223084116,89.393636885513303,false,false,36.015913972047223,35.65273821183046,,,
2024-05-24T00:00:00,EURGBP,63,0.76506331007554107,0.55909650080752704,success,64,90.812066317081985,89.631423801682502,false,false,35.223079550874203,14.034473701657527,,,
2024-05-27T00:00:00,EURGBP,63,0.74462935943827391,0.53976562454316013,success,64,90.812066219151546,89.741895610937647,false,false,34.00523434621909,92.793118968528717,,,
2024-05-28T00:00:00,EURGBP,63,0.71353574196764391,0.52391921553434007,success,64,90.812066302681473,89.899447547719916,false,false,33.006910578663422,64.258658429231247,,,
2024-05-29T00:00:00,EURGBP,63,0.66972867243117729,0.50807456419775188,success,64,90.812066303986526,90.105108161532598,false,false,32.008697544458371,43.624391272568353,,,
2024-05-30T00:00:00,EURGBP,63,0.66338534870085009,0.21759101290695049,success,64,90.812066277405222,90.133649044441228,false,false,13.70823381313788,19.371671046474095,,,
2024-05-31T00:00:00,EURGBP,63,0.68909922805561785,0.066778210135406413,success,64,90.812066213996303,90.016154735851174,false,false,4.2070272385306042,8.91096201882457,,,
2024-06-03T00:00:00,EURGBP,63,0.76709173932620756,0.055827523193588635,success,64,90.812066226085463,89.620104468902966,false,false,3.5171339611960839,3.4989678347177713,,,
2024-06-04T00:00:00,EURGBP,63,0.96539864849761703,0.69823247657830734,success,64,90.812065986770776,87.483417605549022,false,false,43.988646024433365,90.999025809058764,,,
2024-06-05T00:00:00,EURGBP,63,0.90315836786668258,0.58223185580765879,success,64,90.812066349983468,88.579245418091162,false,false,36.680606915882507,20.063070111547692,,,
2024-06-06T00:00:00,EURGBP,63,0.88811864108003891,0.66652079079211035,success,64,90.81206625216798,88.740399927768024,false,false,41.99080981990295,80.032316974595048,,,
2024-06-07T00:00:00,EURGBP,63,0.77511792946981017,0.55125232085529685,success,64,90.8120662520205,89.574627201008397,false,false,34.728896213883701,13.925228998164558,,,
2024-06-10T00:00:00,EURGBP,63,0.69494968574262062,0.6306955175567367,success,64,90.812066255962947,89.988703535414217,false,false,39.73381760607441,15.307299117283749,,,
2024-06-11T00:00:00,EURGBP,63,0.87982207346211494,0.52289228397908738,success,64,90.472347823772523,88.481601491776317,false,false,32.942213890682503,22.391638944055007,,,
2024-06-12T00:00:00,EURGBP,63,0.65029406104133125,0.60138461581723002,success,64,90.633731567012362,90.013399531758708,false,false,37.88723079648549,14.76482519580942,,,
2024-06-13T00:00:00,EURGBP,63,0.74963784912201015,0.49036456198166395,success,64,90.618205567816318,89.521523818901812,false,false,30.892967404844828,16.467929030980219,,,
2024-06-14T00:00:00,EURGBP,63,0.57415992006954986,0.40830274863670662,success,64,90.812066257377239,90.51322217003343,false,false,25.723073164112517,15.560964338094681,,,
2024-06-17T00:00:00,EURGBP,63,0.6236415173520985,0.39675129099549744,success,64,90.81206622712935,90.307032615745896,false,false,24.99533133271634,64.91252962136042,,,
2024-06-18T00:00:00,EURGBP,63,0.66145406051808042,0.44421410519273236,success,64,90.812066311425312,90.142285575731677,false,false,27.985488627142139,21.514782293826794,,,
2024-06-19T00:00:00,EURGBP,63,0.62926838002450292,0.52363354668378026,success,64,90.812066286035176,90.282986847568779,false,false,32.988913441078154,21.227583261461916,,,
2024-06-20T00:00:00,EURGBP,63,0.62300528511836428,0.41260798365303936,success,64,90.812066269113672,90.309742435494286,false,false,25.994302970141479,43.474917061083239,,,
2024-06-21T00:00:00,EURGBP,63,0.67832826742376495,0.4917146726687972,success,64,90.812066282736666,90.065966503215847,false,false,30.978024378134222,15.011574165127628,,,
2024-06-24T00:00:00,EURGBP,63,0.71353124808542456,0.47585087508386165,success,64,90.81206629450179,89.89946952489467,false,false,29.978605130283285,18.181277235572118,,,
2024-06-25T00:00:00,EURGBP,63,0.73074278696302353,0.4600338304798457,success,64,90.812066266699759,89.813671838532869,false,false,28.98213132023028,23.318113509336651,,,
2024-06-26T00:00:00,EURGBP,63,0.70459218571530124,0.44402107979600419,success,64,90.812066328489436,89.942803976007269,false,false,27.973328027148263,13.980081979476301,,,
2024-06-27T00:00:00,EURGBP,63,0.73467324733051964,0.33324518838387562,success,64,90.81206632636686,89.793602582827617,false,false,20.994446868184163,80.476864637582196,,,
2024-06-28T00:00:00,EURGBP,63,0.75058869636937942,0.24993376420400668,success,64,90.812066509445202,89.710312037834868,false,false,15.74582714485242,14.717731000792574,,,
2024-07-01T00:00:00,EURGBP,63,0.77746959989746334,0.23355515432608345,success,64,90.81206631873448,89.561085497203479,false,false,14.713974722543258,17.193217191813094,,,
2024-07-02T00:00:00,EURGBP,63,0.81597374092625452,0.21691425281507087,success,64,90.812066432655641,89.322762718230621,false,false,13.665597927349465,17.564204024460128,,,
2024-07-03T00:00:00,EURGBP,63,0.85938568410508298,0.20160986150568033,success,64,90.812066228427298,89.001869209450462,false,false,12.701421274857861,16.642049398679081,,,
2024-07-04T00:00:00,EURGBP,63,0.90332978843420975,0.19046410328057342,success,64,90.812066890912917,88.577284494967827,false,false,11.999238506676125,1121.3219113443433,,,
2024-07-05T00:00:00,EURGBP,63,0.93061290999743296,0.1744754938800521,success,64,90.81206622178162,88.215923636890366,false,false,10.991956114443282,117.06030393136727,,,
2024-07-08T00:00:00,EURGBP,63,0.71777075775982035,0.49160350325348307,success,64,90.812066300661144,89.878635717925704,false,false,30.971020704969433,14.960255663380975,,,
2024-07-09T00:00:00,EURGBP,63,0.75624856950717212,0.47570499950151529,success,64,90.812066460450339,89.679845321217101,false,false,29.969414968595462,15.915919077075161,,,
2024-07-10T00:00:00,EURGBP,63,0.9393439230087649,0.291424376047693,success,64,90.812066232375543,88.072104383123587,false,false,18.359735691004659,0.24244593913112242,,,
2024-07-11T00:00:00,EURGBP,63,0.97307077801504649,0.10223978987347429,success,64,90.812066338417594,87.224821532960135,false,false,6.4411067620288804,8.6785758648640847,,,
2024-07-12T00:00:00,EURGBP,63,0.98294204487234571,0.083980029922856678,success,64,90.812066283975639,86.758132794288656,false,false,5.2907418851399708,6.3296199998837084,,,
2024-07-15T00:00:00,EURGBP,63,0.99044085061195841,0.067326180549499348,success,64,90.812066249051043,86.171414848350622,false,false,4.2415493746184589,4.4386010243426943,,,
2024-07-16T00:00:00,EURGBP,63,0.99088570762066852,0.051965968993122474,success,64,90.812066802663864,86.123311377907214,false,false,3.2738560465667157,1.7309694171996859,,,
2024-07-17T00:00:00,EURGBP,63,0.99611144143081976,1.4522483913179544e-07,success,64,90.731805148187419,85.185984549067157,false,false,9.1491648653031128e-06,0.77661269979229608,,,
2024-07-18T00:00:00,EURGBP,63,0.64417541678520929,0.49212179434187275,success,64,90.812066394198894,90.218533184507763,false,false,31.003673043537983,90.0051614983485,,,
2024-07-19T00:00:00,EURGBP,63,0.71816139936348522,0.34134200848524854,success,64,90.281431569829195,89.346071804764378,false,false,21.504546534570657,32.559464681342725,,,
2024-07-22T00:00:00,EURGBP,63,0.69106477001151656,0.46035381194667319,success,64,90.812066567710701,90.006964657838239,false,false,29.002290152640409,176.69247071969716,,,
2024-07-23T00:00:00,EURGBP,63,0.66668080901496229,0.44450590779105587,success,64,90.812066224848138,90.118855403045814,false,false,28.003872190836521,95.693570409539461,,,
2024-07-24T00:00:00,EURGBP,63,0.63744338843894244,0.42857664689974367,success,64,90.812066227989305,90.247781389273712,false,false,27.000328754683853,987.28225604630757,,,
2024-07-25T00:00:00,EURGBP,63,0.75403168396814169,0.41858802035668657,success,64,90.812066785466058,89.691835128181964,false,false,26.371045282471254,21.286969149517788,,,
2024-07-26T00:00:00,EURGBP,63,0.57358447677867075,0.53907656379210322,success,64,90.812066314825131,90.515575366196899,false,false,33.961823518902506,11.974068992689494,,,
2024-07-29T00:00:00,EURGBP,63,0.69184800969088156,0.57893647399734183,success,64,90.812066226721441,90.003293070687434,false,false,36.472997861832532,0.74998395653365812,,,
2024-07-30T00:00:00,EURGBP,63,0.87158567208176363,0.93665877868303415,success,64,90.812066412983654,88.897014221866485,false,false,59.009503057031154,122.44318586329085,,,
2024-07-31T00:00:00,EURGBP,63,0.58857312685421981,0.49222198356470154,success,64,90.812066221714076,90.453996339293539,false,false,31.009984964576198,12.347700944917948,,,
2024-08-01T00:00:00,EURGBP,63,0.98773464961547508,0.90976220705449551,success,64,90.812066241070241,86.423430397798057,false,false,57.315019044433214,22.726712961561507,,,
2024-08-02T00:00:00,EURGBP,63,0.99735514109993628,0.9999011344720532,success,64,90.357681767452775,84.425192569165105,false,false,62.99377147173935,0.27269987330392803,,,
2024-08-05T00:00:00,EURGBP,63,0.99984816512353147,0.88083518726770482,success,64,88.453190201333712,79.660625081102992,false,false,55.492616797865402,32.572715759200335,,,
2024-08-06T00:00:00,EURGBP,63,0.99993494831812491,0.95231456081927712,success,64,86.438662855236174,76.798399410806539,false,false,59.995817331614461,3950.5164211279189,,,
2024-08-07T00:00:00,EURGBP,63,0.99974703263350562,0.84915325355385696,success,64,87.427439791813015,79.145442727436858,false,false,53.496654973892987,33.267996262903033,,,
2024-08-08T00:00:00,EURGBP,63,0.99996679270598521,0.833688963112309,success,64,88.262273140748761,77.94956534166036,false,false,52.522404676075467,34.142079958072955,,,
2024-08-09T00:00:00,EURGBP,63,0.99992093988948394,0.81761030444201466,success,64,88.147681679997206,78.702458641013578,false,false,51.509449179846925,31.95344122689874,,,
2024-08-12T00:00:00,EURGBP,63,0.99986558716290574,0.80132331302576187,success,64,88.270868764103113,79.356408565633018,false,false,50.483368720622998,34.194755087668817,,,
2024-08-13T00:00:00,EURGBP,63,0.99979246543007805,0.86985547096443139,success,64,88.39972798207782,79.919722908049266,false,false,54.800894670759178,96.179534261393357,,,
2024-08-14T00:00:00,EURGBP,63,0.99978540889771583,0.77010214217314243,success,64,88.940228902404243,80.493667326044559,false,false,48.516434956907972,32.300919518121262,,,
2024-08-15T00:00:00,EURGBP,63,0.9999411379956723,0.75383245054840875,success,64,89.976277489097498,80.236021589553104,false,false,47.491444384549752,32.55508858218041,,,
2024-08-16T00:00:00,EURGBP,63,0.99989610569394971,0.82074810005873866,success,64,89.850230055838125,80.678197491968533,false,false,51.707130303700538,70.4734390826533,,,
2024-08-19T00:00:00,EURGBP,63,0.99984545803644309,0.72154886557269593,success,64,90.06561428976832,81.290723953951513,false,false,45.457578531079847,59.981865468488103,,,
2024-08-20T00:00:00,EURGBP,63,0.99988100545338543,0.70680981587380642,success,64,89.953052888250156,80.916738997206849,false,false,44.529018400049807,33.151987581768097,,,
2024-08-21T00:00:00,EURGBP,63,0.99985402997375772,0.69047360022740245,success,64,90.012891278109251,81.180928001746835,false,false,43.499836814326358,29.210406066037539,,,
2024-08-22T00:00:00,EURGBP,63,0.99979266391335908,0.75346503219969396,success,64,89.84164801145738,81.36068589467834,false,false,47.468297028580722,23.194125915159518,,,
2024-08-23T00:00:00,EURGBP,63,0.99979593278366563,0.65494583557743513,success,64,89.610970158864816,81.114113120349828,false,false,41.261587641378412,68.556947743199615,,,
2024-08-26T00:00:00,EURGBP,63,0.99946518757645086,0.72184216448651939,success,64,89.594645736975167,82.061586209726968,false,false,45.476056362650723,27.417916445205428,,,
2024-08-27T00:00:00,EURGBP,63,0.99937615314146222,0.70804027539633585,success,64,89.507112223216666,82.128130626023534,false,false,44.606537349969159,49.02954367992978,,,
2024-08-28T00:00:00,EURGBP,63,0.99888024817601306,0.6901837659675355,success,64,89.52475073927161,82.731222914531159,false,false,43.48157725595474,31.703123295061864,,,
2024-08-29T00:00:00,EURGBP,63,0.99879669676831828,0.59510410873074937,success,64,89.460911882676655,82.739431099617747,false,false,37.491558850037208,29.620336422860639,,,
2024-08-30T00:00:00,EURGBP,63,0.99783160559477013,0.57911158799500928,success,64,89.511019704494572,83.379422162552117,false,false,36.484030043685586,33.083184009646679,,,
2024-09-02T00:00:00,EURGBP,63,0.99643583801183611,0.56308146192709585,success,64,89.465321476814765,83.832065686378868,false,false,35.474132101407037,32.013660053972913,,,
2024-09-03T00:00:00,EURGBP,63,0.99516882097893589,0.54732588730699094,success,64,89.385309789790469,84.057487939314527,false,false,34.481530900340431,33.596196245496557,,,
2024-09-04T00:00:00,EURGBP,63,0.99341192589241212,0.53144740636407384,success,64,89.091286528936863,84.075402182336461,false,false,33.481186600936653,26.746230296419895,,,
2024-09-05T00:00:00,EURGBP,63,0.99374130084873535,0.51580950282077997,success,64,89.398917203217835,84.331412651356075,false,false,32.495998677709139,33.680778228600069,,,
2024-09-06T00:00:00,EURGBP,63,0.99784394730989356,0.50005514683120678,success,64,89.624335704792927,83.48701789770179,false,false,31.503474250366025,33.787261732029279,,,
2024-09-09T00:00:00,EURGBP,63,0.99807609706576872,0.48382393587271683,success,64,89.548881976768726,83.297408354786413,false,false,30.48090795998116,30.381189448126804,,,
2024-09-10T00:00:00,EURGBP,63,0.99529039739099123,0.54707274741451806,success,64,89.334067388870352,83.980636370327758,false,false,34.465583087114638,31.900155741749064,,,
2024-09-11T00:00:00,EURGBP,63,0.99929975355647505,0.45254317606818845,success,64,88.992200525853846,81.728822794882774,false,false,28.510220092295871,33.94132062625264,,,
2024-09-12T00:00:00,EURGBP,63,0.99706670435455957,0.26201875507316374,success,64,89.183596322329876,83.354905234124473,false,false,16.507181569609315,28.56797031860469,,,
2024-09-13T00:00:00,EURGBP,63,0.99938127701274759,0.41993319524684103,success,64,89.188486888968683,81.801252901443775,false,false,26.455791300550985,33.097999841885844,,,
2024-09-16T00:00:00,EURGBP,63,0.99890096970997777,0.40452478092216315,success,64,89.216252683489898,82.404025275655897,false,false,25.485061198096279,32.321373348760723,,,
2024-09-17T00:00:00,EURGBP,63,0.91266869467643608,0.57143387845329874,success,64,89.412027438633132,87.06536349272217,false,false,36.000334342557821,89.007721170916838,,,
2024-09-18T00:00:00,EURGBP,63,0.93249630858334132,0.75931314209588308,success,64,89.739544938568386,87.113862029719385,false,false,47.836727952040633,15.848609689451949,,,
2024-09-19T00:00:00,EURGBP,63,0.94180294189988301,0.74335665826739494,success,64,89.64779134759533,86.863830091443418,false,false,46.831469470845882,16.293175973132858,,,
2024-09-20T00:00:00,EURGBP,63,0.92497049106001683,0.72749830911986435,success,64,89.47765621524961,86.965775868490056,false,false,45.832393474551452,17.298670773385187,,,
2024-09-23T00:00:00,EURGBP,63,0.87329573323256382,0.62127451421754887,success,64,88.786202323106011,86.855783832400306,false,false,39.140294395705581,7.4720985458144735,,,
2024-09-24T00:00:00,EURGBP,63,0.71868257031980265,0.68009493106299457,success,64,89.398264985808112,88.460328888061937,false,false,42.845980656968656,0.51337971407562855,,,
2024-09-25T00:00:00,EURGBP,63,0.9241186620672166,0.47616245626452136,success,64,89.507201227928093,87.007531519511602,false,false,29.998234744664845,28.425656266190295,,,
2024-09-26T00:00:00,EURGBP,63,0.94235978799631637,0.4601583945307603,success,64,89.801928872507915,87.007762179494023,false,false,28.989978855437897,11.063903967189407,,,
2024-09-27T00:00:00,EURGBP,63,0.85347509173747205,0.44334661607092518,success,64,89.777214993775033,88.015094071911392,false,false,27.930836812468286,14.97254271660354,,,
2024-09-30T00:00:00,EURGBP,63,0.83510873327988155,0.50820338964328737,success,64,89.84016267531787,88.217887006544444,false,false,32.016813547527107,16.026625289231859,,,
2024-10-01T00:00:00,EURGBP,63,0.8445008422229594,0.59113589138513434,success,64,89.882932188536799,88.190826770365561,false,false,37.241561157263462,0.61405726330550714,,,
2024-10-02T00:00:00,EURGBP,63,0.89958542191137736,0.47635429828880638,success,64,89.843681157742054,87.651054539669701,false,false,30.010320792194801,9.6176146856329918,,,
2024-10-03T00:00:00,EURGBP,63,0.84922767270658583,0.34213751159819539,success,64,90.077504587306478,88.34894820393572,false,false,21.554663230686309,25.588204007925761,,,
2024-10-04T00:00:00,EURGBP,63,0.80224934938175019,0.36402628153220085,success,64,90.651318693884605,89.250906121634145,false,false,22.933655736528653,15.239541478760009,,,
2024-10-07T00:00:00,EURGBP,63,0.90869041875306611,0.3096014810109215,success,64,90.601582884167371,88.303834145985689,false,false,19.504893303688053,22.521250991809723,,,
2024-10-08T00:00:00,EURGBP,63,0.98938042083716504,0.67598042935556724,success,64,90.812066300082847,86.277686778587423,false,false,42.586767049400734,0.21913835401412507,,,
2024-10-09T00:00:00,EURGBP,63,0.80731503611819766,0.39714383163556005,success,64,90.812066340720065,89.379408913039398,false,false,25.020061393040283,14.276079304843057,,,
2024-10-10T00:00:00,EURGBP,63,0.9840712614446171,0.61902068662459642,success,64,90.812066262808244,86.688492882266914,false,false,38.998303257349576,0.23086779946419078,,,
2024-10-11T00:00:00,EURGBP,63,0.84477212125638612,0.36512173401002473,success,64,90.812066354167186,89.117893664863828,false,false,23.002669242631558,82.513811047803486,,,
2024-10-14T00:00:00,EURGBP,63,0.86932208316809423,0.34921792257645939,success,64,90.812066377340983,88.917088329806759,false,false,22.00072912231694,202.34406525109955,,,
2024-10-15T00:00:00,EURGBP,63,0.97164398757749559,0.25373134524445756,success,64,90.811898482144969,87.277748098784926,false,false,15.985074750400825,14.721859152568994,,,
2024-10-16T00:00:00,EURGBP,63,0.7773318729179518,0.31725180086867527,success,64,90.81206626448531,89.561881328034033,false,false,19.986863454726542,42.61553415636277,,,
2024-10-17T00:00:00,EURGBP,63,0.79507798623378156,0.3013306142981475,success,64,90.812066274854857,89.456255555227585,false,false,18.983828700783292,36.068134880029909,,,
2024-10-18T00:00:00,EURGBP,63,0.83655205538906352,0.28555123278760408,success,64,90.812066365322622,89.17927217489769,false,false,17.989727665619057,63.572571247453425,,,
2024-10-21T00:00:00,EURGBP,63,0.87207837730304072,0.2695860258386098,success,64,90.812066374270799,88.892604825866243,false,false,16.983919627832417,44.872355458961053,,,
2024-10-22T00:00:00,EURGBP,63,0.90287546382222184,0.25374825286821429,success,64,90.812066255451541,88.582475658521716,false,false,15.986139930697501,57.209377334010306,,,
2024-10-23T00:00:00,EURGBP,63,0.95193039746528463,0.40837931930392768,success,64,90.812066285563574,87.826224378754333,false,false,25.727897116147442,0.19821343050816909,,,
2024-10-24T00:00:00,EURGBP,63,0.9864462273417115,0.39181261068300982,success,64,90.812066279028144,86.524622397113092,false,false,24.684194473029617,0.21426069433869052,,,
2024-10-25T00:00:00,EURGBP,63,0.98849821904240431,0.37080259407499744,success,64,90.81206624830854,86.35838129663297,false,false,23.360563426724838,0.21605288399588193,,,
2024-10-28T00:00:00,EURGBP,63,0.96985876301552354,0.30880029810388543,success,64,90.812066290603354,87.340810068492061,false,false,19.454418780544781,0.18696954927098916,,,
2024-10-29T00:00:00,EURGBP,63,0.9705576258765729,0.050040270438507929,success,64,90.81206648041082,87.316630635439992,false,false,3.1525370376259993,7.4002775626475517,,,
2024-10-30T00:00:00,EURGBP,63,0.95738885265571927,0.32670566092496611,success,64,90.812067585452311,87.699973845705557,false,false,20.582456638272866,0.17819310927408608,,,
2024-10-31T00:00:00,EURGBP,63,0.90328635463911067,0.66676601776014044,success,64,90.812066284491507,88.57778116932397,false,false,42.006259118888849,114.30430862223662,,,
2024-11-01T00:00:00,EURGBP,63,0.98215599726785152,0.41106165618099544,success,64,90.812069252129504,86.803986570082202,false,false,25.896884339402714,0.18851438259584286,,,
2024-11-04T00:00:00,EURGBP,63,0.98779621411457552,0.40628488261547241,success,64,90.812066238114781,86.418336044737089,false,false,25.595947604774761,0.21264647776544424,,,
2024-11-05T00:00:00,EURGBP,63,0.98283878037281147,0.38121470945666475,success,64,90.812066939171231,86.764274005613572,false,false,24.01652669576988,0.20813386195630751,,,
2024-11-06T00:00:00,EURGBP,63,0.99080720197238314,0.9093776602978898,success,64,90.812068473747573,86.131968861716899,false,false,57.290792598767055,21.165066296039708,,,
2024-11-07T00:00:00,EURGBP,63,0.98269340601859878,0.58735436691727005,success,64,90.812066850092691,86.772857258689271,false,false,37.003325115788016,293.14618345662535,,,
2024-11-08T00:00:00,EURGBP,63,0.98382506319665441,0.33747707576452907,success,64,90.812066971354781,86.704081804733576,false,false,21.261055773165332,0.21232659817370311,,,
2024-11-11T00:00:00,EURGBP,63,0.96348322876078341,0.55961159587612552,success,64,90.812066257739417,87.539282817678867,false,false,35.255530540195906,19.848690459733323,,,
2024-11-12T00:00:00,EURGBP,63,0.99307814954432183,0.35354514460368891,success,64,90.812066367724881,85.845940147101629,false,false,22.273344110032401,0.71837395192835907,,,
2024-11-13T00:00:00,EURGBP,63,0.99898721941905255,0.34496739674709015,success,64,90.812066252170098,83.918023865571612,false,false,21.732945995066679,5.9497173573106341,,,
2024-11-14T00:00:00,EURGBP,63,0.99843806547152969,0.32849432399506584,success,64,90.812066994428861,84.351800006413796,false,false,20.695142411689147,5.2704827811347945,,,
2024-11-15T00:00:00,EURGBP,63,0.99855247955827731,0.31295816891820594,success,64,90.812066249010158,84.275611591593091,false,false,19.716364641846972,5.0926394515444304,,,
2024-11-18T00:00:00,EURGBP,63,0.97552567845561133,0.78225020476782059,success,64,90.812066240312845,87.126714224898265,false,false,49.281762900372698,18.83982013965451,,,
2024-11-19T00:00:00,EURGBP,63,0.96204714719142281,0.76554496889767298,success,64,90.812066279462186,87.579347494280753,false,false,48.229333040553399,20.856563388971942,,,
2024-11-20T00:00:00,EURGBP,63,0.95769676989809893,0.74787929988420276,success,64,90.812066254903286,87.692398496035366,false,false,47.116395892704773,18.501298146643336,,,
2024-11-21T00:00:00,EURGBP,63,0.94078172125459891,0.73207874820977759,success,64,90.812066270009694,88.046585378816474,false,false,46.120961137215986,17.095224925330939,,,
2024-11-22T00:00:00,EURGBP,63,0.9130566549295871,0.71439875382955131,success,64,90.812067951852214,88.460526720030984,false,false,45.007121491261735,12.760330417853217,,,
2024-11-25T00:00:00,EURGBP,63,0.93054101575736703,0.69930559713796403,success,64,90.812067046241509,88.217037315442894,false,false,44.056252619691733,16.864906508502017,,,
2024-11-26T00:00:00,EURGBP,63,0.99837112777033588,0.19255846632037688,success,64,90.812066241903253,84.393829054920559,false,false,12.131183378183744,1.7821218410510182,,,
2024-11-27T00:00:00,EURGBP,63,0.99894789533771144,0.12925651517886685,success,64,90.812066309336359,83.956156287101365,false,false,8.1431604562686122,0.27513879553854953,,,
2024-11-28T00:00:00,EURGBP,63,0.99560192676801951,0.11960733489215711,success,64,90.812066327217053,85.389885364636797,false,false,7.535262098205898,0.30583792884916511,,,
2024-11-29T00:00:00,EURGBP,63,0.80419684371269085,0.63590329666079592,success,64,90.812066538589605,89.399332318810409,false,false,40.061907689630146,14.91322004825428,,,
2024-12-02T00:00:00,EURGBP,63,0.75632379725348686,0.6194648116294823,success,64,90.812066257478733,89.67943697582399,false,false,39.026283132657383,47.608823949160275,,,
2024-12-03T00:00:00,EURGBP,63,0.71198578587315031,0.60389361926169116,success,64,90.812066453505039,89.90701833947881,false,false,38.045298013486544,21.656433647789108,,,
2024-12-04T00:00:00,EURGBP,63,0.67361279876694913,0.58779241660375681,success,64,90.812066263711856,90.087495210832088,false,false,37.030922246036681,26.488689870677586,,,
2024-12-05T00:00:00,EURGBP,63,0.65490132010961077,0.57182307162475143,success,64,90.812066569866261,90.171412406702771,false,false,36.024853512359343,13.916172663947693,,,
2024-12-06T00:00:00,EURGBP,63,0.61286779565808192,0.55471687188666907,success,64,90.812069212674558,90.352686215746061,false,false,34.947162928860152,11.686931155491909,,,
2024-12-09T00:00:00,EURGBP,63,0.62980079508078235,0.52420532378904405,success,64,90.812066218058845,90.280703899389991,false,false,33.024935398709772,10.06893467179215,,,
2024-12-10T00:00:00,EURGBP,63,0.62740683041669743,0.50804936651938337,success,64,90.812066290449565,90.290958234122698,false,false,32.007110090721156,35.337128725913686,,,
2024-12-11T00:00:00,EURGBP,63,0.74774045368493536,0.30219744803211601,success,64,90.812066887612815,89.725469460080461,false,false,19.038439226023307,0.81119342365735903,,,
2024-12-12T00:00:00,EURGBP,63,0.76103279650109501,0.28417202975354666,success,64,90.812066265061631,89.653716130205197,false,false,17.902837874473441,0.80414531434470538,,,
2024-12-13T00:00:00,EURGBP,63,0.65742340660314313,0.44021440753285523,success,64,90.812066274495876,90.160233272144524,false,false,27.733507674569879,1.2596657569316525,,,
2024-12-16T00:00:00,EURGBP,63,0.74790616455855941,0.6822067466129399,success,64,90.812066255955102,89.724590115365501,false,false,42.979025036615212,24.451144562668453,,,
2024-12-17T00:00:00,EURGBP,63,0.64286269833550425,0.55058718571094967,success,64,90.812066247540685,90.22425538536028,false,false,34.686992699789826,21.093300211990162,,,
2024-12-18T00:00:00,EURGBP,63,0.75574689321245536,0.65021667962864282,success,64,90.812066239676412,89.682564727437395,false,false,40.963650816604499,14.159726323190741,,,
2024-12-19T00:00:00,EURGBP,63,0.64150535390247865,0.52380567228711883,success,64,90.81206636515472,90.230162560973056,false,false,32.999757354088487,1151.6820466320851,,,
2024-12-20T00:00:00,EURGBP,63,0.8832674999460518,0.7926768455256874,success,64,90.812066511672697,88.788323405343348,false,false,49.938641268118303,0.26653587934066786,,,
2024-12-23T00:00:00,EURGBP,63,0.86962151778578733,0.75929505130863739,success,64,90.812066213721693,88.914449755938563,false,false,47.835588232444152,0.26557333617225476,,,
2024-12-24T00:00:00,EURGBP,63,0.67764761419969299,0.53962710653165258,success,64,90.81206636990845,90.069084273151702,false,false,33.996507711494111,140.55722243467491,,,
2024-12-26T00:00:00,EURGBP,63,0.60790860890341292,0.45502558639036228,success,64,90.812066370232898,90.373536767038601,false,false,28.666611942592823,20.410544955727616,,,
2024-12-27T00:00:00,EURGBP,63,0.87444271027860876,0.70206267623502627,success,64,90.812066318535159,88.871241683839926,false,false,44.229948602806658,0.2571973844654461,,,
2024-12-30T00:00:00,EURGBP,63,0.86788211627374456,0.67411618804278262,success,64,90.812066820739886,88.929705508626284,false,false,42.469319846695306,0.25794173503621043,,,
2024-12-31T00:00:00,EURGBP,63,0.76183520129760673,0.49078094601201333,success,64,90.812067770723132,89.649300375263508,false,false,30.91919959875684,5.9009348631916865,,,
2025-01-02T00:00:00,EURGBP,63,0.77336191011012834,0.46077889058772586,success,64,90.812066253699527,89.584673553200176,false,false,29.02907010702673,10.098304242941122,,,
2025-01-03T00:00:00,EURGBP,63,0.84025845020067624,0.63819513890341106,success,64,90.812066268593725,89.151913940723176,false,false,40.206293750914895,0.31940294629947225,,,
2025-01-06T00:00:00,EURGBP,63,0.82582679664396785,0.62105263195804006,success,64,90.812066436132142,89.255731599589438,false,false,39.126315813356527,0.33437255340370153,,,
2025-01-07T00:00:00,EURGBP,63,0.72641082922558087,0.48397273210655356,success,64,90.812066295890574,89.835578165101964,false,false,30.490282122712873,0.65620212161492686,,,
2025-01-08T00:00:00,EURGBP,63,0.84728590019749306,0.59589220579713487,success,64,90.812066239925684,89.098595602307853,false,false,37.541208965219496,0.30474548950166547,,,
2025-01-09T00:00:00,EURGBP,63,0.58448099684783394,0.31296310875639222,success,64,90.812068258279041,90.470872338578715,false,false,19.71667585165271,14.258246362514384,,,
2025-01-10T00:00:00,EURGBP,63,0.84208544121410889,0.5484732575776432,success,64,90.812066343791628,89.13823898015319,false,false,34.553815227391524,0.2846199292644791,,,
2025-01-13T00:00:00,EURGBP,63,0.84858538424747931,0.51909288748411897,success,64,90.812068237548345,89.088519401978246,false,false,32.702851911499494,0.27394190063542523,,,
2025-01-14T00:00:00,EURGBP,63,0.84749718859793066,0.50189476019578116,success,64,90.812066266803228,89.096961776143644,false,false,31.619369892334216,0.25870250781510445,,,
2025-01-15T00:00:00,EURGBP,63,0.85430864767111847,0.4844445827728015,success,64,90.812066203232646,89.043264019461901,false,false,30.520008714686494,0.25126710273835395,,,
2025-01-16T00:00:00,EURGBP,63,0.85446398774963972,0.46483298660805616,success,64,90.812066403517861,89.042015608949228,false,false,29.284478156307539,0.25339130645598362,,,
2025-01-17T00:00:00,EURGBP,63,0.83621041900074577,0.45022009147387498,success,64,90.812068063593941,89.181770346143125,false,false,28.363865762854125,0.26378494630207744,,,
2025-01-20T00:00:00,EURGBP,63,0.848551930907399,0.41570554154460709,success,64,90.812066592489259,89.088778094417876,false,false,26.189449117310247,0.25044109933681441,,,
2025-01-21T00:00:00,EURGBP,63,0.81696759966087529,0.26913264554207966,success,64,90.81206630876207,89.316130060589487,false,false,16.955356669151019,13.101144629091023,,,
2025-01-22T00:00:00,EURGBP,63,0.81967106881870855,0.16942404068325326,success,64,90.812066266139254,89.297945720630395,false,false,10.673714563044955,20.536630704725727,,,
2025-01-23T00:00:00,EURGBP,63,0.85099218743565597,0.22199110476853215,success,64,90.81206626488617,89.0696620546952,false,false,13.985439600417525,12.033415105673882,,,
2025-01-24T00:00:00,EURGBP,63,0.88382563698251038,0.2054883284439287,success,64,90.812066211391439,88.782898603440429,false,false,12.945764691967508,18.598629647267757,,,
2025-01-27T00:00:00,EURGBP,63,0.92640624849445719,0.07906015404375151,success,64,90.812066227330504,88.279313499722178,false,false,4.9807897047563454,61.224322413108574,,,
2025-01-28T00:00:00,EURGBP,63,0.95564783305776158,0.054675536406999722,success,64,90.812066289431257,87.741838387299254,false,false,3.4445587936409825,10.30698915372164,,,
2025-01-29T00:00:00,EURGBP,63,0.95412066277271002,0.16311141537701712,success,64,90.810403377973046,87.775628079998739,false,false,10.276019168752079,2.3689055741448133,,,
2025-01-30T00:00:00,EURGBP,63,0.77533159059223267,0.65078925656012143,success,64,90.81206628545354,89.573401067998972,false,false,40.999723163287648,1859.0510054743197,,,
2025-01-31T00:00:00,EURGBP,63,0.73959224377635635,0.55553568061541969,success,64,90.812066206082079,89.768215889371987,false,false,34.998747878771439,356.57676756795905,,,
2025-02-03T00:00:00,EURGBP,63,0.65506260325987786,0.55372316603286975,success,64,90.804404632594725,90.163036765872164,false,false,34.884559460070797,2.3345674489196249,,,
2025-02-04T00:00:00,EURGBP,63,0.67722377311295257,0.5238068211613226,success,64,90.811917009746736,90.070874542206923,false,false,32.999829733163324,737.2261994505717,,,
2025-02-05T00:00:00,EURGBP,63,0.80257573343075916,0.81272618700171118,success,64,90.812066348356211,89.409595176320977,false,false,51.201749781107807,0.9246051662916821,,,
2025-02-06T00:00:00,EURGBP,63,0.65496774861690055,0.61268377386119055,success,64,90.81206633810848,90.171118237370337,false,false,38.599077753255003,1.0207920961541757,,,
2025-02-07T00:00:00,EURGBP,63,0.64265852540948443,0.47610378179966617,success,64,90.812066301593376,90.225144619174614,false,false,29.99453825337897,49.349402463121891,,,
2025-02-10T00:00:00,EURGBP,63,0.66445424452470436,0.46028961564717047,success,64,90.812066576627345,90.128858884911992,false,false,28.99824578577174,176.44832507346453,,,
2025-02-11T00:00:00,EURGBP,63,0.67542055796609168,0.52345335931347159,success,64,90.812066232323374,90.079261006472521,false,false,32.97756163674871,14.015754019109451,,,
2025-02-12T00:00:00,EURGBP,63,0.6992180569175066,0.96771219994487412,success,64,90.812066237690075,89.968489149199229,false,false,60.965868596527066,32.685326540600592,,,
2025-02-13T00:00:00,EURGBP,63,0.76079894921811786,0.68228642547487828,success,64,90.81206624201215,89.65500152690349,false,false,42.984044804917332,34.036996554691456,,,
2025-02-14T00:00:00,EURGBP,63,0.80373432927965993,0.66642682992076296,success,64,90.812066272600134,89.402266698525466,false,false,41.984890285008063,40.070206381699087,,,
2025-02-17T00:00:00,EURGBP,63,0.63218864764870708,0.46002673306750569,success,64,90.81206644901502,90.270448783542662,false,false,28.98168418325286,12.240820978921594,,,
2025-02-18T00:00:00,EURGBP,63,0.64553017500869569,0.44410516264813232,success,64,90.81206636303574,90.212617629557769,false,false,27.978625246832337,12.009424538312487,,,
2025-02-19T00:00:00,EURGBP,63,0.67756514120771461,0.42822430917688808,success,64,90.812066242244015,90.069461672320614,false,false,26.978131478143951,14.637323708934568,,,
2025-02-20T00:00:00,EURGBP,63,0.69918422538190805,0.4122473669307325,success,64,90.812066273132018,89.968650042912884,false,false,25.971584116636148,12.623639767424681,,,
2025-02-21T00:00:00,EURGBP,63,0.88544397872859293,0.58214179166478819,success,64,90.812066369709228,88.76704115170358,false,false,36.674932874881655,19.585944940735189,,,
2025-02-24T00:00:00,EURGBP,63,0.91683311538682255,0.57135071366286416,success,64,90.812066342053726,88.411990123242319,false,false,35.99509496076044,158.05330120379983,,,
2025-02-25T00:00:00,EURGBP,63,0.91421621298782763,0.54998540677888885,success,64,90.812066229452824,88.445829155170529,false,false,34.649080627069999,21.558721507164307,,,
2025-02-26T00:00:00,EURGBP,63,0.7305242164145217,0.26520603978361984,success,64,90.81206632395498,89.814782472334912,false,false,16.707980506368049,21.46409404998278,,,
2025-02-27T00:00:00,EURGBP,63,0.92879143527083619,0.52364236515586304,success,64,90.812066383149968,88.243795276416904,false,false,32.98946900481937,75.342644172355989,,,
2025-02-28T00:00:00,EURGBP,63,0.94819977640863018,0.50752755295280361,success,64,90.812066380579751,87.904895631609719,false,false,31.974235836026629,32.785852688403892,,,
2025-03-03T00:00:00,EURGBP,63,0.95808035365221544,0.49183858306934247,success,64,90.812066272699624,87.682889225399606,false,false,30.985830733368577,62.026741661721246,,,
2025-03-04T00:00:00,EURGBP,63,0.90370674054254652,0.47597883125601226,success,64,90.812066424169515,88.572959839566366,false,false,29.986666369128773,53.966682855692355,,,
2025-03-05T00:00:00,EURGBP,63,0.8944760624181155,0.51012093009434578,success,64,90.74582601733384,88.608525699284641,false,false,32.137618595943785,0.47665475763613996,,,
2025-03-06T00:00:00,EURGBP,63,0.89862777068019006,0.48789861725530376,success,64,90.704949431204838,88.522879711722936,false,false,30.737612887084136,0.51523041696936733,,,
2025-03-07T00:00:00,EURGBP,63,0.92554972759469734,0.42678032391167703,success,64,90.693951143952575,88.173694700890124,false,false,26.887160406435651,15.184286729985454,,,
2025-03-10T00:00:00,EURGBP,63,0.9433431153577575,0.41078890637336479,success,64,90.672151370599693,87.85973480856758,false,false,25.879701101521981,14.958132650402185,,,
2025-03-11T00:00:00,EURGBP,63,0.97375078468896048,0.75134936073777026,success,64,90.699511976698005,87.085992669349096,false,false,47.335009726479527,0.28061792471352115,,,
2025-03-12T00:00:00,EURGBP,63,0.96140904307979036,0.74857506120465955,success,64,90.770197519694023,87.554815530466144,false,false,47.16022885589355,0.25277962101284479,,,
2025-03-13T00:00:00,EURGBP,63,0.94511541786594466,0.36473668960558459,success,64,90.684473245534491,87.838398663819348,false,false,22.978411445151828,37.212411160902576,,,
2025-03-14T00:00:00,EURGBP,63,0.9510614520753774,0.076065850503605273,success,64,90.809837853085185,87.842824561303402,false,false,4.7921485817271323,17.12710452848302,,,
2025-03-17T00:00:00,EURGBP,63,0.85662655262659582,0.33269935476835583,success,64,90.65176921040748,88.864219894270718,false,false,20.960059350406418,17.05500651828191,,,
2025-03-18T00:00:00,EURGBP,63,0.72894751577477268,0.77029708140228914,success,64,90.744178527101411,89.7548892633626,false,false,48.528716128344215,28.806862331925945,,,
2025-03-19T00:00:00,EURGBP,63,0.91474564632686073,0.6972641678915702,success,64,90.81206626578502,88.439059405649402,false,false,43.927642577168925,0.28455088803490142,,,
2025-03-20T00:00:00,EURGBP,63,0.75284890825702278,0.73783025513758715,success,64,90.550436844434373,89.436572146885794,false,false,46.48330607366799,29.127905051471799,,,
2025-03-21T00:00:00,EURGBP,63,0.80366305552099082,0.7223928089508761,success,64,90.556739313717415,89.147391505298543,false,false,45.510746963905191,26.464312374945166,,,
2025-03-24T00:00:00,EURGBP,63,0.77673998268439803,0.70614825835237283,success,64,90.511604359617721,89.264835797019828,false,false,44.48734027619949,29.085563624712648,,,
2025-03-25T00:00:00,EURGBP,63,0.76777154841813133,0.69043719582224239,success,64,90.42710466900472,89.231334035361712,false,false,43.497543336801272,24.997364221587944,,,
2025-03-26T00:00:00,EURGBP,63,0.73471736254323139,0.67442899043532445,success,64,90.423906881341338,89.405216810900399,false,false,42.489026397425441,29.052525432362653,,,
2025-03-27T00:00:00,EURGBP,63,0.72854991508258249,0.65861609957512457,success,64,90.180869661081729,89.193591793358976,false,false,41.492814273232845,30.582951294582553,,,
2025-03-28T00:00:00,EURGBP,63,0.76226831097689651,0.64283277755926183,success,64,90.246048262808671,89.080892335637486,false,false,40.498464986233493,31.027979959436873,,,
2025-03-31T00:00:00,EURGBP,63,0.72978389435688107,0.62710055556670508,success,64,90.235550776534893,89.242024351473972,false,false,39.507335000702419,29.545779352769639,,,
2025-04-01T00:00:00,EURGBP,63,0.73677947450753756,0.61060393001623003,success,64,90.231556704393796,89.20226025826247,false,false,38.46804759102249,28.449121419313823,,,
2025-04-02T00:00:00,EURGBP,63,0.71364395088448651,0.59559971173119775,success,64,90.22736345754069,89.314215251324597,false,false,37.522781839065459,27.338149178550179,,,
2025-04-03T00:00:00,EURGBP,63,0.93480963770517411,0.63624417217560258,success,64,90.631044454429684,87.968013182349225,false,false,40.083382847062964,14.026760915553051,,,
2025-04-04T00:00:00,EURGBP,63,0.98342587535430026,0.54069001314332166,success,64,89.547707216143849,85.464507672331266,false,false,34.063470828029267,0.17168059482547321,,,
2025-04-07T00:00:00,EURGBP,63,0.98285502924892243,0.60457239476040803,success,64,87.732930120828414,83.684173369371663,false,false,38.088060869905703,10.67478945892263,,,
2025-04-08T00:00:00,EURGBP,63,0.99152821824558535,0.58869532389455614,success,64,88.259634601645089,83.497128041090221,false,false,37.087805405357038,12.983560667377802,,,
2025-04-09T00:00:00,EURGBP,63,0.99578984898636791,0.51633168332582569,success,64,88.640572176607066,83.174534453551018,false,false,32.52889604952702,0.21033694429414765,,,
2025-04-10T00:00:00,EURGBP,63,0.99999246323879398,0.91184670556640124,success,64,90.088964256565362,78.293253776846441,false,false,57.446342450683275,32.935127951967196,,,
2025-04-11T00:00:00,EURGBP,63,0.99394654713191888,0.5442909428680246,success,64,89.386895389488913,84.285840791039263,false,false,34.29032940068555,3.205800962148055,,,
2025-04-14T00:00:00,EURGBP,63,0.99945582853472525,0.52951387010852591,success,64,89.568781554317937,82.053079706646457,false,false,33.359373816837135,3.2043565172597352,,,
2025-04-15T00:00:00,EURGBP,63,0.99999751249431346,0.99994593710838042,success,64,88.045600205548709,75.141372611178724,false,false,62.996594037827968,0.18727232760931156,,,
2025-04-16T00:00:00,EURGBP,63,0.99991976509921809,0.49922443065829636,success,64,89.83420444569542,80.403732717907687,false,false,31.451139131472672,3.0390168208346169,,,
2025-04-17T00:00:00,EURGBP,63,0.9999458839999571,0.48211746620364765,success,64,90.463533987739851,80.639207438773767,false,false,30.373400370829803,3.9974560855995724,,,
2025-04-18T00:00:00,EURGBP,63,0.99999994518879365,0.81222350898249429,success,64,90.465751705690778,73.746380593325071,false,false,51.170081065897143,16.352109524936974,,,
2025-04-21T00:00:00,EURGBP,63,0.99999987125179934,0.79613771181961579,success,64,90.446055065657916,74.580647921909957,false,false,50.156675844635792,17.469743822885214,,,
2025-04-22T00:00:00,EURGBP,63,0.99999984358473948,0.78004712814628219,success,64,90.547361316529106,74.876610032557423,false,false,49.142969073215781,17.233082806954606,,,
2025-04-23T00:00:00,EURGBP,63,0.9999997177035993,0.76423604766622222,success,64,90.481177832357687,75.400869863060734,false,false,48.146871002971999,17.850315381924428,,,
2025-04-24T00:00:00,EURGBP,63,0.99956367624267251,0.4016648800075871,success,64,90.522900804251933,82.786211195725343,false,false,25.304887440477987,4.5499475938651255,,,
2025-04-25T00:00:00,EURGBP,63,0.99999857395041236,0.73259410055048158,success,64,90.538877702801798,77.078276666244548,false,false,46.153428334680342,16.385824899895393,,,
2025-04-28T00:00:00,EURGBP,63,0.99999763055882174,0.71657529336850156,success,64,90.532770471797789,77.57991642091531,false,false,45.1442434822156,17.315799908651456,,,
2025-04-29T00:00:00,EURGBP,63,0.99999484411746742,0.70065436602686826,success,64,90.518261689176512,78.3428945892813,false,false,44.141225059692701,17.498178947900637,,,
2025-04-30T00:00:00,EURGBP,63,0.9999875727608547,0.68472850004059849,success,64,90.521679034455858,79.226071672460293,false,false,43.137895502557704,17.363568170373526,,,
2025-05-01T00:00:00,EURGBP,63,0.99996829175029889,0.66837662043955481,success,64,90.564701603083179,80.205799643835803,false,false,42.107727087691956,16.523133907991053,,,
2025-05-02T00:00:00,EURGBP,63,0.99998347471616778,0.63861855298891523,success,64,90.508690306966741,79.498087835947544,false,false,40.232968838301659,1.9361312866178191,,,
2025-05-05T00:00:00,EURGBP,63,0.9999656721984993,0.62232637192826479,success,64,90.513370985699424,80.233850321365694,false,false,39.206561431480679,1.9594464431666456,,,
2025-05-06T00:00:00,EURGBP,63,0.99992821856851444,0.60588392848710648,success,64,90.499412014095043,80.957599068337714,false,false,38.170687494687705,1.9686460153882372,,,
2025-05-07T00:00:00,EURGBP,63,0.99993839983313915,0.59021084104779686,success,64,90.40843566076876,80.713651284183797,false,false,37.1832829860112,2.027620706989457,,,
2025-05-08T00:00:00,EURGBP,63,0.99993152578523725,0.57407622441386275,success,64,90.381797520255631,80.792812686430935,false,false,36.166802138073351,2.0404754966081304,,,
2025-05-09T00:00:00,EURGBP,63,0.99986878847329108,0.55813793161581726,success,64,90.310044848285742,81.371476239121023,false,false,35.162689691796487,2.0617271050487838,,,
2025-05-12T00:00:00,EURGBP,63,0.9998421601621762,0.54306555807564483,success,64,90.192575121919958,81.438803250493393,false,false,34.213130158765622,2.1011395097295851,,,
2025-05-13T00:00:00,EURGBP,63,0.99980667140975221,0.52749136288398302,success,64,90.101424505674444,81.550498576360894,false,false,33.231955861690928,2.1535381784796894,,,
2025-05-14T00:00:00,EURGBP,63,0.99975048169018432,0.51029028237902152,success,64,90.080087327267364,81.784358617281498,false,false,32.148287789878353,2.1039638632169675,,,
2025-05-15T00:00:00,EURGBP,63,0.99485219355073629,0.22796639929408882,success,64,90.096398552821498,84.832375067651625,false,false,14.361883155527595,0.14347508814589779,,,
2025-05-16T00:00:00,EURGBP,63,0.99946542657438187,0.47752486269380234,success,64,90.156674908507796,82.623168160466349,false,false,30.084066349709548,2.1074665148473737,,,
2025-05-19T00:00:00,EURGBP,63,0.98453213293405639,0.53985560181474401,success,64,90.182829718586206,86.029427961778296,false,false,34.010902914328874,16.097318799279282,,,
2025-05-20T00:00:00,EURGBP,63,0.99928259638299899,0.7391242593587013,success,64,90.164976947431924,82.925822657446375,false,false,46.564828339598179,0.5680947351267186,,,
2025-05-21T00:00:00,EURGBP,63,0.9734462378586729,0.50801764261596227,success,64,90.145302016855567,86.543630857076295,false,false,32.005111484805624,16.663340150661746,,,
2025-05-22T00:00:00,EURGBP,63,0.9962322158332847,0.41155426475419932,success,64,90.224049864543318,84.646556560184422,false,false,25.927918679514558,2.0319724619312747,,,
2025-05-23T00:00:00,EURGBP,63,0.9931106086720104,0.39528406567319652,success,64,90.176368335104726,85.205509028629464,false,false,24.902896137411382,2.0215877152908579,,,
2025-05-26T00:00:00,EURGBP,63,0.99982368496178098,0.64116200370087917,success,64,90.125353201121968,81.482291358537736,false,false,40.393206233155389,2.5988910149908317,,,
2025-05-27T00:00:00,EURGBP,63,0.98792072108192941,0.36234782309231672,success,64,90.20297885091864,85.798867896722541,false,false,22.827912854815953,2.0109794029167372,,,
2025-05-28T00:00:00,EURGBP,63,0.98260400580935769,0.34563897260861876,success,64,90.212593181775603,86.178626946092081,false,false,21.775255274342982,1.9947783809314226,,,
2025-05-29T00:00:00,EURGBP,63,0.99986646676072199,0.59390357926926773,success,64,90.239353187896043,81.318326602291492,false,false,37.415925493963869,2.5287671969479661,,,
2025-05-30T00:00:00,EURGBP,63,0.99990652336508845,0.60406615480368153,success,64,90.241114640683065,80.963409074793958,false,false,38.056167752631936,0.51618631329664799,,,
2025-06-02T00:00:00,EURGBP,63,0.99996829486052474,0.56178586588972335,success,64,90.52019649006732,80.161196434048364,false,false,35.392509551052569,2.6065821732104726,,,
2025-06-03T00:00:00,EURGBP,63,0.99986439394087456,0.56866464124156069,success,64,90.565330982380331,81.65971009799479,false,false,35.825872398218323,0.51008987209104117,,,
2025-06-04T00:00:00,EURGBP,63,0.99990694676654823,0.55352750128106876,success,64,90.618285995840324,81.336040227540678,false,false,34.872232580707333,0.50133129537141086,,,
2025-06-05T00:00:00,EURGBP,63,0.9999713299893892,0.51308286087730659,success,64,90.639308792369903,80.179678554823411,false,false,32.324220235270317,2.2009306418788848,,,
2025-06-06T00:00:00,EURGBP,63,0.99998698771660433,0.49658310956720819,success,64,90.677066958747929,79.427463201089253,false,false,31.284735902734116,2.1102612661818192,,,
2025-06-09T00:00:00,EURGBP,63,0.99999432586965697,0.48008747519888567,success,64,90.640213161197181,78.560625585491081,false,false,30.245510937529797,2.0567823130739673,,,
2025-06-10T00:00:00,EURGBP,63,0.99998815199268487,0.46493431078275638,success,64,90.679865932028591,79.336526916513193,false,false,29.290861579313653,2.0741086484622175,,,
2025-06-11T00:00:00,EURGBP,63,0.99999343308276945,0.44903211027610068,success,64,90.583760222447182,78.650300734714264,false,false,28.289022947394344,2.1416777930212856,,,
2025-06-12T00:00:00,EURGBP,63,0.99999356905860404,0.43278560976292946,success,64,90.5329997910831,78.578616598447809,false,false,27.265493415064554,2.0057540418440913,,,
2025-06-13T00:00:00,EURGBP,63,0.999997175485552,0.4164043174624798,success,64,90.535678799208227,77.758507538803954,false,false,26.233472000136228,1.9766735424206705,,,
2025-06-16T00:00:00,EURGBP,63,0.99999885538373656,0.39978438064306143,success,64,90.504447635744256,76.824007662221078,false,false,25.186415980512869,1.8938337093696429,,,
2025-06-17T00:00:00,EURGBP,63,0.9999974576846814,0.38454945629803083,success,64,90.553228606593834,77.670795799553872,false,false,24.226615746775941,1.9205767277041554,,,
2025-06-18T00:00:00,EURGBP,63,0.99999875464733512,0.36834349440207503,success,64,90.565611843561015,76.969521285718898,false,false,23.205640147330726,1.9305292099408478,,,
2025-06-19T00:00:00,EURGBP,63,0.99999938938973076,0.3507693880830845,success,64,90.556547486361978,76.247741158468415,false,false,22.098471449234324,1.6174493427916858,,,
2025-06-20T00:00:00,EURGBP,63,0.99999941753746469,0.33479818339781792,success,64,90.636501241694987,76.280500853705732,false,false,21.092285554062528,1.6078963808217663,,,
2025-06-23T00:00:00,EURGBP,63,0.99999968610765555,0.31835293366588197,success,64,90.649462165914258,75.675246717716007,false,false,20.056234820950564,1.5679593108731515,,,
2025-06-24T00:00:00,EURGBP,63,0.9999997435264989,0.29357946174824023,success,64,90.624947241843387,75.448707010696978,false,false,18.495506090139134,0.84536126067526463,,,
2025-06-25T00:00:00,EURGBP,63,0.99999990549087969,0.27489810161297984,success,64,90.620748514936864,74.446179112182492,false,false,17.31858040161773,0.7682962153593722,,,
2025-06-26T00:00:00,EURGBP,63,0.99999996518279721,0.25529433556889436,success,64,90.627869557055973,73.454715354785591,false,false,16.083543140840344,0.68635333870612314,,,
2025-06-27T00:00:00,EURGBP,63,0.99999998390447309,0.23548305742512082,success,64,90.636535415123134,72.691811000439628,false,false,14.835432617782612,0.6039409636576365,,,
2025-06-30T00:00:00,EURGBP,63,0.99999998430230175,0.21465574700843615,success,64,90.631235706335033,72.661483974551516,false,false,13.523312061531477,0.528198399657413,,,
2025-07-01T00:00:00,EURGBP,63,0.99999998716848426,0.19870389451724998,success,64,90.436158807267631,72.264797288479457,false,false,12.518345354586749,0.38152496428482385,,,
2025-07-02T00:00:00,EURGBP,63,0.99999955061391221,0.18127200542487543,success,64,90.808939559468214,76.193556574103553,false,false,11.420136341767153,0.515435301939282,,,
2025-07-03T00:00:00,EURGBP,63,0.99999678436368078,0.15363687779247845,success,64,90.812066291911776,78.164584209685827,false,false,9.6791233009261415,0.61850089249231677,,,
2025-07-04T00:00:00,EURGBP,63,0.99999411944618732,0.13651550152157485,success,64,90.812067789254627,78.768214055173658,false,false,8.6004765958592149,0.62646326536670816,,,
2025-07-07T00:00:00,EURGBP,63,0.99999795776509293,0.10897472808766907,success,64,90.812066373364715,77.710602608555575,false,false,6.8654078695231515,0.54873226318682244,,,
2025-07-08T00:00:00,EURGBP,63,0.99999841746322504,0.078045922218115044,success,64,90.812066311812814,77.455586449613591,false,false,4.9168930997412481,0.45452875591669095,,,
2025-07-09T00:00:00,EURGBP,63,0.99994663961885943,0.076325821039885666,success,64,90.812066219959718,80.973677568196734,false,false,4.808526725512797,0.53925885979324995,,,
2025-07-10T00:00:00,EURGBP,63,0.9999440052926668,0.024928160495266839,success,64,90.812066300344071,81.021868913014302,false,false,1.5704741112018108,0.43675138426564636,,,
2025-07-11T00:00:00,EURGBP,63,0.99949960719741504,0.0311692734863835,success,64,90.812066251264255,83.212449606506823,false,false,1.9636642296421605,6.8607409393494816,,,
2025-07-14T00:00:00,EURGBP,63,0.98486953438826763,1.5873017131683624e-08,success,64,90.812066587646527,86.636267709045001,false,false,1.0000000792960684e-06,0.32714076493163163,,,
2025-07-15T00:00:00,EURGBP,63,0.74026607308675652,0.58780943723755241,success,64,90.812066348594072,89.764714417797279,false,false,37.031994545965802,13.42934738540951,,,
2025-07-16T00:00:00,EURGBP,63,0.79740312836203286,0.55924699509363895,success,64,90.812066301866835,89.44192409434352,false,false,35.232560690899255,1.193481368014518,,,
2025-07-17T00:00:00,EURGBP,63,0.82658839430775266,0.77805101113936881,success,64,90.812066221778991,89.250427352357207,false,false,49.017213701780236,55.356549835850849,,,
2025-07-18T00:00:00,EURGBP,63,0.9075285067111365,0.76167403806878353,success,64,90.8119390587959,88.528114497156409,false,false,47.985464398333363,9.370678589638441,,,
2025-07-21T00:00:00,EURGBP,63,0.80062803308724706,0.5240391581775522,success,64,90.81206623641323,89.421842035816638,false,false,33.01446696518579,35.857182682982213,,,
2025-07-22T00:00:00,EURGBP,63,0.77876668320456754,0.38112296441731985,success,64,90.81206647858086,89.553572862383604,false,false,24.010746758291152,47.693818781289202,,,
2025-07-23T00:00:00,EURGBP,63,0.67854000685940219,0.28637086716522903,success,64,90.812067002268378,90.064996658850745,false,false,18.041364631409429,13.251408244337011,,,
2025-07-24T00:00:00,EURGBP,63,0.7060700237314872,0.48522853040011266,success,64,90.812066264581347,89.935693411263685,false,false,30.569397415207096,0.4286858791404114,,,
2025-07-25T00:00:00,EURGBP,63,0.84706474492344686,0.68258868979797105,success,64,90.812066291326872,89.100303821705495,false,false,43.003087457272173,227.28522909391538,,,
2025-07-28T00:00:00,EURGBP,63,0.94772182411163974,0.67149350460109725,success,64,90.812066300238939,87.914584272478606,false,false,42.304090789869129,18.201398087885071,,,
2025-07-29T00:00:00,EURGBP,63,0.94597178838015417,0.65151669822169533,success,64,90.812066238342297,87.949359839289315,false,false,41.045551987966803,21.55076493274726,,,
2025-07-30T00:00:00,EURGBP,63,0.91573685772105862,0.99999659357923376,success,64,90.812066288954767,88.426281787290293,false,false,62.999785395491728,0.042292875364166718,,,
2025-07-31T00:00:00,EURGBP,63,0.93504085633286182,0.61934381074519418,success,64,90.812066553961856,88.145234842317677,false,false,39.018660076947235,54.266714706376106,,,
2025-08-01T00:00:00,EURGBP,63,0.9868062194370536,0.60044885501331113,success,64,90.810976210127279,86.496248071943498,false,false,37.828277865838601,1.4393024931346972,,,
2025-08-04T00:00:00,EURGBP,63,0.97481990123531592,0.58739480718558901,success,64,90.812066566135513,87.155867779836598,false,false,37.005872852692107,161.49813306658248,,,
2025-08-05T00:00:00,EURGBP,63,0.96056208000482668,0.57655574810949561,success,64,90.812066375385768,87.61927555214173,false,false,36.323012130898221,12.673670042048064,,,
2025-08-06T00:00:00,EURGBP,63,0.96233252067017394,0.55584188357876874,success,64,90.812066830600784,87.571503889017521,false,false,35.018038665462427,49.280438134217889,,,
2025-08-07T00:00:00,EURGBP,63,0.97517922548808655,0.5397408195184078,success,64,90.81206624484102,87.141125954166,false,false,34.003671629659692,258.57666107532469,,,
2025-08-08T00:00:00,EURGBP,63,0.98906394132279074,0.52394152139808625,success,64,90.812066300302149,86.307372783185542,false,false,33.008315848079434,127.99127178497844,,,
2025-08-11T00:00:00,EURGBP,63,0.98290783955591265,0.5121434171952427,success,64,90.812066303680197,86.760170847019367,false,false,32.265035283300293,14.776566260946097,,,
2025-08-12T00:00:00,EURGBP,63,0.97354095971712618,0.7929210197820209,success,64,90.812100067975351,87.206758056892127,false,false,49.954024246267316,4.164891944411214,,,
2025-08-13T00:00:00,EURGBP,63,0.96587891240033819,0.45126842986706162,success,64,90.812066338002353,87.468943458967047,false,false,28.429911081624883,0.079100919739654343,,,
2025-08-14T00:00:00,EURGBP,63,0.96698673373627841,0.50650019777719879,success,64,90.812066264628911,87.434790976934607,false,false,31.909512459963526,1722.5052062499694,,,
2025-08-15T00:00:00,EURGBP,63,0.94541305034458756,0.74543858135575081,success,64,90.812066245019807,87.960239159592007,false,false,46.962630625412302,9.9369880858962532,,,
2025-08-18T00:00:00,EURGBP,63,0.9181313113692271,0.72920570744568924,success,64,90.812066490886465,88.394842675346609,false,false,45.939959569078425,9.6136081284660175,,,
2025-08-19T00:00:00,EURGBP,63,0.88553521121592693,0.71291429356637126,success,64,90.812066247322036,88.766141280834091,false,false,44.91360049468139,9.0467643035123775,,,
2025-08-20T00:00:00,EURGBP,63,0.90637928614466945,0.69736041615636379,success,64,90.812066262140746,88.541860066446574,false,false,43.933706217850919,10.540950418751256,,,
2025-08-21T00:00:00,EURGBP,63,0.81605988504875904,0.52402031601571786,success,64,90.812066767850467,89.322189269452167,false,false,33.013279908990228,43.894254729927979,,,
2025-08-22T00:00:00,EURGBP,63,0.90177821028922156,0.37007790512167482,success,64,90.812066458316252,88.594925936980687,false,false,23.314908022665513,14.150683297842505,,,
2025-08-25T00:00:00,EURGBP,63,0.88658548149119043,0.34949392403748036,success,64,90.812066314920443,88.755738180509695,false,false,22.018117214361261,41.828123039523355,,,
2025-08-26T00:00:00,EURGBP,63,0.77892299735538761,0.63171398234816523,success,64,90.812066216541695,89.552665092711166,false,false,39.797980887934408,5.5951105816746054,,,
2025-08-27T00:00:00,EURGBP,63,0.7742835712206263,0.6155530619084546,success,64,90.812066226790733,89.579407520725212,false,false,38.779842900232637,6.5081033809990485,,,
2025-08-28T00:00:00,EURGBP,63,0.74472251724765259,0.5994600114675297,success,64,90.812066342438854,89.741405774699459,false,false,37.765980722454373,6.021305656834218,,,
2025-08-29T00:00:00,EURGBP,63,0.75715413479501814,0.55167554741782221,success,64,90.812066454627896,89.674926551761132,false,false,34.755559487322799,1.2516570720995135,,,
2025-09-01T00:00:00,EURGBP,63,0.77240863593463815,0.53627904823180783,success,64,90.812066240107413,89.590104267023307,false,false,33.785580038603896,1.2964607336868632,,,
2025-09-02T00:00:00,EURGBP,63,0.73664006897400303,0.55324868004777183,success,64,90.812066925331848,89.78348918119373,false,false,34.854666843009625,8.6004529913201573,,,
2025-09-03T00:00:00,EURGBP,63,0.80769332204894584,0.24334921129396755,success,64,90.812066266404784,89.376975210577697,false,false,15.331000311519956,20.485060434059928,,,
2025-09-04T00:00:00,EURGBP,63,0.72679681650952144,0.48691238964797046,success,64,90.812066266379361,89.833635090242765,false,false,30.67548054782214,1.2549861809472935,,,
2025-09-05T00:00:00,EURGBP,63,0.69541810850621655,0.46958439476486574,success,64,90.812066714589605,89.986493443512487,false,false,29.583816870186542,1.2476976219755866,,,
2025-09-08T00:00:00,EURGBP,63,0.64503091327953155,0.31248106219703314,success,64,90.812066221646703,90.214798684457364,false,false,19.686306918413088,1.317012973566255,,,
2025-09-09T00:00:00,EURGBP,63,0.63644141142278232,0.2952911643808393,success,64,90.812066260440631,90.252114357734584,false,false,18.603343355992877,1.2722821972086367,,,
2025-09-10T00:00:00,EURGBP,63,0.92754147320154123,0.56685952095871417,success,64,90.812066352833554,88.262543198331315,false,false,35.712149820398992,20.619891905151842,,,
2025-09-11T00:00:00,EURGBP,63,0.95143635039950936,0.55141644904246878,success,64,90.81206626691008,87.83696877681345,false,false,34.739236289675532,23.306065595573401,,,
2025-09-12T00:00:00,EURGBP,63,0.6134964550241031,0.20622639531815176,success,64,90.812066264054138,90.35003281818166,false,false,12.99226290504356,32.327265304603415,,,
2025-09-15T00:00:00,EURGBP,63,0.98815715783376912,0.64497800715741116,success,64,90.812066269481448,86.3879481662225,false,false,40.633614450916902,20.694732532767272,,,
2025-09-16T00:00:00,EURGBP,63,0.97978751783391704,0.57167947603966573,success,64,90.812066520469514,86.931031133431901,false,false,36.015806990498945,15.213466052318024,,,
2025-09-17T00:00:00,EURGBP,63,0.97746814825285322,0.55569627891767448,success,64,90.812066266334924,87.042030501266723,false,false,35.008865571813494,15.167628358639861,,,
2025-09-18T00:00:00,EURGBP,63,0.97660767011192273,0.53962974205583969,success,64,90.812066254991919,87.080389435572584,false,false,33.996673749517903,16.358167228597218,,,
2025-09-19T00:00:00,EURGBP,63,0.98113318916493319,0.52382647571000296,success,64,90.812066313235533,86.860762432060795,false,false,33.001067969730187,15.870610363641743,,,
2025-09-22T00:00:00,EURGBP,63,0.98325935193361325,0.50835419475840526,success,64,90.812066257350665,86.739033112792129,false,false,32.026314269779533,13.407145771516262,,,
2025-09-23T00:00:00,EURGBP,63,0.99011460572962373,0.49237589444936669,success,64,90.812067314874014,86.205304956632801,false,false,31.019681350310101,15.053832333267717,,,
2025-09-24T00:00:00,EURGBP,63,0.99377262416311696,0.47676535293920985,success,64,90.812066220067095,85.739512817984618,false,false,30.03621723517022,11.030199413128287,,,
2025-09-25T00:00:00,EURGBP,63,0.99616830788118005,0.4605243764427514,success,64,90.812066251924037,85.251456536904385,false,false,29.013035715893338,14.925010459764403,,,
2025-09-26T00:00:00,EURGBP,63,0.99680237360903001,0.44459078789450868,success,64,90.812066275864694,85.069922528354454,false,false,28.009219637354047,12.082779871939112,,,
2025-09-29T00:00:00,EURGBP,63,0.99828081110157851,0.42859487330896351,success,64,90.812066239079499,84.447884237412694,false,false,27.001477018464701,14.519038056827593,,,
2025-09-30T00:00:00,EURGBP,63,0.99665696623728006,0.41262160279332372,success,64,90.812066290135448,85.114538352252794,false,false,25.995160975979395,15.28627864670559,,,
2025-10-01T00:00:00,EURGBP,63,0.99428586399274987,0.39685841817412737,success,64,90.812066363292331,85.652984714435959,false,false,25.002080344970025,14.539945883866197,,,
2025-10-02T00:00:00,EURGBP,63,0.99647947003010784,0.38097628743643991,success,64,90.812066234572129,85.166449235114172,false,false,24.001506108495715,14.227667216860437,,,
2025-10-03T00:00:00,EURGBP,63,0.99781068188138122,0.36505121243707211,success,64,90.812066283224254,84.690092856405357,false,false,22.998226383535542,13.975553029400604,,,
2025-10-06T00:00:00,EURGBP,63,0.99796618934900749,0.34892686206928103,success,64,90.812066361615379,84.616258165637888,false,false,21.982392310364705,15.467297774300135,,,
2025-10-07T00:00:00,EURGBP,63,0.99893714736867112,0.33304593290668061,success,64,90.81206622024358,83.966330814184374,false,false,20.981893773120877,14.805587365949666,,,
2025-10-08T00:00:00,EURGBP,63,0.99938603739020038,0.31715778577698073,success,64,90.812066251449053,83.417103874847768,false,false,19.980940503949785,14.606406892187817,,,
2025-10-09T00:00:00,EURGBP,63,0.99892250085511047,0.30120510020388752,success,64,90.812066378391918,83.980031928863596,false,false,18.975921312844914,15.448609226122198,,,
2025-10-10T00:00:00,EURGBP,63,0.99924306548786657,0.28525625874519989,success,64,90.812066233944748,83.626589637076066,false,false,17.971144300947593,14.680620768619963,,,
2025-10-13T00:00:00,EURGBP,63,0.99924617410933469,0.26925035077364773,success,64,90.812066297841582,83.622471277143859,false,false,16.962772098739809,14.417399892111041,,,
2025-10-14T00:00:00,EURGBP,63,0.99907507620967906,0.25335076858440003,success,64,90.812066428256287,83.827192567364435,false,false,15.961098420817201,15.29382451223079,,,
2025-10-15T00:00:00,EURGBP,63,0.9989111301443353,0.23744013920583201,success,64,90.812066287107314,83.99054079992635,false,false,14.958728769967417,14.812347050808778,,,
2025-10-16T00:00:00,EURGBP,63,0.97467715597705096,0.50712942018309315,success,64,90.812066528053151,87.161667148112585,false,false,31.949153471534867,24.587026628984631,,,
2025-10-17T00:00:00,EURGBP,63,0.99954333752602909,0.2093433585896636,success,64,90.81206633332657,83.120957091164527,false,false,13.188631591148807,2.0937450981870471,,,
2025-10-20T00:00:00,EURGBP,63,0.99973627432844803,0.18945631053343573,success,64,90.812066245673051,82.57172888813642,false,false,11.935747563606451,14.778116182533731,,,
2025-10-21T00:00:00,EURGBP,63,0.9998573046851541,0.17351746778811022,success,64,90.812066390338046,81.957410229620308,false,false,10.931600470650944,13.643733593671783,,,
2025-10-22T00:00:00,EURGBP,63,0.9998789574171929,0.15756581314269957,success,64,90.812066277639801,81.792819177295556,false,false,9.9266462279900729,14.02168280033246,,,
2025-10-23T00:00:00,EURGBP,63,0.98363240609261715,0.4284232073723741,success,64,90.812066324614165,86.716117467147527,false,false,26.990662064459567,116.08155435298467,,,
2025-10-24T00:00:00,EURGBP,63,0.99850708417951939,0.12621847387074545,success,64,90.812066296107844,84.306536182623489,false,false,7.9517638538569626,14.159626751774882,,,
2025-10-27T00:00:00,EURGBP,63,0.99871363849977002,0.1103862273308525,success,64,90.812066246186333,84.157415847468457,false,false,6.9543323218437072,14.312265141862859,,,
2025-10-28T00:00:00,EURGBP,63,0.99482620458062254,0.029158308327915838,success,64,90.812066993983279,85.553105483698303,false,false,1.8369734246586977,15.781818945955433,,,
2025-10-29T00:00:00,EURGBP,63,0.99734211070552536,1.5873015873016339e-08,success,64,90.812066852248719,84.88450531050951,false,false,1.0000000000000294e-06,3.8169398028201829,,,
2025-10-30T00:00:00,EURGBP,63,0.72438541130218237,0.063733092300033378,success,64,90.812066239405183,89.845746124663023,false,false,4.0151848149021028,12.596254945679897,,,
2025-10-31T00:00:00,EURGBP,63,0.6159471059949122,0.5394724326822864,success,64,90.812066242508976,90.339685437460304,false,false,33.986763258984041,22.010648165967289,,,
2025-11-03T00:00:00,EURGBP,63,0.78596906903393149,0.58029279871651818,success,64,90.812066225722319,89.511269328243543,false,false,36.558446319140643,0.45637397198425528,,,
2025-11-04T00:00:00,EURGBP,63,0.81146965642810986,0.61623333105272649,success,64,90.812066313400621,89.352478286889919,false,false,38.822699856321769,0.2386281530786204,,,
2025-11-05T00:00:00,EURGBP,63,0.78265882706943635,0.71434094864172026,success,64,90.812067074901421,89.530838543567242,false,false,45.003479764428377,158.53809623764084,,,
2025-11-06T00:00:00,EURGBP,63,0.78148319156162482,0.69855771199508887,success,64,90.812066218981329,89.537735515338056,false,false,44.009135855690602,59.422209500832651,,,
2025-11-07T00:00:00,EURGBP,63,0.74085424280471612,0.68266432549130696,success,64,90.812066295000193,89.761653064918363,false,false,43.007852505952336,60.651433435720747,,,
2025-11-10T00:00:00,EURGBP,63,0.71740908425198335,0.66685158147733636,success,64,90.812066756206505,89.880420852913701,false,false,42.011649633072189,37.638516141424603,,,
2025-11-11T00:00:00,EURGBP,63,0.78544477735403895,0.65091089770257504,success,64,90.812066261458583,89.514383262242134,false,false,41.007386555262229,71.518396190629403,,,
2025-11-12T00:00:00,EURGBP,63,0.67686763330245092,0.33341915443033376,success,64,90.812066666222165,90.072652975213586,false,false,21.005406729111026,66.813033557546106,,,
2025-11-13T00:00:00,EURGBP,63,0.75050575985922785,0.61922310103613543,success,64,90.812066908550023,89.710755412127085,false,false,39.011055365276533,42.565199438073826,,,
2025-11-14T00:00:00,EURGBP,63,0.70910706495916753,0.60331520540592321,success,64,90.812066259107837,89.921015014221439,false,false,38.008857940573165,45.966666134188827,,,
2025-11-17T00:00:00,EURGBP,63,0.68057691384445618,0.58741939853847525,success,64,90.812066292145076,90.055641963882124,false,false,37.007422107923944,48.593001006800876,,,
2025-11-18T00:00:00,EURGBP,63,0.67422756538008255,0.57151601878277758,success,64,90.812066670751705,90.0846980670308,false,false,36.005509183314985,64.315280487614572,,,
2025-11-19T00:00:00,EURGBP,63,0.61403077113167881,0.68265564184343641,success,64,90.812066923220797,90.347779528809241,false,false,43.007305436136491,35.50197094466926,,,
2025-11-20T00:00:00,EURGBP,63,0.65548644153886615,0.53980020476564294,success,64,90.812066863711024,90.168822691478042,false,false,34.007412900235508,42.971053701983422,,,
2025-11-21T00:00:00,EURGBP,63,0.70612182710532378,0.52392802968369645,success,64,90.812066842274533,89.93544436357989,false,false,33.007465870072878,53.98836709767847,,,
2025-11-24T00:00:00,EURGBP,63,0.6666811418422961,0.50797289532656809,success,64,90.812066350987465,90.11885403142999,false,false,32.00229240557379,147.20728107373179,,,
2025-11-25T00:00:00,EURGBP,63,0.65121829608548076,0.49223420160687459,success,64,90.812066635836317,90.187667961873842,false,false,31.0107547012331,28.907570725635839,,,
2025-11-26T00:00:00,EURGBP,63,0.6780152717277762,0.47629183303886136,success,64,90.812066335462561,90.06740063979727,false,false,30.006385481448266,57.041359447162783,,,
2025-11-27T00:00:00,EURGBP,63,0.59729739918402525,0.58741402537653342,success,64,90.81206624891071,90.417849429751499,false,false,37.007083598721607,31.72877381826811,,,
2025-11-28T00:00:00,EURGBP,63,0.63075624580929368,0.55627875708511521,success,64,90.812066488227075,90.276604004976164,false,false,35.045561696362256,1.2477054828564365,,,
2025-12-01T00:00:00,EURGBP,63,0.64986189379825055,0.55579406863432157,success,64,90.81206631960157,90.19363411616817,false,false,35.01502632396226,22.107277451498174,,,
2025-12-02T00:00:00,EURGBP,63,0.63104392493999872,0.54024805288979838,success,64,90.812067509802631,90.275369637229062,false,false,34.035627332057295,8.1618830987919448,,,
2025-12-03T00:00:00,EURGBP,63,0.74411938210731121,0.52389470110750025,success,64,90.812066378063392,89.744575895635208,false,false,33.005366169772515,87.815556085489519,,,
2025-12-04T00:00:00,EURGBP,63,0.75719326196879999,0.38114984290063669,success,64,90.812066243756831,89.674713533240521,false,false,24.012440102740111,40.871224443799008,,,
2025-12-05T00:00:00,EURGBP,63,0.71219474097720403,0.3653857018354365,success,64,90.81206626962495,89.905998950474142,false,false,23.0192992156325,22.98385403419169,,,
2025-12-08T00:00:00,EURGBP,63,0.73462689986575225,0.34932099756364443,success,64,90.812066555188593,89.793840564912259,false,false,22.007222846509599,67.036068452545564,,,
2025-12-09T00:00:00,EURGBP,63,0.70841045706425865,0.33341736628369473,success,64,90.812066219522762,89.924389690701048,false,false,21.005294075872769,84.344872980683249,,,
2025-12-10T00:00:00,EURGBP,63,0.60815046692003705,0.44462011026232257,success,64,90.812066230226208,90.372521822310546,false,false,28.01106694652632,22.62847081094986,,,
2025-12-11T00:00:00,EURGBP,63,0.59497149491962698,0.5238549472527656,success,64,90.812066544382517,90.427510495226883,false,false,33.002861676924233,35.329339373056605,,,
2025-12-12T00:00:00,EURGBP,63,0.59325362810976956,0.50779044423171726,success,64,90.812066262576721,90.434634077934646,false,false,31.990797986598185,2.884079502831264,,,
2025-12-15T00:00:00,EURGBP,63,0.60642093300642519,0.49208082279631638,success,64,90.812066257616792,90.379773884067632,false,false,31.00109183616793,137.65764905006375,,,
2025-12-16T00:00:00,EURGBP,63,0.86010881398629846,0.25412798861852176,success,64,90.812066217424828,88.99587218593048,false,false,16.010063282966872,77.378633403334177,,,
2025-12-17T00:00:00,EURGBP,63,0.76053517349966004,0.36510550644640871,success,64,90.812066263981436,89.656450446713094,false,false,23.001646906123749,320.82870543035915,,,
2025-12-18T00:00:00,EURGBP,63,0.67752232922010025,0.62721885851413894,success,64,90.81206623678635,90.069657622264145,false,false,39.514788086390752,0.99130788606480835,,,
2025-12-19T00:00:00,EURGBP,63,0.62942196496633451,0.76201009456710311,success,64,90.812066375682633,90.282328536831159,false,false,48.006635957727497,37.723126113727638,,,
2025-12-22T00:00:00,EURGBP,63,0.66763857555113271,0.59253677685123107,success,64,90.812066607853296,90.114542639952575,false,false,37.329816941627556,1.027631579524499,,,
2025-12-23T00:00:00,EURGBP,63,0.59649592624223291,0.49092315221482558,success,64,90.812066264203935,90.421180435836916,false,false,30.928158589534011,2.3064196573628304,,,
2025-12-24T00:00:00,EURGBP,63,0.57583523112237578,0.4443956596722522,success,64,90.812066259200208,90.506366682093372,false,false,27.996926559351888,61.66693826161179,,,
2025-12-26T00:00:00,EURGBP,63,0.6278916223326807,0.52362227097840797,success,64,90.812066278682849,90.28888385266886,false,false,32.988203071639703,19.318942827004417,,,
2025-12-29T00:00:00,EURGBP,63,0.6586268084607324,0.50753693056134752,success,64,90.812067685762699,90.154886893626269,false,false,31.974826625364891,11.639935298276377,,,
2025-12-30T00:00:00,EURGBP,63,0.68883633800220878,0.49183628231526266,success,64,90.812066263145795,90.017381574030864,false,false,30.985685785861548,24.31152383922943,,,
2025-12-31T00:00:00,EURGBP,63,0.69143156576670328,0.47591806618452082,success,64,90.812066266130131,90.00524573253206,false,false,29.982838169624813,20.635030631740534,,,
2026-01-02T00:00:00,EURGBP,63,0.728130009588564,0.46009111720973184,success,64,90.812066255612464,89.826910614360742,false,false,28.985740384213106,28.877693449177119,,,
2026-01-05T00:00:00,EURGBP,63,0.65179487547764703,0.44386286703084071,success,64,90.81206633503281,90.185128175175393,false,false,27.963360622942965,7.4798340822796083,,,
2026-01-06T00:00:00,EURGBP,63,0.65252264485209388,0.4282935180560043,success,64,90.812066385664636,90.181920040155333,false,false,26.98249163752827,15.973187216901541,,,
2026-01-07T00:00:00,EURGBP,63,0.61117938826749796,0.52359782242539921,success,64,90.812066253817349,90.359793824814403,false,false,32.986662812800148,12.620239175745715,,,
2026-01-08T00:00:00,EURGBP,63,0.77958823149044232,0.63478106881380825,success,64,90.812066676980152,89.548798277029377,false,false,39.99120733526992,58.712713248606107,,,
2026-01-09T00:00:00,EURGBP,63,0.72296208131167639,0.38066176282135017,success,64,90.81206631223489,89.852863925160293,false,false,23.98169105774506,22.278710097616745,,,
2026-01-12T00:00:00,EURGBP,63,0.75738656027008766,0.36485874853316108,success,64,90.812066228713903,89.67366185166118,false,false,22.986101157589147,33.303559791750359,,,
2026-01-13T00:00:00,EURGBP,63,0.66746743198629566,0.46016943798249277,success,64,90.812066349544679,90.115313555704986,false,false,28.990674592897044,32.17128722217187,,,
2026-01-14T00:00:00,EURGBP,63,0.71363759894875178,0.23805495757927403,success,64,90.812066289832416,89.898949166067553,false,false,14.997462327494263,192.3259061797792,,,
2026-01-15T00:00:00,EURGBP,63,0.69224388114644553,0.22221932227158489,success,64,90.812070821176263,90.001440145657853,false,false,13.999817303109849,2574.7085381755951,,,
2026-01-16T00:00:00,EURGBP,63,0.74682326078295125,0.30114470282732841,success,64,90.812066344550331,89.730325604914256,false,false,18.972116278121689,16.691243319501087,,,
2026-01-19T00:00:00,EURGBP,63,0.71823752036078714,0.1866963638970775,success,64,90.812066244146621,89.876330366747311,false,false,11.761870925515883,14.494098005265929,,,
2026-01-20T00:00:00,EURGBP,63,0.77542442626047836,0.74094558052697657,success,64,90.812066303834342,89.572868059488187,false,false,46.679571573199524,0.55066930630759581,,,
2026-01-21T00:00:00,EURGBP,63,0.78221913505629104,0.72308090967489724,success,64,90.812066215230431,89.533420640633139,false,false,45.554097309518525,0.5277483976380043,,,
2026-01-22T00:00:00,EURGBP,63,0.79270509535896372,0.7027811093806835,success,64,90.812066281597907,89.470757453424213,false,false,44.275209890983064,0.52922912961389013,,,
2026-01-23T00:00:00,EURGBP,63,0.74192051940750403,0.45990415510715493,success,64,90.812066227135148,89.756091708198198,false,false,28.973961771750762,16.369933803158265,,,
2026-01-26T00:00:00,EURGBP,63,0.64833399177835527,0.32187672506723453,success,64,90.812066220304771,90.200342122209207,false,false,20.278233679235775,1.878565653949702,,,
2026-01-27T00:00:00,EURGBP,63,0.67100067339774683,0.30488719178074186,success,64,90.812066217493665,90.099351780910709,false,false,19.207893082186736,1.9367458597840594,,,
2026-01-28T00:00:00,EURGBP,63,0.68645640731643842,0.44535399324353109,success,64,90.812066392178238,90.028462070918039,false,false,28.057301574342457,1.1789319062664962,,,
2026-01-29T00:00:00,EURGBP,63,0.66593142401800143,0.39662678206090879,success,64,90.812066456139718,90.122226047054085,false,false,24.987487269837253,23.921143359512445,,,
2026-01-30T00:00:00,EURGBP,63,0.70001417404818866,0.38068066878992474,success,64,90.812072867718115,89.964707510952181,false,false,23.982882133765258,21.175188761672096,,,
2026-02-02T00:00:00,EURGBP,63,0.81324691093818846,0.59737770368496557,success,64,90.812066252111478,89.340818850218326,false,false,37.634795332152834,0.43904756708807019,,,
2026-02-03T00:00:00,EURGBP,63,0.80989687729310644,0.57781004722544416,success,64,90.812066238054769,89.362725986490261,false,false,36.402032975202985,0.44376619323509947,,,
2026-02-04T00:00:00,EURGBP,63,0.82135639048643749,0.80952862998977115,success,64,90.812066238475509,89.286501942896535,false,false,51.000303689355583,2181.3546645121141,,,
2026-02-05T00:00:00,EURGBP,63,0.92617515082496638,0.99759873010784317,success,64,90.812067435729276,88.282699455831377,false,false,62.848719996794117,6.4556217952670396,,,
2026-02-06T00:00:00,EURGBP,63,0.94431629752658308,0.77795860533841787,success,64,90.812066265777702,87.981292604200263,false,false,49.011392136320325,78.445302387536174,,,
2026-02-09T00:00:00,EURGBP,63,0.92766589395615007,0.76220115248477383,success,64,90.812066252137555,88.26069035969067,false,false,48.018672606540754,44.334598754314094,,,
2026-02-10T00:00:00,EURGBP,63,0.80893445399874042,0.57177834736002797,success,64,90.812066288004701,89.368964937201525,false,false,36.02203588368176,24.913929134295813,,,
2026-02-11T00:00:00,EURGBP,63,0.85163491389696755,0.55574110343698113,success,64,90.812066239791335,89.064584343817941,false,false,35.011689516529813,52.426109454133581,,,
2026-02-12T00:00:00,EURGBP,63,0.84547407665323104,0.53986929677199491,success,64,90.812066338223872,89.112530701645014,false,false,34.011765696635678,51.180051361076991,,,
2026-02-13T00:00:00,EURGBP,63,0.82349183384616909,0.52421464918381433,success,64,90.812066206033037,89.271879715326179,false,false,33.025522898580306,22.212086278596988,,,
2026-02-16T00:00:00,EURGBP,63,0.67568832154852843,0.24342188976556414,success,64,90.812066323085034,90.07803944008667,false,false,15.335579055230541,1.1082150250353846,,,
2026-02-17T00:00:00,EURGBP,63,0.80144046058549723,0.49232633606320086,success,64,90.812066345410486,89.416744662928721,false,false,31.016559171981655,32.464078443489292,,,
2026-02-18T00:00:00,EURGBP,63,0.87623415376913638,0.65094716178951006,success,64,90.812066274014327,88.854824363574153,false,false,41.009671192739134,67.943736237504567,,,
2026-02-19T00:00:00,EURGBP,63,0.88550887653477495,0.63497430258834919,success,64,90.812066469247767,88.766401283423733,false,false,40.003381063066001,198.22631624063973,,,
2026-02-20T00:00:00,EURGBP,63,0.85793840778079689,0.61915442072834403,success,64,90.812066245844619,89.013794646318985,false,false,39.006728505885675,91.67649951270424,,,
2026-02-23T00:00:00,EURGBP,63,0.85073522638600352,0.60365158734922286,success,64,90.812066239317645,89.071687024549718,false,false,38.030050003001037,20.037493024943853,,,
